<!-- csv readout: the file's own rows, with a ```meta column summary added above them (parser-added, not file content). The rows are the file's, separator and quoting included, so a line quoted as it appears here verifies against it. -->

## Sheet: P2_policy_closure.csv

```meta
▸ table "P2_policy_closure.csv" (48 data rows)
▸ columns
    case: str, 2 uniq: ['B_select_Berg_1825', 'B_select_no_Berg_1825']
    allied_initial_roster: num, min=200000, max=250000
    army_before_tax_penalty_Mfr: num, min=300, max=330
    tax_penalty_Mfr: num, min=0, max=60
    task_shock_present: num, min=0, max=30000
    fr_paid_roster: num, min=342857, max=477143
    allied_remaining_roster: num, min=193000, max=250000
    paid_present_supply: num, min=460336, max=613214
    demand_present: num, min=551100, max=588600
    paid_present_balance: num, min=-128264, max=62114.3
    fiscal_gap_Mfr: num, min=-51.1529, max=105.629
```
case,allied_initial_roster,army_before_tax_penalty_Mfr,tax_penalty_Mfr,task_shock_present,fr_paid_roster,allied_remaining_roster,paid_present_supply,demand_present,paid_present_balance,fiscal_gap_Mfr
B_select_no_Berg_1825,200000,300,0,0,428571.4285714286,200000.0,534285.7142857143,551100.000008,-16814.285722285626,13.847058830117646
B_select_no_Berg_1825,200000,300,0,30000,428571.4285714286,200000.0,534285.7142857143,581100.000008,-46814.285722285626,38.552941183058806
B_select_no_Berg_1825,200000,300,30,0,385714.28571428574,200000.0,497857.1428571429,551100.000008,-53242.857150857046,43.847058830117646
B_select_no_Berg_1825,200000,300,30,30000,385714.28571428574,200000.0,497857.1428571429,581100.000008,-83242.85715085705,68.5529411830588
B_select_no_Berg_1825,200000,300,60,0,342857.14285714284,200000.0,461428.5714285714,551100.000008,-89671.42857942852,73.84705883011765
B_select_no_Berg_1825,200000,300,60,30000,342857.14285714284,200000.0,461428.5714285714,581100.000008,-119671.42857942852,98.5529411830588
B_select_no_Berg_1825,200000,330,0,0,471428.5714285714,200000.0,570714.2857142857,551100.000008,19614.285706285737,-16.152941169882354
B_select_no_Berg_1825,200000,330,0,30000,471428.5714285714,200000.0,570714.2857142857,581100.000008,-10385.714293714263,8.552941183058806
B_select_no_Berg_1825,200000,330,30,0,428571.4285714286,200000.0,534285.7142857143,551100.000008,-16814.285722285626,13.847058830117646
B_select_no_Berg_1825,200000,330,30,30000,428571.4285714286,200000.0,534285.7142857143,581100.000008,-46814.285722285626,38.552941183058806
B_select_no_Berg_1825,200000,330,60,0,385714.28571428574,200000.0,497857.1428571429,551100.000008,-53242.857150857046,43.847058830117646
B_select_no_Berg_1825,200000,330,60,30000,385714.28571428574,200000.0,497857.1428571429,581100.000008,-83242.85715085705,68.5529411830588
B_select_no_Berg_1825,250000,300,0,0,428571.4285714286,250000.0,576785.7142857143,551100.000008,25685.714277714374,-21.152941169882354
B_select_no_Berg_1825,250000,300,0,30000,428571.4285714286,250000.0,576785.7142857143,581100.000008,-4314.2857222856255,3.552941183058806
B_select_no_Berg_1825,250000,300,30,0,385714.28571428574,250000.0,540357.142857143,551100.000008,-10742.857150856988,8.847058830117646
B_select_no_Berg_1825,250000,300,30,30000,385714.28571428574,250000.0,540357.142857143,581100.000008,-40742.85715085699,33.552941183058806
B_select_no_Berg_1825,250000,300,60,0,342857.14285714284,250000.0,503928.5714285714,551100.000008,-47171.428579428524,38.847058830117646
B_select_no_Berg_1825,250000,300,60,30000,342857.14285714284,250000.0,503928.5714285714,581100.000008,-77171.42857942852,63.552941183058806
B_select_no_Berg_1825,250000,330,0,0,471428.5714285714,250000.0,613214.2857142857,551100.000008,62114.28570628574,-51.152941169882354
B_select_no_Berg_1825,250000,330,0,30000,471428.5714285714,250000.0,613214.2857142857,581100.000008,32114.285706285737,-26.447058816941194
B_select_no_Berg_1825,250000,330,30,0,428571.4285714286,250000.0,576785.7142857143,551100.000008,25685.714277714374,-21.152941169882354
B_select_no_Berg_1825,250000,330,30,30000,428571.4285714286,250000.0,576785.7142857143,581100.000008,-4314.2857222856255,3.552941183058806
B_select_no_Berg_1825,250000,330,60,0,385714.28571428574,250000.0,540357.142857143,551100.000008,-10742.857150856988,8.847058830117646
B_select_no_Berg_1825,250000,330,60,30000,385714.28571428574,250000.0,540357.142857143,581100.000008,-40742.85715085699,33.552941183058806
B_select_Berg_1825,200000,300,0,0,434285.71428571426,193000.0,533192.857142857,558600.000008,-25407.1428651429,20.923529418352928
B_select_Berg_1825,200000,300,0,30000,434285.71428571426,193000.0,533192.857142857,588600.000008,-55407.1428651429,45.62941177129403
B_select_Berg_1825,200000,300,30,0,391428.5714285714,193000.0,496764.2857142857,558600.000008,-61835.71429371426,50.92352941835293
B_select_Berg_1825,200000,300,30,30000,391428.5714285714,193000.0,496764.2857142857,588600.000008,-91835.71429371426,75.62941177129403
B_select_Berg_1825,200000,300,60,0,348571.4285714286,193000.0,460335.71428571426,558600.000008,-98264.28572228568,80.92352941835293
B_select_Berg_1825,200000,300,60,30000,348571.4285714286,193000.0,460335.71428571426,588600.000008,-128264.28572228568,105.62941177129403
B_select_Berg_1825,200000,330,0,0,477142.85714285716,193000.0,569621.4285714286,558600.000008,11021.428563428693,-9.076470581647072
B_select_Berg_1825,200000,330,0,30000,477142.85714285716,193000.0,569621.4285714286,588600.000008,-18978.571436571307,15.62941177129403
B_select_Berg_1825,200000,330,30,0,434285.71428571426,193000.0,533192.857142857,558600.000008,-25407.1428651429,20.923529418352928
B_select_Berg_1825,200000,330,30,30000,434285.71428571426,193000.0,533192.857142857,588600.000008,-55407.1428651429,45.62941177129403
B_select_Berg_1825,200000,330,60,0,391428.5714285714,193000.0,496764.2857142857,558600.000008,-61835.71429371426,50.92352941835293
B_select_Berg_1825,200000,330,60,30000,391428.5714285714,193000.0,496764.2857142857,588600.000008,-91835.71429371426,75.62941177129403
B_select_Berg_1825,250000,300,0,0,434285.71428571426,243000.0,575692.857142857,558600.000008,17092.8571348571,-14.076470581647072
B_select_Berg_1825,250000,300,0,30000,434285.71428571426,243000.0,575692.857142857,588600.000008,-12907.142865142901,10.62941177129403
B_select_Berg_1825,250000,300,30,0,391428.5714285714,243000.0,539264.2857142857,558600.000008,-19335.714293714263,15.923529418352928
B_select_Berg_1825,250000,300,30,30000,391428.5714285714,243000.0,539264.2857142857,588600.000008,-49335.71429371426,40.62941177129403
B_select_Berg_1825,250000,300,60,0,348571.4285714286,243000.0,502835.71428571426,558600.000008,-55764.285722285684,45.92352941835293
B_select_Berg_1825,250000,300,60,30000,348571.4285714286,243000.0,502835.71428571426,588600.000008,-85764.28572228568,70.62941177129403
B_select_Berg_1825,250000,330,0,0,477142.85714285716,243000.0,612121.4285714286,558600.000008,53521.42856342869,-44.07647058164707
B_select_Berg_1825,250000,330,0,30000,477142.85714285716,243000.0,612121.4285714286,588600.000008,23521.428563428693,-19.37058822870597
B_select_Berg_1825,250000,330,30,0,434285.71428571426,243000.0,575692.857142857,558600.000008,17092.8571348571,-14.076470581647072
B_select_Berg_1825,250000,330,30,30000,434285.71428571426,243000.0,575692.857142857,588600.000008,-12907.142865142901,10.62941177129403
B_select_Berg_1825,250000,330,60,0,391428.5714285714,243000.0,539264.2857142857,558600.000008,-19335.714293714263,15.923529418352928
B_select_Berg_1825,250000,330,60,30000,391428.5714285714,243000.0,539264.2857142857,588600.000008,-49335.71429371426,40.62941177129403