## Sheet: Q2_model_paths.csv (continued)
profile,corner,year_since_annexation,annual_arrivals,deployable_stock,security_frontier_requirement,net_stock,status
L,42,16,2660.0,7318.192000000002,4000,3318.192000000002,CONDITIONAL_MODEL_NOT_OBSERVATION
L,42,17,2660.0,7318.192000000002,4000,3318.192000000002,CONDITIONAL_MODEL_NOT_OBSERVATION
L,42,18,2660.0,7318.192000000002,4000,3318.192000000002,CONDITIONAL_MODEL_NOT_OBSERVATION
L,42,19,2660.0,7318.192000000002,4000,3318.192000000002,CONDITIONAL_MODEL_NOT_OBSERVATION
L,42,20,2660.0,7318.192000000002,4000,3318.192000000002,CONDITIONAL_MODEL_NOT_OBSERVATION
L,43,1,1819.9999999999998,0.0,7333.333333333334,-7333.333333333334,CONDITIONAL_MODEL_NOT_OBSERVATION
L,43,2,2240.0,1456.0,4666.666666666667,-3210.666666666667,CONDITIONAL_MODEL_NOT_OBSERVATION
L,43,3,2660.0,3102.4,2000.0,1102.4,CONDITIONAL_MODEL_NOT_OBSERVATION
L,43,4,2660.0,4920.16,2000,2920.16,CONDITIONAL_MODEL_NOT_OBSERVATION
L,43,5,2660.0,6556.144,2000,4556.144,CONDITIONAL_MODEL_NOT_OBSERVATION
L,43,6,2660.0,7073.248000000001,2000,5073.248000000001,CONDITIONAL_MODEL_NOT_OBSERVATION
L,43,7,2660.0,7318.192000000002,2000,5318.192000000002,CONDITIONAL_MODEL_NOT_OBSERVATION
L,43,8,2660.0,7318.192000000002,2000,5318.192000000002,CONDITIONAL_MODEL_NOT_OBSERVATION
L,43,9,2660.0,7318.192000000002,2000,5318.192000000002,CONDITIONAL_MODEL_NOT_OBSERVATION
L,43,10,2660.0,7318.192000000002,2000,5318.192000000002,CONDITIONAL_MODEL_NOT_OBSERVATION
L,43,11,2660.0,7318.192000000002,2000,5318.192000000002,CONDITIONAL_MODEL_NOT_OBSERVATION
L,43,12,2660.0,7318.192000000002,2000,5318.192000000002,CONDITIONAL_MODEL_NOT_OBSERVATION
L,43,13,2660.0,7318.192000000002,2000,5318.192000000002,CONDITIONAL_MODEL_NOT_OBSERVATION
L,43,14,2660.0,7318.192000000002,2000,5318.192000000002,CONDITIONAL_MODEL_NOT_OBSERVATION
L,43,15,2660.0,7318.192000000002,2000,5318.192000000002,CONDITIONAL_MODEL_NOT_OBSERVATION
L,43,16,2660.0,7318.192000000002,2000,5318.192000000002,CONDITIONAL_MODEL_NOT_OBSERVATION
L,43,17,2660.0,7318.192000000002,2000,5318.192000000002,CONDITIONAL_MODEL_NOT_OBSERVATION
L,43,18,2660.0,7318.192000000002,2000,5318.192000000002,CONDITIONAL_MODEL_NOT_OBSERVATION
L,43,19,2660.0,7318.192000000002,2000,5318.192000000002,CONDITIONAL_MODEL_NOT_OBSERVATION
L,43,20,2660.0,7318.192000000002,2000,5318.192000000002,CONDITIONAL_MODEL_NOT_OBSERVATION
L,44,1,1819.9999999999998,0.0,8000.0,-8000.0,CONDITIONAL_MODEL_NOT_OBSERVATION
L,44,2,2240.0,1456.0,6000.0,-4544.0,CONDITIONAL_MODEL_NOT_OBSERVATION
L,44,3,2660.0,3102.4,4000.0,-897.5999999999999,CONDITIONAL_MODEL_NOT_OBSERVATION
L,44,4,2660.0,4920.16,4000,920.1599999999999,CONDITIONAL_MODEL_NOT_OBSERVATION
L,44,5,2660.0,6556.144,4000,2556.1440000000002,CONDITIONAL_MODEL_NOT_OBSERVATION
L,44,6,2660.0,7073.248000000001,4000,3073.2480000000014,CONDITIONAL_MODEL_NOT_OBSERVATION
L,44,7,2660.0,7318.192000000002,4000,3318.192000000002,CONDITIONAL_MODEL_NOT_OBSERVATION
L,44,8,2660.0,7318.192000000002,4000,3318.192000000002,CONDITIONAL_MODEL_NOT_OBSERVATION
L,44,9,2660.0,7318.192000000002,4000,3318.192000000002,CONDITIONAL_MODEL_NOT_OBSERVATION
L,44,10,2660.0,7318.192000000002,4000,3318.192000000002,CONDITIONAL_MODEL_NOT_OBSERVATION
L,44,11,2660.0,7318.192000000002,4000,3318.192000000002,CONDITIONAL_MODEL_NOT_OBSERVATION
L,44,12,2660.0,7318.192000000002,4000,3318.192000000002,CONDITIONAL_MODEL_NOT_OBSERVATION
L,44,13,2660.0,7318.192000000002,4000,3318.192000000002,CONDITIONAL_MODEL_NOT_OBSERVATION
L,44,14,2660.0,7318.192000000002,4000,3318.192000000002,CONDITIONAL_MODEL_NOT_OBSERVATION
L,44,15,2660.0,7318.192000000002,4000,3318.192000000002,CONDITIONAL_MODEL_NOT_OBSERVATION
L,44,16,2660.0,7318.192000000002,4000,3318.192000000002,CONDITIONAL_MODEL_NOT_OBSERVATION
L,44,17,2660.0,7318.192000000002,4000,3318.192000000002,CONDITIONAL_MODEL_NOT_OBSERVATION
L,44,18,2660.0,7318.192000000002,4000,3318.192000000002,CONDITIONAL_MODEL_NOT_OBSERVATION
L,44,19,2660.0,7318.192000000002,4000,3318.192000000002,CONDITIONAL_MODEL_NOT_OBSERVATION
L,44,20,2660.0,7318.192000000002,4000,3318.192000000002,CONDITIONAL_MODEL_NOT_OBSERVATION
L,45,1,1609.9999999999998,0.0,5333.333333333334,-5333.333333333334,CONDITIONAL_MODEL_NOT_OBSERVATION
L,45,2,1819.9999999999998,1288.0,4666.666666666667,-3378.666666666667,CONDITIONAL_MODEL_NOT_OBSERVATION
L,45,3,2030.0,2615.2,4000.0,-1384.8000000000002,CONDITIONAL_MODEL_NOT_OBSERVATION
L,45,4,2240.0,3977.6800000000003,3333.3333333333335,644.3466666666668,CONDITIONAL_MODEL_NOT_OBSERVATION
L,45,5,2450.0,5371.912,2666.6666666666665,2705.2453333333337,CONDITIONAL_MODEL_NOT_OBSERVATION
L,45,6,2660.0,5949.664000000001,2000.0,3949.6640000000007,CONDITIONAL_MODEL_NOT_OBSERVATION
L,45,7,2660.0,6527.416,2000,4527.416,CONDITIONAL_MODEL_NOT_OBSERVATION
L,45,8,2660.0,6937.1680000000015,2000,4937.1680000000015,CONDITIONAL_MODEL_NOT_OBSERVATION
L,45,9,2660.0,7195.720000000001,2000,5195.720000000001,CONDITIONAL_MODEL_NOT_OBSERVATION
L,45,10,2660.0,7318.192000000002,2000,5318.192000000002,CONDITIONAL_MODEL_NOT_OBSERVATION
L,45,11,2660.0,7318.192000000002,2000,5318.192000000002,CONDITIONAL_MODEL_NOT_OBSERVATION
L,45,12,2660.0,7318.192000000002,2000,5318.192000000002,CONDITIONAL_MODEL_NOT_OBSERVATION
L,45,13,2660.0,7318.192000000002,2000,5318.192000000002,CONDITIONAL_MODEL_NOT_OBSERVATION
L,45,14,2660.0,7318.192000000002,2000,5318.192000000002,CONDITIONAL_MODEL_NOT_OBSERVATION
L,45,15,2660.0,7318.192000000002,2000,5318.192000000002,CONDITIONAL_MODEL_NOT_OBSERVATION
L,45,16,2660.0,7318.192000000002,2000,5318.192000000002,CONDITIONAL_MODEL_NOT_OBSERVATION
L,45,17,2660.0,7318.192000000002,2000,5318.192000000002,CONDITIONAL_MODEL_NOT_OBSERVATION
L,45,18,2660.0,7318.192000000002,2000,5318.192000000002,CONDITIONAL_MODEL_NOT_OBSERVATION
L,45,19,2660.0,7318.192000000002,2000,5318.192000000002,CONDITIONAL_MODEL_NOT_OBSERVATION
L,45,20,2660.0,7318.192000000002,2000,5318.192000000002,CONDITIONAL_MODEL_NOT_OBSERVATION
L,46,1,1609.9999999999998,0.0,5666.666666666667,-5666.666666666667,CONDITIONAL_MODEL_NOT_OBSERVATION
L,46,2,1819.9999999999998,1288.0,5333.333333333334,-4045.333333333334,CONDITIONAL_MODEL_NOT_OBSERVATION
L,46,3,2030.0,2615.2,5000.0,-2384.8,CONDITIONAL_MODEL_NOT_OBSERVATION
L,46,4,2240.0,3977.6800000000003,4666.666666666667,-688.9866666666667,CONDITIONAL_MODEL_NOT_OBSERVATION
L,46,5,2450.0,5371.912,4333.333333333333,1038.5786666666672,CONDITIONAL_MODEL_NOT_OBSERVATION
L,46,6,2660.0,5949.664000000001,4000.0,1949.6640000000007,CONDITIONAL_MODEL_NOT_OBSERVATION
L,46,7,2660.0,6527.416,4000,2527.416,CONDITIONAL_MODEL_NOT_OBSERVATION
L,46,8,2660.0,6937.1680000000015,4000,2937.1680000000015,CONDITIONAL_MODEL_NOT_OBSERVATION
L,46,9,2660.0,7195.720000000001,4000,3195.720000000001,CONDITIONAL_MODEL_NOT_OBSERVATION
L,46,10,2660.0,7318.192000000002,4000,3318.192000000002,CONDITIONAL_MODEL_NOT_OBSERVATION
L,46,11,2660.0,7318.192000000002,4000,3318.192000000002,CONDITIONAL_MODEL_NOT_OBSERVATION
L,46,12,2660.0,7318.192000000002,4000,3318.192000000002,CONDITIONAL_MODEL_NOT_OBSERVATION
L,46,13,2660.0,7318.192000000002,4000,3318.192000000002,CONDITIONAL_MODEL_NOT_OBSERVATION
L,46,14,2660.0,7318.192000000002,4000,3318.192000000002,CONDITIONAL_MODEL_NOT_OBSERVATION
L,46,15,2660.0,7318.192000000002,4000,3318.192000000002,CONDITIONAL_MODEL_NOT_OBSERVATION
L,46,16,2660.0,7318.192000000002,4000,3318.192000000002,CONDITIONAL_MODEL_NOT_OBSERVATION
L,46,17,2660.0,7318.192000000002,4000,3318.192000000002,CONDITIONAL_MODEL_NOT_OBSERVATION
L,46,18,2660.0,7318.192000000002,4000,3318.192000000002,CONDITIONAL_MODEL_NOT_OBSERVATION
L,46,19,2660.0,7318.192000000002,4000,3318.192000000002,CONDITIONAL_MODEL_NOT_OBSERVATION
L,46,20,2660.0,7318.192000000002,4000,3318.192000000002,CONDITIONAL_MODEL_NOT_OBSERVATION
L,47,1,1609.9999999999998,0.0,8666.666666666668,-8666.666666666668,CONDITIONAL_MODEL_NOT_OBSERVATION
L,47,2,1819.9999999999998,1288.0,7333.333333333334,-6045.333333333334,CONDITIONAL_MODEL_NOT_OBSERVATION
L,47,3,2030.0,2615.2,6000.0,-3384.8,CONDITIONAL_MODEL_NOT_OBSERVATION
L,47,4,2240.0,3977.6800000000003,4666.666666666667,-688.9866666666667,CONDITIONAL_MODEL_NOT_OBSERVATION
L,47,5,2450.0,5371.912,3333.333333333333,2038.5786666666672,CONDITIONAL_MODEL_NOT_OBSERVATION
L,47,6,2660.0,5949.664000000001,2000.0,3949.6640000000007,CONDITIONAL_MODEL_NOT_OBSERVATION
L,47,7,2660.0,6527.416,2000,4527.416,CONDITIONAL_MODEL_NOT_OBSERVATION
L,47,8,2660.0,6937.1680000000015,2000,4937.1680000000015,CONDITIONAL_MODEL_NOT_OBSERVATION
L,47,9,2660.0,7195.720000000001,2000,5195.720000000001,CONDITIONAL_MODEL_NOT_OBSERVATION
L,47,10,2660.0,7318.192000000002,2000,5318.192000000002,CONDITIONAL_MODEL_NOT_OBSERVATION
L,47,11,2660.0,7318.192000000002,2000,5318.192000000002,CONDITIONAL_MODEL_NOT_OBSERVATION
L,47,12,2660.0,7318.192000000002,2000,5318.192000000002,CONDITIONAL_MODEL_NOT_OBSERVATION
L,47,13,2660.0,7318.192000000002,2000,5318.192000000002,CONDITIONAL_MODEL_NOT_OBSERVATION
L,47,14,2660.0,7318.192000000002,2000,5318.192000000002,CONDITIONAL_MODEL_NOT_OBSERVATION
L,47,15,2660.0,7318.192000000002,2000,5318.192000000002,CONDITIONAL_MODEL_NOT_OBSERVATION
L,47,16,2660.0,7318.192000000002,2000,5318.192000000002,CONDITIONAL_MODEL_NOT_OBSERVATION
L,47,17,2660.0,7318.192000000002,2000,5318.192000000002,CONDITIONAL_MODEL_NOT_OBSERVATION
L,47,18,2660.0,7318.192000000002,2000,5318.192000000002,CONDITIONAL_MODEL_NOT_OBSERVATION
L,47,19,2660.0,7318.192000000002,2000,5318.192000000002,CONDITIONAL_MODEL_NOT_OBSERVATION
L,47,20,2660.0,7318.192000000002,2000,5318.192000000002,CONDITIONAL_MODEL_NOT_OBSERVATION
L,48,1,1609.9999999999998,0.0,9000.0,-9000.0,CONDITIONAL_MODEL_NOT_OBSERVATION
L,48,2,1819.9999999999998,1288.0,8000.0,-6712.0,CONDITIONAL_MODEL_NOT_OBSERVATION
L,48,3,2030.0,2615.2,7000.0,-4384.8,CONDITIONAL_MODEL_NOT_OBSERVATION
L,48,4,2240.0,3977.6800000000003,6000.0,-2022.3199999999997,CONDITIONAL_MODEL_NOT_OBSERVATION
L,48,5,2450.0,5371.912,5000.0,371.91200000000026,CONDITIONAL_MODEL_NOT_OBSERVATION
L,48,6,2660.0,5949.664000000001,4000.0,1949.6640000000007,CONDITIONAL_MODEL_NOT_OBSERVATION
L,48,7,2660.0,6527.416,4000,2527.416,CONDITIONAL_MODEL_NOT_OBSERVATION
L,48,8,2660.0,6937.1680000000015,4000,2937.1680000000015,CONDITIONAL_MODEL_NOT_OBSERVATION
L,48,9,2660.0,7195.720000000001,4000,3195.720000000001,CONDITIONAL_MODEL_NOT_OBSERVATION
L,48,10,2660.0,7318.192000000002,4000,3318.192000000002,CONDITIONAL_MODEL_NOT_OBSERVATION
L,48,11,2660.0,7318.192000000002,4000,3318.192000000002,CONDITIONAL_MODEL_NOT_OBSERVATION
L,48,12,2660.0,7318.192000000002,4000,3318.192000000002,CONDITIONAL_MODEL_NOT_OBSERVATION
L,48,13,2660.0,7318.192000000002,4000,3318.192000000002,CONDITIONAL_MODEL_NOT_OBSERVATION
L,48,14,2660.0,7318.192000000002,4000,3318.192000000002,CONDITIONAL_MODEL_NOT_OBSERVATION
L,48,15,2660.0,7318.192000000002,4000,3318.192000000002,CONDITIONAL_MODEL_NOT_OBSERVATION
L,48,16,2660.0,7318.192000000002,4000,3318.192000000002,CONDITIONAL_MODEL_NOT_OBSERVATION
L,48,17,2660.0,7318.192000000002,4000,3318.192000000002,CONDITIONAL_MODEL_NOT_OBSERVATION
L,48,18,2660.0,7318.192000000002,4000,3318.192000000002,CONDITIONAL_MODEL_NOT_OBSERVATION
L,48,19,2660.0,7318.192000000002,4000,3318.192000000002,CONDITIONAL_MODEL_NOT_OBSERVATION
L,48,20,2660.0,7318.192000000002,4000,3318.192000000002,CONDITIONAL_MODEL_NOT_OBSERVATION
L,49,1,2053.333333333333,0.0,4666.666666666667,-4666.666666666667,CONDITIONAL_MODEL_NOT_OBSERVATION
L,49,2,2146.666666666667,1642.6666666666665,3333.3333333333335,-1690.666666666667,CONDITIONAL_MODEL_NOT_OBSERVATION
L,49,3,2240.0,3195.7333333333336,2000.0,1195.7333333333336,CONDITIONAL_MODEL_NOT_OBSERVATION
L,49,4,2240.0,4668.16,2000,2668.16,CONDITIONAL_MODEL_NOT_OBSERVATION
L,49,5,2240.0,5993.344000000001,2000,3993.344000000001,CONDITIONAL_MODEL_NOT_OBSERVATION
L,49,6,2240.0,6108.256,2000,4108.256,CONDITIONAL_MODEL_NOT_OBSERVATION
L,49,7,2240.0,6162.688,2000,4162.688,CONDITIONAL_MODEL_NOT_OBSERVATION
L,49,8,2240.0,6162.688,2000,4162.688,CONDITIONAL_MODEL_NOT_OBSERVATION
L,49,9,2240.0,6162.688,2000,4162.688,CONDITIONAL_MODEL_NOT_OBSERVATION
