## Sheet: Q2_model_paths.csv (continued)
profile,corner,year_since_annexation,annual_arrivals,deployable_stock,security_frontier_requirement,net_stock,status
M,43,1,1104.1666666666667,0.0,14000.0,-14000.0,CONDITIONAL_MODEL_NOT_OBSERVATION
M,43,2,1333.3333333333333,883.3333333333335,12000.0,-11116.666666666666,CONDITIONAL_MODEL_NOT_OBSERVATION
M,43,3,1562.5,1861.666666666667,10000.0,-8138.333333333333,CONDITIONAL_MODEL_NOT_OBSERVATION
M,43,4,1791.6666666666667,2925.5,8000.0,-5074.5,CONDITIONAL_MODEL_NOT_OBSERVATION
M,43,5,2020.8333333333333,4066.2833333333338,6000.0,-1933.7166666666662,CONDITIONAL_MODEL_NOT_OBSERVATION
M,43,6,2250.0,4696.766666666666,4000.0,696.7666666666664,CONDITIONAL_MODEL_NOT_OBSERVATION
M,43,7,2250.0,5327.25,4000,1327.25,CONDITIONAL_MODEL_NOT_OBSERVATION
M,43,8,2250.0,5774.400000000001,4000,1774.4000000000005,CONDITIONAL_MODEL_NOT_OBSERVATION
M,43,9,2250.0,6056.55,4000,2056.55,CONDITIONAL_MODEL_NOT_OBSERVATION
M,43,10,2250.0,6190.200000000001,4000,2190.2000000000007,CONDITIONAL_MODEL_NOT_OBSERVATION
M,43,11,2250.0,6190.200000000001,4000,2190.2000000000007,CONDITIONAL_MODEL_NOT_OBSERVATION
M,43,12,2250.0,6190.200000000001,4000,2190.2000000000007,CONDITIONAL_MODEL_NOT_OBSERVATION
M,43,13,2250.0,6190.200000000001,4000,2190.2000000000007,CONDITIONAL_MODEL_NOT_OBSERVATION
M,43,14,2250.0,6190.200000000001,4000,2190.2000000000007,CONDITIONAL_MODEL_NOT_OBSERVATION
M,43,15,2250.0,6190.200000000001,4000,2190.2000000000007,CONDITIONAL_MODEL_NOT_OBSERVATION
M,43,16,2250.0,6190.200000000001,4000,2190.2000000000007,CONDITIONAL_MODEL_NOT_OBSERVATION
M,43,17,2250.0,6190.200000000001,4000,2190.2000000000007,CONDITIONAL_MODEL_NOT_OBSERVATION
M,43,18,2250.0,6190.200000000001,4000,2190.2000000000007,CONDITIONAL_MODEL_NOT_OBSERVATION
M,43,19,2250.0,6190.200000000001,4000,2190.2000000000007,CONDITIONAL_MODEL_NOT_OBSERVATION
M,43,20,2250.0,6190.200000000001,4000,2190.2000000000007,CONDITIONAL_MODEL_NOT_OBSERVATION
M,44,1,1104.1666666666667,0.0,14666.666666666668,-14666.666666666668,CONDITIONAL_MODEL_NOT_OBSERVATION
M,44,2,1333.3333333333333,883.3333333333335,13333.333333333334,-12450.0,CONDITIONAL_MODEL_NOT_OBSERVATION
M,44,3,1562.5,1861.666666666667,12000.0,-10138.333333333332,CONDITIONAL_MODEL_NOT_OBSERVATION
M,44,4,1791.6666666666667,2925.5,10666.666666666668,-7741.166666666668,CONDITIONAL_MODEL_NOT_OBSERVATION
M,44,5,2020.8333333333333,4066.2833333333338,9333.333333333332,-5267.049999999998,CONDITIONAL_MODEL_NOT_OBSERVATION
M,44,6,2250.0,4696.766666666666,8000.0,-3303.2333333333336,CONDITIONAL_MODEL_NOT_OBSERVATION
M,44,7,2250.0,5327.25,8000,-2672.75,CONDITIONAL_MODEL_NOT_OBSERVATION
M,44,8,2250.0,5774.400000000001,8000,-2225.5999999999995,CONDITIONAL_MODEL_NOT_OBSERVATION
M,44,9,2250.0,6056.55,8000,-1943.4499999999998,CONDITIONAL_MODEL_NOT_OBSERVATION
M,44,10,2250.0,6190.200000000001,8000,-1809.7999999999993,CONDITIONAL_MODEL_NOT_OBSERVATION
M,44,11,2250.0,6190.200000000001,8000,-1809.7999999999993,CONDITIONAL_MODEL_NOT_OBSERVATION
M,44,12,2250.0,6190.200000000001,8000,-1809.7999999999993,CONDITIONAL_MODEL_NOT_OBSERVATION
M,44,13,2250.0,6190.200000000001,8000,-1809.7999999999993,CONDITIONAL_MODEL_NOT_OBSERVATION
M,44,14,2250.0,6190.200000000001,8000,-1809.7999999999993,CONDITIONAL_MODEL_NOT_OBSERVATION
M,44,15,2250.0,6190.200000000001,8000,-1809.7999999999993,CONDITIONAL_MODEL_NOT_OBSERVATION
M,44,16,2250.0,6190.200000000001,8000,-1809.7999999999993,CONDITIONAL_MODEL_NOT_OBSERVATION
M,44,17,2250.0,6190.200000000001,8000,-1809.7999999999993,CONDITIONAL_MODEL_NOT_OBSERVATION
M,44,18,2250.0,6190.200000000001,8000,-1809.7999999999993,CONDITIONAL_MODEL_NOT_OBSERVATION
M,44,19,2250.0,6190.200000000001,8000,-1809.7999999999993,CONDITIONAL_MODEL_NOT_OBSERVATION
M,44,20,2250.0,6190.200000000001,8000,-1809.7999999999993,CONDITIONAL_MODEL_NOT_OBSERVATION
M,45,1,989.5833333333333,0.0,9500.0,-9500.0,CONDITIONAL_MODEL_NOT_OBSERVATION
M,45,2,1104.1666666666667,791.6666666666666,9000.0,-8208.333333333334,CONDITIONAL_MODEL_NOT_OBSERVATION
M,45,3,1218.75,1595.8333333333335,8500.0,-6904.166666666666,CONDITIONAL_MODEL_NOT_OBSERVATION
M,45,4,1333.3333333333333,2411.25,8000.0,-5588.75,CONDITIONAL_MODEL_NOT_OBSERVATION
M,45,5,1447.9166666666665,3236.7916666666665,7500.0,-4263.208333333334,CONDITIONAL_MODEL_NOT_OBSERVATION
M,45,6,1562.5,3552.0333333333338,7000.0,-3447.9666666666662,CONDITIONAL_MODEL_NOT_OBSERVATION
M,45,7,1677.0833333333335,3867.275,6500.0,-2632.725,CONDITIONAL_MODEL_NOT_OBSERVATION
M,45,8,1791.6666666666667,4182.516666666667,6000.0,-1817.4833333333327,CONDITIONAL_MODEL_NOT_OBSERVATION
M,45,9,1906.25,4497.758333333334,5500.0,-1002.2416666666659,CONDITIONAL_MODEL_NOT_OBSERVATION
M,45,10,2020.8333333333333,4813.0,5000.0,-187.0,CONDITIONAL_MODEL_NOT_OBSERVATION
M,45,11,2135.4166666666665,5128.241666666667,4500.0,628.2416666666668,CONDITIONAL_MODEL_NOT_OBSERVATION
M,45,12,2250.0,5443.483333333334,4000.0,1443.4833333333336,CONDITIONAL_MODEL_NOT_OBSERVATION
M,45,13,2250.0,5758.725,4000,1758.7250000000004,CONDITIONAL_MODEL_NOT_OBSERVATION
M,45,14,2250.0,5982.3,4000,1982.3000000000002,CONDITIONAL_MODEL_NOT_OBSERVATION
M,45,15,2250.0,6123.375,4000,2123.375,CONDITIONAL_MODEL_NOT_OBSERVATION
M,45,16,2250.0,6190.200000000001,4000,2190.2000000000007,CONDITIONAL_MODEL_NOT_OBSERVATION
M,45,17,2250.0,6190.200000000001,4000,2190.2000000000007,CONDITIONAL_MODEL_NOT_OBSERVATION
M,45,18,2250.0,6190.200000000001,4000,2190.2000000000007,CONDITIONAL_MODEL_NOT_OBSERVATION
M,45,19,2250.0,6190.200000000001,4000,2190.2000000000007,CONDITIONAL_MODEL_NOT_OBSERVATION
M,45,20,2250.0,6190.200000000001,4000,2190.2000000000007,CONDITIONAL_MODEL_NOT_OBSERVATION
M,46,1,989.5833333333333,0.0,9833.333333333334,-9833.333333333334,CONDITIONAL_MODEL_NOT_OBSERVATION
M,46,2,1104.1666666666667,791.6666666666666,9666.666666666666,-8875.0,CONDITIONAL_MODEL_NOT_OBSERVATION
M,46,3,1218.75,1595.8333333333335,9500.0,-7904.166666666666,CONDITIONAL_MODEL_NOT_OBSERVATION
M,46,4,1333.3333333333333,2411.25,9333.333333333334,-6922.083333333334,CONDITIONAL_MODEL_NOT_OBSERVATION
M,46,5,1447.9166666666665,3236.7916666666665,9166.666666666666,-5929.875,CONDITIONAL_MODEL_NOT_OBSERVATION
M,46,6,1562.5,3552.0333333333338,9000.0,-5447.966666666666,CONDITIONAL_MODEL_NOT_OBSERVATION
M,46,7,1677.0833333333335,3867.275,8833.333333333334,-4966.058333333334,CONDITIONAL_MODEL_NOT_OBSERVATION
M,46,8,1791.6666666666667,4182.516666666667,8666.666666666666,-4484.149999999999,CONDITIONAL_MODEL_NOT_OBSERVATION
M,46,9,1906.25,4497.758333333334,8500.0,-4002.241666666666,CONDITIONAL_MODEL_NOT_OBSERVATION
M,46,10,2020.8333333333333,4813.0,8333.333333333334,-3520.333333333334,CONDITIONAL_MODEL_NOT_OBSERVATION
M,46,11,2135.4166666666665,5128.241666666667,8166.666666666666,-3038.4249999999993,CONDITIONAL_MODEL_NOT_OBSERVATION
M,46,12,2250.0,5443.483333333334,8000.0,-2556.5166666666664,CONDITIONAL_MODEL_NOT_OBSERVATION
M,46,13,2250.0,5758.725,8000,-2241.2749999999996,CONDITIONAL_MODEL_NOT_OBSERVATION
M,46,14,2250.0,5982.3,8000,-2017.6999999999998,CONDITIONAL_MODEL_NOT_OBSERVATION
M,46,15,2250.0,6123.375,8000,-1876.625,CONDITIONAL_MODEL_NOT_OBSERVATION
M,46,16,2250.0,6190.200000000001,8000,-1809.7999999999993,CONDITIONAL_MODEL_NOT_OBSERVATION
M,46,17,2250.0,6190.200000000001,8000,-1809.7999999999993,CONDITIONAL_MODEL_NOT_OBSERVATION
M,46,18,2250.0,6190.200000000001,8000,-1809.7999999999993,CONDITIONAL_MODEL_NOT_OBSERVATION
M,46,19,2250.0,6190.200000000001,8000,-1809.7999999999993,CONDITIONAL_MODEL_NOT_OBSERVATION
M,46,20,2250.0,6190.200000000001,8000,-1809.7999999999993,CONDITIONAL_MODEL_NOT_OBSERVATION
M,47,1,989.5833333333333,0.0,15000.0,-15000.0,CONDITIONAL_MODEL_NOT_OBSERVATION
M,47,2,1104.1666666666667,791.6666666666666,14000.0,-13208.333333333334,CONDITIONAL_MODEL_NOT_OBSERVATION
M,47,3,1218.75,1595.8333333333335,13000.0,-11404.166666666666,CONDITIONAL_MODEL_NOT_OBSERVATION
M,47,4,1333.3333333333333,2411.25,12000.0,-9588.75,CONDITIONAL_MODEL_NOT_OBSERVATION
M,47,5,1447.9166666666665,3236.7916666666665,11000.0,-7763.208333333334,CONDITIONAL_MODEL_NOT_OBSERVATION
M,47,6,1562.5,3552.0333333333338,10000.0,-6447.966666666666,CONDITIONAL_MODEL_NOT_OBSERVATION
M,47,7,1677.0833333333335,3867.275,9000.0,-5132.725,CONDITIONAL_MODEL_NOT_OBSERVATION
M,47,8,1791.6666666666667,4182.516666666667,8000.0,-3817.4833333333327,CONDITIONAL_MODEL_NOT_OBSERVATION
M,47,9,1906.25,4497.758333333334,7000.0,-2502.241666666666,CONDITIONAL_MODEL_NOT_OBSERVATION
M,47,10,2020.8333333333333,4813.0,6000.0,-1187.0,CONDITIONAL_MODEL_NOT_OBSERVATION
M,47,11,2135.4166666666665,5128.241666666667,5000.0,128.2416666666668,CONDITIONAL_MODEL_NOT_OBSERVATION
M,47,12,2250.0,5443.483333333334,4000.0,1443.4833333333336,CONDITIONAL_MODEL_NOT_OBSERVATION
M,47,13,2250.0,5758.725,4000,1758.7250000000004,CONDITIONAL_MODEL_NOT_OBSERVATION
M,47,14,2250.0,5982.3,4000,1982.3000000000002,CONDITIONAL_MODEL_NOT_OBSERVATION
M,47,15,2250.0,6123.375,4000,2123.375,CONDITIONAL_MODEL_NOT_OBSERVATION
M,47,16,2250.0,6190.200000000001,4000,2190.2000000000007,CONDITIONAL_MODEL_NOT_OBSERVATION
M,47,17,2250.0,6190.200000000001,4000,2190.2000000000007,CONDITIONAL_MODEL_NOT_OBSERVATION
M,47,18,2250.0,6190.200000000001,4000,2190.2000000000007,CONDITIONAL_MODEL_NOT_OBSERVATION
M,47,19,2250.0,6190.200000000001,4000,2190.2000000000007,CONDITIONAL_MODEL_NOT_OBSERVATION
M,47,20,2250.0,6190.200000000001,4000,2190.2000000000007,CONDITIONAL_MODEL_NOT_OBSERVATION
M,48,1,989.5833333333333,0.0,15333.333333333332,-15333.333333333332,CONDITIONAL_MODEL_NOT_OBSERVATION
M,48,2,1104.1666666666667,791.6666666666666,14666.666666666668,-13875.000000000002,CONDITIONAL_MODEL_NOT_OBSERVATION
M,48,3,1218.75,1595.8333333333335,14000.0,-12404.166666666666,CONDITIONAL_MODEL_NOT_OBSERVATION
M,48,4,1333.3333333333333,2411.25,13333.333333333334,-10922.083333333334,CONDITIONAL_MODEL_NOT_OBSERVATION
M,48,5,1447.9166666666665,3236.7916666666665,12666.666666666666,-9429.875,CONDITIONAL_MODEL_NOT_OBSERVATION
M,48,6,1562.5,3552.0333333333338,12000.0,-8447.966666666667,CONDITIONAL_MODEL_NOT_OBSERVATION
M,48,7,1677.0833333333335,3867.275,11333.333333333332,-7466.0583333333325,CONDITIONAL_MODEL_NOT_OBSERVATION
M,48,8,1791.6666666666667,4182.516666666667,10666.666666666668,-6484.150000000001,CONDITIONAL_MODEL_NOT_OBSERVATION
M,48,9,1906.25,4497.758333333334,10000.0,-5502.241666666666,CONDITIONAL_MODEL_NOT_OBSERVATION
M,48,10,2020.8333333333333,4813.0,9333.333333333332,-4520.333333333332,CONDITIONAL_MODEL_NOT_OBSERVATION
M,48,11,2135.4166666666665,5128.241666666667,8666.666666666668,-3538.425000000001,CONDITIONAL_MODEL_NOT_OBSERVATION
M,48,12,2250.0,5443.483333333334,8000.0,-2556.5166666666664,CONDITIONAL_MODEL_NOT_OBSERVATION
M,48,13,2250.0,5758.725,8000,-2241.2749999999996,CONDITIONAL_MODEL_NOT_OBSERVATION
M,48,14,2250.0,5982.3,8000,-2017.6999999999998,CONDITIONAL_MODEL_NOT_OBSERVATION
M,48,15,2250.0,6123.375,8000,-1876.625,CONDITIONAL_MODEL_NOT_OBSERVATION
M,48,16,2250.0,6190.200000000001,8000,-1809.7999999999993,CONDITIONAL_MODEL_NOT_OBSERVATION
M,48,17,2250.0,6190.200000000001,8000,-1809.7999999999993,CONDITIONAL_MODEL_NOT_OBSERVATION
M,48,18,2250.0,6190.200000000001,8000,-1809.7999999999993,CONDITIONAL_MODEL_NOT_OBSERVATION
M,48,19,2250.0,6190.200000000001,8000,-1809.7999999999993,CONDITIONAL_MODEL_NOT_OBSERVATION
M,48,20,2250.0,6190.200000000001,8000,-1809.7999999999993,CONDITIONAL_MODEL_NOT_OBSERVATION
M,49,1,1520.8333333333333,0.0,9000.0,-9000.0,CONDITIONAL_MODEL_NOT_OBSERVATION
M,49,2,1541.6666666666667,1216.6666666666667,8000.0,-6783.333333333333,CONDITIONAL_MODEL_NOT_OBSERVATION
M,49,3,1562.5,2328.3333333333335,7000.0,-4671.666666666666,CONDITIONAL_MODEL_NOT_OBSERVATION
M,49,4,1583.3333333333333,3345.5,6000.0,-2654.5,CONDITIONAL_MODEL_NOT_OBSERVATION
M,49,5,1604.1666666666667,4277.616666666667,5000.0,-722.3833333333332,CONDITIONAL_MODEL_NOT_OBSERVATION
M,49,6,1625.0,4334.933333333333,4000.0,334.9333333333334,CONDITIONAL_MODEL_NOT_OBSERVATION
M,49,7,1625.0,4392.25,4000,392.25,CONDITIONAL_MODEL_NOT_OBSERVATION
