-   266   -




Table VI.4 State Expenditure of the Habsburg
monarchy, 1780 - 1811 <as per cent of state
revenue)



Year              civil          military        debt
              administration   establishment   servicing

1780                n.a            n.a             n.a
1781               27.8           50.3            20.7
1782               30.7           40.1            36.2
1783               29.8           57.4            23.2
1784               41.2           47.2            24.9

1785               39.0           50.4            20.1
1786               39.5           44.8            25.2
1787               37.5           48.3            22.4
1788               32.6           75.9            19.1
1789               34,8           85.8            23.0

1790               27.9           81.4            22.8
1791               27.9           57.5            40.4
1792               29.3           51.2            24.3
1793               32.1           81.2            21,8
1794               50.0           92.1            21.1
1795               33.3          139.8            27.8
1796               41.0 ■        167.6            32.5
1797               29.4          130.5            25.4
1798               30.6          112.0            39.5
1799               30.3          120.6            41.3

1800               27.0          129,3            37.8
1801               28.3           98.8            30.3
1802               30.4           64.2            42*2
1803               26,4           46.4            40.8
1804               26.9           42.9            36.3

1805               23.9           78.2            28.4
1806               40.0          108.7            38.9
1807               32.3           75.3            39.9
1808               19.9           62.3            32.3
1809               39.0          208.6            29.0

1810               38.1          164.7            56.1
1811               72.1           40.7            53.5


Source: Czoernig 1861: 122-3.
