                                                        -   259   -




Table VI. 1 State Income of the Habsburg
monarchy, 1780 - 1811 (In mio. fl CM)



Year      I.    II.       III.       IV.     V.       VI.

1780    n.a      n.a      n.a        n.a     n.a      n.a
1781   64.2     65.8                        68.6      7,4
1782   63.9     75.3                        85.0     22.7
1783   63.9     64.4                        78.3     12.4
1784   68.5     69.0                        88.7     17.0

1785   75.8     76.6                        86.3     14.1
1786   73,3     74.3                        88.8     13.8
1787   75.6     76.2                        92.5     22.2
1788   87.0     87.4                       112.7     38.3
1789   80.4     83.6
1790   85.1     85.6
1791   80.4     89.3                80.4
1792   85.5     86.7                85.5
1793   84.3     85.6                84.3
1794   92.1     92.7                92.1
1795   67.3     67.6                67.3
1796   64.9     65.6                64.9
1797   70.3     71.0                70.3
1798   72.6     73.2                72.6
1799   80.0     80.3    74,7        74.0
1800   85.7     85.9    75.6        65.5
1801   70.4     95.5   *84.4        82.1
1802   80.2     86.2    71.5        70.4
1803   88.8    101.4   *84.2        76.1
1804   99.9    107.6    80.7        78.0
1805    97.8   111.8    76.0        78.1
1806    83.6    86.7    55.5        51.2
1807   119.9   140.0   *89.6        67.1
1808   157.4   161.9    72.9        66,9
1809   155.0    94.7   *42.6        31.1
1810 136.6     135.6    33.9 (27.1) 25.0
1811            70.8



Sources and Explanatory Motes:

Col. I. = Hauer 1849: 361-2; Hauer gives 'real state income':
"reelle Staatseinnahmen"; extraordinary revenue has been
excluded (subsidies, loans etc.). To ascertain the real
