-   264   -




Table VI. 3 Military Expenditure of the Habsburg
monarchy, 1760 ~ 1611 <in mio. fl CM)



Year            I.   II.    III.     IV.      V.             VI.

1780           n.a    n.a    n.a     n.a      n.a             n.a
1781          30.5                           33.1
1782          27.6                           30.2
1783          32.6                           37,0
1784          28.3                           32.6
1785          36.6                           38.6
1786          29.8                           33.3
1787          34.1                           36.8
1788          25.5   38.0   63.5             66.4
1789          26.1   43.3   69.4             71.7

1790          26.5   41.8   68.3             69.7
1791          25.8   25.4   51.2    51.3     51.3
1792          27.4   16.6   44.0    44.3     44.3
1793          29.1   41.6   70.7    69.5     69.5
1794          27.3   58.0   85.3    85.4     85.4
1795 27.3            67.3    94.6    94.6    94.6
1796 27.1            82.9   110.0   110.0   110.0
1797                                 92.7    92.7
1798                                 81.9    81.9
1799                                 89.7    96,8 (90.0)
1800                                96.2    111.1 (97.8)
1801                                87.4     94.4 (*83.1)
1802                                45.4     55.4 (46.0)     (38.7)
1803                                35.9     47.0(*39.0)    (*37.8)
1804                                34.4     46.1 (34.6)     (32.6)

1805                                64.8     87.5 (59.5)     (47.4)
1806                                57.5     94.3 (60.4)     (67.8)
1807                                52.2    105.4 (*67.5)    (60.7)
1808                                45.2    100.8 (45.4)     (48.2)
1809                                66.8    197.6 (*89.0)   (113.9)

1810                                52,2    223.4 (55,9)     (43,9)
1811                                         28.8             30.4



Sources and Explanatory Fotes:

Cols. I., II., III. = Hauer 1849: 70; col. I. = ordinary
expenditure; II. = extraordinary expenditure; III. = sum total
