  2682
  1*49                         1182
 10656                         2101
  2687                          882   -   -
  5530
  3699
  2302
 14317
 15028
  9313
 13-; 72
 12959            14           3600
    914
  3218
  3993
 17231
  6588                         1793
  264G
   625
  3249
  3316                          481
  2043
   772
  4706
  7125
  4941
  1292
   KM)
  1780                          304
   200
  2988
  2622
  3896
  3505
  4687
  1050                          423
  1433
  9006
  1089
   734
  1311
   817
   315
   185
   493
                              12197
                               6"32
                              18156
                              17089
                               1373
                               1489
                               1339
                              4818

                               513
                               264

413304     355   153   134   109333
