## Sheet: A1. Headline series (continued)
	A	B	C	D	E	F	G	H	I	J	K	L	M	N	O	P	Q	R	S	T	U	V	W	X	Y	Z	AA	AB	AC	AD	AE	AF	AG	AH	AI	AJ	AK	AL	AM	AN	AO	AP	AQ	AR	AS	AT	AU	AV	AW	AX	AY	AZ	BA	BB	BC	BD	BE	BF	BG	BH	BI	BJ	BK	BL	BM	BN	BO	BP	BQ	BR	BS	BT	BU	BV	BW	BX	BY	BZ	CA	CB	CC	CD	CE
263	1341							3741.009144701281	1.65678219501838	3260.143240193061	1.65678219501838	0.2552494043416703	1.656782195018394	-1.04448189249202						16.61162477707006		4.999955900432529				4589.698912518923			35.42206789196026						0.1328092688207726					0.03292937963147085	0.1188416971710897	-14.75465193802656	34.61733092053392																			0.8339716687209017																					
264	1342							3939.912857172475	5.316846465155493	3433.480050818271	5.316846465155493	0.2688206232737409	5.316846465155507	3.79751612801504						20.36263682350523		5.088876462652197				4621.094124070632			34.7381064490733						0.1283471630226725					0.03293537208132237	0.1244135839139063	4.688494758531618	33.07300446113061																			0.7799996957209017																					
265	1343							3853.652294454868	-2.189402807744159	3358.30734218232	-2.189402807744173	0.2629350569999903	-2.189402807744159	1.78127424743943						11.96751462434079		4.884516544801691				4652.704090299535			34.06152588506642						0.1259505417451374					0.03348076270218862	0.1215510210873239	-2.300844278035783	34.41245110643396																			0.7354152757209016																					
266	1344							4140.208297760805	7.435958965946952	3608.029698097381	7.435958965946952	0.2824867999455987	7.435958965946938	9.78417417623493						13.53638422470135		5.805917119294579				4684.530280205811			33.39232619993961						0.1393476413542163					0.03322642748009033	0.1359143191338296	11.81668234295364	30.54198858034217																			0.7560324567209016																					
267	1345							3879.384481533703	-6.299775215854865	3380.731937395959	-6.299775215854851	0.2646907665345644	-6.299775215854851	4.82752018899474						15.31092324767781		5.130175860747845				4716.574172838135			32.73050739369263						0.1314075778462963					0.03332614183330742	0.1200869116085082	-11.64513616091971	34.67114933163683																			0.7333395477209015																					
268	1346							3708.715929932088	-4.399371921345164	3232.000965806213	-4.399371921345164	0.2530460352732495	-4.39937192134515	2.58949701855113						17.31809372465215		4.921603576341218				4748.837257362412			32.07606946632598						0.1318663670093431					0.03292598560305827	0.1262977304349517	5.171936511025606	32.5703266095471																			0.6903732437209015																					
269	1347							3877.39550444745	4.548193436817115	3378.998621610876	4.548193436817087	0.2645550584416734	4.548193436817101	9.94290617533495						19.58839224808499		5.697394809981637				4781.321033130987			31.42901241783965						0.1460115444651731					0.0327351570782415	0.1548077402722917	22.57365175063359	26.41804246547886																			0.6724574633422066																					
270	1348							4000.382122839645	3.171887372622365	3486.176652210836	3.171887372622365	0.2729464469340185	3.171887372622365	16.5291313611438						22.15631333133596		5.890592521520462				4814.027009752323			30.78933624823289						0.1463216148570602					0.03201575722799305	0.154482874660861	-0.2098510131723827	25.89180406222155																			0.6648796464169404																					
271	1349							3061.664483771597	-23.46569928179025	2668.120922571058	-23.46569928179025	0.2088976544961506	-23.46569928179025	-6.37782208853305						24.06642158362391		3.806169084864046				3922.101179743146			30.15704095750646						0.1235325660493057					0.03566402528266938	0.1229166897263664	-20.43345257769988	36.24919607140615																			0.6339301081073107																					
272	1350							2840.724839709598	-7.216324493852724	2475.580658909953	-7.216324493852724	0.193822921887661	-7.216324493852738	-10.0138590129314						26.99100185437451		4.257555285947299				3195.42820033617			28.82171695345313						0.1489299723787741					0.06105014415888819	0.147001555326607	19.59446325300297	51.88521731528247																			0.6077229020100529																					
273	1351							2673.64779052364	-5.881493583976891	2329.979541289992	-5.881493583976891	0.1824232391725616	-5.881493583976891	-12.4871345640032						30.28819213869333		4.679745889488451				2603.390610176033			28.24723854728729						0.1739278216318311					0.06256009431511471	0.1751071809921378	19.11927095130791	44.63466857254274																			0.6468996600100528																					
274	1352							2767.411925081801	3.506974063318836	2411.691319483667	3.506974063318864	0.1888207748558095	3.506974063318879	-5.90640419232775						19.83876585084413		5.234227669267104				2599.336091618526			27.72319614680196						0.1879445698644243					0.05701143988623501	0.1993549654559014	13.84739582144968	35.72842142702412																			0.762589581536475																					
275	1353							2771.40563098448	0.1443119423777404	2415.17167807097	0.1443119423777546	0.1890932657836167	0.1443119423777404	-3.15027292038174						14.41565658802222		4.610885544472185				2595.287887565139			27.24958975199715						0.165323742684337					0.05412404827561163	0.1574358334366374	-21.02738295151056	42.95023666211859																			0.8564624760449254																					
276	1354							2650.311628619925	-4.369407387021113	2309.642988360095	-4.369407387021099	0.1808310106601079	-4.369407387021099	-5.526973053823721						38.76550178198124		4.327775534113539				2591.245988181669			26.82641936287284						0.1622627256775899					0.05612547662340674	0.1491536457070096	-5.260675126391178	47.01160137723689																			1.035787061173989																					
277	1355							2727.284700551991	2.904302690327313	2376.722011807994	2.904302690327313	0.1860828905676555	2.904302690327313	-1.07115538149789						28.43282886047672		4.364420447918454				2587.210383649225			26.45368497942905						0.1590182930404991					0.05484713200290811	0.1555790409800658	4.307903600075548	44.04348835464552																			1.10108889808336																					
278	1356							2686.02200114071	-1.51295900288406	2340.763182156817	-1.512959002884045	0.1832675327219852	-1.512959002884045	-1.41222974555494						24.97506793112366		4.524775286031569				2583.181064164213			26.13138660166577						0.167393438967032					0.05782527673865559	0.1633346437048544	4.984991986023559	44.23013718765247																			1.106654429672709																					
279	1357							2732.73158636397	1.738987439545284	2381.468759884025	1.738987439545269	0.1864545320967851	1.738987439545269	1.16860321900838						34.96847925911936		4.837804738593947				2579.158019938304			25.85952422958301						0.1759147844763409					0.0569999657835324	0.168894137142841	3.403744185484967	42.16371769996579																			1.155904008256219																					
280	1358							2742.675733522146	0.3638903728341489	2390.134695433295	0.3638903728341489	0.1871330221887982	0.3638903728341489	2.18072480310691						31.77552850125821		4.701316566878928				2575.141241198415			25.6380978631805						0.1703319088202129					0.05245992613819554	0.1707025311507265	1.07072633691017	38.39428550194761																			1.230045558405679																					
281	1359							2768.294073102054	0.9340637417245432	2412.460077001716	0.934063741724529	0.1888809638978571	0.9340637417245432	3.64293726733164						28.36176159400605		4.695389286777176				2571.130718186683			25.46710750245901						0.1685428616555658					0.054740290897623	0.1613953203825836	-5.452298044675658	42.37356839802712																			1.288116409344868																					
282	1360							2745.526781268567	-0.822430393313482	2392.6192721019	-0.822430393313482	0.1873275494435777	-0.8224303933134678	3.30759763750108						31.86774673989279		4.756084645180184				2567.12644116044			26.23558000852282						0.1721372547314725					0.05588751999821677	0.1627622619106313	0.8469523929239955	42.89829166819177																			1.306828502032105																					
283	1361							2645.145826253959	-3.656163753326311	2305.14119352021	-3.656163753326311	0.1804785474808271	-3.656163753326339	0.065944741501478						25.07490051973723		4.679382035937559				2563.128400392195			26.11158124333756						0.1757882592455625					0.05601547011400041	0.1617627841141808	-0.614072196292824	43.26216488542016																			1.470377105561951																					
284	1362							2571.810332713332	-2.772455598203607	2241.232177453962	-2.772455598203607	0.1754748598876384	-2.772455598203607	-2.26637745888194						39.05146292563705		4.423152237091682				2559.136586169603			25.98413806800827						0.1709007356111249					0.05927076477189223	0.1547148546318406	-4.356953622512691	47.86161989786132																			1.565341715765989																					
285	1363							2493.081702092416	-3.061214492355461	2172.623253230407	-3.061214492355461	0.1701031980463176	-3.061214492355461	-4.88850648395984						28.03519058379555		4.604349186863423				2555.150988795448			25.85325048253494						0.1835197136196461					0.05973250063841644	0.1790770580120953	15.7465186120796	41.6725063588164																			1.585907951373567																					
286	1364							2765.475960128866	10.92600606742378	2410.004201700622	10.9260060674238	0.1886886837857402	10.92600606742381	5.99907213702723						18.99272696428845		5.23710457437456				2551.171598587614			25.71891848691757						0.1881795129029325					0.06208665018490426	0.1913844451227179	6.872676627170904	40.52942732749303																			1.590174684257038																					
287	1365							2638.260730220689	-4.600120620909294	2299.141101453411	-4.600120620909294	0.18000877673359	-4.600120620909294	1.91047693293204						32.74424302636447		4.782159835260816				2547.198405879064			25.58114208115617						0.1801180995535874					0.06418735115776225	0.1742463803897721	-8.954784555221607	46.02190214015712																			1.607005896493571																					
288	1366							2713.758963872014	2.861666884796875	2364.934860988457	2.861666884796847	0.1851600282871031	2.861666884796861	5.47238849785025						30.88464955371508		4.661364213093481				2543.231401017819			25.43992126525074						0.1706839749289546					0.06379533394859407	0.1596197798969736	-8.394206215406157	49.93224394366607																			1.651942670643107																					
289	1367							2542.803758152712	-6.299572216811086	2215.954081539949	-6.299572216811072	0.1734957385884892	-6.299572216811086	-0.174073708087663						30.6054567211517		4.603181592121694				2539.270574366929			25.29525603920127						0.1798855361107937					0.0626573566637539	0.1629107883921725	2.061779872972522	48.05085280284308																			1.671662830259195																					
290	1368							2521.440408483696	-0.8401493666399347	2197.336757358859	-0.8401493666399205	0.1720381152395907	-0.8401493666399347	-0.103079656182902						23.29398866353753		4.481511360290909				2535.315916304456			25.14714640300777						0.1766146702336987					0.06288384728023881	0.1781804953824646	9.373048366529076	44.09179893449986																			1.687773518793956																					
291	1369							2350.82387643429	-6.766629561235959	2048.651118775511	-6.766629561235959	0.1603969332771954	-6.766629561235973	-6.19111854644689						27.56310088509749		4.339532204773782				2531.367417223442			24.99559235667022						0.1834314522036459					0.06248194752618042	0.1779372104332734	-0.1365384851293641	43.86990117517547																			1.73569360880303																					
292	1370							2630.223733215241	11.88518883025566	2292.137172715125	11.88518883025566	0.1794604116751292	11.88518883025564	5.90050384255926						18.60185699869973		6.678318375497266				2527.425067531897			24.23573087596647						0.2523047395147753					0.06259653276670812	0.2482435671481796	39.51189104499935	31.50294471299309																			1.733514369641226																					
293	1371							2541.160281717893	-3.386154963649219	2214.521856067583	-3.386154963649219	0.1733836040374065	-3.386154963649219	3.26940194574925						27.6680097070304		4.761312317381666				2523.488857652765			24.11394637444523						0.1861853874219165					0.06369905902576925	0.1835770811118822	-26.0496119916361	43.35043229597371																			1.715921155628116																					
