## Sheet: A1. Headline series (continued)
	A	B	C	D	E	F	G	H	I	J	K	L	M	N	O	P	Q	R	S	T	U	V	W	X	Y	Z	AA	AB	AC	AD	AE	AF	AG	AH	AI	AJ	AK	AL	AM	AN	AO	AP	AQ	AR	AS	AT	AU	AV	AW	AX	AY	AZ	BA	BB	BC	BD	BE	BF	BG	BH	BI	BJ	BK	BL	BM	BN	BO	BP	BQ	BR	BS	BT	BU	BV	BW	BX	BY	BZ	CA	CB	CC	CD	CE
43	1121																									2089.036683964617																																																									
44	1122																									2101.020794648038																																																									
45	1123																									2113.073654200245																																																									
46	1124																									2125.195657010697																																																									
47	1125																									2137.387199731339																																																									
48	1126																									2149.648681289574																																																									
49	1127																									2161.980502901321																																																									
50	1128																									2174.383068084138																																																									
51	1129																									2186.856782670435																																																									
52	1130																									2199.402054820743																																																									
53	1131																									2212.019295037077																																																									
54	1132																									2224.708916176367																																																									
55	1133																									2237.471333463963																																																									
56	1134																									2250.306964507227																																																									
57	1135																									2263.216229309198																																																									
58	1136																									2276.199550282329																																																									
59	1137																									2289.257352262316																																																									
60	1138																									2302.390062521994																																																									
61	1139																									2315.598110785325																																																									
62	1140																									2328.881929241451																																																									
63	1141																									2342.241952558841																																																									
64	1142																									2355.678617899513																																																									
65	1143																									2369.192364933337																																																									
66	1144																									2382.783635852426																																																									
67	1145																									2396.452875385601																																																									
68	1146																									2410.200530812944																																																									
69	1147																									2424.027051980435																																																									
70	1148																									2437.932891314673																																																									
71	1149																									2451.918503837676																																																									
72	1150																									2465.984347181774																																																									
73	1151																									2480.130881604581																																																									
74	1152																									2494.358570004057																																																									
75	1153																									2508.667877933652																																																									
76	1154																									2523.059273617544																																																									
77	1155																									2537.533227965957																																																									
78	1156																									2552.090214590573																																																									
79	1157																									2566.730709820024																																																									
80	1158																									2581.455192715481																																																									
81	1159																									2596.264145086333																																																									
82	1160																									2611.158051505949																																																									
83	1161																									2626.137399327533																																																									
84	1162																									2641.202678700075																																																									
85	1163																									2656.354382584384																																																									
86	1164																									2671.593006769225																																																									
87	1165																									2686.919049887537																																																									
88	1166																									2702.333013432751																																																									
89	1167																									2717.835401775201																																																									
90	1168																									2733.426722178623																																																									
91	1169																									2749.10748481676																																																									
92	1170																									2764.878202790052																																																									
93	1171																									2780.739392142425																																																									
94	1172																									2796.691571878178																																																									
95	1173																									2812.735263978966																																																									
96	1174																									2828.87099342088																																																									
97	1175																									2845.099288191625																																																									
98	1176																									2861.420679307795																																																									
99	1177																									2877.83570083225																																																									
100	1178																									2894.344889891594																																																									
101	1179																									2910.948786693745																																																									
102	1180																									2927.647934545617																																																									
103	1181																									2944.442879870895																																																									
104	1182																									2961.334172227914																																																									
105	1183																									2978.322364327646																																																									
106	1184																									2995.40801205178																																																									
107	1185																									3012.591674470915																																																									
108	1186																									3029.873913862852																																																									
109	1187																									3047.255295730992																																																									
110	1188																									3064.736388822846																																																									
111	1189																									3082.317765148637																																																									
112	1190																									3100																																																									
113	1191																									3125.666616120434																																																									
114	1192																									3151.545740364441																																																									
115	1193																									3177.639132204416																																																									
116	1194																									3203.948565680404																																																									
117	1195																									3230.475829520706																																																									
118	1196																									3257.222727263496																																																									
119	1197																									3284.19107737944																																																									
120	1198																									3311.382713395328																																																									
121	1199																									3338.799484018734																																																									
122	1200																									3366.443253263706																																																									
123	1201																									3394.315900577495																																																									
124	1202																									3422.419320968336																																																									
125	1203																									3450.755425134289																																																									
126	1204																									3479.326139593136																																																									
127	1205																									3508.133406813372																																																									
128	1206																									3537.179185346259																																																									
129	1207																									3566.465449958992																																																									
130	1208																									3595.994191768956																																																									
131	1209																									3625.7674183791														0.03415385640724257	0.08239185211478409		51.78862238210971																																								
132	1210																									3655.787154014427														0.0302048942906292	0.0845152933064964	2.577246581074604	44.64994139319315																																								
133	1211																									3686.055439659621														0.02646641921897274	0.09484482742602446	12.22208870774168	34.86265134843806																																								
134	1212																									3716.574333197809														0.0328488634552528	0.08315572150758804	-12.32445272521952	49.35226484406834																																								
135	1213																									3747.34590955047														0.03684390505917232	0.08035374463192643	-3.369553922282947	57.28466927107513																																								
136	1214																									3778.372260818505														0.04132481910244697	0.07764618187798014	-3.369553922282932	66.49205145629435																																								
137	1215																									3809.655496424481														0.03789253711873631	0.08257127326814587	6.342992367487483	57.33285636363781																																								
138	1216																									3841.197743256039														0.03474532739599551	0.08780876282928157	6.342992367487454	49.43532868698041																																								
139	1217																									3873.001145810501														0.03351162361213174	0.1016640417919602	15.77892515080318	41.18195634884171																																								
140	1218																									3905.067866340669														0.02912307636482797	0.1185598302572794	16.61923740932299	30.68870455389355																																								
141	1219																									3937.400085001833														0.03615718729882608	0.1148479827820981	-3.1307800180942	39.33237249174316																																								
142	1220																									3970														0.02912770056954472	0.1002951973451751	-12.67134614330502	36.28314632295248																																								
143	1221																									3978.409385592423														0.03031294313565156	0.1122876594339315	11.95716485554462	33.72678557444828																																								
144	1222																									3986.836584224151														0.0326693381526865	0.09481248901864386	-15.56285927000712	43.04806793484327																																								
