## Sheet: A1. Headline series (continued)
	A	B	C	D	E	F	G	H	I	J	K	L	M	N	O	P	Q	R	S	T	U	V	W	X	Y	Z	AA	AB	AC	AD	AE	AF	AG	AH	AI	AJ	AK	AL	AM	AN	AO	AP	AQ	AR	AS	AT	AU	AV	AW	AX	AY	AZ	BA	BB	BC	BD	BE	BF	BG	BH	BI	BJ	BK	BL	BM	BN	BO	BP	BQ	BR	BS	BT	BU	BV	BW	BX	BY	BZ	CA	CB	CC	CD	CE
201	1279							3137.459101567856	-16.99848828705269	2734.172969303285	-16.99848828705271	0.214069128367633	-16.99848828705269	-7.75010065372683								3.943651407435712				4426.917670733694			44.82014096995954						0.1249025852602669					0.03020965730440246	0.1252279585484968	-7.646744531006462	30.13862077325938																			0.455																					
202	1280							3187.376041175164	1.590998894052944	2777.673631006395	1.590998894052959	0.2174749658324709	1.590998894052959	-5.21752820369065						21.43435455105817		4.253532870407111				4455.484393150738			44.57312755677327						0.1326073117782012					0.03313236029691238	0.1417526289806472	13.19567181617104	29.20116170727439																			0.5798050433333333																					
203	1281							3389.514116851698	6.341833315720322	2953.829062739537	6.341833315720322	0.2312668656689859	6.341833315720336	1.76193606374213						23.04193114238753		4.260401653552098				4484.235455483353			44.56820697085322						0.1249004718853266					0.02934210262350927	0.1323713034013524	-6.618096360368426	27.69339897452673																			0.6155133162648708																					
204	1282							3290.18651897323	-2.930437651362453	2867.268943728131	-2.930437651362453	0.2244897343622961	-2.930437651362453	-0.540155515412288						22.14883303609344		4.553399083913033				4513.172047269628			44.57804814269333						0.137520099812778					0.03114977202757923	0.15293747373099	15.53672873287394	25.44601837858075																			0.5807326355741548																					
205	1283							3130.209503377529	-4.862247616455036	2727.855227854354	-4.862247616455051	0.2135744876040791	-4.862247616455036	-5.0484123664136						22.50607227861107		4.334763299384509				4542.295365723696			44.60265107229358						0.1376077721433502					0.03073473527204673	0.1472830902743765	-3.697186385175485	26.07086644748555																			0.6111929946647381																					
206	1284							3239.452091523017	3.489944939072416	2823.055873324079	3.489944939072402	0.2210281196253675	3.489944939072416	-1.3676125831854						27.23949224196975		4.360069990914568				4571.606615785267			44.64201575965397						0.1337435605937623					0.03241641864768625	0.1483188481962983	0.7032429316849544	27.30533847088287																			0.6276375794838253																					
207	1285							3282.516638780075	1.329377500897436	2860.584942941812	1.329377500897422	0.2239664177183238	1.329377500897408	-0.0153047889771329						24.29226849119924		3.802270034104918				4601.107010169476			44.69614220477452						0.115103095219121					0.0305983705569545	0.1245188146091771	-16.0465334490881	30.70027022495416																			0.6590903812619624																					
208	1286							3238.336172645388	-1.345932739920755	2822.083393641515	-1.345932739920741	0.2209519803758252	-1.345932739920741	-1.53024353999189						21.34504474042875		4.024500732051128				4630.79776941706			44.76503040765522						0.123492636126766					0.02835977887062177	0.1346004553506795	8.096479855791515	26.32298808181556																			0.7190814995796702																					
209	1287							3547.235246486014	9.538820473610286	3091.276862176548	9.538820473610286	0.2420281931167618	9.5388204736103	7.26492336879065						21.07711530854052		4.301992372454832				4660.680121944861			44.84868036829609						0.1205120922893057					0.03068530908782926	0.1211333507768219	-10.00524443901119	31.64795463993892																			0.7907289731460587																					
210	1288							3441.497085480696	-2.98086125271972	2999.130187977638	-2.980861252719706	0.2348136684874867	-2.980861252719691	3.80270117148164						23.75640962742279		3.687931533373942				4690.755304096639			44.94709208669708						0.1064845071839679					0.02947178425339	0.0991597044604936	-18.14004663076884	37.13214875600262																			0.8244243220812811																					
211	1289							3177.762744268496	-7.663360876429806	2769.296018518964	-7.663360876429806	0.216819049684107	-7.663360876429806	-4.74732305204415						26.34639413567565		3.620136956424825				4721.024560194235			45.06026556285823						0.1132021078313094					0.03021582281751392	0.107205532176375	8.11400937473239	35.21243871789774																			0.8177772459873315																					
212	1290							3225.140193869309	1.490905816875838	2810.583613945574	1.490905816875852	0.2200516175079423	1.490905816875838	-4.06014151881373						27.95397072700501		3.787867534505603				4751.489142589051			45.55761378472729						0.1167070702102536					0.03033687805466411	0.1247527801238407	16.36785676190381	30.38082262867944																			0.8074993028411764																					
213	1291							3231.350950390442	0.1925732262101008	2815.996045486282	0.1925732262101008	0.2204753780071048	0.1925732262101008	-4.88848404814266						24.65346304477658		4.258669315404592				4748.977115264539			45.67792211047251						0.1309606348612618					0.03043880335374054	0.146114290547052	17.12307365175022	26.02637944986375																			0.8303432435754157																					
214	1292							3403.053172518472	5.313635837273679	2965.627820535451	5.313635837273694	0.232190636705255	5.313635837273694	-0.948136863360815						21.74264422166702		4.399033470609695				4746.466416003944			45.79060352804166						0.1284515984624079					0.03023550539785193	0.1366196308364826	-6.498104788396375	27.64922743772771																			0.8547201699338123																					
215	1293							3483.230915526894	2.356053195286549	3035.499589561482	2.356053195286535	0.2376611716205053	2.356053195286535	0.00473294881213615						19.17550394000943		4.432368486102821				4743.957044105142			45.89565803743472						0.1264458481144856					0.02955418970627418	0.1372251049095658	0.4431823372498087	26.90694315722071																			0.8777633912602825																					
216	1294							3456.899900122241	-0.7559365440654346	3012.553138869031	-0.7559365440654489	0.2358646039731718	-0.7559365440654631	-2.19286640412237						16.91146429130713		4.920311420506788				4741.448998866379			45.99308563865171						0.1414349590166027					0.03071765242804793	0.1599043928245333	16.52706910292666	23.99973815221055																			0.9039554868137238																					
217	1295							3701.981343611217	7.089630899648284	3226.132037070613	7.089630899648284	0.2525865338177868	7.08963089964827	3.24037107015571						14.91473837511129		5.481441204294673				4738.942279586275			46.08288633169263						0.1471334830263568					0.0302458837851637	0.1669155226909365	4.384576147383697	22.63854069829214																			0.9303905855060977																					
218	1296							3849.827184514322	3.993694921187355	3354.973908385901	3.99369492118737	0.2626740693904709	3.99369492118737	5.85269388788087						13.30716178378193		5.632339778886339				4736.436885563819			46.16506011655746						0.1453779676255347					0.0294252016408993	0.1584085893858387	-5.096550139826988	23.20703178076841																			0.9547804312404603																					
219	1297							3683.481161677639	-4.320869869322934	3210.009851654808	-4.320869869322962	0.2513242646716536	-4.320869869322948	0.322570154219348						19.02298966406411		4.481698912776094				4733.932816098372			46.23960699324622						0.1209024788282112					0.02879914178721201	0.1364812191667971	-13.8422861437347	26.36243541060922																			0.9812864019381333																					
220	1298							3874.317046823825	5.180856824560777	3376.315866123339	5.180856824560763	0.2643450149896722	5.180856824560763	4.46241569428078						23.39917038490514		5.385763086614297				4731.430070489663			46.3065269617589						0.138134789299933					0.02854890541197005	0.1474778721767249	8.057264638359158	24.18474289353023																			1.002962343496057																					
221	1299							3731.019244167024	-3.698659684402372	3251.437432364954	-3.698659684402372	0.2545677924925218	-3.698659684402372	-0.0170056921038996						18.9336798534347		5.466070424014069				4728.928648037794			46.36582002209551						0.145578994466032					0.02999786094387835	0.1473504289327718	-0.08641516321883103	25.43418109684242																			1.036222094722024																					
222	1300							3705.247226875285	-0.6907500499234942	3228.978126677662	-0.6907500499234942	0.2528093653387905	-0.6907500499235084	-1.25264369034179						28.22190015889323		5.439797792315299				4726.428548043235			45.51628086299861						0.1458869844000219					0.03207006254161745	0.1510310127868245	2.497844004059189	26.52849107064532																			1.14908719816389																					
223	1301							3731.189579313185	0.7001517267115673	3251.585872786735	0.7001517267115815	0.2545794144754986	0.7001517267115815	-0.966434412297134						30.9011944777755		5.244671898490838				4723.929769806825			45.61493861069562						0.1396760645852139					0.03159568063234061	0.1423902888655094	-5.721158695738325	27.72210603336108																			1.188774331592822																					
224	1302							3827.503547241744	2.58132067216718	3335.519731094247	2.581320672167195	0.2611509255284369	2.581320672167195	1.2756470029865						15.00404818574071		5.335720662464241				4721.432312629777			45.76058795392911						0.1385250976363855					0.03077109179765239	0.1359211874450091	-4.543218130985423	28.2835957840706																			1.153007704702004																					
225	1303							3986.082932402493	4.143154492306806	3473.715466674858	4.143154492306806	0.2719708118311691	4.143154492306806	5.1198588303823						28.04328053763442		5.321964597358646				4718.936175813667			45.95322889269907						0.1326711924774031					0.03077944805382933	0.1285335408478401	-5.435242831554746	29.91735756346056																			1.113646707214039																					
226	1304							3605.678276824594	-9.543320147346279	3142.207678682192	-9.543320147346279	0.2460157665507839	-9.543320147346293	-5.06097682169883						29.02568845455791		4.872085966279441				4716.441358660447			46.1928614270055						0.1342699882464087					0.03309383821904716	0.1231914748084245	-4.156165001117984	33.56180896487727																			1.096378455750862																					
227	1305							3705.503810156606	2.768564626900783	3229.201728977948	2.768564626900798	0.2528268720401077	2.768564626900798	-2.50004664900094						41.43975213204576		5.365406721273831				4713.947860472433			46.47948555684841						0.1438819670148596					0.0307880458287837	0.1375284183968375	11.63793485767458	27.96845986685143																			1.154614616068849																					
228	1306							3598.401468964886	-2.89035841491129	3135.866225069973	-2.89035841491129	0.2455192692689395	-2.89035841491129	-5.64852788066982						36.9742616005753		5.16499546009991				4711.455680552313			46.8131012822278						0.1426301406176801					0.02981669613511607	0.1393555270731445	1.32853173010021	26.73093791385539																			1.203410591496659																					
229	1307							3771.924181976978	4.822216601140056	3287.084486764841	4.822216601140056	0.257358740230624	4.822216601140056	-1.20193420681393						37.15288122183412		5.35467837910549				4708.964818203141			47.19370860314367						0.1410656965860896					0.02984679927322272	0.1331251171478061	-4.4708739267071	28.01022761273812																			1.30382525791013																					
230	1308							3816.136022364461	1.172129614872333	3325.613377500086	1.172129614872318	0.2603753182413295	1.172129614872333	-0.294037880344166						32.86601031162249		5.603544148165897				4706.475272728341			47.62130751959602						0.1459116381311784					0.02973192967543246	0.1480429273852697	11.20585698407363	25.09078844907621																			1.368498245484832																					
231	1309							3910.13880982328	2.463297610669954	3407.533132368166	2.46329761066994	0.2667891372343424	2.463297610669954	1.94864865382693						36.08116349428122		6.3609977525888				4703.987043431707			48.09589803158484						0.161653104177358					0.03037181450785014	0.1713577514175206	15.74869157482676	22.14347928268474																			1.461957923820006																					
