## Sheet: A1. Headline series (continued)
	A	B	C	D	E	F	G	H	I	J	K	L	M	N	O	P	Q	R	S	T	U	V	W	X	Y	Z	AA	AB	AC	AD	AE	AF	AG	AH	AI	AJ	AK	AL	AM	AN	AO	AP	AQ	AR	AS	AT	AU	AV	AW	AX	AY	AZ	BA	BB	BC	BD	BE	BF	BG	BH	BI	BJ	BK	BL	BM	BN	BO	BP	BQ	BR	BS	BT	BU	BV	BW	BX	BY	BZ	CA	CB	CC	CD	CE
232	1310							3857.976146313234	-1.334036105802682	3362.075410065185	-1.334036105802682	0.2632300738172769	-1.334036105802667	0.553387309982444						31.16912390966373		6.512593224183383				4701.500129617396			50.93138566801392						0.1677433826461209					0.03267651400495445	0.1806316735332343	5.412023698372067	22.60063748936434																			1.412957923820006																					
233	1311							3993.569497630985	3.51462389023132	3480.239715634929	3.51462389023132	0.2724816208779324	3.51462389023132	4.14105187301567						33.66979860728718		6.634172633701639				4699.01453058994			51.35972267235428						0.1650731746172419					0.03030519352942029	0.1822239184841238	0.8814871277802752	20.77736917589875																			1.41979125715334																					
234	1312							3887.658935920609	-2.65202751005593	3387.942800960398	-2.652027510055916	0.2652553333324034	-2.65202751005593	1.81832544184277						34.47358690295187		5.713365179822411				4696.530245654229			51.69481457350969						0.1460342780508509					0.03160047216852719	0.1489120338493485	-18.28074212863426	26.51200985803678																			1.445785241905571																					
235	1313							3956.537817243901	1.771731585990622	3447.96805368031	1.771731585990651	0.2699549458565784	1.771731585990665	4.16400890572827						33.04462993288131		5.86973750489194				4694.047274115533			51.93666137148016						0.1474192985777658					0.03206447206370378	0.1452376041534859	-2.467516963457683	27.58188183791242																			1.46707467500201																					
236	1314							3957.419006137383	0.0222717166923303	3448.735975356868	0.0222717166923303	0.2700150694573165	0.02227171669234451	4.996637212547919						17.23679345147593		6.207498462112939				4691.565615279476			52.08526306626566						0.1558674990522311					0.03226580532152803	0.1576830502671498	8.56902465873209	25.56444523450125																			1.541096314780718																					
237	1315							3555.671847719433	-10.15174682779102	3098.62903037969	-10.151746827791	0.2426038232091257	-10.151746827791	-4.74952239599215						29.02568845455791		5.868031990324033				4689.085268452063			52.14061965786623						0.1639916672532868					0.03190781519672389	0.1685870641930982	6.915146496389156	23.64567391905945																			1.581094599646808																					
238	1316							3356.171669766613	-5.61075899286871	2924.772423402021	-5.61075899286871	0.2289919073813763	-5.610758992868725	-9.513970968080079						18.66575042154647		7.79079461098377				4628.29196931995			52.10273114628184						0.2306686477792909					0.03312569398271226	0.2386931507249854	41.58449930155277	17.33819585027561																			1.591685585094793																					
239	1317							3510.662647549701	4.603190569028015	3059.405271761595	4.603190569028001	0.2395328412657932	4.603190569028015	-4.01851968189961						24.9174371656051		7.833162259896699				4568.286846347531			51.97159753151252						0.2217170062843864					0.03610071559449944	0.2426620275527729	1.662752708124529	18.58629665722341																			1.621524520030702																					
240	1318							3873.321178050894	10.33020164310901	3375.448005414475	10.33020164310902	0.2642770667700179	10.33020164310902	6.83061183951614						24.47088811245805		6.523922202042367				4509.059680947105			51.74721881355823						0.1673694714465293					0.03455651888829944	0.1804851814993076	-25.62281650759859	23.92033800324792																			1.663647457273876																					
241	1319							3889.591914871261	0.4200719762814487	3389.627316559172	0.4200719762814487	0.2653872206672573	0.4200719762814344	8.361042366272061						19.29091909595234		5.468977638072946				4450.600387013459			51.42959499241901						0.1397182349173268					0.03405740354011282	0.1355251228822048	-24.91066482223931	31.39573115763457																			1.697417210885054																					
242	1320							3761.672657931875	-3.28875778588251	3278.150684273432	-3.288757785882524	0.2566592777848257	-3.28875778588251	6.22898660460531						28.13259034826381		5.847418423246091				4392.899009206242			50.04850953930872						0.1544664455177936					0.03649603982110198	0.1524571745600883	12.49366266400693	29.90726858512061																			1.693975981991101																					
243	1321							3180.90037649919	-15.43920309514617	2772.030342363532	-15.43920309514617	0.2170331306250911	-15.43920309514617	-9.3058191462767						26.70363337819327		5.076066284393542				4335.945721254624			49.6031965135442						0.1585726188456552					0.03512809120389116	0.1632030917084899	7.04848242098717	26.89088193684781																			1.680911457167854																					
244	1322							3347.058920382059	5.223632437861454	2916.831018514596	5.22363243786144	0.2283701436373296	5.223632437861454	-3.09136460130492						16.43300515581124		6.656437883970566				4279.730824283928			49.12343938633933						0.1976193687455193					0.03667487434869569	0.2200845614643309	34.85318149330257	20.81890732670392																			1.661317659601637																					
245	1323							3471.878215473581	3.729223119779277	3025.606155221935	3.729223119779277	0.236886575832526	3.729223119779277	1.5306594901771						26.8822529994521		6.080370824060414				4224.244745163958			48.60923815769409						0.1740269726101993					0.03310914522548693	0.1894814937178854	-13.90514061632865	21.83031714713927																			1.63519458929245																					
246	1324							3162.990576447294	-8.896845449521422	2756.422651680632	-8.896845449521436	0.2158111432900428	-8.896845449521436	-7.00778379326403						20.54125644476406		5.076482660340049				4169.478034878737			48.06059282760852						0.1594835854435489					0.03501047921683712	0.1618569225325465	-14.57903389049092	27.02375237512953																			1.608701267811512																					
247	1325							3422.890477901807	8.216904071413168	2982.915256771933	8.216904071413182	0.2335441379096056	8.216904071413168	1.46019256335496						23.84571943805219		6.23956728558273				4115.421366917394			47.47750339608258						0.1811392022525572					0.03492740144769498	0.1743848841113088	7.740145668618595	25.0228236307484																			1.580568443110527																					
248	1326							3488.044194070675	1.903470665786728	3039.694173669864	1.903470665786728	0.2379895820663795	1.903470665786713	3.75045884048401						16.79024439832888		5.68144801492257				4143.572347385061			46.85996986311631						0.1618557155212632					0.03404942562172776	0.1479296184955564	-15.17061857200086	28.75633464874427																			1.552460193377482																					
249	1327							3449.154666645701	-1.114937921115853	3005.80347064167	-1.114937921115839	0.2353361459676163	-1.114937921115839	2.88820334790504						23.04193114238751		4.495163275680891				4171.915890808168			46.20799222870968						0.1295041790827266					0.03407884022524383	0.1282275479223862	-13.3185434894919	33.20338376589575																			1.524448607478995																					
250	1328							3223.249556157978	-6.549579022138076	2808.935997081825	-6.54957902213809	0.2199226191198131	-6.54957902213809	-3.78933139609642						17.41541307273474		4.459358124963515				4200.453314387437			45.5215704928627						0.137476795817619					0.03588378137630149	0.1402142485367875	9.347991760441843	31.97311349664835																			1.496350533709634																					
251	1329							3411.395281855427	5.837144236567084	2972.897642744344	5.83714423656707	0.2327598196066726	5.83714423656707	1.784106222755						28.13259034826381		5.000523007875158				4229.185944333722			44.80070465557537						0.1456580082378773					0.03410358572117891	0.1551477080710469	10.65045791715052	27.46208807849493																			1.468975991917043																					
252	1330							3342.788006794636	-2.01112065276341	2913.109084265596	-2.01112065276341	0.2280787388032279	-2.01112065276341	-0.552185224167245						26.16777451441682		5.135063267462114				4258.115115929642			43.38369892524896						0.1526468845775289					0.03506800066800037	0.1560122624195237	0.5572459685197657	28.08220124805091																			1.441224392036936																					
253	1331							3205.486386718511	-4.107398369176934	2793.456089246126	-4.10739836917692	0.2187106364051849	-4.10739836917692	-5.27834289817401						30.36533561399903		5.345527512875584				4287.242173591639			42.63404766032933						0.1657095790032038					0.03427917699852398	0.1678533396103982	7.589837495615157	25.51404258893422																			1.414122827586789																					
254	1332							3394.495791546906	5.896434488429875	2958.170397511579	5.896434488429875	0.2316067658000446	5.896434488429861	-0.321051159195584						33.13393974351071		5.708452919068929				4316.568470932448			41.89005506921777						0.1671068029952556					0.03572316006525082	0.1710963710706274	1.932062518241537	26.0848261903352																			1.355201706874278																					
255	1333							3517.461217082013	3.622494564327326	3065.329959364976	3.622494564327312	0.2399967083017655	3.622494564327297	2.25791329392737						25.36398621875213		4.932413332327545				4346.095370824011			41.15172115191427						0.1393417071285153					0.035204949125099	0.1412713047393405	-17.43173519383139	31.13354978489334																			1.296528447361444																					
256	1334							3422.229864846801	-2.707388834103838	2982.339558316688	-2.707388834103838	0.2334990642189868	-2.707388834103838	-1.63343984552564						30.90119447777549		4.53872550041166				4375.82424546081			40.41904590841882						0.1317879560331287					0.03409836762864007	0.1331873781418974	-5.722270784119047	31.98522389386754																			1.237578115720902																					
257	1335							3298.993711379936	-3.601048390488003	2874.944067653038	-3.601048390488018	0.2250906499251243	-3.601048390488018	-6.596428559427831						30.45464542462844		4.379095176093581				4405.756476423634			39.69202933873144						0.1319027585561829					0.03536890642060173	0.1321060303203243	-0.8118996234170481	33.4485938748459																			1.178950044720902																					
258	1336							3476.253946646979	5.373160750673193	3029.419433899979	5.373160750673208	0.2371851323803363	5.373160750673193	-2.77084535507365						16.34369534518183		4.819045262520507				4435.893454743791			38.97067144285211						0.1377528180481118					0.03582976972295022	0.138169772888156	4.590057360083122	32.39737696842349																			1.122901175720902																					
259	1337							3876.230824256455	11.50597406714988	3377.983648349709	11.50597406714986	0.2644755922031529	11.50597406714986	6.69269669163266						3.840321857064583		4.960970695398406				4466.236580967749			38.25497222078083						0.127176834950038					0.03611688375315825	0.1293876492989987	-6.356038231506759	34.87356328437815																			1.064884864720902																					
260	1338							3975.567587747393	2.56271537983018	3464.551754834115	2.562715379830152	0.27125334888044	2.562715379830166	7.90411326662825						17.41541307273474		5.016871067971823				4496.787265222222			37.54493167251761						0.1253963167977377					0.034482846665253	0.1168759214594167	-9.669955291226486	36.86013649537162																			1.007038074720902																					
261	1339							3264.751616870713	-17.87960977112799	2845.103420751008	-17.879609771128	0.222754308609501	-17.87960977112799	-12.9401526391805						37.33150084309293		3.785764144791529				4527.546927279706			36.84054979806244						0.1152270357528475					0.03487731150978898	0.1070171573827312	-8.435239657219483	40.71631497918838																			0.9495777547209017																					
262	1340							3680.038915184753	12.72033364400613	3207.010068387568	12.72033364400615	0.2510893998710286	12.72033364400613	-1.95714159236959						17.77265231525237		5.283767458019167				4558.516996624457			36.11341021372729						0.1426731553586471					0.0326409536569072	0.1394113577724989	30.27009984381712	29.25119128994602																			0.8921772597209017																					
