## Sheet: A1. Headline series (continued)
	A	B	C	D	E	F	G	H	I	J	K	L	M	N	O	P	Q	R	S	T	U	V	W	X	Y	Z	AA	AB	AC	AD	AE	AF	AG	AH	AI	AJ	AK	AL	AM	AN	AO	AP	AQ	AR	AS	AT	AU	AV	AW	AX	AY	AZ	BA	BB	BC	BD	BE	BF	BG	BH	BI	BJ	BK	BL	BM	BN	BO	BP	BQ	BR	BS	BT	BU	BV	BW	BX	BY	BZ	CA	CB	CC	CD	CE
510	1588							4396.950989468122	12.18308430733263	3831.770918303728	12.18308430733262	0.3000043778483921	12.18308430733262	9.629816158245779						34.21673301376983	39.48616008765999	17.65774719313625				3846.636			47.34824726237511						0.3990567410922385					0.1466954965800187	0.4193161373110951	-16.61222722204757	43.70731028485017																			2.789197093767926																					
511	1589							3874.056811433572	-11.89219937377111	3376.089081152869	-11.89219937377111	0.2643272591046197	-11.89219937377111	-3.6983024728503						35.34514888487858	39.63532095223841	16.05835583704397				3885.426			47.39737432220437						0.4118945766159942					0.1352167664188799	0.436881728349977	4.189104466983508	38.66745068951302																			2.786460288713217																					
512	1590							4144.57039189398	6.982695237251988	3611.831092627915	6.982695237251988	0.2827844260368767	6.982695237251988	2.32098489044096						35.87083288658125	39.78540263912915	18.71209466079259				3934.26			47.44655235473372						0.4486357391305391					0.1451975270813589	0.4926378821101761	12.76229930026601	36.82224737595188																			2.794684365740185																					
513	1591							4176.513377103357	0.7707188487340346	3639.668155643235	0.7707188487340346	0.2849638989096273	0.7707188487340346	2.37088029650316						36.3648335689041	43.31527623538197	19.31552470006243				3937.845			47.49578141285083						0.4595614753311331					0.1347812640888447	0.4866507673819744	-1.215317568059618	34.60118629263008																			2.844847552140857																					
514	1592							4515.365253609687	8.113271667319367	3934.964320899483	8.113271667319381	0.3080837941819507	8.113271667319381	9.508241624077659						36.82683323692686	42.37188095716052	19.25951963478527				3945.029			47.54506154949826						0.4238415662302951					0.1416522966986356	0.4364955304377508	-10.30620730632826	40.5436361181098																			2.961783570091304																					
515	1593							4780.032914970884	5.86148952511904	4165.611842386178	5.861489525119069	0.3261420935065151	5.861489525119069	14.6165357636005						37.25651418116711	43.20800673387276	20.85030599206804				3943.129			47.5943928176735						0.4334435327675384					0.1493076325983081	0.457865303283823	4.895759831639296	40.74019948484968																			3.103559119718678																					
516	1594							3914.010921202625	-18.11749017576658	3410.907526081293	-18.11749017576656	0.2670533317564328	-18.11749017576658	-5.95987004158657						37.65355870307526	42.2492051231456	18.24366417649438				3979.088			47.64377527042902						0.4631706354860548					0.1500002185368207	0.5279846065331348	15.3143954666174	35.4935555701746																			3.245334973474508																					
517	1595							3959.1891825688	1.154270191772824	3450.278614923785	1.15427019177281	0.2701358487610335	1.15427019177281	-5.61597393547554						37.80958746358764	49.17198803415047	20.6850053282522				4028.223			47.69320896087235						0.5191589728624436					0.1554517310455114	0.5899190423470856	11.73034877297391	32.92168258302745																			3.387110523101881																					
518	1596							3783.166012570186	-4.445939859948979	3296.881302703594	-4.445939859948965	0.2581257713849552	-4.445939859948965	-11.350181007035						37.96590885085433	40.92006622143104	21.06985411234653				4056.574000000001			47.74269394216609						0.5534228809277052					0.1540386071629149	0.6251522697073593	5.972552982879265	30.78382962728402																			3.528886072729255																					
519	1597							3609.510340684422	-4.590220765061957	3145.547172547449	-4.590220765061943	0.2462772286268667	-4.590220765061943	-17.720643328102						38.122523314444	35.72487201167741	21.89654813920381				4054.782999999999			47.79223026752803						0.60280708430762					0.1473767582915733	0.7180753763234794	14.86407570104777	25.64117017794063																			3.556417240163924																					
520	1598							4274.402303826353	18.42055847984788	3724.974528977752	18.42055847984786	0.2916428695486273	18.42055847984788	-2.96218086564874						38.27943130455469	38.9297541390416	23.0916930448635				4028.631			47.84181799023117						0.5368233058837291					0.154111703134337	0.6506370353521379	-9.391540664800871	29.59209520905634																			3.52516710840149																					
521	1599							4916.05489970667	15.01151623715725	4284.149685225219	15.01151623715725	0.3354228862654309	15.01151623715727	8.58803540566093						38.43663327201474	37.26118094646593	23.51809254517339				4065.427000000001			47.8914571636038						0.4753750153568143					0.1297710308189042	0.5307750386106506	-18.42225238171628	30.54542272801721																			3.493916976639055																					
522	1600							4704.825369795534	-4.296728458499103	4100.071406495447	-4.296728458499118	0.321010675654945	-4.296728458499103	1.68708503221086						38.74355759950636	33.43211343201352	23.39317320346377				4114.891			47.94114784102948						0.4940792439436655					0.1545183550725076	0.5500767238882522	3.636509608312693	35.09422723167441																			3.501261284331363																					
523	1601							4703.827513455218	-0.02120921100967621	4099.201813699297	-0.02120921100967621	0.3209425918233818	-0.02120921100967621	-0.7883931625552559						39.05258610415161	37.11072045574637	23.34963887255483				4161.785			47.94114784102948						0.4932643876523468					0.1519201903597327	0.5540732297961826	0.7265360874899045	34.25525496308761																			3.416540168052293																					
524	1602							4960.323949737	5.452930311498008	4322.728431927982	5.452930311498008	0.3384433676954263	5.452930311498022	2.23636579971344						44.48450588146171	41.21733958696125	24.93257656126756				4187.655			47.94114784102948						0.4994684986123491					0.1457480385481431	0.5353576210492229	-3.377822233686373	34.01242564847059																			3.331819051773223																					
525	1603							5265.055186900338	6.143373704039931	4588.289793712102	6.143373704039931	0.3592352085494942	6.143373704039917	6.20630162272168						35.96964171169373	38.88160554831049	24.83824971757539				4209.409			47.94114784102948						0.4687799657772087					0.1529286719406946	0.5079175025865938	-5.125567916423876	37.6161734577811																			3.398350435494153																					
526	1604							5612.65616992614	6.602038738181633	4891.210463313009	6.602038738181619	0.3829520561791194	6.602038738181633	10.991804121208						43.58416455769911	42.92005909100044	27.53361233037444				4219.477			47.94114784102948						0.4874675792349577					0.1586193286707716	0.517428501228224	1.872547922289542	38.29875324729129																			3.464881819215083																					
527	1605							5059.629437439004	-9.85320881493466	4409.269282784845	-9.853208814934675	0.3452189904227048	-9.85320881493466	-0.561280716452117						46.54482470790236	47.37983804934297	25.35004028060408				4270.233			47.94114784102948						0.4978642300255108					0.1588649098883742	0.552560840737803	6.789795967208036	35.91920807132378																			3.566480702936013																					
528	1606							5338.172584482592	5.505208444367355	4652.008747675612	5.505208444367341	0.3642240154350152	5.505208444367327	3.9670914381465						49.72175175322965	50.5780360466403	28.29978815319019				4310.42			47.94114784102948						0.5267948924446676					0.1644576428289012	0.5574276188279903	0.8807678234471013	36.85907688777232																			3.977373086656943																					
529	1607							4896.353506162984	-8.276597868040497	4266.980690844435	-8.276597868040483	0.3340786583386293	-8.276597868040469	-5.216173107913931						50.78340475149739	49.35423224466995	25.70461232170597				4361.009			47.94114784102948						0.5216620869138096					0.170761995839697	0.5693779996633616	2.143844408086082	37.46876820903081																			4.073356970377873																					
530	1608							4673.896039931563	-4.543329356252897	4073.117704491657	-4.543329356252912	0.3189003645813545	-4.543329356252912	-10.2357420092722						51.94659244439556	46.74875079233773	27.64074672847984				4398.228			47.94114784102948						0.5876540111930094					0.1645010734843819	0.6607744795711723	16.05198654704746	31.10243213160656																			4.081322854098802																					
531	1609							5436.072872685392	16.30709853711228	4737.325022095677	16.30709853711228	0.3709037612688463	16.30709853711227	4.62134603497802						53.22283297252493	44.69765381138523	31.84271640519616				4435.392			47.94114784102948						0.5820708100477047					0.149860046859811	0.6718058673285544	1.669463349211256	27.86897189461081																			3.986301737819733																					
532	1610							5773.866842806678	6.213933809066418	5031.699263289043	6.213933809066418	0.3939514754894301	6.213933809066404	10.5699740914744						54.67551676136094	44.07061152449365	31.49702332367802				4449.135			47.94114784102948						0.5420679494254929					0.1697378564791247	0.5938713469454192	-11.60075018294242	35.70797462457197																			3.850579621540662																					
533	1611							5318.465305237291	-7.887288535875129	4634.834624135934	-7.887288535875115	0.3628793859262414	-7.887288535875115	2.44294241610363						56.28013152046847	51.11987676904467	28.75434274777238				4476.31			47.94114784102948						0.5372396980140097					0.1733318254561595	0.6116389556109009	2.9918279029405	35.40479212393389																			3.748941505261592																					
534	1612							5095.537006578717	-4.191590728984323	4440.561325726898	-4.191590728984295	0.3476689672283619	-4.191590728984295	-1.68699129605334						58.054640209509	50.26471324613376	29.04523722587429				4498.31			47.94114784102948						0.5664165696960827					0.1665180334670081	0.6430754140857625	5.139708350241222	32.35029485124447																			3.862344388982523																					
535	1613							4926.772508684633	-3.312006127640657	4293.489662517181	-3.312006127640672	0.3361541497298536	-3.312006127640672	-4.970281455860269						58.51201570681468	49.53098590145353	29.00728374126124				4518.285			47.94114784102948						0.5850534374361982					0.1561944282720473	0.6791508868044016	5.609835476283337	28.73281269058938																			4.008814272703453																					
536	1614							4751.514497261451	-3.557258044982746	4140.759156086786	-3.55725804498276	0.324196279195045	-3.557258044982774	-8.681675458998871						58.98946377899843	50.57136574064806	28.33698034926302				4518.328			47.94114784102948						0.5926147980771885					0.172769401588057	0.6693553177006805	-1.442325894590525	32.24697545559624																			3.984245156424383																					
537	1615							5175.817428747836	8.929846088672008	4510.522575627931	8.929846088672022	0.3531465079523639	8.929846088672022	-0.460960168532431						52.24486478812567	53.4901985941576	29.60281307197008				4553.11			47.94114784102948						0.5683358029377086					0.156033100233255	0.649695979992661	-2.937055579920056	30.0044336803733																			4.054020040145313																					
538	1616							4901.404630763089	-5.301825301267144	4271.382548493922	-5.301825301267158	0.334423297043204	-5.301825301267172	-6.45974981508645						46.7402132672964	55.44173601727923	28.48843205065578				4568.412			47.94114784102948						0.5775624793070383					0.1655606105297173	0.6601069774120307	1.602441409516999	31.33441362536214																			4.123747923866243																					
539	1617							5410.859575695692	10.39406013808919	4715.352619312226	10.39406013808919	0.3691834556536553	10.39406013808919	2.6915514404682						49.54236897253867	57.49925438563339	31.84834606489243				4573.625			47.94114784102948						0.5848865064678865					0.1700329810311282	0.6731127725461161	1.970255667509377	31.55907121957372																			4.082310807587173																					
