## Sheet: A1. Headline series (continued)
	A	B	C	D	E	F	G	H	I	J	K	L	M	N	O	P	Q	R	S	T	U	V	W	X	Y	Z	AA	AB	AC	AD	AE	AF	AG	AH	AI	AJ	AK	AL	AM	AN	AO	AP	AQ	AR	AS	AT	AU	AV	AW	AX	AY	AZ	BA	BB	BC	BD	BE	BF	BG	BH	BI	BJ	BK	BL	BM	BN	BO	BP	BQ	BR	BS	BT	BU	BV	BW	BX	BY	BZ	CA	CB	CC	CD	CE
356	1434							2460.738392508046	5.885549560168371	2144.437323170253	5.885549560168371	0.1678964110039651	5.885549560168371	11.4844277936237						14.97827244758174		4.149667017599669				1995.705290998808			29.76306239631627						0.1675709706864297					0.07556666334035296	0.1480239769339829	-9.400757942315764	63.77890433536269																			1.93883511524752																					
357	1435							2184.476376619335	-11.22679341817955	1903.685774915589	-11.22679341817955	0.1490470277840123	-11.22679341817955	0.695711408362109						23.1281650417726		3.489703002546442				1989.850268372507			29.78821598090336						0.1587420908405432					0.07587109799606839	0.1410346175218726	-4.721775185939961	67.20932289621804																			1.907507548049829																					
358	1436							2033.445780157956	-6.91381230201776	1772.068513617713	-6.913812302017746	0.1387421960412894	-6.91381230201776	-5.402741552258259						11.15502271923663		3.217979551471325				1984.012423277434			29.81339082347827						0.1572539868298645					0.0735974135485154	0.1506716259683378	6.833080144291984	61.02530422510906																			1.865588291654611																					
359	1437							1949.717469260832	-4.117558073794314	1699.10256346208	-4.117558073794314	0.1330294055464318	-4.117558073794314	-8.73175856875101						14.01801831134105		3.065451762361983				1978.191705317952			29.8385869420067						0.1562333644150675					0.07349128552942516	0.1473520076023898	-2.203214005698442	62.31013081038614																			1.813321728707832																					
360	1438							2045.087975949901	4.891503932886494	1782.214232177603	4.891503932886494	0.139536544150631	4.891503932886494	-3.36774140031335						19.13063130279702		3.974800144000235				1972.388064246279			29.86380435446955						0.1931320201511245					0.08096702254865205	0.1928374645000506	30.86856951443605	52.45605577573168																			1.76203974783401																					
361	1439							2134.103312406788	4.352640937881461	1859.787618448115	4.352640937881446	0.1456100688946364	4.352640937881446	1.18519869442466						17.77443096764826		4.624352221515201				1966.601449962049			29.8890430788629						0.2153210292877828					0.07721606075112393	0.202647044214387	5.086967794234752	47.60430668209659																			1.716653914473651																					
362	1440							2152.312451967169	0.8532454569804884	1875.656171812009	0.8532454569804884	0.146852480192386	0.8532454569804742	2.066147970218						33.96338506189117		3.799479335679526				1960.831812511882			29.91430313319807						0.1754162207885548					0.07705803216521405	0.1687095155813355	-16.74711257922316	57.06334313682866																			1.668063355296536																					
363	1441							1901.16882038729	-11.66854892979589	1656.794313649388	-11.66854892979589	0.1297169266865186	-11.66854892979588	-10.5484581202293						24.04104100036618		2.746582094357329				1955.079102088952			29.93958453550155						0.1435565071172612					0.07762756290141064	0.1275727541759001	-24.38318980626985	76.02158081398005																			1.616737169526274																					
364	1442							1966.53179601442	3.43804163660829	1713.755591985613	3.438041636608304	0.1341766486357298	3.438041636608304	-7.62654141732723						20.22878977754629		2.96800289838742				1949.343269032555			29.96488730381513						0.1499734318689709					0.0766100428328129	0.1324846303871527	3.85025489414457	72.24355065799253																			1.563002291046232																					
365	1443							2377.122973584057	20.87894934634593	2071.56975395646	20.87894934634592	0.1621913231390084	20.87894934634593	10.7289239936801						29.64266446825133		3.546264399396786				1943.624263827684			29.99021145619579						0.1482417197521322					0.07603849868811617	0.1346580934664286	1.640539791615481	70.54722710607624																			1.50926741256619																					
366	1444							2371.873996098221	-0.2208121979454205	2066.995475250776	-0.2208121979454205	0.1618331849135084	-0.2208121979454205	9.93763706442296						27.64685873486649		3.434815182659067				1937.922037104598			30.01555701071581						0.1439006454056223					0.07897228181362818	0.1329652771390165	-1.257121858653164	74.2019501769833																			1.45481310381317																					
367	1445							2044.261855287813	-13.81237541915536	1781.494300312185	-13.81237541915536	0.1394801778604788	-13.81237541915534	-5.38838313440401						20.20933088315551		2.96878339946733				1932.236539638399			30.04092398546272						0.144308851230381					0.07683328839974711	0.1265672270999014	-4.811820181013047	75.8415205482819																			1.399074224390837																					
368	1446							2172.316183580677	6.264086372380874	1893.088642002782	6.264086372380874	0.1482173366740096	6.264086372380859	0.303447157502212						29.1908797028306		3.424079435710145				1926.567722348605			30.06631239853935						0.1566288557989156					0.07718321992587104	0.1457151680565799	15.1286722443281	66.1754658122304																			1.345044616835215																					
369	1447							2222.782163431126	2.323141549646124	1937.06777081678	2.323141549646095	0.1516606352060624	2.32314154964611	2.31567147269509						18.79898405926719		3.807162953427939				1920.915536298728			30.09172226806381						0.170198427909756					0.07713767744512882	0.1508615908712463	3.531837408078246	63.88027121603506																			1.290422565118471																					
370	1448							2295.001102485471	3.249033586937998	2000.003753292368	3.249033586937983	0.1565881401820708	3.249033586937998	5.35916736259944						20.08496316683182		3.809520679338714				1915.279932695847			30.11715361216956						0.1649447201970854					0.07783901412402594	0.1388591380969567	-7.955936766259555	70.03283985458874																			1.233763482197588																					
371	1449							2103.769006253905	-8.332549209865832	1833.352456350117	-8.33254920986586	0.1435403563445861	-8.33254920986586	-3.3715764237012						12.73542335932263		3.45800229546456				1909.660862890194			30.14260644900533						0.1633346048833492					0.07753834136013084	0.1442373720071963	3.873158067915071	67.16106614952561																			1.178459941946043																					
372	1450							2166.811113102338	2.996626847388015	1888.291188264353	2.996626847388001	0.1478417251996443	2.996626847388001	-0.376247744565882						23.8972143896517		3.355860147647037				1904.058278374729			30.16808079673524						0.1538982852926429					0.0795393361094124	0.1409254389998249	-2.296168434908964	70.5133651730788																			1.132714740790002																					
373	1451							2176.719293079086	0.457270129215928	1896.925779820902	0.4572701292159422	0.1485177612474998	0.4572701292159422	0.178893784915579						18.61454758199805		3.257489691972493				1909.631234355896			30.19357667353874						0.1487070660310628					0.08477118123309393	0.1463249206875069	3.831445710585115	72.37837252169618																			1.089114098294545																					
374	1452							2154.235851402053	-1.032904966135021	1877.332339237237	-1.032904966135021	0.1469837139159818	-1.032904966135035	-0.7308879953910491						17.8691873229425		3.23358070041361				1915.220501727696			30.21909409761063						0.1491562432752037					0.08022565143064987	0.1487600179628545	1.664171259349573	67.37610581609727																			1.043433845987215																					
375	1453							2177.870454473906	1.09712235345404	1897.92897197963	1.097122353454026	0.148596305097291	1.097122353454026	0.515994432777167						19.57310964046563		3.249635598132471				1920.826128231664			30.24463308716112						0.1482701073522902					0.07762202601537542	0.1448839054582897	-2.605614437027455	66.93352631590017																			0.9935998311307411																					
376	1454							2184.495626534703	0.3042041388268757	1903.702550464387	0.3042041388269041	0.1490483412075408	0.3042041388269041	0.976489492802445						13.8395041062778		3.27037812688341				1926.448161749066			30.27019366041577						0.1487639740597411					0.07878343160671804	0.1390107475248386	-4.053699349747248	70.80523865343095																			0.9412356410485482																					
377	1455							2172.747303286509	-0.5378048417899777	1893.46434597471	-0.5378048417899635	0.148246752011919	-0.5378048417899777	0.587894462683724						19.80830845092812		3.123912851534902				1932.086650301313			30.29577583561557						0.1428698773278748					0.07417826530143946	0.1313029771695677	-5.544729808674447	70.57988973215595																			0.8880183116613375																					
378	1456							2201.609474999887	1.328372225786282	1918.616600451804	1.328372225786268	0.1502160206912756	1.328372225786282	2.02330667120183						19.87937571739879		3.476776285370672				1937.741642050368			30.32137963101693						0.1569233036994429					0.07617621596669753	0.1389322470524587	5.810431756652676	68.50073185857362																			0.8360769883631921																					
379	1457							2018.621826564199	-8.311539830909268	1759.150017502815	-8.311539830909254	0.1377307562991133	-8.311539830909268	-6.60777740227698						12.97400632533134		2.968698135090812				1943.413185299159			30.34700506489166						0.1461376288671788					0.07763532945733588	0.1409355323698942	1.441915293199813	68.82049246981023																			0.7853698141767085																					
380	1458							2142.063336895596	6.115137996971953	1866.724468646868	6.115137996971953	0.1461531821110773	6.115137996971953	-0.742145345075484						20.74994973166459		3.324864535426443				1949.10132849199			30.37265215552705						0.1542384418500092					0.07616428155283514	0.1498415296245356	6.319199356530675	63.50355350552325																			0.7335247127904763																					
381	1459							2113.676643554449	-1.325203267905565	1841.986574985567	-1.325203267905565	0.1442163553655933	-1.325203267905565	-2.24311500235303						18.36665818823724		3.258166074993352				1954.806120214957			30.39832092122581						0.1531742105152819					0.0798237359762844	0.1477513497005599	-1.394926979998957	67.49622274739019																			0.6797538525980064																					
382	1460							2118.65268607257	0.2354211810636144	1846.323001535431	0.2354211810636144	0.1445558712126819	0.2354211810636144	-2.26099794442278						9.960415811420011		3.390757935431119				1960.527609196361			30.42401138030614						0.1590332742342846					0.07557182213808207	0.146056015517593	-1.147423821442416	64.64267519118724																			0.6334548740462467																					
383	1461							2131.818694460013	0.6214330680055582	1857.796663209165	0.6214330680055582	0.145454189198141	0.621433068005544	-1.93821964785254						17.09590778063061		3.473103316731811				1966.265844307127			30.44972355110172						0.1618894017098167					0.07613183278000546	0.1641785822548677	12.407956408404	57.93335235788118																			0.5867307500314877																					
384	1462							2336.17349015276	9.585936938436959	2035.883879788782	9.585936938436944	0.1593973360489896	9.585936938436959	6.95829938002521						14.97235017537586		3.993959251471253				1972.020874561216			30.47545745196171						0.1698828428103967					0.07656783433885615	0.1650474828246041	0.5292411213465016	57.95839287315854																			0.5395814851880674																					
385	1463							2369.938611554271	1.445317376634662	2065.308863271473	1.445317376634662	0.1617011334447984	1.445317376634677	8.24415454421521						12.58905863194851		3.373213440059833				1977.792749116049			30.50121310125079						0.1414352645197231					0.07269892747113145	0.1313959051931065	-20.38902808791039	69.12339313071841																			0.4924322203446471																					
386	1464							2166.48658478124	-8.584696066857234	1888.008374517753	-8.584696066857234	0.1478195826018992	-8.584696066857248	-0.7456461760465539						17.96055952269052		3.110268942345342				1983.581517272927			30.52699051734916						0.1426569456045948					0.0764724376822259	0.1223120314177283	-6.913361388262459	78.11143764173055																			0.4587913130113167																					
