## Sheet: A1. Headline series (continued)
	A	B	C	D	E	F	G	H	I	J	K	L	M	N	O	P	Q	R	S	T	U	V	W	X	Y	Z	AA	AB	AC	AD	AE	AF	AG	AH	AI	AJ	AK	AL	AM	AN	AO	AP	AQ	AR	AS	AT	AU	AV	AW	AX	AY	AZ	BA	BB	BC	BD	BE	BF	BG	BH	BI	BJ	BK	BL	BM	BN	BO	BP	BQ	BR	BS	BT	BU	BV	BW	BX	BY	BZ	CA	CB	CC	CD	CE
418	1496							2364.1174621506	-2.980312610031447	2060.235959104582	-2.980312610031447	0.1613039558757524	-2.980312610031433	-3.85993077519746						16.75156995380245		3.542915640749962				2178.044633786795			31.36347151251935						0.1489164732535837					0.07522801046822437	0.1267001261081244	-8.297742505830001	74.17907359141364																			0.5988443952174782																					
419	1497							2525.82169700641	6.839940800095036	2201.154879049605	6.83994080009505	0.1723370509658653	6.83994080009505	1.92496903302825						25.15104401952724		4.257496783959234				2184.419515799057			31.38997764697322						0.1674952983142768					0.06836845333084013	0.1534730409286381	21.13092989162931	55.65478800803398																			0.587548089419732																					
420	1498							2554.620678927494	1.140182696000124	2226.252066092691	1.14018269600011	0.174302008199775	1.140182696000096	2.23143228311673						27.67900821255561		4.131952381818235				2190.813056345694			31.41650618249206						0.1607236794602218					0.07278096584816786	0.1434441316165641	-6.534639081490042	63.38900064301817																			0.5845666268516254																					
421	1499							2568.52256908945	0.5441860811912278	2238.367019968599	0.5441860811912136	0.1752505354676349	0.5441860811911994	1.97482545801261						22.36842212164561		4.094717524949426				2197.225310038056			31.44305713800766						0.1584132641137537					0.07876402298561551	0.1464841137586463	2.119279546554253	67.1763245488102																			0.5947554304856328																					
422	1500							2529.639030712096	-1.513848421862974	2204.481536161303	-1.513848421862988	0.1725975080021517	-1.513848421862988	-0.333869679064213						27.58678997392105		3.865018890432606				2203.656331647331			31.46963053246776						0.1518252654106299					0.06837803775081017	0.1378956632192942	-5.863059357755887	61.95051224557806																			0.5957599429185226																					
423	1501							2441.492295319673	-3.484557848856753	2127.665101766397	-3.484557848856753	0.1665832479901316	-3.484557848856738	-4.68270210889421						32.02341789501903		4.033213145610656				2210.106176105019			31.49622638483613						0.1641522340005516					0.07123376926057852	0.1627595886471583	18.03096982703738	54.67870467170678																			0.6044234706992075																					
424	1502							2531.39497475238	3.682283970547431	2206.011772755672	3.682283970547431	0.1727173162284895	3.682283970547431	-1.90102122137516						35.00316685346814		4.236355617450556				2216.574898503396			31.52284471409259						0.1662966411607528					0.0703543163126266	0.1690926618098737	3.891059946363441	51.98102779253981																			0.6156867653677376																					
425	1503							2641.791715144177	4.361102929130823	2302.218216794291	4.361102929130837	0.1802496961656463	4.361102929130837	1.51045958462443						30.96333117016477		4.302221522913985				2223.062554095987			31.54948553923295						0.161824836303687					0.07567824817012626	0.1575172705465455	-6.845590541559716	60.0235625829957																			0.6219198205798654																					
426	1504							2650.965020255456	0.3472380149688945	2310.21239363054	0.3472380149689087	0.1808755916325994	0.3472380149689087	1.02598923938404						28.64941481543498		4.262980504548569				2229.56919829804			31.57614887926912						0.1597939494868815					0.07085271936397385	0.1607299878915984	2.039596886046581	55.07296866231715																			0.6471338874271666																					
427	1505							2680.765377530457	1.124132421488142	2336.182240152578	1.124132421488127	0.1829088728006999	1.124132421488127	1.35632241536807						27.74584528459352		4.225625929325966				2236.094886686993			31.60283475322905						0.1566329850197873					0.06775208887656228	0.1485545914772604	-7.575062111340074	56.97908701829337																			0.7028400016641422																					
428	1506							2694.160135911512	0.4996617194972117	2347.855248504313	0.4996617194972259	0.1838227984196489	0.4996617194972117	1.12952918697037						28.3533012051405		4.213417520978179				2242.639675002955			31.62954318015678						0.1554039569275495					0.07274805019931987	0.1439124648733896	-3.124862421086036	63.15413951357252																			0.7999427156267703																					
429	1507							2646.390319345906	-1.77308749872968	2306.225720604814	-1.773087498729694	0.180563459361055	-1.773087498729694	-1.31889393530548						32.05387529493504		4.147732910952239				2249.20361914918			31.65627417911245						0.1557427593934001					0.07400959922073505	0.1495544739849088	3.92044505420904	61.82548312641692																			0.8788884322949846																					
430	1508							2684.579409719359	1.443063409591488	2339.506020121451	1.443063409591502	0.183169104574187	1.443063409591517	-0.488628279509484						36.56580067693648		4.101551168203399				2255.786775192544			31.68302776917231						0.1518178583347806					0.07063047641095387	0.1488196894136086	-0.4913156736282929	59.29398208676621																			0.9886027071542752																					
431	1509							2810.978827622249	4.708350866629942	2449.658172094698	4.708350866629928	0.191793348696804	4.708350866629942	3.56255795385198						34.8627243982999		4.236483933817591				2262.389199364023			31.7098039694287						0.1497610826117567					0.0713689171750532	0.1249501211580484	-16.03925418041995	71.35941844844285																			1.080131010004407																					
432	1510							2712.56444898109	-3.501071501289317	2363.893887952486	-3.501071501289317	0.1850785264242118	-3.501071501289303	-0.480551315190846						30.85757630934531		4.014566966251691				2269.010948059176			31.73660279899015						0.1470651000602496					0.07353095492105445	0.1297629017001999	3.851761404908004	70.79433939978742																			1.115509489159276																					
433	1511							2768.81781881054	2.073807678581787	2412.916500914371	2.073807678581801	0.1889166991166031	2.073807678581801	1.1293551112506						33.80009955678597		4.062313905106166				2275.652077838624			31.76342427698129						0.1457907868169166					0.07218642418083586	0.1334870845977665	2.869990458575643	67.56085813344657																			1.130181749002775																					
434	1512							2646.626492145758	-4.413122663204831	2306.43153596831	-4.413122663204831	0.1805795734533098	-4.413122663204831	-3.81371739722256						28.52420106022474		4.142747920739457				2282.312645428535			31.79026842254294						0.1555416974873654					0.07288592575947404	0.1516437131089991	13.60178669415362	60.04794378044971																			1.130527418727808																					
435	1513							2762.962318189605	4.395626900474625	2407.813661004363	4.39562690047461	0.1885171777607858	4.39562690047461	0.0428197776028982						31.0792384976229		4.951104566238341				2288.992707721109			31.81713525483208						0.1780648172422062					0.06646789033062331	0.1789322200864412	17.99514560674699	46.40900103452025																			1.180273222758149																					
436	1514							2758.572089105774	-0.1588957277820668	2403.987747964074	-0.1588957277820526	0.1882176320191886	-0.1588957277820384	-0.577105130922284						35.7485271125237		4.542777731717				2295.69232177506			31.8440247930219						0.1636394955842455					0.07147455054200492	0.1549243953706918	-13.41727314630718	57.63821188295083																			1.180670912939377																					
437	1515							2834.664619931817	2.758402839155465	2470.299414256864	2.758402839155451	0.1934094325245971	2.758402839155451	1.67190872396025						34.01414739508456		4.586910146960476				2302.411544816108			31.87093705630177						0.160793886016957					0.06839964250179319	0.1550250609806001	0.06497724884930278	55.1227399995262																			1.186718690325682																					
438	1516							2810.581751322324	-0.8495844072753869	2449.312135620322	-0.8495844072754011	0.1917662561436683	-0.8495844072753869	0.348435096711519						31.88805167317013		4.896747258414804				2309.150434237467			31.89787206387731						0.173126061147469					0.07659900103731557	0.1670045983966167	7.72748440816008	57.30249770723511																			1.203464040738169																					
439	1517							2819.694713160682	0.3242375651969667	2457.253725652931	0.3242375651969525	0.1923880343834579	0.3242375651969667	0.191276350950575						33.27470940823488		4.409725762059484				2315.909047600332			31.92482983497034						0.1554033846568126					0.06942355940254435	0.1454925914748808	-12.88108658580011	59.61353464777885																			1.216802413968764																					
440	1518							2835.830175970338	0.57224148182938	2471.315150784915	0.5722414818293515	0.1934889585222762	0.5722414818293657	0.262785240623841						34.34833275527404		4.664189852304515				2322.687442634374			31.95181038881892						0.1634357204684225					0.07392400949617671	0.1624613377766192	11.66296244346442	56.84789200393554																			1.226733810017469																					
441	1519							2811.227686158901	-0.8675586436701508	2449.87504258195	-0.8675586436701508	0.1918103283380688	-0.8675586436701366	-1.13913000738383						37.09203686437411		4.749067512445105				2329.485677238233			31.97881374467741						0.1678662171975457					0.07578306975015872	0.1628213356138754	0.2215898515812995	58.14866606269074																			1.245153197053233																					
442	1520							2772.493433944936	-1.377841161876461	2416.119655830718	-1.377841161876461	0.1891674866814965	-1.377841161876475	-3.10135241858315						38.81203392074181		5.345230607085444				2336.303809480009			32.00583992181641						0.1915785588181415					0.0826426598599843	0.184553998095143	13.34755202647757	55.94479729079756																			1.244532315415942																					
443	1521							2838.767237393221	2.390404342779064	2473.874685010433	2.39040434277905	0.1936893544982569	2.39040434277905	-1.36660930011363						30.19851201671843		5.541861008997431				2343.141897597762			32.03288893952281						0.1939888760040684					0.07633718173349707	0.1969803715951516	6.733191168040918	48.41635001404942																			1.236131899796532																					
444	1522							2889.965078559586	1.80352374410873	2518.491602354091	1.803523744108716	0.1971825879964439	1.803523744108702	-0.2303771940104						23.05286758086917		5.241384595226648				2350			32.0599608170998						0.1802205931271968					0.07606617883959402	0.1761798024296277	-10.55971668500793	53.94042420499616																			1.228091569866276																					
445	1523							2964.857783538022	2.591474393031902	2583.757667319756	2.591474393031888	0.2022925242718893	2.591474393031874	1.69642064821418						31.14015329745492		5.432853906606984				2373.9240506544			32.0870555738669						0.1820854073692534					0.07734474543942065	0.1753529280163909	-0.46933553212898	55.10571837992244																			1.217828322080939																					
446	1524							3026.574018689646	2.081591754393614	2637.540953876196	2.0815917543936	0.2065034287768876	2.0815917543936	3.185522735491729						32.11986632808639		5.273439998710324				2398.091658840593			32.11417322915993						0.1731385160861136					0.08005361651460839	0.1690143024528739	-3.614781706367907	59.17474227721669																			1.239728254839734																					
447	1525							3027.728196145919	0.03813478372396162	2638.546774414588	0.03813478372396162	0.2065821784128343	0.03813478372397583	2.74078734310234						32.96167502020928		5.090914834778565				2422.505304083145			32.14131380233108						0.1670821011765437					0.06664782870626494	0.1538483312738094	-8.973188043238636	54.12178245689844																			1.293791368142663																					
448	1526							3065.799930271314	1.257435663275771	2671.72480254829	1.257435663275757	0.2091798163981692	1.257435663275771	3.5896560096903						32.46420415491455		4.956553032564051				2447.167491149289			32.16847731274886						0.1606522930933562					0.06700660263765579	0.150901394364467	-1.915481880721615	55.4757550888777																			1.396335912428377																					
