## Sheet: A1. Headline series (continued)
	A	B	C	D	E	F	G	H	I	J	K	L	M	N	O	P	Q	R	S	T	U	V	W	X	Y	Z	AA	AB	AC	AD	AE	AF	AG	AH	AI	AJ	AK	AL	AM	AN	AO	AP	AQ	AR	AS	AT	AU	AV	AW	AX	AY	AZ	BA	BB	BC	BD	BE	BF	BG	BH	BI	BJ	BK	BL	BM	BN	BO	BP	BQ	BR	BS	BT	BU	BV	BW	BX	BY	BZ	CA	CB	CC	CD	CE
570	1648							5511.83570037346	1.175465411130034	4803.349364991233	1.175465411130034	0.3760730660982691	1.175465411130034	-3.46759227014559						40.79566099134173	29.44204252639753	45.71533081706745				5309.168			47.94114784102948						0.8241695882669238					0.205680388731935	0.9776746518258537	9.705412102284043	26.28314948477126																			12.23439545099803																					
571	1649							5421.681899987011	-1.635640198425008	4724.783851906644	-1.635640198425008	0.3699218638537164	-1.635640198425008	-6.10875392352892						45.35347733047313	44.12607710582996	46.19425416039793				5315.384			47.94114784102948						0.8466519402982003					0.1999111894139762	0.9559901881436588	-2.217963168186685	26.12537567784716																			12.10975378433136																					
572	1650							5195.295288802567	-4.175579005935177	4527.496769310615	-4.175579005935177	0.3544754841682765	-4.175579005935177	-11.6855386561779						50.68069312861697	66.81824406146356	41.6223659054014				5312.343			48.00934370263723						0.7960997866706522					0.2124250136863547	0.923690762509861	-3.378635684171272	28.7314755548944																			11.98511211766469																					
573	1651							5482.48114194795	5.527806162709481	4777.76801474104	5.527806162709496	0.3740702018274248	5.52780616270951	-7.876697984267141						52.04358222411843	68.61509904884147	42.6004453048977				5307.978			48.07763657225898						0.7721256393408656					0.2235531709516549	0.8929907560023981	-3.323623852645738	31.27611110485541																			11.86047045099803																					
574	1652							6269.9762895	14.36384598802742	5464.039254043678	14.36384598802739	0.4278010695050194	14.36384598802739	3.89825270145052						53.44537214984718	70.46324151884563	45.64888830187702				5391.294			48.14602658788777						0.7234612737098817					0.204585536958797	0.8034398258717275	-10.02820348684888	31.81269404885399																			11.90867228433136																					
575	1653							6993.810883140367	11.54445503809217	6094.832808990456	11.54445503809215	0.4771883716265037	11.54445503809215	13.3613930276082						54.88728194403134	72.3642786711574	50.05596721962758				5385.708			48.21451388771293						0.7112019760696203					0.2154750361586808	0.7407446980198911	-7.803338325158634	36.34187135026365																			11.95687411766469																					
576	1654							6839.155718638614	-2.211314647849179	5960.056878323333	-2.211314647849179	0.4666362352668939	-2.211314647849179	10.0672269738247						56.37057178062603	74.31987193946472	45.99252530859926				5313.195			48.28309861012038						0.6682450423957793					0.2195995535023011	0.645570764877689	-12.84841233377904	42.49780250658431																			11.89971745099803																					
577	1655							7235.523184874574	5.795561360823356	6305.475631846534	5.795561360823342	0.4936804246136228	5.795561360823356	15.1329815789136						57.89654441677221	76.33173889981529	48.5973643470758				5397.694			48.35178089369289						0.6674116117549218					0.2104700495751629	0.6247721215848947	-3.221744915405964	42.08695804989493																			11.84256078433136																					
578	1656							6689.486279253755	-7.546612617623524	5829.625812212428	-7.546612617623509	0.4564242753989938	-7.546612617623509	7.196077190609169						59.46654669212093	78.4016552473498	47.09708578686935				5390.765			48.42056087721037						0.6996039447126498					0.2541548572519222	0.7224015659028342	15.62640856481838	43.9540210085745																			11.7854041176647																					
579	1657							6301.410604472921	-5.801277685319135	5491.433030830944	-5.80127768531915	0.4299458357598924	-5.801277685319135	1.4448822041759						61.08197108189063	80.53145684387775	44.64141674766994				5394.992			48.48943869965012						0.7039651683940553					0.2100257295642334	0.7614930127971907	5.411318128235393	34.45763412241706																			11.72824745099803																					
580	1658							6122.779726977163	-2.834776032035762	5335.763203457652	-2.834776032035776	0.417757834257035	-2.834776032035776	-1.1321968229355						62.74425730559317	82.72304183884792	45.91516446896613				5320.309			48.55841450018714						0.7451753674354414					0.2315460388967812	0.8285092051278248	8.800631286748597	34.91555050665787																			11.58847028433136																					
581	1659							5131.504932478199	-16.18994702898382	4471.905967225848	-16.18994702898381	0.3501230621813911	-16.18994702898382	-18.6717170287013						64.45489399343343	84.97837286635638	39.09302831371841				5266.505			48.62748841819442						0.7570168476909969					0.2170117899273567	0.8861762054161946	6.960333081570624	30.59441267600339																			11.4486931176647																					
582	1660							5597.780587611546	9.08652844085185	4878.246974785976	9.08652844085185	0.3819370938044846	9.086528440851865	-10.2649042563811						66.2154204124598	87.29947932093121	41.75202279246761				5245.768			48.69666059324323						0.7411611232759177					0.2211763265395289	0.8345504740210948	-5.825673390864026	33.11043668445613																			11.33000245099803																					
583	1661							5748.632093716488	2.694844925483352	5009.708165838541	2.694844925483366	0.3922297061954134	2.694844925483352	-8.3672161956652						68.02742825461733	89.68845971493064	45.37337576555474				5279.736			48.76593116510332						0.7843096496487525					0.209771745615471	0.8957845557308087	7.337373066804602	29.25649516133004	1.318437625289306																		11.21067478433136																					
584	1662							5857.102955356268	1.886898654696367	5104.236281823963	1.886898654696353	0.3996306832449341	1.886898654696367	-7.67846428592012						69.89256348893282	92.14748412049384	46.23328963182053				5204.667			48.83530027374327						0.7843735122358882					0.2196659211830379	0.9286573834640494	3.669724770642205	29.55194338032387	1.442041152660178																		11.5918721176647																					
585	1663							6847.992215233987	16.91773676219159	5967.757539703217	16.91773676219161	0.4672391502572598	16.91773676219159	6.48509446882159						71.81252828014186	94.67879669908965	50.36764642312941				5169.274			48.90476805933081						0.7308687303162096					0.2425773424046373	0.912220969597429	-1.769911504424783	33.22225125914962	1.332171350552736																		11.75151445099803																					
586	1664							6483.643982638748	-5.320511781317634	5650.242296722836	-5.32051178131762	0.4423796362208939	-5.32051178131762	-0.525842614170435						73.7890829761495	97.28471832181695	47.83559847390573				5244.883			48.97433466223303						0.7331334477221517					0.2711449354053516	0.862911727997568	-5.405405405405418	39.2567191794014	1.304703900025876																		11.70219178433136																					
587	1665							6686.250042526864	3.12487947257182	5826.805558403698	3.124879472571806	0.4562034666639985	3.12487947257182	1.07502453305695						75.82404816680425	99.96764928372549	48.74431630959077				5184.322			49.0440002230167						0.7244232015790906					0.2192266601519585	0.862911727997568	0	31.73992323093799	1.387106251606457																		11.7046991176647																					
588	1666							7549.857567233795	12.91617153432922	6579.40575929895	12.91617153432924	0.5151274889638771	12.91617153432924	11.9668989897842						77.91930681655245	102.7300721155418	52.97037571679686				5229.235			49.11376488244851						0.6971805723460991					0.2449490025781994	0.8300389002643275	-3.809523809523796	36.86855402962969	1.483242328450469																		11.66039445099803																					
589	1667							7583.955849035632	0.4516413918829869	6609.121079047876	0.4516413918829727	0.5174540179250053	0.4516413918829727	11.5171992509275						79.2147063502006	103.9018754992317	53.47492429320398				5106.405			49.18362878149544						0.7006568366578957					0.2330735264171192	0.7889478655977765	-4.950495049504951	36.90825543128015	1.53817722950419																		11.69251978433136																					
590	1668							6830.057274270278	-9.940703635045807	5952.127939698385	-9.940703635045807	0.4660154475554438	-9.940703635045807	0.527346920932425						74.48291854598278	98.381335768539	46.80105946515525				5205.223			49.25359206132496						0.6808984110284464					0.2272271496576418	0.7889478655977765	0	35.98245501926714	1.400839976869888																		11.8688151176647																					
591	1669							7001.628432864564	2.512001754957708	6101.645498000938	2.512001754957723	0.4777217637764106	2.512001754957723	2.76780348392298						75.99984874959078	99.800618005764	50.88052975784419				5200.47			49.32365486330536						0.722110311257234					0.2159111455023752	0.7560750378645358	-4.166666666666671	35.6770582690289	1.263502724235585																		11.88304145099803																					
592	1670							6792.868545988018	-2.981590481103794	5919.719416641844	-2.98159048110378	0.463478057141492	-2.98159048110378	-0.31593460291448						75.43792234486324	98.91816227476909	47.83703116903968				5193.358			49.39381732900603						0.699780748017806					0.2260503105281941	0.764293244797846	1.08695652173914	36.95080999040805	1.263502724235585																		12.00125078433136																					
593	1671							6535.914520124362	-3.782702758401186	5695.794026978921	-3.7827027584012	0.4459460598894165	-3.7827027584012	-4.175917129846471						72.64180524520806	95.57978584055466	45.8711013620113				5158.922			49.46407960019773						0.6974029588726175					0.2227415005596295	0.7560750378645359	-1.075268817204289	36.8057029937318	1.332171350552736																		11.71444167322025																					
594	1672							6466.246461573798	-1.065926709048171	5635.081037152982	-1.065926709048185	0.4411926017291073	-1.065926709048171	-5.32532669634538						73.11187572489332	95.84267954087017	45.94824026879049				5140.882			49.5344418188529						0.7061022757999794					0.2226473354877631	0.7314204170646053	-3.260869565217405	38.03026038715136	1.249768998972155																		11.49960956210914																					
595	1673							6634.674754119327	2.604730480757695	5781.859710543103	2.604730480757681	0.4526844799051932	2.604730480757681	-2.98600009085913						76.214619133714	98.9827810660347	49.01780612625919				5171.863			49.60490412714591						0.7341506940989662					0.2250021378694088	0.7232022101312952	-1.123595505617971	38.86921555563892	1.318437625289306																		11.35635245099803																					
596	1674							6334.266754821028	-4.527848167866594	5520.065881570661	-4.527848167866566	0.4321876139755896	-4.52784816786658	-8.03521867031108						73.9588147262577	96.25665917520823	48.79176894608987				5186.973			49.67546666745343						0.7654224508919487					0.2169526355793102	0.7725114517311562	6.818181818181813	35.08640566065492	1.263502724235585																		10.90305133988692																					
597	1675							6499.879285672455	2.614549359251072	5664.390728707504	2.614549359251058	0.4434873724675508	2.614549359251072	-6.05728137609056						77.26552636934622	99.59928049683177	49.00633942662337				5187.052			49.74612958235458						0.7492003200662802					0.2284371538839053	0.8300389002643275	7.446808510638306	34.38326942219265	1.222301548445294																		10.39083572877581																					
598	1676							7681.116018299313	18.17321031223814	6693.792368742437	18.17321031223815	0.5240832653742977	18.17321031223814	9.93075439564603						90.1465874273864	113.315865531396	52.95447354829626				5184.564			49.81689301463135						0.6850611062911909					0.229195721988133	0.7889478655977765	-4.950495049504951	36.2941874220227	1.249768998972155																		10.37043211766469																					
599	1677							7126.235823308361	-7.223952791092046	6210.235968090762	-7.223952791092032	0.4862237376976449	-7.223952791092032	1.7583629411225						86.98440207334387	109.5865570345353	51.3719321256787				5193.061			49.88775710726884						0.7163358584292836					0.2160169234133312	0.7314204170646053	-7.291666666666671	36.89772360151075	1.194834097918433																		10.47357800655358																					
