## Sheet: A1. Headline series (continued)
	A	B	C	D	E	F	G	H	I	J	K	L	M	N	O	P	Q	R	S	T	U	V	W	X	Y	Z	AA	AB	AC	AD	AE	AF	AG	AH	AI	AJ	AK	AL	AM	AN	AO	AP	AQ	AR	AS	AT	AU	AV	AW	AX	AY	AZ	BA	BB	BC	BD	BE	BF	BG	BH	BI	BJ	BK	BL	BM	BN	BO	BP	BQ	BR	BS	BT	BU	BV	BW	BX	BY	BZ	CA	CB	CC	CD	CE
480	1558							3906.101467021214	26.97413957768445	3404.014745928732	26.97413957768447	0.2665136689568022	26.97413957768448	11.2021528440409						36.54444310323862		11.66870846488441				3133.757			39.33255140564302						0.2968453501808622					0.1073661116177985	0.2931136822144608	-31.18669594388689	45.76252821842407																			1.869271509973099																					
481	1559							3580.943180344745	-8.324368668395977	3120.652008951062	-8.324368668395962	0.2443280886011696	-8.324368668395977	0.8551852154601081						38.38556399507348		10.77001139275837				3036.742			39.6784336856705						0.2988613227711475					0.09029516486992657	0.3148756475381592	7.424411293013591	35.82649299056878																			1.793252509039766																					
482	1560							3574.240173924937	-0.1871855006412773	3114.810600864835	-0.1871855006412915	0.2438707418453142	-0.187185500641263	-1.13851555718362						30.06854874338186	42.06566393193874	11.91549459591918				3015.219			40.0273575825614						0.3312678764653816					0.1205838844567145	0.3281148699929056	4.204587607284566	45.91369376099952																			1.711329374706432																					
483	1561							3651.084438914993	2.149946876839891	3181.777374097606	2.149946876839877	0.2491138332431438	2.149946876839863	-0.911388876952701						24.13663058097928	41.84763762190264	12.92568848357457				3035.688			40.37934984366208						0.3517894326215219					0.1287121929249757	0.3597206791766435	9.632543988153074	44.70263886418251																			1.451264309706432																					
484	1562							3657.938372015803	0.1877232152660469	3187.75030888687	0.1877232152660611	0.2495814777405803	0.1877232152660611	-2.64991860933234						20.61477707765411	41.63170410744859	12.83344628610404				3069.343			40.73443745152953						0.348624492074418					0.127235493634041	0.3589650270597906	-0.2100663544232617	44.28279419208572																			1.681002256498932																					
485	1563							4010.85190246924	9.647880706611119	3495.300655912902	9.647880706611105	0.2736608009787887	9.647880706611119	4.679967307259139						19.52795580323994	41.41785860954082	14.3760947352763				3099.546			41.09264762599968						0.3561683147276001					0.1231361516835286	0.3728849539879673	3.877794737329154	41.25623506580357																			1.694394297520963																					
486	1564							3877.768618323984	-3.318080232863352	3379.323775769913	-3.318080232863366	0.264580516036416	-3.318080232863366	-0.427971259316484						20.90113431760507	41.20609649150494	14.02246853211565				3110.707			41.45400782627409						0.3593300716593083					0.1284260500262571	0.3871210698193325	3.817830587990059	41.44624520024385																			1.68331581410144																					
487	1565							3916.274120949953	0.9929809232045272	3412.879816196623	0.9929809232045272	0.2672077500871737	0.9929809232045272	-0.9712221793959801						44.88107778910172	40.99641325953215	12.79782553820842				3149.204			41.81854575302479						0.3247237729287291					0.129437634233663	0.3297591255968738	-14.81757225180984	49.03911453321135																			1.668278405145595																					
488	1566							4413.213842659683	12.68909443931338	3845.943359174078	12.68909443931338	0.3011139938448996	12.68909443931337	9.70018894174939						23.51448914372702	40.78880456319652	14.90999752094646				3173.513			42.18628935051778						0.3357171913865874					0.1341731335961662	0.3410883879689718	3.435617544045755	49.14479233941722																			1.724676175579675																					
489	1567							4167.11426931859	-5.576425301720207	3631.477200603267	-5.576425301720192	0.2843225969051125	-5.576425301720178	3.01782701235449						27.41199565903003	40.58326619598885	14.20991503183097				3208.378			42.55726680875515						0.3388496590553777					0.1279585305049506	0.3165953171115524	-7.18085743207638	50.49444850225436																			1.787342326065726																					
490	1568							4203.061978260068	0.8626523444809635	3662.804223813563	0.8626523444809777	0.2867753124532036	0.8626523444809777	3.23345417234885						32.79677987450973	40.37979409586517	14.46959286331954				3252.345			42.93150656563596						0.342090882071242					0.1225302107924981	0.3183882431093968	0.5663147560747603	48.08006367883942																			1.85005115925142																					
491	1569							4197.637215667951	-0.1290669188362301	3658.076755258884	-0.1290669188362443	0.2864051803934373	-0.1290669188362301	2.69838750205253						32.0248326537643	40.17838434581064	14.43957521939926				3274.741			43.30903730913628						0.3418223829588519					0.1299665082746698	0.3455530987814042	8.531990819357517	46.98892779746047																			1.920617110296077																					
492	1570							3873.295565485886	-7.726767071995624	3375.425685065215	-7.72676707199561	0.2642753192223076	-7.72676707199561	-5.60057435600878						30.52723708157794	39.97903317441826	13.21074236090348				3296.204			43.68988797950824						0.3389202873432408					0.1440083406600408	0.3388121664526331	-1.950765990101942	53.10159000184731																			1.959843687714405																					
493	1571							3889.389683217053	0.4155148363728927	3389.451079577403	0.4155148363729069	0.2653734223825481	0.4155148363729069	-5.41626930794043						24.94073215541975	39.78173695648466	12.50875468636973				3310.219			44.07408777149858						0.3195829484876803					0.124260145613825	0.3260002074544577	-3.781434159320995	47.62038012543097																			1.978858273743286																					
494	1572							3785.689218503248	-2.66624003147021	3299.080178046611	-2.66624003147021	0.2582979299621021	-2.66624003147021	-8.37610578505116						24.48475389003041	39.58649221362003	13.36859964161505				3341.349			44.46166613658653						0.3509069265127789					0.1245163704221895	0.3592283967684062	10.19268962231887	43.30466355031227																			1.989665357431686																					
495	1573							4350.517442454914	14.92008961514762	3791.305897086737	14.92008961514763	0.296836212586519	14.92008961514763	5.23114109717006						25.83197713939948	39.39329561487455	16.47491379339384				3360.591			44.85265278524154						0.376299133445557					0.1518329129272305	0.3776577718091042	5.130266762451782	50.2280564482559																			2.051324880858097																					
496	1574							3862.004178622992	-11.22885427523453	3365.585682774495	-11.22885427523453	0.2635049068390534	-11.22885427523453	-6.947611817723979						32.90482946303371	39.20214397738183	16.04592207800068				3380.804			45.24707768920072						0.4128601073447302					0.139965739006776	0.4404742290052672	16.6331694685513	39.69904993602462																			2.091758609478406																					
497	1575							4329.852948588314	12.1141445821049	3773.297598420419	12.11414458210488	0.2954262722344771	12.1141445821049	4.28387760420414						34.98634729187462	39.01303426701673	15.88719116794705				3413.301			45.64497108376641						0.3646069611215058					0.1428983077890941	0.3831118011987706	-13.0228794397437	46.59941148486185																			2.087578907362094																					
498	1576							4497.283091671526	3.866878276727618	3919.206423570023	3.866878276727604	0.3068500465792584	3.866878276727618	8.02134319633351						35.9575577511521	38.95288570361199	16.8345694292973				3447.945			46.04636347012394						0.3719655924585986					0.1269264982254695	0.3900669924218134	1.815446875110524	40.65294128543184																			2.083399205245782																					
499	1577							3848.202719385995	-14.43272213589481	3353.558250524021	-14.43272213589479	0.2625632319826102	-14.43272213589481	-7.420835375482369						34.17254545956953	38.89358604362582	14.75601379669583				3490.202			46.4512856176797						0.3810325630634938					0.1335991811704823	0.4231686791765391	8.486154275501988	39.44292887724524																			2.07921950312947																					
500	1578							4423.563001361296	14.95140261392214	3854.962246452272	14.95140261392216	0.3018201179124567	14.95140261392214	6.83072374367717						34.11530281457082	38.83514143723327	16.55559935460467				3527.355			46.85976856641981						0.371897854243667					0.1320923256369401	0.3919860457632388	-7.368842484746239	42.10036446902155																			2.06291705771745																					
501	1579							4383.481974683763	-0.9060801590301537	3820.033198399065	-0.9060801590301537	0.2990853857080905	-0.9060801590301537	6.45309571675265						34.15708185961449	38.77755812665779	15.67255462640136				3560.316			46.90838879603869						0.3552806451868623					0.1395577347872073	0.3925768597874366	0.1507232286923426	44.41279353731085																			2.121108347014906																					
502	1580							4181.418030653266	-4.609667501714185	3643.94236949777	-4.609667501714199	0.2852985438807281	-4.609667501714185	2.45390157513449						34.27967377289767	38.72084244730635	15.94292503532229				3602.085			46.95705947248647						0.3788745190114694					0.1298218951564671	0.3677972426090615	-6.312042230862062	44.0979450309456																			2.172568245527032																					
503	1581							4062.771472004922	-2.837471828422011	3540.546531319338	-2.837471828421997	0.2772032780712143	-2.837471828421982	0.396011160504872						34.53675241468852	38.6650008289195	16.6998715557781				3631.441			47.00578064810524						0.4084526501596372					0.1377565417674661	0.4231127230282729	15.03966697162198	40.67569882071032																			2.223247801078677																					
504	1582							3663.743149581842	-9.821579312856699	3192.808945637212	-9.821579312856699	0.2499775382576112	-9.821579312856727	-9.12983648768404						34.91030834493395	38.6100397967362	14.6698152228161				3671.239			47.05455237529133						0.3978786226335359					0.1412522960750462	0.4199967591135539	-0.7364382456801764	42.01733012448975																			2.217138302201063																					
505	1583							4180.662937284903	14.10906186919951	3643.284335142502	14.10906186919948	0.2852470237894794	14.10906186919949	4.74888081374524						36.04721545929484	38.75385946609079	16.89422271451298				3721.513			47.10337470649549						0.4015540795754825					0.1355290016562377	0.3995679940531418	-4.86402921382755	42.37604507463919																			2.396762158768371																					
506	1584							4069.35729478942	-2.662392165194959	3546.285818447892	-2.662392165194973	0.2776526293766565	-2.662392165194959	2.57268857762633						36.17321478259345	38.89854797321751	15.99302513607895				3768.244			47.15224769422284						0.3905312381419427					0.1387562113696537	0.3985606847733794	-0.2520995912471307	43.49475140114243																			2.577076596021565																					
507	1585							3585.336091269823	-11.89429112403963	3124.480259111169	-11.89429112403963	0.2446278173250462	-11.89429112403963	-9.794066958786441						35.9285285490924	39.04411372822052	14.49880331304409				3797.796			47.20117139103303						0.4018400943349172					0.1350602231789529	0.4242684920092732	6.450161347577776	39.77091278858423																			2.731144954132339																					
508	1586							3523.30726600442	-1.730070032107761	3070.424562489164	-1.730070032107747	0.2403955847673063	-1.730070032107761	-11.5725995782032						34.2909253365541	39.1905652411101	15.74193608807626				3840.647			47.2501458495402						0.4439750931399697					0.14064827982671	0.5033378073341956	18.63662204809548	34.91031344009249																			2.791444456767716																					
509	1587							3919.442059038417	11.24326557766366	3415.640550411638	11.24326557766366	0.2674238987996722	11.24326557766368	-1.28563106704804						34.05760583079598	39.33791112305639	17.01312738615306				3859.383			47.29917112241309						0.4313312130510437					0.1538774529678966	0.5028508657110476	-0.0967425089180125	38.23091241655367																			2.792936927015534																					
