## Sheet: A1. Headline series (continued)
	A	B	C	D	E	F	G	H	I	J	K	L	M	N	O	P	Q	R	S	T	U	V	W	X	Y	Z	AA	AB	AC	AD	AE	AF	AG	AH	AI	AJ	AK	AL	AM	AN	AO	AP	AQ	AR	AS	AT	AU	AV	AW	AX	AY	AZ	BA	BB	BC	BD	BE	BF	BG	BH	BI	BJ	BK	BL	BM	BN	BO	BP	BQ	BR	BS	BT	BU	BV	BW	BX	BY	BZ	CA	CB	CC	CD	CE
739	1817	30157.90164257911	1.679907379813343	26293.96896778994	1.679907379813358	15.39146466979146	1.685631599233218	24539.82757050279	1.655201857049704	21385.50050934617	1.655201857049704	1.720855662212791	1.679907379813358	-0.540816195011129						1542.745121996737	1181.376275228623	363.8124542507134	444.7365708636576	500.1472926355646	14659.8847759195	10801.77	6741.010086592627	8.284278693018724	66.58971270220543	2193.446857132656	0.6271662838561587				1.474693352788665	4.643086428304455	5.172388941845874	89.76676890519131		0.5595861805697058	1.55908775339935	0.9855072463767982	44.84100075487468	1.948369508995837	5	5		3.994596353210774				1.041416982279953	4.60172956	88.33490038741525						19.25834902953208	12.66855561747265	17.86333508029057									-1.100000000000001	-0.2199352103264354	879.0076417157946	175.7497550539155	175.7497550539155	884.3116152755883	723.3841467025399	7.999999999999993	1.599528802374072	9.2	1.839458122730184		
740	1818	30128.19385208603	-0.09850748518634589	26268.06744020409	-0.09850748518634589	15.38019065954929	-0.07324845610240516	24508.25073345179	-0.1286758717447185	21357.98253013879	-0.1286758717447327	1.719160490576259	-0.09850748518634589	-2.19366042013527						1701.663440170956	1459.369716926067	377.9829557189341	462.060510481221	519.2608150604133	14886.24419315389	10957.25	6780.537559452205	8.787371725065327	66.60831217601708	2225.908542004358	-1.078863292889974				1.533648225810352	4.954793403403972	5.432587092515841	91.20504317786093		0.547339344968012	1.521497807565382	-2.411021814006872	44.94322296099244	2.050079248895386	5	5		3.849250537498399				1.266191363487883	4.4997753225	88.12368974380081						14.4770759182155	11.92251896376101	22.36515917331383									1.899999999999999	0.3659047524660499	877.9834443514592	169.0833236182689	169.0833236182689	879.0076417157946	768.0934488484957	-0.7000000000000028	-0.1348070140664401	0.8000000000000003	0.1540651589330738		
741	1819	29634.01010616271	-1.640270068459841	25837.20019241958	-1.640270068459841	15.13497297656846	-1.594373492558617	24097.4248354288	-1.676275889662904	20999.96381846766	-1.676275889662918	1.690961615620549	-1.640270068459841	-5.56364690531185						1414.564984306073	1190.598800170605	352.3224451624116	431.3389560184957	486.8258746865562	15103.95566692377	11121.51	6748.570297743689	10.2804993771489	66.62691684493187	2258.850640149472	-2.006747157892308				1.455553785914361	4.519505847672757	4.509006367819354	100.2328557335456		0.543257066434114	1.458847897842102	-4.117647058823536	46.52369996314048	1.893081769026227	5	5		4.272432631012488				1.259414246466538	4.512798675	84.73961477811943						12.78067886357497	10.37323768483955	22.32677826633709									0.6000000000000014	0.1232473521228329	873.1298721260836	179.3515746648121	179.3515746648121	877.9834443514592	740.1758892135784	4.299999999999997	0.8832726902136334	5.9	1.211932295874521		
742	1820	32040.79170231142	8.121687167975253	27935.6167650114	8.121687167975239	16.35821092923963	8.082194494598383	26051.51822781097	8.109137825836058	22702.8798278829	8.109137825836072	1.82829622817179	8.121687167975253	0.353368946644416						1533.07586568362	1279.564771954129	357.2593890601879	437.5203090524407	493.9589222963496	15335.025	11267.75	7067.841014274009	7.004760340125969	66.64552671040087	2292.280261393471	4.731430729055803				1.365510294244315	4.205355174155132	4.291940565401604	97.98260507276224		0.527555995149891	1.355028047443523	-7.116564417177898	48.64062582717904	1.705793010688195	5	5		4.375926904586152				1.201808751785109	4.52167212	85.59780129342452						12.74106969314486	10.41073368714567	20.01638335936034									1.5	0.3036689757574778	873.254086755622	176.7867827340742	176.7867827340742	873.1298721260836	689.8006616804623	6.399999999999999	1.295654296565238	8.600000000000001	1.741035461009539		
743	1821	32587.4449108238	1.706116420565706	28412.23090982556	1.706116420565692	16.63241724448806	1.676261031445037	26492.33881503451	1.692110929461847	23087.0377387531	1.692110929461862	1.859489090337212	1.706116420565692	0.0187103263520782						1621.261645568075	1194.965448188567	341.8130282878207	419.0917755336141	474.5641191446103	15586	11456.81	7187.861500255658	6.663966875176796	66.66414177387557	2334.003979018886	-0.04802238214358578				1.286052885338102	3.925629800485336	3.866572717183145	101.5273754723334		0.5018062382437654	1.257473188017272	-7.199471598414803	49.85585840906364	1.472451658255212	5	5		3.999149876504381				1.254896168452308	4.8207943275	87.78096922919424						13.04764094805888	10.79245397825415	27.8618004523836									3.200000000000003	0.6743029805472696	867.8376194855242	182.8704667031674	182.8704667031674	873.254086755622	736.1582330299558	13.49999999999999	2.844715699183789	16	3.371514902736345		
744	1822	33216.95161101218	1.931746112378661	28961.08307586617	1.931746112378676	16.93686423366855	1.830443432877331	27001.54135903778	1.922074708308855	23530.7878520274	1.92207470830887	1.895409698549907	1.931746112378676	-0.190260541831954						1655.179253215943	1205.540363659263	325.2169523589624	399.1448459603747	452.9956798714625	15844.18310504196	11652.27	7321.149983841225	6.426419567223755	66.68276203680784	2376.487145059833	0.08682539882993257				1.201629970849128	3.728665761812201	3.748605951842799	99.4680638539563		0.4939557026016539	1.160813327301353	-7.686832740213518	53.16238962679217	1.298584645255014	4	4.416666666666667		3.763666966288177				1.356552923772477	4.97776246	80.7256984380509						12.2446736003494	9.922226449577447	32.09734554540686									3.399999999999999	0.7505590342417281	879.1832471560485	194.082037913809	194.082037913809	867.8376194855242	781.6916697776803	12.8	2.825634011262977	16.1	3.554117779791714		
745	1823	34195.75734920624	2.946705494400518	29814.48090210062	2.946705494400533	17.41811791633673	2.841456812953041	27794.80956022699	2.937862659916988	24222.09008191639	2.937862659916988	1.951261840278477	2.946705494400533	0.533459755913534						1641.612210156796	1409.988729426038	340.1217078056599	417.2716200513471	472.2901221656826	16097.60579364113	11839.11	7487.793803969336	5.721922901566759	66.70138750064996	2419.743582874564	0.8458749449059327				1.220243832561389	3.574863801890934	3.736839027330289	95.66544814334496		0.4857911455338579	1.200193270555987	3.392444101773336	50.568175360487	1.442776056177983	4	4		3.780239142980547				1.433360250014382	4.799583165	90.07043398695907						13.2528693619287	10.83741038818133	30.18801763843012									4.200000000000003	0.8892838962502405	882.5711021146919	186.870540096767	186.870540096767	879.1832471560485	767.372331071948	4.199999999999989	0.8892838962502375	8.4	1.77856779250048		
746	1824	36070.86319101093	5.483445863345423	31449.34182180477	5.483445863345437	18.35344833366563	5.369870739315886	29316.88244599539	5.476104747076263	25548.51710673331	5.476104747076278	2.058258226942265	5.483445863345423	3.67360579165662						1817.983769925708	1476.963194073775	366.0435063450819	448.7600212269412	506.0795239938633	16335.27122258955	12016.61	7673.72527031055	4.746283650587231	66.72001816685462	2463.787367431868	3.258641445578884				1.244106687579283	3.478108764158443	3.512505199179563	99.02074351294473		0.4905014669191247	1.250313198334611	4.17598806860552	49.01176821022479	1.504959371734002	4	4		3.211243997272128				1.719128684414413	4.86730524	103.297396642419						13.08509670350483	11.31998025511237	34.20353573145338									4.200000000000003	0.8299090954825772	872.8451091458103	172.4719273875215	172.4719273875215	882.5711021146919	853.906464257669	8.29999999999999	1.640058450596518	12.8	2.529246767184995		
747	1825	36884.88457382244	2.256728314210037	32159.06802333013	2.256728314210022	18.75454936292774	2.185425986278418	29973.10788968336	2.238387539660138	26120.39193021837	2.238387539660167	2.104707523129228	2.256728314210008	3.72330703177692						1709.447425452531	1847.08523554811	404.9688432286736	495.937518099916	556.4794362492062	16562.18259027364	12207.69	7791.578115250724	4.710140904092172	66.7386540368749	2508.632829890856	0.597281667754575				1.344554886995329	3.795645408256319	4.037453793474886	94.01086928575221		0.4980379811355518	1.317438101609555	5.368647100930573	47.22925777154727	1.669714374137871	5	4.083333333333333		3.387168687204829				1.616342409590687	4.82957475	105.2965382526043						12.39989601744393	10.75929867103351	41.20017082447664									3.600000000000001	0.6469241746406288	859.9031656584893	154.5255960318005	154.5255960318005	872.8451091458103	813.4208519457782	-8.500000000000028	-1.527459856790378	-3	-0.5391034788671906		
748	1826	34915.2618124045	-5.339918463011259	30441.80001241997	-5.339918463011259	17.75374571070921	-5.33632471168211	28361.31596575282	-5.377460121462136	24715.77827060127	-5.377460121462121	1.992317857509264	-5.339918463011244	-3.93217069728323						1648.395731686369	1547.462630545077	354.0700230341393	434.6486993051451	490.9618212105468	16780.34313722228	12373.75	7589.196724323932	8.398599369342689	66.75729511216433	2554.294562264098	-4.502443144742408				1.244867363849254	3.242580145891063	3.300099649157991	98.2570373812317		0.4974099382841828	1.26015818414827	-4.347826086956502	49.313777345323	1.477992745780005	5	5		3.807513153509211				1.486827793437587	4.92038547	102.6122412060966						12.17139010399266	10.06802130867228	43.1524099174999									-0.8999999999999986	-0.1833136429592226	860.1874573142638	175.2045515867875	175.2045515867875	859.9031656584893	747.9021511051608	1.29999999999999	0.2647863731633199	6.4	1.303563683265585		
749	1827	37604.80480704668	7.703058361964352	32786.74963380915	7.703058361964338	19.10160763569591	7.591986203641866	30543.58341156983	7.694521116199851	26617.53904866581	7.694521116199823	2.14578726482904	7.703058361964324	1.29582787916129						1919.736592869311	1787.160714547503	368.4581511267749	452.2182259363637	509.7835633962804	16998.7561466621	12527.84	7833.137965609035	6.591324153558949	66.7759413941768	2600.78742216564	5.03215476687134				1.202554376380179	3.157413839192311	3.333729855970581	94.71114864143853		0.4876752740879646	1.202878266686985	-4.545454545454547	50.6509895616975	1.466787435452088	4	4.5		3.584787704692068				1.519638162863039	4.9356882	97.4398281655449						14.98514112756463	11.09900572050991	43.64295101052315									-1.199999999999996	-0.2353940154534122	856.8881026395019	168.0886093954739	168.0886093954739	860.1874573142638	766.6512132954003	-1	-0.1961616795445109	3.6	0.7061820463602391		
750	1828	37720.21214138588	0.3068951824942872	32887.37058893178	0.3068951824942872	19.14947643421404	0.2506008888418165	30630.55120162438	0.2847334213627875	26693.32807828165	0.2847334213627875	2.152372582571376	0.3068951824942872	-0.615983676186937						1953.654200517179	1825.935404606719	368.0915546956011	451.9699753877114	509.6061793713463	17238.42494508006	12727.69	7810.057550135577	8.256226926164333	66.79459288436664	2648.126537645437	-0.2417453399271829				1.198216949824147	3.053238119008733	3.179698192248671	96.02289067722789		0.4870472312365955	1.214513249921308	0.967261904761898	50.1011503562407	1.424182629150341	4	4		3.510611479752754				1.521365024411747	4.9283408325	103.3667995042503						14.82553956359875	10.73049475162651	43.8842341035464									3	0.5886898788591655	851.6859849934572	167.1263064439491	167.1263064439491	856.8881026395019	780.8675351759116	-0.6000000000000014	-0.1177379757718334	3.5	0.6868048586690264		
