## Sheet: A1. Headline series (continued)
	A	B	C	D	E	F	G	H	I	J	K	L	M	N	O	P	Q	R	S	T	U	V	W	X	Y	Z	AA	AB	AC	AD	AE	AF	AG	AH	AI	AJ	AK	AL	AM	AN	AO	AP	AQ	AR	AS	AT	AU	AV	AW	AX	AY	AZ	BA	BB	BC	BD	BE	BF	BG	BH	BI	BJ	BK	BL	BM	BN	BO	BP	BQ	BR	BS	BT	BU	BV	BW	BX	BY	BZ	CA	CB	CC	CD	CE
715	1793	20860.44994597467	-1.621538811714146	18187.73832590446	-1.621538811714146	10.60074985979921	-1.621538811714146	17088.42216735777	-1.643657118528523	14891.89196273006	-1.643657118528509	1.19032895031244	-1.621538811714132	-0.443654653363223						573.2755770659179	659.5662180649487	171.2641346560874	207.7270967603709	201.5472241252912	10748.67594465713	8022.417	5399.262239848866	5.427047568704806	63.36926836004383	1526.190530944527	-2.216833783521821				0.9957939416376534	5.640115944623696	4.690528232084714	120.2447926023235		0.3683471323278704	0.9621236136075213	6.120434353405713	47.83054125152572	1.427014740551904	5	5		3.961365647574969				1.172441234947352	4.50894872	71.79284297218595						14.34501201823727	13.88567434281075	42.90480131439907									-3.612500000000001	-1.792383901925785	271.7216393810082	115.087580342091	134.8178525208034	267.2599204015465	225.5966663011295			-0.1769228057861328	-0.08778230836667307		
716	1794	20185.32003782257	-3.236411054893736	17599.10835208974	-3.236411054893736	10.25766601943504	-3.23641105489375	16531.65212044987	-3.258171184297154	14406.68863000372	-3.258171184297169	1.151805012574928	-3.236411054893722	-5.64422976087103						734.4821793599557	766.2606647319008	167.3332256887888	203.0020935024107	196.9627895210594	10850.47586615168	8100.997999999999	5315.730277877573	7.687637667080269	63.77634544878821	1551.516568283686	-3.377133660197429				1.005691726076338	5.6122362332012	4.359621464293278	128.732191066753		0.3846762464634623	0.9916585710484963	3.069767441860463	48.46319875493039	1.455582125124174	5	5		4.447187473593154				1.076432074708654	4.753164502916666	70.30674242693986						14.21621563125498	13.78439907290065	43.92272694075566									-12.46625	-6.329241188304301	287.6005190155714	124.3317373515413	146.0176918264152	273.6034629860599	215.3126750851183			-0.2458840942382813	-0.124837841115157		
717	1795	22377.81828570195	10.86184535975227	19510.69628598898	10.86184535975228	11.37183783998592	10.86184535975224	18323.17225273217	10.83690921650937	15967.92839794241	10.83690921650937	1.276912291886692	10.86184535975227	2.70161021114324						717.4828291259203	775.3438974887903	203.9351389796608	247.473019647839	240.1107074319876	10978.22330505128	8169.106	5517.43462428067	4.894929479466429	64.18603755519761	1577.262873049678	7.549345459936404				1.105885374920392	5.93811390581556	5.105018015623322	116.3191567129174		0.4123101319236947	1.147388346646365	15.70397111913357	44.89442860420117	1.697912352875158	5	5		4.521009429620968				1.056100710975777	4.525396656666667	67.71269464263766						16.66035330793196	16.13917641672545	44.02360903377891									-20.7025	-8.622064472432607	339.4865899489434	121.3423413689411	141.3875264371975	293.1723537707722	224.0581485064847			-6.79812890625	-2.831247710256986		
718	1796	22779.40530349523	1.79457627489036	19860.83061260325	1.79457627489036	11.57591414388131	1.79457627489036	18647.79921950295	1.77167448023296	16250.82811039062	1.77167448023296	1.299827456928049	1.794576274890346	2.52073353344049						874.2095066765273	797.0381236673829	213.5537214352445	259.2038354491475	251.4925319428565	11093.80539276563	8256.325	5574.835407695055	4.799313124110777	64.59836147785288	1603.436419279062	0.1174501173525861				1.137886753388491	5.972020405040138	5.402961317321322	110.5323553935963		0.4311514174647623	1.175133306666675	2.41809672386897	45.83756709495034	1.716136374067813	5	5		4.882841733091397				1.071913999618004	4.28628728	62.4040635053196						12.21335765935643	11.71188885206343	43.35186112680217									-26.303	-10.45875986726179	380.5120606930834	129.9898498336063	151.3015347825686	335.4479651501238	262.6885563374362			-1.545234985351563	-0.6144257936464956		
719	1797	22614.07057901146	-0.7258079053468691	19716.67913394943	-0.7258079053468691	11.49189524390886	-0.7258079053468833	18508.28614064376	-0.7481476887271583	16129.24791548371	-0.7481476887271583	1.290393206489796	-0.7258079053468549	-0.130883628239225						871.8486998097317	702.5189393024189	214.0328150424356	259.8354472251651	252.1053532943629	11242.65973042711	8333.74	5579.831554335279	5.497424569334974	65.01333412324706	1630.044296737518	-1.838398145665551				1.148999010670477	6.031551835335457	5.333764619087198	113.0824523780293		0.4383739102555048	1.057888475613107	-9.977151561309995	51.77065852534007	1.568866581186626	5	5		5.906600656808311				0.8618233787780059	4.436509425000001	60.41041327555451						11.1433821764056	10.77378887994068	42.43493021982543									-32.32075	-12.82033466471523	410.0077608030377	139.7210493973282	162.6335004177024	384.0430139886288	249.1107207553384			11.9141796875	4.725873342954674		
720	1798	22831.42121088831	0.9611300677489538	19906.1820654674	0.9611300677489396	11.60234730445227	0.9611300677489396	18681.96892631011	0.9384055570922953	16280.6056742398	0.9384055570922811	1.302795563589559	0.9611300677489396	-1.05237723791643						940.2167165163844	934.1223681312806	225.610594611251	273.9399757554774	265.790272677604	11376.89440587802	8435.048	5654.628380039456	5.239742577969051	65.43097250647864	1657.093712840305	-0.8942118607838876				1.199837597603584	6.169905417531933	5.590615671777223	110.3618238091218		0.4531329172626744	1.072208454978428	1.353637901861248	52.79894691842044	1.594601854357335	5	5		5.931449171845078				0.8403624833599908	4.388216175	62.64473478563146						12.79410309679269	12.15985553065061	43.02600731284869									-19.26599999999999	-7.248572269373115	450.4936833094841	146.0609134506149	169.4921634155965	419.2046679129312	252.4118258588702			7.84098388671875	2.950064277269334		
721	1799	23431.45953323152	2.628125147360763	20429.34144220936	2.628125147360763	11.90727151164472	2.628125147360734	19168.63799545384	2.605020225991026	16704.71874496759	2.605020225991012	1.337034661414957	2.628125147360777	-0.285204602551536						929.7698411821779	939.9888552167881	249.6606508937743	303.20295097657	294.1826755823731	11514.92837136326	8525.74	5696.997847092787	5.424618508578911	65.85129375194919	1684.591994604576	1.123830202062564				1.293999422215054	6.354759598275468	5.67271004820382	112.0233458836418		0.4751144170605865	1.296853131271906	20.95158597662774	45.77056675007975	1.841364952128153	5	5		5.08889366855458				0.9826819261903309	4.132357275	71.35197374482522						12.69081553509076	12.04870406700401	42.34034140587195									-14.436	-4.907155042839299	468.6463547923695	137.9532800628021	159.3045388769487	460.3087294991428	314.7594486134089			6.31223095703125	2.145684121111266		
722	1800	24573.50606228874	4.873988013582846	21425.06509535656	4.873988013582832	12.48763049786704	4.873988013582846	20098.38827602678	4.850372158905856	17514.95977219703	4.850372158905856	1.40220157054977	4.873988013582832	2.71867547225322						1028.047220080351	1036.636720121555	284.911424605139	346.1119173379656	335.8151019489782	11595.505989822	8619.513	5818.985073595128	4.325218423533491	66.27431509406574	1712.546590634075	2.543157269654546				1.408475927125107	6.294856228594553	5.781970867330859	108.8704245149623		0.5024342810951344	1.686177570266577	30.0207039337474	37.22672505426603	2.230964972760323	5	5		4.702937332726915				1.104670056937695	4.548144465	100.009341920968						12.80449081216234	12.00964366696215	41.40593949889521									-19.406	-5.778775250836824	496.6031219334998	128.4740901546141	147.8799253075137	471.4771881257029	358.7255463014017			4.020964111328125	1.19737441466794		
723	1801	24794.42620006955	0.8990175729129675	21617.68019557186	0.8990175729129675	12.59989649048331	0.8990175729129817	20274.50878374163	0.8762916971055006	17668.44191043216	0.8762916971055148	1.414807609076674	0.8990175729129817	1.95128191279454						1014.392445597641	1079.446294714612	303.9795321903081	369.3623379540501	411.8978538543944	11683.62634362155	8671.439	5842.956227655701	4.451798073008589	66.29282647274505	1737.499659324542	0.02879887790245694				1.48969907580686	6.466337417179069	5.808042710628512	111.3341919016178		0.5033763453721878	1.594887701812654	-5.414012738853529	39.43134310240819	2.300536405016067	5	5		4.90085857628691				1.105799588622832	4.3808890575	89.93378601442033						12.26246045684613	11.4660515896795	40.52940659191847									-26.4	-6.409356046155167	543.4132988897065	131.9291406363585	151.6330890406319	498.1633719334998	365.0999039385206			2.80989794921875	0.7840689707070518		
724	1802	25082.05001336709	1.160034158389763	21868.45267009195	1.160034158389763	12.75620538555796	1.240556977533217	20500.23317244708	1.11334085137716	17865.15189202284	1.11334085137716	1.431219860617461	1.160034158389763	1.52881509775949						1166.073644792134	1078.388134870862	262.4502863508335	319.8058313698263	359.8624695025721	11788.06971707065	8730.845	5858.840372874596	4.797529126943925	66.31134302192126	1762.816312655854	0.3467646321844549				1.275038647954974	6.265354645929774	4.907300810045885	127.6741509936333		0.493327659750285	1.230623226707295	-22.83950617283951	50.08287302432483	1.805532586134485	5	5		4.225476146669907				1.214233442448344	4.4849993175	84.30736781491058						10.21363634661993	9.525170106643847	39.52365968494172									-13.59999999999999	-3.779221550610403	561.3133907318697	155.9799752132412	181.3861422526941	547.2417988897065	438.6675386778025			13.8300595703125	4.469127574728117		
725	1803	24557.00680767266	-2.093302602517014	21410.67978121871	-2.093302602517014	12.49917567791561	-2.014938611237412	20061.75349891848	-2.138900908297643	17483.03399593561	-2.138900908297643	1.401260098027415	-2.093302602517028	-2.1004964110925						921.5422123480797	998.9000570353228	258.6337157754577	315.4398529976345	355.8019864570672	11928.78411837713	8831.874	5790.963645796772	6.840758572052305	66.32986474303857	1788.501848324753	-2.080641545439302				1.28452077025559	6.182170778425653	5.170038818109533	119.5768735192247		0.5024342810951343	1.213618251210976	-1.38181818181819	51.72208702229882	1.826465583450373	5	5		5.144703628123838				1.031251272152249	4.540404	79.79205153423261						11.90097967788056	11.27309869416018	38.67014777796498									-10.6	-2.979185165757654	572.8104854863172	160.9913680331392	187.7988323834548	563.1011407318698	417.4368562322418			3.1412451171875	1.02987319573453		
726	1804	24534.63291073985	-0.09111003270082563	21391.17250386858	-0.09111003270082563	12.4928711543732	-0.05043951461171048	20036.49944422349	-0.1258815920370182	17461.02607440516	-0.1258815920370182	1.399983409493879	-0.09111003270081142	-3.68416883223048						955.6638552661308	1005.543904387889	275.2215101798179	335.585823145371	377.9459340456373	12096.7740147569	8945.472	5805.552992009695	7.631052346584083	66.34839163754157	1814.561641219359	-0.8812308850082065				1.367804541304023	6.323172468137156	5.30727696017514	119.1415581961355		0.5256718665957842	1.297748129982238	6.932153392330392	50.60613840678666	1.836070135160015	5	5		5.253947330648836				1.005272353293484	4.551661200000001	81.94602734932045						12.85807852576705	12.05317071977114	36.66979487098823									-12.59999999999999	-3.333810173620901	595.6062951614443	157.5903433557045	183.4652180982268	573.1024854863172	395.4078746149172			7.2017470703125	2.218361537943461		
