## Sheet: A1. Headline series (continued)
	A	B	C	D	E	F	G	H	I	J	K	L	M	N	O	P	Q	R	S	T	U	V	W	X	Y	Z	AA	AB	AC	AD	AE	AF	AG	AH	AI	AJ	AK	AL	AM	AN	AO	AP	AQ	AR	AS	AT	AU	AV	AW	AX	AY	AZ	BA	BB	BC	BD	BE	BF	BG	BH	BI	BJ	BK	BL	BM	BN	BO	BP	BQ	BR	BS	BT	BU	BV	BW	BX	BY	BZ	CA	CB	CC	CD	CE
674	1752	13868.9336822823	4.925235331642327	12091.99884594758	4.925235331642313	7.04783919660316	4.925235331642327	11465.87585714112	4.901860589635533	9992.062628741909	4.901860589635533	0.7913824157551071	4.925235331642313	1.34081666029117						385.5178996305519	304.5234056585379	88.47380388375414	106.3366073827392	103.1730976609918	7754.336920171932	5960.981			51.91443462275274						0.7667251846375565					0.2490444517644532	0.6988844010909272	6.410256410256437	44.51951246459286	1.003175056965385	5	5		2.859999999999999				1.201808748861531								19.41289306068446	19.2244930404353	17.46560823532933									0.3127500000000001	0.3031313463395665	81.10897965382408	69.17529626414427	78.61446587591428	81.64858972490238	103.1187306219223						
675	1753	13992.01683939885	0.8874738313428594	12199.31217139164	0.8874738313428594	7.110386925148138	0.8874738313428594	11565.05494885738	0.8649935944884248	10078.4933304378	0.864993594488439	0.7984057276007828	0.8874738313428736	1.17641295435905						403.5823552951558	332.9337525421332	87.69565289979042	105.4242861310994	102.2879179292853	7820.612916458381	6007.521			51.8370867615676						0.7534602576681063					0.2490444517644532	0.6904641071018799	-1.204819277108442	45.06243334830739	1.003175056965385	5	5		2.871551971115587				1.215362974133482								17.19730716457707	17.11737232173028	17.57443203532933									1.23875	1.211042345056222	78.9609208940572	67.69530901238325	77.19476795748767	79.70414944058922	101.3627514600909						
676	1754	13599.98924022246	-2.801794792531368	11857.51247824895	-2.801794792531368	6.911168474550506	-2.801794792531368	11238.52050332797	-2.823457795690587	9793.931324811398	-2.823457795690587	0.7760360375015918	-2.801794792531368	-2.77823927168209						388.5835827999098	312.3980126751866	84.53103639408185	101.6428401287097	98.61896979085097	7879.538442514207	6052.434			51.75985414177291						0.7473744157686341					0.2490444517644532	0.6820438131128326	-1.219512195121951	45.61875968594082	1.102254074937274	5	5		2.898700824472682				1.180347853443515								16.99706363457558	16.92212833939913	17.00211856866266									0.5524999999999998	0.5602370428039657	76.75378917553597	68.0176232882948	77.82862601212909	76.79123525446113	99.41778694080435						
677	1755	14012.19753087861	3.030945711611523	12216.90724421223	3.030945711611508	7.12064223905214	3.030945711611508	11576.57268491193	3.007977620220132	10088.53058720145	3.007977620220132	0.7995572685008062	3.030945711611523	-0.9911910456083269						364.7503684832882	338.6467027306823	85.51797964471824	102.8524470927675	99.79259099718638	7937.282094386689	6096.763			51.6827365916693						0.7340208191192854					0.2490444517644532	0.6483626371566433	-4.938271604938279	47.98856538391178	1.127023829430247	5	5		3.134095961966654				1.097892918476769								18.25226349097247	18.15092826670131	16.74895816866266									-0.7815000000000001	-0.7831242702396957	77.2326169601922	67.57426124081832	77.3931372945009	76.77345093876048	95.02382212811011						
678	1756	13774.80803131952	-1.694163239106217	12009.93289272509	-1.694163239106217	7.000006935849847	-1.694163239106231	11377.90910346495	-1.716082875771207	9915.40304137755	-1.716082875771193	0.7860114631822638	-1.694163239106203	-3.97902519151127						386.3749723445658	345.9422945255185	88.07887370961912	105.9558233465872	102.8036419343457	8003.891682956028	6148.555			51.60573393981324						0.7691999997798693					0.2490444517644532	0.6988844010909272	7.792207792207805	44.51951246459286	1.151793583923219	5	5		3.364648330771146				1.010919908419372								18.94680734472319	18.8369412178647	16.87793636866266									-2.7485	-2.673543415665465	79.63072026340427	67.63893162625425	77.45904596868218	78.6181150244874	93.21768357140921						
679	1757	14568.21822783809	5.759863910368921	12701.68868307269	5.759863910368921	7.403197809071184	5.759863910368907	12030.57748199471	5.736276960860991	10484.1780216166	5.736276960860977	0.8312846537814618	5.759863910368921	0.277994249337426						406.7469314699768	357.1751898286792	99.4466560900731	119.6581912244908	116.0983649281438	8042.966416936331	6177.649			51.52884601501662						0.8213646264293224					0.2334791735291749	0.8925511628390155	27.71084337349397	32.68089210991634	1.164178461169705	5	5		3.344175692653101				1.026733197061599								19.26560462205828	19.17594461376478	16.83093083532932									-3.74725	-3.227650968486306	83.97131756791033	63.41111071451995	72.32773486507091	82.68053598015486	96.51005313053442						
680	1758	14770.86368731425	1.391010597911873	12878.370518768	1.391010597911873	7.506177075179745	1.391010597911887	12195.20305750924	1.368392961692109	10627.64277575567	1.368392961692109	0.8428479114143769	1.391010597911873	0.309106468879016						415.9439809780507	324.8275394367595	100.0030018465851	120.3544890914847	116.7739479620649	8069.601414292331	6196.146			51.45207264634638						0.8148100993907994					0.2334791735291749	0.8420293989047315	-5.660377358490578	34.64174563651132	1.250872601895109	5	5		3.247981973031045				1.038028410613175								16.26732929923815	16.18292220686407	17.81920016866266									-5.747249999999999	-4.921688527536165	89.75594204769257	67.28292513989575	76.8629849500769	87.84966233117673	105.9064735008252						
681	1759	15004.52513865673	1.58190784431352	13082.09447222415	1.58190784431352	7.624917879140078	1.581907844313534	12385.35585483332	1.559242567978316	10793.35350588793	1.559242567978302	0.8561809886406735	1.581907844313506	0.571592232055562						459.7865467333849	344.4368549488063	94.80503313956753	114.1217430897803	110.7266258990668	8103.874414712132	6221.833			51.37541366312416						0.760582171279544					0.2490444517644532	0.7325655770471163	-13	42.47263832828974	1.250872601895109	5	5		3.630410654234559				0.9476668571502653								15.68197010553831	15.57644849104875	19.83321343532932									-7.61675	-6.878878443332201	98.69620224110771	77.7196942020328	89.1350218971492	95.47478119724009	104.7058625902906						
682	1760	15440.56162905603	2.906033255767113	13462.26448813785	2.906033255767099	7.84650052843282	2.906033255767099	12742.43401336575	2.883067412173517	11104.53316349687	2.883067412173517	0.8810618929001272	2.906033255767127	2.22364289710703						484.4109050937117	379.5637784054256	98.07950547469264	118.0880175703418	114.5749038760046	8157.051622332958	6262.599	4474.874178938803	3.626304108736385	51.29886889492587	1106.158498230569					0.764790947423337					0.241261812646814	0.6736235191237852	-8.045977011494259	44.74558811382712	1.263257479141595	5	5		3.680056571528462				0.9375011752838267								16.86361028052278	16.75232561507556	20.29319843532932									-9.468999999999998	-8.264462530335223	111.6199005843792	84.99087127566838	97.42089830175784	107.8064653727106	108.9146920405269						
683	1761	16055.19760446663	3.980658153353602	13998.15121711094	3.980658153353602	8.158842891470814	3.980658153353602	13246.70912450196	3.957447302511198	11543.98921163214	3.957447302511213	0.9161339549759476	3.980658153353602	5.05271659229398						490.2785567511926	329.8070703443462	99.81501508896703	120.2041451348066	116.6280767319507	8217.836337217377	6310.339	4531.326616460548	3.114833412953165	51.62840708821821	1111.377182833546	2.667767193158086				0.7486930282400586					0.241261812646814	0.6652032251347378	-1.25	45.31198796336923	1.250872601895109	5	5		3.919992407224912				0.9024860545938599								16.87826877788639	16.57087095085134	20.54081396866265									-11.28375	-9.674985917785243	126.4672688309424	94.5459714749808	108.4363837376873	122.968206219385	106.9191034205819						
684	1762	15608.59774821525	-2.781652815827897	13608.77124961633	-2.781652815827897	7.93189220844124	-2.781652815827925	12875.35631070772	-2.803359010181339	11220.36974993349	-2.803359010181353	0.8906502890206036	-2.781652815827911	1.31796162521599						453.2925727079707	342.3910011650692	98.95159089658196	119.1907773705695	115.6448566172651	8254.930295639926	6338.572	4501.332941211605	4.199983826071744	51.96006219798799	1116.620488382824	-2.964026798376258				0.7636225834841454					0.241261812646814	0.6904641071018798	3.797468354430393	43.65423230617279	1.263257479141595	5	5		3.972056411977526				0.856175772002218								17.48089716576296	17.0499636073411	20.88909590199598									-9.91825	-8.576473083299465	138.4905986071022	104.1851077753811	119.7550869602846	136.6044566656146	118.2929682351391						
685	1763	15557.34900916877	-0.3283365993100915	13564.08867288745	-0.3283365993100915	7.905848903303101	-0.3283365993100915	12830.2158880676	-0.3505955217920871	11181.03163606171	-0.3505955217920871	0.8877259581498879	-0.3283365993100915	0.206887936945111						483.5208680445433	432.292764605142	103.9418070826593	125.2300103852038	121.5044226966461	8245.856114170492	6326.856	4471.757593646659	4.766476682463797	52.2938478230698	1121.888531036221	-0.5135804943800617				0.8049572604651287					0.2723923691173707	0.7073046950799744	2.439024390243901	48.11353560626572	1.263257479141596	5	5		3.35946924529922				1.061748317751565								16.50935368834904	16.39357291818848	21.70135490199598									-6.06375	-4.990559080420518	144.1976499135754	103.2624395371881	118.6768734119139	143.965024431565	148.9924513618677						
686	1764	15550.73386263085	-0.04252103963227682	13558.32108136709	-0.04252103963226261	7.902487254157663	-0.04252103963223419	12821.89564992155	-0.06484877743790207	11173.78087374078	-0.06484877743788786	0.8873484878433971	-0.0425210396322484	-0.529099584521056						536.0330539454812	401.1031446568471	104.9048060579801	126.4172895961273	122.65638039959	8291.959723401165	6361.342	4479.4629494566	5.119574128767443	52.62977764965558	1127.181427499562	-0.7152148600880114				0.8129345580269624					0.2646097299997315	0.7746670469923529	9.523809523809533	42.67461418990525	1.25087260189511	5	5		3.5254298067485				0.9838114578754689								16.25577442450267	16.08888152131028	21.89399303532932									-0.6209999999999996	-0.5062924553756644	144.8776206217497	102.6758094988833	118.1166606659737	144.959526359607	147.2473412525655						
687	1765	15424.64536098735	-0.8108202658299888	13448.38746633307	-0.8108202658299888	7.838412285996322	-0.8108202658299746	12715.09165210856	-0.8329813369963261	11080.70536442565	-0.8329813369963261	0.8801536864754269	-0.810820265830003	-1.99142744623509						480.3892562048766	423.8777433814684	105.135429554564	126.722506645817	122.9525172545312	8360.668321362336	6415.198	4503.37323040148	5.367631206965711	52.96786545185584	1132.499295029279	-1.695965138501327				0.821558639956344					0.2646097299997315	0.8167685169375896	5.43478260869567	40.47489180898229	1.226102847402137	5	5		3.368013936830307				1.093374843386118								15.6801625500182	15.50732226788744	22.20945393532931									-0.826249999999999	-0.6720073882582904	144.6107786324562	102.1213150414791	117.615142708375	144.6699034081776	152.4408116815711						
688	1766	15630.70139069384	1.335888280632034	13628.0428984298	1.33588828063202	7.943124717112567	1.33588828063202	12882.07164308387	1.313242527415227	11226.22189960887	1.313242527415227	0.8919115564246028	1.33588828063202	-1.30485506286804						464.2367319792272	444.413483248415	107.6196910898054	129.7483480983238	125.8883400475465	8404.488061283648	6448.732	4552.722946838862	4.831583427338673	53.30812509226445	1137.842251434991	0.1203898311310492				0.830086538378713					0.2646097299997315	0.8167685169375896	0	40.47489180898229	1.226102847402137	5	5		3.356882543111652				1.146462264438687								15.22047307185007	15.04055238843332	23.04362136866265									0.02899999999999991	0.02303628754581002	144.3589741704864	99.4525288548343	114.6722358210171	144.2754043052923	154.1377937076862						
