## Sheet: A1. Headline series (continued)
	A	B	C	D	E	F	G	H	I	J	K	L	M	N	O	P	Q	R	S	T	U	V	W	X	Y	Z	AA	AB	AC	AD	AE	AF	AG	AH	AI	AJ	AK	AL	AM	AN	AO	AP	AQ	AR	AS	AT	AU	AV	AW	AX	AY	AZ	BA	BB	BC	BD	BE	BF	BG	BH	BI	BJ	BK	BL	BM	BN	BO	BP	BQ	BR	BS	BT	BU	BV	BW	BX	BY	BZ	CA	CB	CC	CD	CE
626	1704	12260.28171203409	19.05017593015342	10689.45282378133	19.05017593015344	6.230363198135302	19.05017593015342	10244.36362071681	19.02393510016395	8927.562461445521	19.02393510016395	0.6995902916100059	19.05017593015344	12.7676726104155						182.1938803982951	205.7048078025542	77.9599811920552	92.71076561648692	89.95262413015233	6739.712137886238	5258.024			51.7235034404451						0.7561878902463277					0.2266916504230767	0.6601510487413095	4.255319148936167	42.90136227390123	1.263257479141595	4.5	4.5		6				0.9397601870042007								5.360350153153286	5.292364726927247	11.18661916866272									-0.2450000000000001	-0.2723655950775932	18.79908283334041	18.53636863588469	20.89887095026826								
627	1705	11636.51251237755	-5.087723221272128	10145.60305023888	-5.087723221272128	5.91337956293418	-5.087723221272128	9721.015119899535	-5.108648230319801	8471.484699748189	-5.108648230319815	0.6639970738899982	-5.087723221272128	7.73714040278388						182.7076329956185	179.638091251165	72.58741257645345	86.33986687893386	83.77125936954829	6753.543747768224	5243.873			51.76803864471172						0.741973738154758					0.225965772529584	0.5995249320201688	-9.18367346938777	47.08843841248015	1.263257479141595	4.5	4.5		5.999999999999999				0.8098654894105751								4.884218105512812	4.770962649901162	10.96409130199605									-0.7877500000000004	-0.9403583113450906	19.38841854681463	20.47419977384325	23.14447543552451								
628	1706	9854.314587010223	-15.3155674732583	8591.74636951059	-15.31556747325828	5.00771192602313	-15.31556747325828	8230.37116582504	-15.33424169892558	7172.446760401302	-15.33424169892558	0.5623021540179148	-15.31556747325828	-8.413537408254781						184.237669177867	156.8745240963746	59.69991560144474	71.02354086185463	68.91059342522354	6773.575380075861	5333.593			51.81261219488082						0.7207354731243972					0.2286802186570766	0.6803597543150229	13.48314606741572	41.99222233263308	1.21371797015565	4.5	4.5		6				0.7364467046251294								4.808651148167333	4.702095505535868	10.87794783532938									-1.875	-2.720916925544409	22.82380018173282	29.05662232363589	33.12088758385088								
629	1707	11071.25275458581	12.34929285878218	9652.76629036524	12.34929285878219	5.626128937291887	12.34929285878218	9244.724300442675	12.32451263959435	8056.415867955135	12.32451263959435	0.6317424937688275	12.34929285878216	3.85343947286074						190.369035516583	164.7105300982358	66.07286943751348	78.62406786826737	76.2850050639657	6804.473899561297	5324.293			51.85722412396917						0.7101641486389209					0.2285460491952003	0.5927886968289309	-12.87128712871286	48.16734185863984	1.176563338416192	4.5	4.5		6				0.8042178826347869								5.268448960152688	5.209313637567614	10.67496070199605									-3.0905	-4.051254892633993	25.18698465239875	29.02606776837532	33.01695350387566								
630	1708	11784.40644790694	6.441490490095973	10274.54831299031	6.441490490095987	5.988535497748082	6.441490490095958	9838.051458619257	6.418008140579929	8573.477294199469	6.418008140579943	0.6724361264268418	6.441490490096001	10.8180229978979						194.4566130757269	181.3861684864331	72.65053946270046	86.47241659353531	83.89986573556004	6834.307200054714	5315.379			51.90187446502196						0.7337867798075981					0.2335571826791394	0.6197336375938822	4.545454545454533	47.08331521918906	1.201333092909164	4.5	4.5		6				0.8855432859163958								5.192300666559195	5.039675645680019	10.53269956866272									-2.889	-3.443390492549416	27.95342104460195	29.33652322316868	33.31759925898689								
631	1709	10209.25032365696	-13.36644430258721	8901.206535392044	-13.36644430258721	5.188081235900921	-13.3664443025872	8521.173080732857	-13.38556098659825	7425.869262312245	-13.38556098659825	0.582555326117523	-13.36644430258723	-2.79954701292056						194.9181137678883	174.1291777063842	68.66959479455319	81.75129550149703	79.3191978029728	6856.886590734722	5309.902			51.94656325111283						0.8007570870513597					0.2140112044141215	0.7207771654624499	16.30434782608694	37.09491392030773	1.238487724648623	4.5	4.5		6.000000000000001				0.8787661474554698								7.097552308326301	6.773749631090919	10.57138816866272									-4.0965	-5.164575680878189	30.88453664760716	34.12089127627121	38.93702596983354								
632	1710	9281.871092879133	-9.08371527171687	8092.646277969578	-9.083715271716855	4.716810708366313	-9.083715271716855	7745.424109328458	-9.10378141665069	6749.834356385088	-9.10378141665069	0.5296376589927857	-9.083715271716855	-11.7802141030034						192.67653897739	154.8286703126374	64.37262369403486	76.65168652909091	74.37130198898305	6883.35379278082	5389.87			51.99129051534389						0.8258214939862347					0.2166951507675831	0.8218206933310176	14.01869158878506	32.94207838302044	1.31279698812754	4.5	4.5		8.3				0.8087359577254374								7.590860746526472	7.358448527448526	10.52624690199605									-5.884499999999999	-7.912326183117913	31.74619349989498	37.20930130674791	42.68608004818537								
633	1711	10120.24098945795	9.032337210780724	8823.601379071486	9.032337210780724	5.142848957140172	9.03233721078071	8443.152621038458	9.00826735710531	7357.877481370005	9.00826735710531	0.5774763183482989	9.03233721078071	-2.94661045808832						196.5663305256076	180.8843552941956	65.13313035286386	77.57430557910767	75.26647315998585	6883.979613265916	5382.325			52.03605629084579						0.7665262680989042					0.224675612279784	0.9093917508171097	10.65573770491804	30.86624503557606	1.349951619866999	4.5	4.5		8.700000000000001				0.731928629534479								9.140520342420567	8.91612867174973	10.64875043532939									-8.003499999999999	-10.63355258188838	35.36842151781261	40.87803899544645	46.99093770825924								
634	1712	10110.92366270492	-0.0920662537852337	8815.477819832833	-0.09206625378521949	5.138114128767501	-0.0920662537852337	8433.516730871692	-0.1141266846551616	7349.480179739528	-0.1141266846551616	0.5769446575354988	-0.09206625378521949	-3.26232920235951						211.185736761216	201.4305329956869	63.51599758236826	75.66334838883132	73.41236686798504	6879.809084697306	5313.727			52.08086061077765						0.7483327034494641					0.2257120657495024	0.6803597543150228	-25.18518518518518	41.44718464837668	1.21371797015565	4.5	4.5		8.7				0.7612961434486574								10.68980887175785	10.32886461591213	10.53392550199605									-1.7325	-2.359956603926823	45.89391768052385	54.19415697378668	62.51524046766305								
635	1713	9676.896991220276	-4.29265105705025	8437.060118015748	-4.29265105705025	4.917552818306514	-4.292651057050264	8069.712644670535	-4.313788634217303	7032.439139071872	-4.313788634217303	0.5521784365952063	-4.292651057050264	-8.30090722287418						227.1901978840328	224.310496930126	62.41227675939158	74.36491375006148	72.15256060662823	6894.065365544102	5310.003			52.12570350832718						0.7684789227118136					0.2264243881483515	0.6534148135500715	-3.96039603960395	43.29254357553688	1.188948215662678	4.5	4.5		5.900000000000001				0.8561757720022175								9.574833990652973	9.297288779567657	10.85250983532939									-0.6424999999999998	-0.8904742875348172	49.32952109436566	59.16303290933355	68.36835821157823								
636	1714	10644.65651352046	10.00072154512155	9280.827007013006	10.00072154512154	5.409343582499626	10.00072154512158	8874.781217675367	9.976421818892419	7734.024931742569	9.976421818892419	0.6074002644712984	10.00072154512154	0.15905923707154						263.8465385757108	228.8654166750503	69.46161551203986	82.78519828421315	80.3223420201773	6920.761182438871	5393.804			52.17058501671065						0.7777160134670608					0.2322927277152583	0.6938322246974985	6.185567010309271	41.82731848525052	1.127023829430247	4.5	4.5		6.500000000000001				0.8844137542312579								12.02545736831788	11.67717484240721	11.92259916866272									-0.7882499999999999	-0.9813583371386111	50.42535685752864	54.53345507345594	62.77874323542706								
637	1715	10345.93333133758	-2.806320540295985	9020.377252405862	-2.806320540295985	5.257540062448755	-2.806320540295999	8623.820521024141	-2.827795868943824	7515.322494219668	-2.827795868943824	0.5903546660876281	-2.806320540295999	-4.08496086587735						228.2120922738188	217.7483244162521	64.71963334746941	77.14920526651116	74.85401956430758	6931.369657169617	5397.73			52.21550516917294						0.7456959444425192					0.2372340205533994	0.7005684598887364	0.9708737864077648	42.30632136569161	1.065099443197815	4.5	4.5		5				0.9442782620948512								8.915505613287246	8.592984189731126	13.43351650199605									-0.88425	-1.181299287796209	53.9397026292833	62.33522038926407	72.05986123823764								
638	1716	10737.30356713036	3.782841269693193	9361.603805791887	3.782841269693179	5.456424457701719	3.782841269693179	8948.067977550234	3.759904971765181	7797.891478324021	3.759904971765181	0.6126868460339503	3.782841269693193	-2.00068483691721						232.3985628384259	223.8858857674636	67.42005413472535	80.3859384909518	77.9944601076646	6974.287282928869	5428.306			52.26046399898755						0.7486603874834438					0.2341542337402256	0.6668872839325471	-4.807692307692292	43.8660424168039	1.102254074937274	4	4.291666666666667		5.000000000000001				0.9984952148325577								11.80806978961115	11.3025558330477	14.06587676866272									-0.9632499999999997	-1.235023614075047	54.92999014670157	61.02733848572378	70.42806639199178								
639	1717	11342.67957701166	5.638063654403055	9889.41698743545	5.638063654403027	5.764061141881358	5.638063654403041	9450.476240733471	5.614712186404105	8235.720641440048	5.61471218640412	0.6472305204154987	5.638063654403012	1.75328786292378						263.6157882296301	245.0006408562227	72.17859508126165	86.07811926124253	83.51729873278094	7022.230098789508	5437.161			52.30546153945661						0.7588869867724911					0.2387519189769391	0.6399423431675958	-4.040404040404027	46.61062214497571	1.11463895218376	4	4		4.5				1.123871888985434								11.11343994696979	10.48397662353424	13.98577796866272									0.4057500000000003	0.4858274946106961	56.93985881173	59.27195110974483	68.17732335179183								
640	1718	11983.21817647716	5.647154141281419	10447.88760839	5.647154141281419	6.089566559361105	5.647154141281419	9981.951698321429	5.623795500349402	8698.8807282947	5.623795500349402	0.6837806255527799	5.647154141281419	5.56928194799019						209.6861359170535	257.4301676177956	75.86261514634619	90.4934999607048	87.8013220369702	7070.234675670342	5491.429			52.35049782391096						0.7551685918423978					0.2376005939517525	0.6264698727851201	-2.105263157894726	47.3833986064868	1.127023829430246	4	4		4.5				1.199549685491254								9.836333638172686	9.463416568474887	14.15251896032939									-0.2295000000000003	-0.2613855858609572	56.79854666783851	56.32323148823401	64.68985358093188								
641	1719	11772.10683569948	-1.761724919538551	10263.82456882761	-1.761724919538565	5.982285147792953	-1.761724919538551	9803.928555111484	-1.783450256926017	8543.740517596241	-1.783450256926002	0.6717342918774398	-1.76172491953858	2.30219496959389						225.3112307802328	207.1716463644788	73.0995828683399	87.21616726641497	84.62148985633199	7118.301304736986	5530.415			52.39557288571013						0.7408713536469762					0.2305193830012212	0.6534148135500716	4.301075268817215	44.07551021865886	1.139408706676732	5	4.666666666666667		4				1.189384003624816								9.4839220537682	9.097153943183484	14.56271801866272									-0.0142500000000001	-0.01683969405903081	58.23241779154308	59.78559720374204	68.81516490717482								
