## Sheet: A1. Headline series (continued)
	A	B	C	D	E	F	G	H	I	J	K	L	M	N	O	P	Q	R	S	T	U	V	W	X	Y	Z	AA	AB	AC	AD	AE	AF	AG	AH	AI	AJ	AK	AL	AM	AN	AO	AP	AQ	AR	AS	AT	AU	AV	AW	AX	AY	AZ	BA	BB	BC	BD	BE	BF	BG	BH	BI	BJ	BK	BL	BM	BN	BO	BP	BQ	BR	BS	BT	BU	BV	BW	BX	BY	BZ	CA	CB	CC	CD	CE
689	1767	15738.35903695428	0.6887576159860913	13721.90708180258	0.6887576159860913	7.997833593548953	0.6887576159860913	12967.89863206401	0.6662514489757712	11301.01676568025	0.6662514489757712	0.8980546651973375	0.6887576159860913	-1.27136964872812						457.1164355858797	466.0686525441989	111.7159682960852	134.7188493507138	130.7109690909116	8432.198303371832	6467.03	4579.211144925405	4.589340277733559	53.65057052252703	1143.210415082133	-0.2246195496183095				0.8559904436948517					0.2646097299997315	0.9430729267732993	15.46391752577321	35.05414737027931	1.226102847402137	5	5		3.365915347170243				1.241341892992247								14.80511874065868	14.64789130540424	23.86742763532931									0.4187500000000002	0.3203633198593707	144.3502671983061	95.73770681076137	110.4347004710127	144.6296837660688	152.6150576621319						
690	1768	15883.31607202439	0.9210428782933775	13848.29172974556	0.9210428782933775	8.071497070280092	0.9210428782933917	13084.41257488767	0.8984797470236856	11402.55411252764	0.8984797470236714	0.9063261337343189	0.9210428782933775	-1.02371179137615						498.4207475343262	458.5414546606376	108.9870393953786	131.4554019127447	127.5446090807864	8461.294514032117	6486.827	4605.171406162061	4.378571535771663	53.995215783913	1148.60390489458	0.01641994267465721				0.8276319712876571					0.287957647352649	0.9178120448061574	-2.678571428571431	39.19708221868253	1.213717970155651	5	5		3.297956268595375				1.303465464226116								14.84460125393288	14.6983707888202	24.44233383532931									1.129	0.8851804934263386	142.9143833725033	96.86279578962353	112.0505087611988	143.5660174950181	158.5189925140122						
691	1769	16780.86849974286	5.650913346107558	14630.84669530966	5.650913346107558	8.52761037545523	5.650913346107572	13820.71008366081	5.627287465593085	12044.20861085937	5.627287465593071	0.9575418381847722	5.650913346107572	3.79204004952554						442.9747358046478	459.6994851042625	110.7592465295362	133.6209583697193	129.6457403217112	8521.707446089576	6530.999	4692.379547123223	3.205378394839545	54.34207500789134	1154.022840357253	3.966470679709214				0.7962696231828933					0.287957647352649	0.7915076349704476	-13.76146788990826	45.45193576421698	1.139408706676733	5	5		3.394925124423238				1.258284713319612								15.02739538471929	14.8668846739156	24.84825590199598									1.383	1.066753135558589	140.8918250456599	93.91106312452791	108.6744729877294	140.931481004959	144.9820696120943						
692	1770	16322.37246570469	-2.732254495917161	14231.09472868632	-2.732254495917161	8.294614357577556	-2.732254495917175	13440.08626574444	-2.754010579864087	11712.5098314554	-2.754010579864101	0.931379358260681	-2.732254495917161	0.348093531201315						470.3021696476343	471.5885976588106	108.4896552053365	130.9112566631826	127.0166521301497	8585.97020588837	6579.743	4699.861677861809	3.737789591806294	54.69116241670999	1159.467341518789	-3.397390555189029				0.8020357147114686					0.287957647352649	0.8251888109266369	4.255319148936167	43.59675471261628	1.164178461169706	5	5		3.617475490765912				1.165664096486426								14.86248433052734	14.66940084785531	24.92116936866265									0.8570000000000002	0.674714681600851	140.3788601997078	95.26024895997011	110.5200442977086	140.6968571677623	140.7035175879397						
693	1771	16627.29627495579	1.868134120157933	14496.9506649849	1.868134120157947	8.449568878526984	1.868134120157961	13688.10208586284	1.84534395996053	11928.64592418995	1.84534395996053	0.9487787738404568	1.868134120157947	1.51116861363499						564.481275183717	494.9422116052442	115.4819210637725	139.3827756476338	135.2361437711969	8645.359078437872	6623.359	4738.578334953328	3.565501858555971	55.04249232397902	1170.326212670346	0.6191988889607654				0.8382768511653556					0.2910978616094936	0.8744137399949287	5.965292841648591	41.59114895859385	1.164178461169706	5	5		3.44035597937563				1.187124991904442								16.45159365891035	15.89167236666738	25.47252090199597									0.7377500000000001	0.5455272380793286	139.1942756770097	88.80306202872656	102.9268299105819	139.2408692955444	141.6189609464646						
694	1772	16202.55259263774	-2.55449638530709	14126.62658426811	-2.55449638530709	8.23372494695098	-2.554496385307075	13335.45524033512	-2.576301983398707	11621.32798265243	-2.576301983398693	0.9245422543581413	-2.554496385307118	-1.80287961396086						532.6706917597339	513.5865017476036	116.1127710270161	140.1760400965505	136.0058086351932	8714.826752963714	6673.919	4727.07972749287	4.260125206820672	55.39607913525752	1181.286781453629	-3.176628476540401				0.8651478789844813	5.0573315333436	4.240786706272533	119.2545601471378		0.2936100330149692	0.9164786793805598	4.810644831115653	40.02463699468493	1.213717970155651	5	5		3.389262608930096				1.211974379078069								14.36648101385398	14.02282305628041	26.24199536866264									0.3584999999999998	0.2635916830299507	138.8630134888506	87.96502447385194	102.1007961956399	138.8704948214057	150.6858958534079			2.7932041015625	2.053738828945666		
695	1773	16491.44734519351	1.783019995794007	14378.50716099677	1.783019995793993	8.380533909153797	1.783019995794021	13570.19108218225	1.76023868414434	11825.89109341438	1.760238684144355	0.9410270276229117	1.783019995794021	-0.8383564364290349						503.3020172564282	452.9300273313119	118.2235607403668	142.7579113159339	138.5108692913674	8786.893571143964	6726.828	4753.613212615234	4.206609810385482	55.75193734864432	1192.350000307249	0.6883546923903101				0.8656481649413336	4.946591667985165	4.148854518575098	119.2278891881715		0.2936100330149692	0.92005867422189	0.3906249999999858	39.86889910754609	1.226102847402137	5	5		3.448850197590621				1.121612825615159								14.42507291978895	14.17681365967552	26.36822900199597									0.6442499999999995	0.4651259524223864	138.6758043260327	86.17253546662752	100.1190773226023	138.8945694911855	143.9152			3.8312880859375	2.76605590993593		
696	1774	16124.60233793805	-2.224456104893534	14058.66358066142	-2.224456104893534	8.194112610988954	-2.22445610489352	13265.35772538075	-2.246345353248216	11560.24073835726	-2.246345353248245	0.9200942944582556	-2.224456104893534	-3.9906510954657						531.224639086226	512.2894540342552	117.6363307824856	142.0798404581073	137.8529710138362	8855.338965892492	6775.929	4755.703929882494	4.595812329897941	56.11008155537237	1203.516830589797	-3.01506193569015				0.8811370195705297	4.936235915979943	4.13454037891801	119.3901973034239		0.2948661187177071	0.9066336935669013	-1.459143968871601	40.63234566393186	1.213717970155651	5	5		3.395364915268303				1.145332732753549								15.36293281250332	15.15874097660927	25.51237420199597									0.9719999999999991	0.7050990579683916	137.9269168965508	85.9639598409547	100.0536411237065	138.0195088305745	143.4156626506024			2.5088759765625	1.819965110734309		
697	1775	16639.77874365728	3.194971230435343	14507.83383744724	3.194971230435343	8.455912151499525	3.194971230435343	13686.11677165753	3.171863548554995	11926.91580046242	3.171863548554995	0.949491042459074	3.194971230435357	-1.85868567222876						510.6655294206965	523.9028513580806	122.1581474986471	147.5747951621925	143.1844510401525	8951.254410229569	6847.947	4810.382967651722	4.197966676841703	56.47052644040709	1214.788242663371	1.754444232961974				0.8868795519197923	5.123359508778059	4.319889467558173	118.5993194329125		0.2945520972920226	0.8985787051739081	-0.8884501480750231	40.95292000877647	1.213717970155651	5	5		3.380883962477165				1.180347853443516								16.6407196994082	16.4753197389055	26.35175490199597									-0.3069999999999999	-0.214408755817983	138.6097170535798	83.22255788537991	96.80500644215219	137.6691410944798	144.5185005262732			0.9966856079101563	0.6960850851260805		
698	1776	17178.75019599848	3.239054200445096	14977.75043875267	3.239054200445096	8.729803729228617	3.239054200445096	14126.2529078961	3.215931469692336	12310.4772390532	3.215931469692336	0.9802455719526946	3.239054200445096	0.231807482581097						462.5610170949092	424.1818304676463	123.6887991106149	149.4585875385	145.0122006702892	9039.806347540469	6913.474	4864.174147718758	3.743529459324211	56.83328678304848	1226.165215977886	1.817056810108295				0.8700201460133812	5.304533091872283	4.611184042207618	115.0362475953729		0.2945520972920226	0.8412987877126232	-6.374501992031867	43.74120392426762	1.25087260189511	5	5		3.561286078032392				1.178088841723141								15.57716205855818	15.39013825161563	27.55675250199597									-3.6415	-2.511168014255291	142.8243069691379	84.58401789863916	98.49123474367104	141.4394449308797	145.6090445513692			2.429614990234375	1.6754555678791		
699	1777	17675.692064972	2.892770797082065	15411.02242950474	2.892770797082065	8.982336942150324	2.892770797082065	14531.63687806768	2.869720461715545	12663.75352331715	2.869720461715531	1.008601829597832	2.892770797082051	1.94638184041019						418.4287932121869	397.7058595253668	130.6653669244904	157.9244330099986	153.2261875851621	9130.945661807376	6979.029	4907.71336384472	3.493019605157493	57.19837745753708	1237.648739156201	1.60191891369265				0.8934554439481224	5.513553917504613	5.058417697243962	108.9976005838472		0.3020886115084496	0.8779937348362588	4.361702127659555	42.98548311808882	1.263257479141596	5	5		3.827544554454923				1.137426114257386								15.52931309083944	15.36538808389604	27.57052316866264									-4.74525	-3.096892296796604	149.3937729048057	83.85802977750777	97.49885137732971	146.9788930839124	136.9221605668875			0.2244367980957031	0.1464741775755287		
700	1778	17552.40923048834	-0.6974710468506657	15303.53501003528	-0.69747104685068	8.919687742648254	-0.6974710468506657	14427.0494802339	-0.7197220706197953	12572.60969424094	-0.7197220706197669	1.001567123858381	-0.69747104685068	0.115008225687567						384.6539777782136	373.7579708559077	129.9405870054577	157.0824440143055	152.4092477276636	9229.637576539411	7050.435	4893.920015277384	4.428983603323621	57.56581343366392	1249.239810080018	-1.297036387911099				0.894933806246125	5.600843958033072	5.178506793280617	108.1555780770715		0.306484911468032	0.8914187154912474	1.529051987767588	42.95425853550673	1.288027233634569	5	5		4.715358174698879				0.9860705212457446								14.23732640444336	14.06192605965791	27.20880410199598									-6.843250000000001	-4.490049063314084	159.7175209366141	90.00113645216005	104.7951638879614	156.3324123674854	128.9834093462886			-0.3969458923339844	-0.2604473798356891		
701	1779	17504.36523112625	-0.273717406717239	15261.64657086975	-0.2737174067172248	8.8952730046718	-0.2737174067172532	14384.33554703759	-0.2960683905245816	12535.38617107226	-0.2960683905245816	0.9988256603004236	-0.2737174067172106	-1.26241693361664						356.3723993043156	331.3303643206668	125.659118393675	151.9382129457232	147.4180573230345	9319.74333514052	7116.142	4888.05030058392	5.130661430618514	57.93560977738428	1260.93943597659	-0.967978672930025				0.8680018437660728	5.429949016004003	5.05531042457651	107.4107930070165		0.3077409971707699	0.845773781264286	-5.120481927710841	45.45796759404265	1.362336497113486	5	5		4.882164548960789				0.9544439439612906								15.47408505929941	15.24999891001086	28.56211883532931									-8.416	-5.708934273606776	174.2293796917599	101.2062472514617	118.1872715294126	169.8728466440002	130.1480850231557			0.1256961975097656	0.08526512951824472		
