## Sheet: A1. Headline series (continued)
	A	B	C	D	E	F	G	H	I	J	K	L	M	N	O	P	Q	R	S	T	U	V	W	X	Y	Z	AA	AB	AC	AD	AE	AF	AG	AH	AI	AJ	AK	AL	AM	AN	AO	AP	AQ	AR	AS	AT	AU	AV	AW	AX	AY	AZ	BA	BB	BC	BD	BE	BF	BG	BH	BI	BJ	BK	BL	BM	BN	BO	BP	BQ	BR	BS	BT	BU	BV	BW	BX	BY	BZ	CA	CB	CC	CD	CE
727	1805	26023.07019391862	6.066678432051148	22688.90615252363	6.066678432051162	13.24818817937944	6.04598427113234	21248.50519780492	6.048989530108997	18517.24171349552	6.048989530108997	1.484915901049938	6.066678432051148	0.715928936713822						923.5538644912091	1036.391009415917	300.8774723818743	366.6219227812475	411.6620476205694	12280.04394705676	9092.471	5993.956466313787	5.950292892271694	66.36692370687526	1841.001144543867	3.56742359414049				1.408834238424811	6.439438106978088	5.35941545672667	120.1518740051374		0.5608422662724436	1.457057900421437	12.27586206896552	48.08867394962977	2.012769259561773	5	5		5.069307022046012				1.097892918476768	4.34744821	88.49657942069341						13.41028759147115	12.84202759105572	35.13701796401149									-16.40000000000001	-3.983850368231164	623.6136729101526	151.4868024668963	175.6725661252275	596.3432118281111	426.2594409738093			2.476705078125	0.6976901814535525		
728	1806	25922.29920700962	-0.38723711751949	22601.04628634189	-0.38723711751949	13.20152319841711	-0.352236700826424	21159.2228614401	-0.4201817282377363	18439.4356472418	-0.4201817282377363	1.479165755517124	-0.38723711751949	-1.14271737070761						1001.240584150714	1028.603229423692	304.7954653170159	371.5414304954829	417.4502085376936	12460.59853096799	9232.495	6052.610427541248	6.263483534798643	66.38546095248503	1867.825890959691	-1.594963342266819				1.433288874294819	6.223696160352476	5.101640764579908	121.9940103106214		0.5661806305090794	1.401567980380817	-3.808353808353814	50.46842091875546	1.987280256947721	5	5		4.887436381493852				1.183736396849027	4.4328835	83.28031736704635						11.47584947480178	10.94614847239917	33.69769605703475									-12.8	-3.066233945561494	645.2188555780497	154.561871663262	179.3861786393625	625.6182562434859	451.9584258880337			8.312154296875	2.310976473620419		
729	1807	27615.57236591923	6.532110232150032	24077.37154338499	6.532110232150018	14.0622556531046	6.519948052590522	22537.05408657451	6.511728876608828	19640.16170296694	6.511728876608814	1.575786493183717	6.532110232150004	3.7439863257519						991.6041843334596	1106.509827030522	326.1337056050271	397.3742546313211	445.4363425602793	12636.44245825996	9367.758	6244.716572951228	4.486281604211245	66.40400337581673	1895.0414937432	4.071423955562142				1.438949913352968	5.886209141296555	5.012189326508355	117.437885080791		0.5690068233402394	1.389932997146493	-0.8301404853128957	51.14491782197914	1.939011227842851	5	5		4.765769001373733				1.23004673109057	4.425488765000001	87.16269984900684						11.28203278544184	10.7431017711187	31.734976150058									-8.5	-1.90824124298967	658.8057661239793	147.9012157690805	171.1370414396186	646.5347722447164	469.2292912233099			1.07343896484375	0.2788457206289767		
730	1808	26329.14908609985	-4.658325609817794	22955.76917860851	-4.658325609817794	13.41862105420415	-4.577036677315363	21476.88235992168	-4.704127356575754	18716.26348342196	-4.704127356575754	1.50238122741569	-4.658325609817808	-2.41597314372503						999.830254031676	811.6115242285535	318.12819237382	387.9762333584442	435.9495847399986	12804.58049803417	9498.47	6217.400568302687	6.036406745544107	66.42255097831654	1922.653647960366	-5.062618230161084				1.473561610706483	5.711614821741941	5.839378124059961	97.8120392342534		0.5708909518943462	1.464217890104097	5.344494526722471	48.71091943156602	2.135535132055539	5	5		4.522149516007191				1.261673256725124	4.6259143125	88.32960806509358						11.12374178367718	10.45525358419265	31.74189224308126									-9.799999999999997	-2.247966357358671	669.9910768140002	153.6854490212634	178.3869916388575	659.1008494573126	518.799595179012			3.993160888671875	1.0631902165734		
731	1809	27156.43303132994	3.142083865014996	23677.05869805966	3.14208386501501	13.84321406898173	3.164207507332208	22145.28124381116	3.112178353860074	19298.74698420444	3.112178353860088	1.549587305553333	3.142083865015039	-0.6755354607755439						1358.625183640935	952.9415220899648	348.1391222469679	424.2574515911648	475.1019653486927	12976.01749799878	9623.669	6289.562360884872	6.010566401683191	66.4411037614311	1950.668131658459	1.833113422727035				1.562272376131673	5.724670277503752	6.510714469363245	87.92691346612888		0.5840798517730935	1.595782700522986	8.985330073349644	45.72748843387591	2.290069906358122	5	5		4.384041092304964				1.349775798467659	4.569583635000001	97.08848328023603						11.12324191263782	10.53036384377043	30.78332533610452									-12.3	-2.588917937010138	681.8490283420738	143.5163560819292	165.8506099410977	669.9009934806668	531.140580717718			6.63177685546875	1.613090568079465		
732	1810	28906.34903349083	6.443835978539724	25202.76952510519	6.44383597853971	14.73540657676828	6.444980936801841	23566.89110345992	6.41947078475711	20537.62440867964	6.419470784757124	1.649440169867463	6.44383597853971	4.25967998054815						1309.987389522372	1270.30210747026	383.962337926925	467.5665129325724	521.8706336313235	13144.75838576431	9737.937	6455.050773646415	4.51777592891821	66.45966172660741	1979.090807075176	4.292432435320667				1.61752185442323	5.73581869496739	6.082638679792259	94.29819847795538		0.5972687516518408	1.614577673439971	1.177790241166591	46.21572037980014	2.267043609310645	5	5		4.408540849465871				1.358811948648959	4.299209565	92.41977172790044						11.94071566922479	10.37091790255695	29.60595442912777									-8.599999999999994	-1.647917979243009	688.4651446811936	131.9225686049162	151.7988697638509	682.4306116754071	540.556012910257			-7.21307421875	-1.590402248230086		
733	1811	28607.07475036357	-1.035323702694242	24941.83927847638	-1.035323702694242	14.59040929241265	-0.9840059967142594	23314.03827971505	-1.072915483993313	20317.27305635452	-1.072915483993327	1.632363124827065	-1.035323702694228	1.96885096944503						908.1941290647237	739.5952493292347	366.8524290196996	447.2090197381457	500.5731087978283	13320.80817016059	9863.959	6452.430821480117	5.611570760372326	66.4782248752929	2008.380152245698	-1.65585017193071				1.56328119404261	5.523189414548725	5.600846957877495	98.61346785740062		0.5988388587802631	1.640532636039616	1.607538802660756	45.60410906105643	2.148094930445071	5	5		4.674168462066746				1.277486545367351	3.816461625000001	78.05683890732904						12.06902792205263	10.15079153173753	28.32858952215103									-16.3	-3.25626760877066	703.4839121185635	140.535697933923	162.3088258948934	688.7642280145269	541.924858894006			0.30856298828125	0.07119209903709733		
734	1812	27429.26261664757	-4.117205775123978	23914.93243128081	-4.117205775123978	13.99787691107397	-4.061108701363239	22345.20269437619	-4.155588893331355	19472.97071379685	-4.155588893331355	1.565155375980691	-4.117205775123992	-3.45296253651095						1203.817871146331	948.0222573063901	373.0559311117476	454.8631919634387	509.0813363836183	13525.17194257549	9988.059	6375.99159931856	7.664753856470295	66.4967932089354	2038.102961983609	-4.068602387945943				1.658313598584928	5.124124454797199	6.005105887365519	85.32946047759347		0.6123417800846949	1.821322375526796	11.02018548827058	42.00354499519733	2.418869407489995	5	5		5.01296375033446				1.169052686181944	3.61615982	81.09145836268685						13.08337386268716	10.78710018600396	26.90581461517429									-24.5	-4.812590493700209	734.6910190406057	144.3170209812955	166.6507861265698	704.3523287852302	522.494736996018			-9.5209228515625	-2.15964158638452		
735	1813	28918.60606841934	5.429761173630112	25213.45614713437	5.429761173630112	14.75452495847952	5.405448642050487	23554.7935760887	5.413201653422192	20527.08188644652	5.413201653422192	1.650139574892675	5.429761173630112	0.6011978206308						1611.88135705225	1109.903080356296	401.5713550936705	489.3989795301258	546.4337927122559	13741.85487831565	10140.77	6462.50223004823	7.543617189796973	66.51536672898315	2068.265651301951	4.012633549068179				1.692332536264864	5.567261215985776	6.608944378305933	84.23828220223015		0.611713737233326	1.832957358761119	0.6388206388206328	41.69411383189638	2.495582685888808	5	5		5.113227864662373				1.105799593982727	3.74971422	70.51050201350739						12.57801950363103	10.59216350130011	25.86359870819755									-36.39999999999999	-6.661374257131221	816.6083666259615	149.4432404285757	172.0389725845152	736.6162690406057	554.6463580031486			-8.887591796875	-1.872393455632188		
736	1814	28278.928991622	-2.211991391576433	24655.73666764085	-2.211991391576461	14.43350039506951	-2.175770242101279	23026.02358006376	-2.2448509018636	20066.27950359234	-2.2448509018636	1.613638629547053	-2.211991391576447	-2.89629486186724						1564.689753178008	1109.27626552338	382.9712842319628	467.2775222009029	523.4555804743065	13958.8622379897	10274.05	6406.764632121247	9.292887867855386	66.53394543688478	2098.874730152069	-2.346273524179686				1.652387621678812	5.923290970169206	6.922215836870355	85.56929037981604		0.6029211373141611	1.646797627011943	-10.15625000000001	45.74031521885035	2.271107073495494	5	5		4.522026389627191				1.161146049657042	4.239822084999999	65.18272804983009						12.34734940763812	10.45726598145668	24.45573180122081									-35	-6.68633620608004	844.1415563288793	161.263264318244	186.4415863144979	822.3206999592948	616.1404129899788			-7.4226298828125	-1.639401448254009		
737	1815	31298.89059836048	10.67919371215643	27288.7705475374	10.67919371215643	15.96442297436382	10.60673112821109	25484.24128887971	10.67582381416608	22208.52014945398	10.67582381416609	1.785962224610569	10.67919371215643	5.94307010573073						1791.345417594658	1213.850936780684	395.2007970483622	482.2057148189169	539.7837868666998	14191.19936891423	10458.06	6796.161715000929	5.138414272866588	66.55252933408934	2129.936804828649	6.509126220224676				1.540647945023892	5.043584731939013	5.95417869446504	84.70664034029565		0.5765433375566665	1.40962296877381	-14.40217391304348	51.09846643020138	1.920048394980223	5	5		5.035590302407653				1.077561606393792	4.9044337875	73.58813370184602						13.8630839110101	11.51410381278041	21.99850389424406									-20.40000000000001	-3.779290985825369	888.7170135240912	164.6431469686882	190.1685821603032	844.5183896622127	666.9114469118524			3.03101708984375	0.6485801596096137		
738	1816	29659.64704307589	-5.237385491773509	25859.55243799732	-5.237385491773495	15.13632204248169	-5.187164817744573	24140.25757876253	-5.273783491854005	21037.29088002701	-5.273783491854005	1.69242449817026	-5.23738549177348	-0.779471835248424						1540.504070522752	1044.475272646896	350.452151333504	428.4671799927643	482.4956002784096	14429.87170654298	10628.38	6692.830932990543	7.764939580176211	66.57111842204627	2161.458579395537	-4.990213545439918				1.444613212593138	4.672540709310894	4.941762886511604	94.55210249088347		0.5680647590631862	1.543872775323697	9.523809523809518	45.9690167949446	1.752707551731451	5	5		4.809660427841108				0.9713867730593927	5.2235420625	93.9708351118128						13.58190456631037	11.48712930969747	19.91212798726732									-2.099999999999994	-0.4352371293724238	885.6829486089218	183.5629067079296	213.6700595100162	892.8680968574245	636.6490514254693	19.2	3.979310897119313	19.6	4.062213207475967		
