## Sheet: A1. Headline series (continued)
	A	B	C	D	E	F	G	H	I	J	K	L	M	N	O	P	Q	R	S	T	U	V	W	X	Y	Z	AA	AB	AC	AD	AE	AF	AG	AH	AI	AJ	AK	AL	AM	AN	AO	AP	AQ	AR	AS	AT	AU	AV	AW	AX	AY	AZ	BA	BB	BC	BD	BE	BF	BG	BH	BI	BJ	BK	BL	BM	BN	BO	BP	BQ	BR	BS	BT	BU	BV	BW	BX	BY	BZ	CA	CB	CC	CD	CE
642	1720	12522.96223043378	6.37825841384047	10918.47782297068	6.378258413840456	6.363850753571985	6.378258413840456	10426.94152065948	6.354727720074763	9086.671964599189	6.354727720074763	0.7145792408677643	6.37825841384047	7.26509742036458						227.8165202519662	235.0801800558368	80.44438057730623	96.00197793352461	93.14592301532916	7099.290616998276	5510.036			52.44068675824236						0.7666075818724182					0.2378784604692391	0.6870959895062608	5.154639175257742	43.25303448879987	1.127023829430246	5	5		4				2.416042139659973								11.9024342909843	11.27984330009459	15.34392134366272									0.2610000000000003	0.2802055007357082	59.18795065457067	55.37941504477165	63.54325421718138								
643	1721	12034.41490821416	-3.901212135195365	10492.52484116233	-3.901212135195379	6.115583435707912	-3.901212135195365	10017.94747864742	-3.922473730208395	8730.249643837575	-3.922473730208395	0.686701988807444	-3.901212135195365	2.38937127941212						237.3761774467383	228.0547953645129	74.02444957503094	88.35923945275998	85.73055569187113	7095.216182083179	5502.742			52.48583947492462						0.7342213155078263					0.2319958875773462	0.6736235191237852	-1.960784313725483	43.02708462542407	1.102254074937274	5	5		5				1.02560366537646								9.761513462242416	9.48964406369656	15.36957066866272									-0.1462500000000002	-0.170592618722367	57.95546944807894	58.60773021139363	67.60188240979082								
644	1722	12162.75565660818	1.066447761464673	10604.42213745203	1.066447761464687	6.180802938358524	1.066447761464687	10122.54307875594	1.044082136899419	8821.40062087561	1.044082136899434	0.6940253067950145	1.066447761464687	2.86426774953085						272.4502300510057	246.1972723146349	73.24578758194005	87.44865333330871	84.84705947224151	7104.851246591317	5505.718			52.5310310692027						0.7189871752935919					0.2229839184459605	0.6197336375938823	-8	44.95182721665374	1.127023829430246	5	5		3				0.8279377897731771								12.35188653455424	12.07460936295638	15.64890059366272									-0.5404999999999995	-0.6370285586347622	57.73700696253409	58.91759242163322	68.04832992641693								
645	1723	11870.58239641167	-2.402196249316034	10349.68310660452	-2.402196249316034	6.032327921995662	-2.40219624931602	9877.19297510563	-2.423799056634536	8607.587595844872	-2.42379905663455	0.6773534569058806	-2.40219624931602	0.114055806329482						243.8042228018437	251.1382022074341	73.09967455627141	87.29399677643168	84.69700394160797	7133.191077885472	5523.184			52.57626157455114						0.7353809093884021					0.2422302678229264	0.5995249320201688	-3.260869565217391	50.47775563675295	1.065099443197815	5	5		3				0.8595643154077302								15.3174182670895	15.13559728535983	15.84612345199605									0.32525	0.3840159449137478	58.35425651665	59.5952537619538	68.89766320055516								
646	1724	11752.06717586306	-0.9983943212797186	10246.35245819774	-0.9983943212797328	5.972101502581486	-0.9983943212797186	9776.414720285833	-1.020312704973961	8519.763286012705	-1.020312704973961	0.6705907984571403	-0.9983943212797186	-1.00549462908749						250.561911508493	285.4159033387286	72.34306891487387	86.40977292593078	83.83908571450534	7160.333523221673	5540.007			52.62153102447334						0.7352729663033509					0.2292510425948065	0.633206107976358	5.617977528089881	45.23192801829864	1.077484320444301	5	5		3				0.9341126318783138								18.17511236269063	18.06284805630198	15.96262931032938									0.36225	0.4320777080436668	58.16051235945056	59.9246704033221	69.3715966291698								
647	1725	12058.67355354682	2.608956986848099	10513.67538655297	2.608956986848114	6.127911061994745	2.608956986848085	10029.25577228036	2.586234925876141	8740.104379717539	2.586234925876141	0.6880862239466484	2.608956986848099	1.58559366214373						279.5705264443532	273.874199917268	75.65115084456058	90.38178892158251	87.69293439669414	7188.768875177852	5558.45			52.66683945250153						0.7495168396444274					0.2223687318797948	0.6534148135500716	3.191489361702139	42.51709850458077	1.077484320444301	5	5		3				1.102410993567419								17.09566811691847	16.99961416701266	15.93459203532938									0.3267499999999999	0.3726069862389252	57.40139155266021	56.62575456241204	65.45725941042764								
648	1726	11686.43697388658	-3.08687832046634	10189.13102036126	-3.08687832046634	5.938749903924571	-3.086878320466326	9717.512019233058	-3.108343830545493	8468.431884447353	-3.108343830545493	0.6668458394735238	-3.086878320466354	-1.46296972631752						253.5946303426965	257.777576750883	74.96023291646136	89.57655766866365	86.91165874062534	7245.550175993481	5602.227			52.71218689219682						0.7665001562822189					0.2300650242340653	0.6870959895062608	5.154639175257742	41.83233071305926	1.139408706676732	5	5		3				1.024474185341224								16.62011803399142	16.43977196876647	16.25293423532938									0.04199999999999959	0.04832493201555642	57.39913678821878	57.14809322040342	66.04308054862673								
649	1727	11615.5296440098	-0.6067489178713714	10127.30857815472	-0.6067489178713856	5.902716603147421	-0.6067489178713856	9656.411351581919	-0.6287686347102834	8415.185040906144	-0.6287686347102692	0.6627997595586478	-0.6067489178713856	-1.98862596876201						239.8155382481629	262.4482995401698	73.44818679164764	87.78708548136524	85.17542327773116	7284.926704875754	5628.489			52.75757337714921						0.7557734186201107					0.2283583877573264	0.6466785783588338	-5.88235294117645	44.11714190984349	1.201333092909164	5	5		3.569999999999999				1.067395924527353								19.11363692198402	18.89817876527086	16.08453636866271									0.2414999999999996	0.2835324917758748	57.13522643091829	58.06215765694239	67.07947460926339	57.2337338463004	74.07063185686135						
650	1728	11969.96848036457	3.051422080761938	10436.33550829543	3.051422080761952	6.082833400940663	3.051422080761952	9948.864157770402	3.028586868770589	8670.046230037775	3.028586868770589	0.6830245777730575	3.051422080761952	1.0359281073672						287.0204661892446	292.17108092654	80.00147961316523	95.64149521430842	92.79616464227023	7218.325861271161	5577.742			52.80299894097761						0.7990120890560232					0.2288602102959604	0.6668872839325475	3.125000000000014	42.87426937365947	1.176563338416191	5	5		3.404999999999999				1.114835738804133								19.33173189079437	19.07998643326131	16.13697716866271									0.3234999999999999	0.348613545879934	56.73828603227908	53.11725319552134	61.14292142461439	56.83970418477202	73.87044095995091						
651	1729	11304.75357464506	-5.557365558737416	9856.350193163138	-5.557365558737416	5.744788112521412	-5.557365558737416	9393.886888934308	-5.578297783899657	8186.405233324503	-5.578297783899643	0.645066405130186	-5.557365558737416	-4.76600851213973						271.5931573369916	291.0902525124902	73.92013702019466	88.3903993349108	85.76078856880203	7109.25563142849	5478.467			52.84846361732991						0.781887006658489					0.2312924358716698	0.7005684598887367	5.050505050505052	41.24674909026349	1.176563338416191	5	5		3.24				1.093374843386118								17.15165782722505	17.00004999249276	15.9996825686627									0.6099999999999994	0.7112807731596635	56.29031456366588	56.72474763780609	65.636423711877	56.43403157480027	73.67025006304048						
652	1730	11563.50116339893	2.288838823821848	10081.9461629961	2.288838823821848	5.876277053187104	2.288838823821834	9606.76763497226	2.266162543310145	8371.922482365684	2.266162543310145	0.6598309354502375	2.288838823821834	-2.7451246124395						281.8121012348515	300.3158950467011	70.75181300074425	84.6200379310576	82.102595262551	7027.564699153263	5420.676			52.89396743988294						0.7317856135034516					0.2466728606739197	0.639942343167596	-8.65384615384616	48.15699723612632	1.21371797015565	5	5		3.299999999999999				1.140814657662898								18.84149197798939	18.55299910781487	15.85512343532937									0.7014999999999998	0.8544187887809327	55.6524296124654	58.40576962033882	67.78400784347657	55.58146953026272	72.58328920893783						
653	1731	11379.80060242852	-1.588624054035293	9921.78194113585	-1.588624054035293	5.782925102438417	-1.588624054035293	9452.0558699836	-1.6104455823981	8237.097226586633	-1.6104455823981	0.6493487024937089	-1.588624054035307	-4.74717838076654						259.1985673189422	269.8982953941561	68.95873884236192	82.49394150163104	80.03975011496811	7021.984128151647	5414.321			52.93951044234254						0.7249155269383747					0.2469081408725509	0.592788696828931	-7.368421052631589	52.03725407185522	1.176563338416191	5	5		3.12				1.174700246667727								19.79207692348842	19.63963076161705	15.7496595686627									0.7569999999999997	0.9457800641714325	55.55552239095269	59.72701775591349	69.40991483750689	55.86530985907348	75.99350309127111						
654	1732	12135.88571002515	6.644098029584796	10580.99485958656	6.644098029584796	6.16714831522189	6.644098029584768	10077.82410115343	6.620445750400748	8782.429779880566	6.620445750400748	0.692492066841228	6.644098029584811	1.14837257879675						292.4266171545639	273.6039928137555	70.98270786090424	84.9353288285107	82.4085062686965	7050.131842797189	5394.668			52.98509265844358						0.6998692213980539					0.2457189939593463	0.5995249320201688	1.136363636363626	51.20476249258689	1.11463895218376	5	5		3.029999999999999				1.181477385128653								20.81478189481406	20.7081073943621	15.75318970199603									0.8534999999999999	1.035694054709748	54.38556216434545	56.88413267006602	65.99508306462802	54.44215998659036	75.45042603473321						
655	1733	12404.93596786127	2.216980814295795	10815.57348558521	2.216980814295781	6.303872810159524	2.216980814295766	10298.96233791773	2.194305383232333	8975.143109319084	2.194305383232333	0.7078444831036182	2.216980814295766	2.73994228548085						291.3387940944692	309.4643355513371	73.1454156055433	87.54372689357068	84.93930459797306	7080.587597209955	5437.529			53.03071412194994						0.7057168785101279					0.2518216633949636	0.5725799912552174	-4.494382022471896	54.94596393652616	1.065099443197815	5	5		3.09				1.147591796123824								19.91961087730643	19.56757833192864	15.93139463532936									0.4672500000000004	0.550098687776578	53.9725610510923	54.9388852027377	63.54250403455771	54.21576869761073	76.15463001105739						
656	1734	12360.13620667854	-0.3611446387050705	10776.51362179682	-0.3611446387050563	6.281106711474847	-0.3611446387050705	10259.49125037671	-0.3832530525497901	8940.745599381908	-0.3832530525497759	0.7052881407025199	-0.3611446387050847	1.77389192659076						273.6039817814091	273.9128009320554	73.11426640675766	87.52587647892364	84.92198523243191	7144.877101807817	5515.446			53.07637486665462						0.7081303556479486					0.2437390568415448	0.592788696828931	3.529411764705884	51.3693521132007	1.065099443197815	5	5		3.19				1.048194092479614								20.22681993140099	20.10345301085476	15.76379723532936									-0.734	-0.8643227051169827	53.27032571598871	54.35536583175259	62.72854499360508	53.27493811153701	70.7064844148076						
657	1735	12066.90206939009	-2.372418332493865	10520.84963702961	-2.372418332493865	6.132092584368315	-2.372418332493879	10013.8702803927	-2.394085281519054	8726.696524929042	-2.394085281519054	0.6885557555555881	-2.372418332493865	-1.2036820809028						307.524282655273	314.9842806659487	72.74290810710494	87.10005793591216	84.50883477366416	7200.517468341752	5561.308			53.12207492637969						0.7218096031197389					0.2469589447699659	0.5995249320201689	1.13636363636364	51.46315272012772	1.027944811458356	5	5		3.19				1.091115831665744								20.29911234796753	20.20771080682529	15.68467843532936									-0.1577500000000003	-0.1866668738511119	53.45470949626795	54.92182959028666	63.25339787187109	53.27048852934383	71.9022726265893						
