## Sheet: A1. Headline series (continued)
	A	B	C	D	E	F	G	H	I	J	K	L	M	N	O	P	Q	R	S	T	U	V	W	X	Y	Z	AA	AB	AC	AD	AE	AF	AG	AH	AI	AJ	AK	AL	AM	AN	AO	AP	AQ	AR	AS	AT	AU	AV	AW	AX	AY	AZ	BA	BB	BC	BD	BE	BF	BG	BH	BI	BJ	BK	BL	BM	BN	BO	BP	BQ	BR	BS	BT	BU	BV	BW	BX	BY	BZ	CA	CB	CC	CD	CE
702	1780	18304.07141319637	4.568610009622532	15958.89168373972	4.568610009622532	9.301663337546485	4.568610009622503	15038.12783433706	4.545168493612564	13105.14059387251	4.545168493612564	1.044458109395587	4.568610009622518	2.15233250443557						406.5133494480606	361.2787600692419	130.8286399585502	158.2237334469251	153.5165838463278	9376.474871010896	7154.76	4933.934121294034	4.518932635115484	58.30778165143543	1272.748633506257	3.252135775020678				0.8644182481327801	5.652671973009133	5.248913043110013	107.6922388803738		0.3111952328532989	0.8547237683676118	1.05820105820105	45.48686757344051	1.399491128852945	5	5		4.897965891623678				0.8753776040499572								15.83215672583512	15.5939019820273	28.39895616866264									-10.69325	-6.965534101973041	192.5799903418005	107.4806461568161	125.4457241795946	187.298978835039	134.2073072485998			2.1752451171875	1.416944712217509		
703	1781	18825.50868300664	2.848750193546209	16413.52064146808	2.848750193546181	9.566644489877858	2.848750193546209	15463.05856661545	2.825689054911038	13475.45111726427	2.825689054911052	1.074212111808503	2.848750193546195	3.99505998277273						325.122191718611	394.5371838351634	150.9460773614601	182.5983527292743	177.1660592016561	9482.93848823317	7206.139	4980.705209209691	4.034581958414053	58.68234431595841	1289.688870493246	1.357700113277352				0.9699517596255008	5.801864333188534	5.512101096883063	105.2568563459281		0.3228140256036239	0.9388536471388742	9.842931937172793	42.95694363816722	1.362336497113486	5	5		5.189694782237876				0.8482691535060548								14.96817227356372	14.5674738535554	29.39859436866264									-13.26475	-7.487184655894859	214.3994762157905	104.2795847063508	121.0161117665061	207.6350248620851	150.9341330289038			-2.991217041015625	-1.688369123575146		
704	1782	18637.94621799531	-0.9963208334478253	16249.98931581487	-0.9963208334478253	9.471330017763314	-0.9963208334478395	15305.56348116293	-1.01852479426384	13338.20030649603	-1.018524794263826	1.063509512743135	-0.9963208334478253	2.1284725375399						388.1752575068581	301.0534977513933	150.0684196823336	181.57689505164	176.1749898481661	9561.017354405738	7230.818	4974.267148699458	4.474053009444083	59.05931312912366	1306.854581404647	-1.833642315751997				0.9742323157705209	5.845311431877155	5.89231779102809	99.20224331378549		0.3218719613265705	0.9451186381112022	0.6673021925643496	42.54766143009775	1.486185269578348	5	5		5.154108997547555				0.8290673214583152								13.92372473244329	13.62087424571415	30.1800924353293									-14.31	-8.12260583203829	240.2311096294079	117.2826052782143	136.3593719156435	235.018830276907	154.4147608618143			2.936570068359375	1.666848439094685		
705	1783	18542.01166041607	-0.514727086649799	16166.34621922868	-0.514727086649799	9.422578516695895	-0.5147270866497848	15223.36586139473	-0.5370440615882188	13266.56829382725	-0.5370440615882046	1.058035341211949	-0.5147270866497848	0.821471126792795						435.8620360586453	401.6816235539384	146.3378323457741	177.1037742232556	171.8349441815293	9589.694890257611	7284	5019.561006350066	4.236655698243151	59.4387035477608	1324.248767289998	-1.983089974668675				0.9551486508949889	5.513163587305688	5.019560952069114	109.8335818600451		0.3162195756642503	0.9478036342422	0.2840909090909065	41.68206801950713	1.44903063783889	5	5		4.717022999059876				0.9024860545938598								13.30808801038684	13.18141991203954	30.41288976866264									-10.8825	-6.333112308346053	257.5164783749593	128.4148839961189	149.862695042351	255.3879476869108	183.8179667912389			2.376718994140625	1.383140667610553		
706	1784	18615.16216903513	0.3945122565920229	16230.12443650663	0.3945122565919945	9.459751743831262	0.3945122565919661	15279.99469130942	0.3719862639463116	13315.91810557735	0.3719862639463258	1.062209420312105	0.3945122565920087	0.450232941946592						458.0676562687316	531.259862293164	141.2205466403263	170.9448233483115	165.8592218432877	9685.369630206027	7300.587	5019.424928681208	4.462552224266052	59.82053112799241	1341.87446914271	-0.519608516946495				0.9183096112515465	5.358102320076984	4.569900699488053	117.2476750025932		0.3115092542789834	0.9003687025945734	-5.004721435316341	43.2244463234464	1.337566742620513	5	5		5.285330980956401				0.7917931373980727								12.93150194028598	12.8112334700435	30.29816910199597									-10.8495	-6.541390873189533	264.6611459345542	136.3483144734263	159.5697501732039	263.9020704391046	169.9477759690264			0.3889176940917969	0.2344866265315451		
707	1785	18485.42761849795	-0.6969294672757655	16117.01191673309	-0.6969294672757655	9.39382394639737	-0.6969294672757513	15170.09859063792	-0.7192155684059145	13220.14794948585	-0.7192155684059003	1.054806569857771	-0.6969294672757513	-1.04233999725189						487.59225582446	559.763987704007	140.6629166359412	170.302945428281	165.236439765133	9781.149374803177	7367.578	5045.838979794721	4.734593218171619	60.20481152587184	1359.734768431699	-1.932054545986203				0.9212821523147379	5.253381631966742	4.406265662714051	119.2252586225341		0.3118232757046678	0.86098875933994	-4.37375745526839	45.24701400222295	1.325181865374027	5	5		5.007286638911865				0.8844137542312582								14.12433118890259	13.52062761965368	31.29380816866264									-8.161750000000001	-4.939437094869092	266.6610058654804	137.7878675426076	161.3814762921014	267.0063724209032	178.525253542884			1.310718017578125	0.7932378714048663		
708	1786	18808.77065264517	1.749178005618091	16398.92714434344	1.749178005618091	9.55813864875424	1.749178005618106	15431.98573852413	1.726337810670728	13448.37236216444	1.726337810670728	1.073257014379537	1.749178005618091	-0.190829890307088						506.161529784972	535.4415962226565	151.2514021366351	183.1669278540538	177.7177192397214	9889.394771285492	7433.688	5105.394127283341	4.371778814997653	60.59156049802517	1377.832787640124	0.1171298182117007				0.9738378506321684	5.393218593701589	4.520952404311753	119.2938591558259		0.3159055542385658	0.8556187670779445	-0.6237006237006284	46.12706648944211	1.399491128852944	5	5		4.074831305357429				1.024474185341224								15.35730220885352	14.78244427111323	32.00956936866264									-1.056750000000001	-0.5946227559754822	266.8426149196324	128.4715617968471	150.1496958554209	265.4509061992123	221.7534639875418			2.758778076171875	1.552337092763717		
709	1787	18495.6516335527	-1.664750051319473	16125.92599629214	-1.664750051319473	9.399019530693918	-1.664750051319459	15171.67454952374	-1.686828859299396	13221.52133605341	-1.686828859299396	1.055389967681864	-1.664750051319459	-2.89110688948349						524.4961652594952	619.1844211941235	147.86228575302	179.0989101233055	173.7707248701298	10008.8514643971	7508.406	5126.912529210441	4.8132274629635	60.98079390229732	1396.171690811265	-2.836303334229015				0.9683298197420882	5.366338806951005	4.564404369062965	117.569311854214		0.3177896827926726	0.8708337451535983	1.778242677824267	45.59145156877189	1.374721374359972	5	5		4.012257640233432				1.059489254381289								14.4810923624458	14.13113835736976	34.62722703532931									0.8369999999999993	0.481669165289806	269.2795710900648	132.3320329193826	154.9625642013723	270.512491080893	223.5250538793103			-0.06179492950439453	-0.03556118532081737		
710	1788	18453.2891632909	-0.2290401609043755	16088.99114944291	-0.2290401609043471	9.377492001237385	-0.2290401609043471	15133.52592707785	-0.2514463536728471	13188.27630275382	-0.2514463536728471	1.052972700801718	-0.2290401609043329	-4.32845600880253						531.9394684953658	638.1409622603053	142.6785382170637	172.856495755606	167.7140220746297	10116.05376477255	7591.59	5141.099488802682	5.470485402080162	61.37252769840219	1414.754684101717	-1.312737445662992				0.9367245818673302	5.107137685020959	4.327751861318188	118.0090228986783		0.3237560898806773	0.884258725808587	1.541623843782105	45.74224421325061	1.399491128852944	5	5		4.005297480284047				1.109188132028345								15.69633337279694	15.22396868927232	37.5237418353293									0.4934999999999992	0.2942508884441402	268.4229901268386	136.2426163472611	160.0480310509727	269.5501444509137	226.108659376403			-0.590065673828125	-0.3518284676075306		
711	1789	18866.27885625335	2.238027537031243	16449.06720179796	2.238027537031215	9.587362854507978	2.238027537031215	15468.74293061558	2.215062141849771	13480.40481829867	2.215062141849756	1.076538519803081	2.238027537031201	-3.52794134018047						589.6302590054984	640.5561133054537	143.6586284640007	174.0833375953432	168.9043654197978	10252.96357652424	7665.834	5197.370916722778	5.255290448329744	61.76677794857712	1433.585016341884	0.6580136823014072				0.9227221696537266	5.124292878160237	4.158074586598578	123.2371563193159		0.3281523898402597	0.8815737296775893	-0.3036437246963573	46.5045886753413	1.325181865374027	5	5		3.907244371918546				1.13516705088711								16.60783870140961	16.08023342050108	38.22400490199596									0.5422500000000001	0.3210396597224014	268.0058014837223	134.9525370836615	158.6731052318371	269.041527154613	227.6284450203312			2.821410888671875	1.670419163921248		
712	1790	20298.1175677497	7.589407123714594	17697.45387979582	7.589407123714594	10.31498685396437	7.589407123714608	16638.98956663285	7.56523423568656	14500.22901872174	7.565234235686546	1.158241410914548	7.589407123714608	2.19271434832475						608.708487653335	684.0535095186002	158.4214908715146	192.0191881415388	186.3066251456047	10373.92314582332	7762.101	5326.0396139084	3.965443931779296	62.16356081824145	1452.665979603994	5.171234694418628				0.94599505348528	5.242949293651322	4.240436408820775	123.6417384480796		0.3385150968878469	0.9388536471388743	6.497461928934015	45.04628914586018	1.325181865374027	5	5		3.892623843385038				1.139685177627661								16.58596014922244	16.15225982475199	40.76234210199596									0.2895000000000012	0.1553889990620288	268.1891921293978	122.8817462568443	143.9504322080866	269.1652911377168	232.9750143768186			1.794713989257813	0.9633119529996235		
713	1791	20385.06969407047	0.4283753211623633	17773.26540469096	0.4283753211623633	10.3591737120279	0.4283753211623491	16706.51163172958	0.405806283045834	14559.07185913575	0.4058062830458482	1.163203031278389	0.4283753211623633	0.9043622080959209						689.016057409111	705.6674566134182	159.833299286409	193.7709888496284	188.0063098542562	10507.29896480986	7845.678	5364.809946348364	4.175603491303814	62.56289257665938	1476.771929742481	-1.063242784464055				0.9505534774109299	5.476648502232426	4.515693283132113	121.2803474206244		0.3444815039758516	0.9281136626148834	-1.143946615824603	46.37069645157559	1.325181865374027	5	5		3.577835703843812				1.217621985853856	4.555235399999999	73.73338755524347						16.11523061809359	15.68662761858848	42.13487106168589									0.7960000000000012	0.4233900450559696	268.3595479996267	121.8187282740862	142.7396496466852	269.5275617711073	246.074999783937			4.82220703125	2.564917653555462		
714	1792	21204.2856678252	4.018705778538603	18487.52064854427	4.018705778538603	10.77547842460202	4.018705778538603	17373.99100732213	3.995324639315157	15140.7540443794	3.995324639315143	1.209948738712509	4.018705778538589	3.0454621469633						745.578354539325	729.1464746738335	175.939432146124	213.3506682398779	207.0034945832193	10632.24113494876	7937.411	5441.792881364129	3.785264372002687	62.96478959760703	1501.277900835704	2.107265106808493				1.006167675639318	5.655493431371165	4.721940886028894	119.7705258891409		0.3517039967665941	0.9066336935669015	-2.314368370298936	48.46456564814022	1.301047350821591	5	5		3.328128915601418				1.346387203412245	4.466271959999999	69.32515897564568						15.28920411454917	14.9563369480919	42.60260042137581									0.8674999999999997	0.419075050760193	267.1834434476085	110.5035818449118	129.0719482709968	268.8555066851848	255.6514609810625			6.30007177734375	3.043461556061317		
