## Sheet: A1. Headline series (continued)
	A	B	C	D	E	F	G	H	I	J	K	L	M	N	O	P	Q	R	S	T	U	V	W	X	Y	Z	AA	AB	AC	AD	AE	AF	AG	AH	AI	AJ	AK	AL	AM	AN	AO	AP	AQ	AR	AS	AT	AU	AV	AW	AX	AY	AZ	BA	BB	BC	BD	BE	BF	BG	BH	BI	BJ	BK	BL	BM	BN	BO	BP	BQ	BR	BS	BT	BU	BV	BW	BX	BY	BZ	CA	CB	CC	CD	CE
828	1906	195514.6203492275	2.451767541305401	173846.0027503042	2.409616776324896	93.02863487582306	2.508662108232699	162943.2213206644	2.524854433640087	144815.3688926269	2.482673599208439	11.37766149159135	2.409616776324896	0.5967890598499	213785.0722192794	137533.770853223	10739.27162048698	-1.045130641330166	31491.61941670025	36094.28173428866	28079.66443749559	1685.258844916449	2021.57604411778	2117.898571596053	40206.466	32170.7	17367.32507747099	5.16032352860145	56.60045634371775	17495.69729559742	0.2403688522989794	19.98597055406502	11.31217562434007	0.6609701683763012	1.033976917177267	1.717539454987829	2.199706869321867	78.08037875143418	0.73	0.9339229808319275	1.138526610578664	-0.09920634920634086	102.4818017940464	1.183884369383119	6	4.273972602739726		2.8585	4.5		3.172499999999998	39.16663146867693	4.851	100.5197880783459	99.15	104.22	0.1762628311162929	487.5811052701445	48.86564350797264	6.985584534853959	5.66506034555047	122	160.8440782662639	190.8650928093519		902.5114534149241	239	11.82245905096784	237	11.72352633924426	-2	-0.09443322861740239	781.6500000000001	36.9068665743963	36.9068665743963	789	700.792	-10	-0.472166143087012	121.3	5.727375315645456	118.3	5.585725472719353
829	1907	200255.1358190316	2.424634772241902	177937.920875954	2.353760259605735	94.7980531938765	1.902014708068435	167046.7200894069	2.518361141680799	148359.6117622047	2.44742177344844	11.64546436625289	2.35376025960575	1.16255895441752	219115.1733513947	139342.3910531224	9597.899757440053	-0.9487666034155597	30908.44127935394	38382.86843845551	28526.1608684805	1747.548263984844	2094.482593651484	2194.898571596053	40593.378	32653	17661.11541559247	4.388670709391942	56.58043078944536	17760.78361825799	0.2234864544894114	20.0134608882156	11.33174454727389	0.6637231823428492	1.045907055060124	1.803249195156998	2.299941999958667	78.40411606855324	0.72	0.95446928641023	1.1566164077676	1.588877855014886	103.0982954482405	1.226692356757154	7	4.927397260273972		2.999083333333334	4.5		3.299999999999996	37.45504967349575	4.858	97.88633568811588	99.63	102.68	0.161130802551299	494.3741102010285	50.38989293849657	6.418432459048292	5.137832351259732	124	163.3356220088467	194.5726435958291		907.8122273519723	236	11.26769927405134	242	11.55416620474756	6	0.2733611510638969	766.525	34.92302605320893	34.92302605320893	779.2	672.7745000000001	22	1.002324220567622	161.8	7.37163904035642	161.8	7.37163904035642
830	1908	192159.2746316192	-4.042773312305201	170686.5887033721	-4.075203383789699	91.27275523086705	-3.718745105239321	160491.7357087725	-3.9240425535599	142489.7448043924	-3.956512751745919	11.17088800834133	-4.075203383789685	-4.81613671369061	209148.4000791365	138870.5770879312	8093.364119787288	0.3777148253068933	31686.01212914901	35571.17620190766	27236.28229007964	1664.285638644206	1992.953882515213	2098.898571596053	40984.171	32833.6	17316.5595704978	7.056438361649177	56.42496796856131	17862.30603970246	-2.469817428304458	19.64597810411967	11.15432162957345	0.6834182135457239	1.037136451693953	1.731198071090184	2.212146817959633	78.25873296632948	0.72	0.9610067472760535	1.17131436798361	1.270772238514184	102.5018826876412	1.127106110680431	2.5	3		2.925083333333333	4.5		3.296666666666664	39.13678140383571	4.86575	101.4032784741734	100.47	102.26	0.1511896964066591	496.2433634887577	51.37617198177674	6.470959864302999	5.105700487754647	125	164.1383983817025	205.6139568308633		933.5151308505622	238	11.94207262335802	239	11.99224939908641	1	0.04764403642618976	756.15	36.02603814366339	36.02603814366339	762.3	661.8974999999999	1	0.04764403642618976	150	7.146605463928466	160	7.623045828190363
831	1909	196673.4794107832	2.349199531387683	175307.3846233666	2.707181598212628	93.43123501337668	2.364867563217445	164368.442306605	2.415517896115929	146442.0283410686	2.773731921621376	11.47330423286009	2.707181598212628	-4.0547319858148	212921.7008771806	139499.6623748528	8664.05005131075	1.396917148362235	33046.76111629038	37598.21013988402	28377.32872481886	1700.961918713653	2035.113164932952	2138.898571596053	41379.84800000001	33169.9	17393.29349460953	7.483104348977576	56.32322445056452	18014.58967186917	2.273943473423921	20.09188723060113	11.4281004928122	0.6828899090184223	1.034767458749383	1.68724674579836	2.237194005261119	75.41798975996402	0.7	0.9610067472760535	1.173575592632228	0.1930501930501975	102.3043838770677	1.144408740307662	4.5	3.105479452054794		3.01525	4.5		3.406666666666663	42.11117679052723	4.87275	102.8987745375013	100.13	101.89	0.1439256697492456	506.7261991306146	52.27278929384963	6.536846193128381	5.229764517604405	129	167.6950893116841	208.6443121165451		946.6182847834781	252	12.3826037953178	244	11.98950526213311	-8	-0.3740242808255455	760.4	35.55100789246809	35.55100789246809	754.1	650.0104375000001	-13	-0.6077894563415114	142	6.638930984653432	139	6.498671879343853
832	1910	202248.0120056114	2.834409912067954	180307.322935182	2.85209794359622	95.89134880391268	2.633074249937707	169147.2731030468	2.907389477797466	150725.5895589209	2.925090062175116	11.80053410694803	2.85209794359622	-3.22970455472306	220373.4950349918	141780.0965399434	8767.811129769563	-1.122019635343618	34213.11739098297	40409.90237643186	29220.71087223481	1775.083568094148	2121.940371287058	2223.898571596053	41767.13387883396	33381.7	17866.97414311848	5.762959409150627	56.26307739697466	18178.15357308526	0.5779682089800918	20.07768242628633	11.43222928930334	0.6794096562486744	1.049177369035491	1.763846957861271	2.362900536371137	74.64753300916034	0.61	0.9694120541035408	1.198449063767015	2.119460500963385	101.0573047491092	1.197982808338639	4.5	3.723287671232877		3.119666666666667	4.5		3.547499999999997	42.78495561917566	4.86375	100.4441812259402	99.84999999999998	100.72	0.1411343246741497	535.1745121180005	53.52805353075168	6.125956047466643	4.840216244350483	133	172.7829293235517	205.797442762643		972.9100215470896	262	12.34718956033079	268	12.62994962659791	6	0.2697964770800633	740.45	33.29513357565548	33.29513357565548	762.5	638.184	8	0.3597286361067512	174	7.824097835321837	171	7.689199596781806
833	1911	209312.4310928513	3.492948591773512	186681.9978894989	3.535449836725988	99.05514041529514	3.299350411528849	174586.786219299	3.215844403792644	155636.5787254093	3.258231850915152	12.21773607076491	3.535449836725974	-1.76518019111644	229086.322019195	146026.4222266639	8923.45274745778	0.5509641873278237	35185.08095322681	41456.11344119385	30064.09301965075	1842.199862443212	2208.451963687483	2311.898571596053	42132.48998973795	33704.3	18223.97400274586	4.72854340362923	56.26112748542255	18352.99774335074	1.678290381641113	20.34217597971116	11.58323331853847	0.6726344638756532	1.055098329400135	1.779049827822704	2.303339626929777	77.23784226271823	0.61	0.9834208988160197	1.20184090073994	0.2830188679245111	102.2283449201833	1.226820524384023	4	3.468493150684932		3.186833333333333	4.5		3.609999999999997	42.52396738989869	4.86225	100.6973921504924	99.91999999999999	100.98	0.1389469548492207	537.9861618909314	53.52805353075169	6.155737680827106	4.815901727625672	141	181.2316611500702	214.9253949667988		985.9061470475427	269	12.18047774744654	276	12.49744185239868	7	0.3027814492383828	722.075	31.2329878512579	31.2329878512579	733.1	596.0365000000002	30	1.297634782450212	204.3	8.836892868485945	209.3	9.053165332227648
834	1912	213042.4881215835	1.782052317321543	189810.6346956068	1.675917786116571	100.518871973328	1.477693688481068	177559.5466102762	1.702740771711717	158121.6107701633	1.596688943630895	12.42249528263564	1.675917786116571	-2.04889327728858	232324.7008366882	146970.0501570462	8923.45274745778	-0.9296148738379814	35768.25909057311	43744.70014536071	32246.96446002143	1919.975061408653	2303.628321916374	2406.898571596053	42340.81660394131	33852	18523.00212765902	3.965957634503793	55.95198473200587	18527.84191361623	0.3319742543748172	20.288344169717	11.61641009832881	0.6634917404643053	1.081299952055428	1.810949877731733	2.344921308953947	77.22859913536226	0.74	1.005056158589972	1.235759270469195	2.822201317027279	101.6097371678483	1.309232308460383	5	3.777322404371585		3.319916666666666	4.75		3.744999999999994	43.41697070508656	4.8655	101.514268457637	99.70000000000002	100.15	0.1279774584137559	559.4546789771472	53.79703872437356	6.41574325951924	5.093970792652456	147	186.4898463922754	214.1451068548489		1015.617598518454	283	12.28496790509044	297	12.89270483325746	14	0.5816614029861831	713.0749999999999	29.62630035245518	29.62630035245518	718.4	572.1982500000001	20	0.8309448614088331	202.9	8.42993561899261	204.9	8.513030105133494
835	1913	222505.6475226194	4.441911791621237	198588.997273468	4.624800181474981	104.6595172783173	4.119271559362502	185317.0684662553	4.368969173482938	165318.8793006536	4.551729833407663	12.9970108670107	4.624800181474981	0.6951466584029999	243619.5307848453	152317.2750958793	9805.421914357677	1.697186243858866	36545.82994036818	45183.24035940845	33338.40018020677	2002.386314912324	2404.537405615234	2502.898571596053	42604.21399372083	34055.3	18750.27762392044	3.631323592855473	55.92450565676317	18781.64796722741	3.059511771439953	20.90456945899219	11.97512077371669	0.6660428064411769	1.080663539279737	1.862873820499548	2.356089466926071	79.06634474835928	0.95	1.037509048250901	1.243673556739355	0.6404391582799605	104.2231916690121	1.309873146594725	5	4.771232876712329		3.4275	4.75		3.88833333333333	42.20129552534413	4.86375	100	100	100	0.1307524798334419	581.4080756019723	54.42467084282459	6.010250771913635	4.821395141886606	156	196.6341985575575	245.2355684500214		1075.182340181642	300	12.47641227370472	311	12.93388072374055	11	0.4394904421950068	707.475	28.26622732653749	28.26622732653749	711.3	546.5350000000001	39	1.558193385964115	234.6	9.3731325217226	232.6	9.293225168596235
836	1914	227045.1559193688	2.040176708902607	203255.3212484783	2.349739431225657	106.7581022858978	2.005154487766092	188941.9656522443	1.95605143983218	169063.9453264374	2.265358948491851	13.30240675623353	2.349739431225657	1.53466249866771	243409.1400076294	153004.9377373957	9805.421914357677	0.6476683937823834	52349.43207674361	37477.88419097362	31404.5207246084	2025.081142067148	2433.852663002657	2532.625844323326	43016.68243240479	34443.5	18997.13389919122	3.156384505021521	55.75332625585322	19046.73428988797	1.172936277768785	21.11049920627586	12.13021641737658	0.7058933169995653	1.071968548788153	1.885324715442565	2.382072986896633	79.14638744544801	0.81	1.04788413873341	1.275330701819993	2.545454545454561	102.6524520782557	1.314615348788855	5	4.043835616438356		3.482333333333334	4.75		3.929287532708403	42.78105507503938	4.93025	102.98205844703	99.94857142857146	101.0828571428571	0.1354700162469082	601.0993271497329	54.69365603644646	5.904263941515809	4.591073515521134	165	250.3017570741181	347.3937254778195		1231.224580196513	434	17.83181071711103	319	13.10679174829129	-115	-4.540741786149073	1048.05	41.38195155629161	41.38195155629161	706.2	525.0440000000001	-55	-2.171659115114774	134	5.290951298643267	103	4.066925251942213
