## Sheet: A1. Headline series (continued)
	A	B	C	D	E	F	G	H	I	J	K	L	M	N	O	P	Q	R	S	T	U	V	W	X	Y	Z	AA	AB	AC	AD	AE	AF	AG	AH	AI	AJ	AK	AL	AM	AN	AO	AP	AQ	AR	AS	AT	AU	AV	AW	AX	AY	AZ	BA	BB	BC	BD	BE	BF	BG	BH	BI	BJ	BK	BL	BM	BN	BO	BP	BQ	BR	BS	BT	BU	BV	BW	BX	BY	BZ	CA	CB	CC	CD	CE
810	1888	138188.7094957451	3.494368407622702	122278.2587690556	3.570248272195528	66.52787552903695	3.111047612053596	113241.5434656447	3.399733098339169	100155.6263761959	3.475543578320696	8.002718578774408	3.570248272195528	0.880899793728895	151538.5469357093	99080.93269014344	5551.217697546407	-1.492537313432836	16717.77327059396	24912.90097964489	17066.08580653442	1096.816298615654	1337.360295991419	1421.898571596053	33335.59729008754	26439.8	14401.68357347933	5.003227186078932	57.5950014362875	11658.15806254025	1.369170750078007	17.15233038229424	9.540676459145612	0.6549263473046427	0.9677782655844233	1.639613699585116	2.292411373225366	71.52353712493672	0.88	0.7630150753396846	1.097824566903558	-0.2055498458376093	86.83184911451706	1.084298123306398	5	3.306010928961749		2.643416666666667	4.5		3.035833333333329	22.06950010869035	4.8705	92.0384212646115	94.95999999999992	104.66	0.1649768158699587	344.8401076740859	47.87936446469244	7.036305349600027	5.93334401678108	88.198	123.5257458798145	131.8081594781226		635.9857616278587					3.325000000000003	0.2338422772496183	699.35	49.18423957729937	49.18423957729937	704.6	722.5138211382114	9	0.6329565399237782	91.5	6.435058155891745	94.5	6.646043669199671
811	1889	142655.0036964784	3.232025407163064	126238.1973285061	3.238464956333331	68.67596400894736	3.228854766259374	116980.127821895	3.301424761474166	103468.642932022	3.307868639732732	8.261883815501992	3.238464956333317	2.29197518969939	157559.3556631479	101125.4598726385	5914.381472152247	1.611820013431833	16912.16598304273	26024.5002359545	18554.40724315079	1156.522376063815	1408.963645957039	1494.898571596053	33670.19697493335	26735.1	14751.17965333982	3.710814897403353	57.60442451321058	11799.16142565757	1.217601218035098	17.28772498241497	9.614414272184694	0.6620289446880525	0.9876720826104618	1.672633177546154	2.321015436705897	72.06471577457665	0.94	0.7788917660138274	1.106869465498026	0.8238928939237837	87.91431200726083	1.113520342232385	6	3.557534246575342		2.6455	4.5		2.994166666666666	23.47312031560306	4.869	95.88814477009726	94.56999999999995	103.2	0.1701976011822991	357.0085809465369	47.52071753986329	6.658859416338721	5.623760644415197	90.636	127.3164167526163	132.4257693412781		653.3095964547266					3.850000000000001	0.257542556609007	691.225	46.23892303689892	46.23892303689892	697.6	711.8999263622976	-4	-0.2675766821911761	82.8	5.538837321357344	82.8	5.538837321357344
812	1890	144047.2461347146	0.9759506516844425	127430.1685689651	0.944223908202062	69.28470738383523	0.8863994611106705	118162.8849365872	1.011075245611735	104481.9501177624	0.9793374659472249	8.33989449775584	0.944223908202062	1.43091818206868	161002.2596508235	103012.7157334031	6018.142550611058	-0.3908794788273616	17300.95140794027	25959.11204440688	18554.40724315079	1184.719417931917	1442.909308463775	1529.898571596053	34008.65861446293	27003.3	14935.54852899465	3.453293026380384	57.61384759013367	11945.80492329959	-0.4037471620635595	17.22025449764366	9.575324807257829	0.6761089495969111	1.001691699898483	1.724529194216709	2.288325078442433	75.36207204400012	0.87	0.8069094554387851	1.11139191479526	0.4085801838610905	90.70609022106458	1.103907770217258	5	4.52054794520548		2.686583333333333	4.5		3.01333333333333	23.73132463907469	4.8605	97.20154863188236	94.58999999999996	104.09	0.1761144912029517	366.0179865565172	47.16207061503413	6.560978863099684	5.438080479922919	93.641	131.0561798554321	147.261647309819		674.8335788059135					3.324999999999996	0.217334669221321	684.9	44.76767366907758	44.76767366907758	689.1	680.4444759206798	14	0.9150933440897738	107	6.993927701257557	103	6.73247246008905
813	1891	148546.5315322255	3.123478940585287	131311.5426721477	3.045883205500061	70.90381538425282	2.336890868929828	121795.3922318054	3.074152511736315	107612.8498538073	2.996593892548901	8.593917943619408	3.045883205500061	2.59704099500162	159863.1559662692	107337.6770809887	6329.425785987492	-0.4492939666238768	17884.12954528656	24716.73640500202	18951.29295958182	1181.90389136574	1441.379835785049	1532.898571596053	34358.045	27304.4	14968.22174185074	4.229411764705882	57.35241489157299	12126.28922808976	1.930093833157665	17.57097428462947	9.814879286878488	0.6886448689278186	0.9703221077715694	1.715225995615767	2.304413527011886	74.4322134682088	0.67	0.818116531208768	1.120436813389728	0.8138351983723311	91.22348817374946	1.102241591067969	3.5	3.317808219178082		2.70375	4.5		3.004166666666665	23.03125056222198	4.861	98.00268955506316	98.00999999999996	106.3	0.1722859153072353	378.4330955986965	45.8171446469248	6.826599733067903	5.779301062849407	94.953	132.7478842118891	147.3798727813266		693.2810789030126					2.724999999999994	0.1777677956319528	678.7	44.27559739280976	44.27559739280976	683.5	670.4525650035137	-21	-1.369953654411382	72.3	4.716554724473473	72.3	4.716554724473473
814	1892	144669.9933710097	-2.609645692316121	127756.4404552292	-2.707379827068735	69.50456359364934	-1.973450628884279	118736.704924125	-2.511332532070668	104805.0526880021	-2.609165327021429	8.361247942859016	-2.707379827068721	-2.03855150576202	156107.0710075547	106865.8631157976	6485.06740367571	0.1891551071878941	17884.12954528656	24520.57183035914	19248.9572469051	1157.041500500303	1409.542374839116	1496.898571596053	34736.40996361087	27618.4	14975.00542957361	5.266403123106548	57.28170909280023	12306.77353287994	-2.481508583222266	17.19914000891766	9.619036950455778	0.7102142024445786	0.9743156421002317	1.640607404857592	2.211008449319311	74.20177002772989	0.56	0.8209183001512639	1.124959262686962	0.4036326942482305	91.16791387276939	1.050718205066884	3	2.520491803278689		2.669	4.5		2.931666666666666	22.46007554827887	4.872999999999999	98.64116913791986	100.84	108.78	0.1701976011822991	378.1277647413398	42.67898405466968	6.6631181188747	5.590221536304067	97.879	134.2898022451182	150.2456582106699		696.3067438538262					2.075000000000003	0.1386199465597429	672.6	44.93290412341346	44.93290412341346	677.1	660.8033158813262	-31	-2.070948599205795	62.7	4.188660553877527	63.7	4.255465347400294
815	1893	143257.5305595333	-0.9763343306819507	126415.1604949433	-1.049872676091013	69.06569500745577	-0.6314241303051205	117668.2807460012	-0.8998263669238042	103784.8577408697	-0.9734215297514908	8.273465485326719	-1.049872676090999	-5.090307240185949	157397.7578171129	107337.6770809887	6588.828482134521	-1.519949335022166	18467.30768263287	23147.41980785903	18852.07153047407	1159.172624985134	1410.475906577786	1495.898571596053	35119.02893530648	27935.9	14987.40142259111	6.300149056571557	56.93201563629726	12481.61770314542	-0.7417810951030603	17.06372348179936	9.60191978043758	0.7117073640766888	0.9845736563158448	1.626525702881957	2.155671045699643	75.45333533735213	0.64	0.818116531208768	1.1034776285251	-1.909547738693462	92.62548850428864	1.043412650335387	3	3.057534246575342		2.6185	4.5		2.877499999999997	21.69867898719222	4.86375	97.68140116763972	101.9499999999999	112.03	0.1674131823490509	372.0937218968295	39.36149999999997	6.908419621731097	5.671208856642146	97.569	133.4517820315029	148.9849017825132		689.3604604701345					0.4000000000000057	0.02673978086450238	668.25	44.67214640675866	44.67214640675866	671.1	669.2321633237824	-37	-2.473429729966435	56.7	3.790363937543158	53.7	3.589815581059393
816	1894	150221.6410371262	4.861252633905238	133013.0355851101	5.219211892256197	72.25271359177383	4.614474065560344	123579.0970747198	5.023287746914349	109370.3513557883	5.381800135877626	8.705275179838603	5.219211892256197	-2.13314420591244	168748.781282613	111662.6384285744	6848.23117828155	4.067140090380891	19244.87853242793	24324.40725571627	20390.00368164432	1225.637665966532	1488.136584562269	1572.898571596053	35506.10591508747	28257.4	15196.06710537503	6.042622815207714	57.09466391360467	12667.74214246028	3.344643113211707	17.66610148180299	9.912564553584952	0.6789079569851731	0.990627298629022	1.539341625215327	2.012909472894293	76.47346519771509	0.84	0.8227861461129278	1.074081708093079	-2.663934426229503	95.70365542338816	0.9689472591248646	2	2.113698630136986		2.537833333333333	4.5		2.771666666666663	23.25881400637134	4.877	99.68219998893996	104.9	117.45	0.1653248682241147	378.9333897056125	36.85097152619588	7.259695151294173	5.834554536962703	94.54	130.3003952702557	154.7561963996264		705.8305927099857					0.649999999999995	0.04132497872004719	661.075	42.02909278054678	42.02909278054678	667.3	669.9237337192475	-43	-2.733806284556989	49.59999999999999	3.153413760791318	44.59999999999999	2.835529309098644
817	1895	155162.7650816095	3.289222518386779	137312.7638128998	3.232561537202471	74.64016086526293	3.30430118788081	127646.5778004188	3.291398644254215	112908.1939977181	3.234736469320694	8.986678557009698	3.232561537202471	-1.193895859052	173700.8827050136	114414.8865588561	7159.514413657985	-1.798561151079137	20411.23480712053	26089.88842750213	21431.82868727578	1251.567212664555	1519.498830129105	1607.898571596053	35897.54490295449	28582.4	15330.34504439725	6.299395459003048	57.14224666781977	12870.78698534923	2.075981886908972	18.08006940987838	10.13639696897712	0.6771528243674835	0.9792934724577181	1.482619473736256	1.948077977658593	76.10678272325761	1.36	0.8227861461129278	1.059383747877068	-1.368421052631561	97.03145427131136	0.9533108086469237	2	2		2.4065	4.5		2.597499999999997	25.24976848531673	4.8885	100.9713376119768	104.06	116.39	0.1632365540991784	403.6846296929921	38.64420615034166	7.494959142665505	5.721094077197421	102.654	139.3805792437157	174.6502329411468		746.3706270563085					3.450000000000006	0.2145657730496908	653.9749999999999	40.67265258845544	40.67265258845544	659	691.5039573820395	-38	-2.363333152431373	54.59999999999999	3.395736582177709	53.59999999999999	3.333543604482146
818	1896	161399.1658431463	4.01926374427309	143012.4501135145	4.150878725579332	77.81882086265668	4.25864569495198	133058.3662184687	4.239665889446329	117844.0431545725	4.371559744330128	9.359704685368813	4.150878725579332	0.5628998907169159	180048.9100600739	119133.0262107677	7782.080884410852	1.588235294117647	21383.19836936437	27201.48768381175	22622.48583656888	1296.557612652103	1571.419871777621	1658.898571596053	36293.5528989082	28911.3	15677.81165227946	5.262088683265245	57.00861700104812	13113.31276991102	2.409377062770961	18.45558528766518	10.37117937856764	0.6838844774581092	0.9736232920217105	1.494081262744756	1.961732149797146	76.16132828833193	1.18	0.8330592989020791	1.057122523228451	-0.2134471718249813	98.45311611838653	0.9363926819002989	4	2.483606557377049		2.301333333333333	4.5		2.489166666666664	27.39599880656865	4.871	100.3951284290528	102.89	113.05	0.171284116216268	424.8038354322541	38.37522095671979	9.610737178888913	7.077790510102742	103.349	139.5783363501996	168.8959627919308		779.8615657846311					3.024999999999999	0.1823499068475053	646.975	39.00027470501317	39.00027470501317	652.3	715.5333200159807	-45	-2.712643242359585	50	3.014048047066205	51	3.074329008007529
