## Sheet: A1. Headline series (continued)
	A	B	C	D	E	F	G	H	I	J	K	L	M	N	O	P	Q	R	S	T	U	V	W	X	Y	Z	AA	AB	AC	AD	AE	AF	AG	AH	AI	AJ	AK	AL	AM	AN	AO	AP	AQ	AR	AS	AT	AU	AV	AW	AX	AY	AZ	BA	BB	BC	BD	BE	BF	BG	BH	BI	BJ	BK	BL	BM	BN	BO	BP	BQ	BR	BS	BT	BU	BV	BW	BX	BY	BZ	CA	CB	CC	CD	CE
762	1840	50031.11289110566	0.450089131547017	43870.09664477613	0.3983730436271173	25.21384705816912	0.8182776290513658	40614.22754632423	0.320563031898601	35595.86180228739	0.268913629665235	2.871156663547656	0.3983730436271173	1.53770053449422	55331.98649726306	39160.55911086623	2853.429657617311	-0.8347245409015025	6609.352223258084	3412.111329375488	2700.128416850862	435.2374388020866	534.7949226127231	599.1126284631331	19971.44598130118	14769.38	9069.84619606134	9.888601929934266	65.50105573146453	3598.346921954866	1.333941518017083				1.068924698470573	2.478937933877348	3.422371151762627	72.43334588653886		0.5212755666362016	1.281638153196252	-0.9681881051175623	50.81369980958173	1.514760939888969	5	5.060109289617486		3.353134153222021				2.510856691821429	4.79307839115	116.3401259649658						12.9117392250814	7.499888716644014	36.6028531071242	64.95122058293636	71.2869846604208							-1.600000000000001	-0.267061638160488	838.8	140.0070638056357	140.0070638056357	839	771.11648	-8.90000000000002	-1.485530362267717	-3.2	-0.5341232763209756	-1.899999999999987	-0.317135695315577
763	1841	48660.55209809785	-2.739416962382734	42537.68497402496	-3.037175143560646	24.5451507618893	-2.652099438602562	39484.21552214422	-2.782305838246288	34499.53320860646	-3.079932717376948	2.783954607029702	-3.037175143560631	-3.49981610378866	54211.13816889485	38924.65212827065	1867.699412258604	-0.6872852233676976	6803.744935706851	3561.348803026106	2689.553501380167	424.0886103450815	521.2310065269357	584.125224392413	20198	14936.71	8941.725068458487	12.33599851535775	65.36943655438982	3726.374789227546	-3.282069377754646				1.071157198291038	2.378926803646	3.160810509053445	75.26318951522366		0.5212755666362016	1.258368186727605	-1.815642458100541	51.75335570933215	1.443638003126282	5	5		3.383983505212248				2.45905084536019	4.8615752724125	114.7646060953003						13.94597832672573	7.609838702502258	33.46493018404728	64.76591039582387	67.61220521632343							-2.099999999999994	-0.3595119526269975	840.8	143.9417379851335	143.9417379851335	838.8	756.6423789999999	-2.299999999999997	-0.3937511862105216	2.1	0.3595119526269984	2.200000000000001	0.3766315694187604
764	1842	48236.86641284906	-0.8706964203666843	42223.68643729103	-0.7381655511475742	24.30813188161234	-0.9656444263726911	39152.85338794129	-0.8392268399433931	34255.74091257349	-0.7066538974856371	2.763404413161023	-0.7381655511475742	-6.300470100423131	53108.0400995217	38374.20250221429	1712.057794570387	0.5347593582887701	6998.137648155617	3473.163023141651	2555.604572084693	402.0963678817531	494.2387628365667	554.757302769717	20410.15815988522	15073.126	9011.679713411851	12.35395293496415	65.23808185561367	3858.957841187491	-2.321140460666264				1.024607939094722	2.213245068369206	3.029119381305401	73.06562699471442		0.5181353523793569	1.186768289900999	-5.68990042674254	54.54515342368554	1.312006390592846	4	4.263013698630137		3.28816702368478				2.58856546151329	4.769962214525	113.7227544088127						14.68585829343678	8.23846153860398	34.44090326097035	67.54556320251157	68.91700457901123							-4	-0.7210360242270526	838.7	151.1832283798073	151.1832283798073	840.8	746.4050869999999	-2.100000000000023	-0.3785439127192067	2.3	0.4145957139305552	3.300000000000019	0.5948547199873218
765	1843	49914.80425810904	3.478538242718486	43718.22151500328	3.539565594140797	25.40261748594092	4.502549227801794	40410.45063015799	3.212019389125857	35376.8934801834	3.272889558778729	2.861216924996238	3.539565594140797	-5.03664669254513	55733.38782733963	38688.74514567506	1608.296716111576	1.436265709156194	7192.530360604384	3853.040228797769	2604.954177614604	399.6634317698327	492.5672494729024	558.524646262859	20623.55535961206	15263.728	9468.11064773701	8.90113994742133	65.10699110368792	3996.258149639688	-1.09737613512392				0.9868159492839864	2.148777280775232	2.761690131575419	77.80660314520702		0.5105988381629298	1.091003427895413	-8.069381598793356	58.46993124673786	1.177912072492836	4	4		3.163592555824026				3.00301223320321	4.7878468353875	115.6220851022442						16.74622434002994	9.881289099970761	37.08333533789343	70.60318128986805	72.42444539753109							1.300000000000004	0.2327560670237968	838.3	150.0918546046525	150.0918546046525	838.7	796.607432	6.799999999999997	1.217493273662933	12.9	2.309656357389976	14.00000000000002	2.506603798717807
766	1844	53601.06623806668	7.385107554255868	46978.48408658885	7.457445565270106	26.97652237483221	6.195837455578612	43558.31349012581	7.789724714474218	38158.3434602255	7.862335288428142	3.074590619682128	7.457445565270106	-0.199430135795797	58408.40773851742	40733.27232817008	1712.057794570387	0.8710801393728222	7192.530360604384	4171.865740687725	2894.001867146942	433.3700911317298	532.630253458427	599.2513373889454	20836.18871940498	15455.274	9827.982706854094	6.432547831910393	64.9761637682323	4138.443552844632	4.306758324939831				0.9936933923903194	2.199198246797075	2.762452911612103	79.6103433130983		0.5131110095684056	1.126803376308716	3.281378178835112	56.89080376472172	1.197983122860423	2.5	3.524590163934426		3.042098535342724				3.410551558698297	4.859506982925	119.8659777918393						16.83395233620005	10.43825123473389	38.1678024148165	75.32859106123718	74.7396298235036		203.7330393296711					3.400000000000006	0.5673746202744355	833.8	139.1402818778893	139.1402818778893	838.3	816.64348	6.199999999999989	1.034624307559261	13.4	2.236123503434536	14.30000000000001	2.386310902918948
767	1845	56132.09501372461	4.721974679414927	49232.9944013831	4.799027381638851	28.36699658093689	5.154386420845427	45576.87216723707	4.634152508151743	39956.03666831805	4.711140592270155	3.222141065393973	4.799027381638851	2.05763205421085	62199.70588008032	42620.52818893472	2438.385343782066	0.1652892561983471	6998.137648155617	4246.484477513033	3235.924134032757	460.4731085269878	566.2310817017283	638.9412994797418	21050.05539418183	15648.136	10124.07884999149	4.617607217994331	64.84559931993229	4285.687860686751	1.662154659828754				1.008747458229167	2.251388298159485	2.768028909133546	81.33543297653705		0.5184493738050414	1.130383371150046	0.3177124702144454	57.30063967423471	1.296031042892941	3.5	2.682191780821918		3.071997069052812				4.094388731986665	4.8713083994125	119.2232618620519			0.1799430670986681			11.76226671189077	10.09333879383104	41.04719649173958	76.9963827452498	78.42941830534667		223.6014239570681					3.799999999999997	0.5947338203202936	829.8	129.8710852899421	129.8710852899421	833.8	832.142135	2.000000000000028	0.3130178001685803	10.3	1.612041670868166	10.69999999999998	1.674645230901878
768	1846	58824.82749624929	4.797135189531559	51696.53506930159	5.003840814218833	28.766378404276	1.407910147271323	48211.72281995336	5.781113374889173	42349.30730369894	5.989759833408542	3.383371875115863	5.003840814218847	4.50179111445734	65516.03970751461	43957.33442364301	3424.115589140774	0.4709576138147566	7581.315785501918	4165.082219158152	3137.224922972935	487.5917824127466	594.0854215451759	648.9987080760914	21264.15257313594	15841.092	10416.80048992352	2.867937002357672	64.71529723053702	4438.17106714257	3.019245334499622				1.009922930216931	2.216009912826673	2.819585540932879	78.59346278579268		0.5394888093259003	1.264633177699933	11.87648456057009	53.29626136935747	1.357679671416626	3	3.326027397260274		3.163179651981336				4.199727286457852	4.8159512396	130.4433769454982			0.1876002188901008			12.56532223313711	11.33005182392908	42.31010556866266	78.47886424214992	78.76693550151319		228.4973609865593					2.800000000000004	0.4314338326343357	826.1	127.2883889782943	127.2883889782943	829.8	788.8075839999999	1.100000000000009	0.1694918628206329	9.4	1.448385009558125	10.2	1.571651818882221
769	1847	58026.14632187836	-1.357728034853736	50973.88188171797	-1.397875479690967	28.04196367990153	-2.518268772640454	47672.10772440162	-1.119261175475799	41858.26468158721	-1.159505676421873	3.336076549286858	-1.397875479690967	0.694094950032209	63722.24431296268	43406.88479758665	4254.204216811265	-2.352941176470588	7386.923073053152	4334.67025739749	3863.369118627344	516.9729609328176	628.2873606202936	677.9730763232121	21478.47747932315	16035.218	10260.74204861717	5.292369916650525	64.58525697285707	4596.079570308497	-1.306114891998942				1.082765960598356	2.240544252832743	2.937436630130491	76.2754923749014		0.5533057520560164	1.355028047443524	7.147912243453646	51.01475161160082	1.460085605284453	5	5.176712328767123		3.462403162268405				3.540066174851397	4.7934433834125	129.1774134653234			0.1827274859319163			10.07781942271533	9.06505344970913	43.53957890199599	71.9930076932119	77.82345774970081		195.5611528616014					-3	-0.4424954477941246	831.6	122.6597381285314	122.6597381285314	826.1	759.396068	-13.80000000000001	-2.035479059852975	-6.4	-0.9439902886274659	-3.499999999999993	-0.5162446890931445
770	1848	59733.12869291216	2.941746917958227	52519.13391795259	3.031458423787086	29.36926718188537	4.733275875880111	48733.65277425833	2.226763406379334	42827.6400658448	2.3158518195428	3.437208322864199	3.031458423787072	1.32021151476209	64580.40552834672	44586.41971056455	3787.279363746614	1.659125188536953	8164.493922848221	4253.267999042608	3683.595555625524	480.6601306293931	588.6428365282661	647.7141771297023	21693.02736925387	16230.182	10182.46725520472	6.95377114609042	64.45547802076236	4759.606400256965	1.696733374224884				0.9854545532923233	1.985446554332474	2.426125890397729	81.83608947048452		0.5300681665553666	1.159918328591022	-14.39894319682961	57.09304263299398	1.212337582547897	3	3.715846994535519		3.521050811206822				3.441635066575041	4.8685101254	117.1536010278082			0.1747222817863276			10.05768474120072	8.478441607898775	40.73719823532932	68.19414885740535	72.97340623593847		191.8174040358784					-1.200000000000003	-0.185266903577395	831.4	128.3590863618715	128.3590863618715	831.6	748.78457	-4.900000000000006	-0.7565065229410286	1.1	0.169827994945945	2.000000000000009	0.3087781726289923
771	1849	60623.33412475681	1.490304377694997	53196.67794244399	1.290089866199793	30.28891144536952	3.13131498238873	49121.75663116929	0.7963775231639403	43083.54889975912	0.5975319525448555	3.481551399117646	1.290089866199779	0.276140029438787	63108.45970633964	45608.68330181206	3579.757206828991	-0.5847953216374269	8164.493922848221	5494.652438954565	4229.966188278114	477.8815819048109	589.583487298308	660.3286527882556	21907.79953249005	16425.956	10097.26372471694	8.645793876263077	64.32595984918005	4928.951454999834	0.02560362906426161				0.9725355687052838	1.897912245185208	2.428945367764688	78.13729655565785		0.5206475237848328	1.112483396943395	-4.089506172839506	58.46946837475321	1.150432618770475	2.5	2.945205479452055		3.253285151602885				3.358745712237057	4.8140046142	114.7031702056569			0.167065129994895			10.7958420720454	9.050651378723051	38.63459156866266	66.06308170561144	70.84435143986178		223.0459604715929					1.600000000000001	0.242303585228955	828.9	125.5284011226754	125.5284011226754	831.4	763.0757649999999	-1.699999999999989	-0.2574475593057628	2.9	0.4391752482274806	3.19999999999999	0.4846071704579082
