## Sheet: A1. Headline series (continued)
	A	B	C	D	E	F	G	H	I	J	K	L	M	N	O	P	Q	R	S	T	U	V	W	X	Y	Z	AA	AB	AC	AD	AE	AF	AG	AH	AI	AJ	AK	AL	AM	AN	AO	AP	AQ	AR	AS	AT	AU	AV	AW	AX	AY	AZ	BA	BB	BC	BD	BE	BF	BG	BH	BI	BJ	BK	BL	BM	BN	BO	BP	BQ	BR	BS	BT	BU	BV	BW	BX	BY	BZ	CA	CB	CC	CD	CE
819	1897	163651.2316456347	1.395339183275041	144642.2935261039	1.139651415870262	78.70118775544607	1.133873377941171	135018.5906024317	1.473206412849322	119278.5849573408	1.217322288311721	9.466372692336895	1.139651415870276	-0.6265052137611521	181787.1046819932	119840.7471585545	8664.050051310749	-3.265765765765766	21966.37650671067	27332.26406690699	23118.59298210768	1330.044183643458	1610.681187301712	1699.898571596053	36693.93190294926	29343.8	15884.23571457833	5.090777235899943	56.88025049684371	13417.88003424444	-0.5997866995532634	18.37583333072235	10.34966687459219	0.6750968092314822	0.9842157441194397	1.479384667611741	1.954616850418194	75.68668341804296	0.79	0.8461342206337259	1.078604157390313	2.032085561497325	98.00676311570636	0.955617825930554	3	2.632876712328767		2.263666666666666	4.5		2.512499999999998	28.48635955907008	4.86325	103.5443069226657	102.99	109.7	0.1841798039901031	436.128504295923	38.46488268792708	8.149934737373853	6.384002824561245	106.249	143.1643971474809	168.7370677582246		800.4603640283652					3.499999999999996	0.2058946373908539	640.4	37.67283593860084	37.67283593860084	645.2	720.4147501015849	-55	-3.235487158999135	41	2.411908609435719	41	2.411908609435719
820	1898	171492.9599039066	4.791731891912718	152003.035456696	5.088927830962291	82.23894947585944	4.495182120257851	141725.576445724	4.967453602771855	125558.7788679421	5.265147899639643	9.948109566859841	5.088927830962291	2.052087324431	190781.6710139684	124873.4294539268	10012.9440712753	2.121559633027523	22549.55464405697	27397.65225845461	23912.36441496974	1406.202420244499	1699.938081620017	1789.898571596053	37098.98891507832	29580.2	16217.55015424584	4.226581950610457	56.31555366929974	13795.76904739887	3.1441753711693	18.86054886169996	10.72918656948591	0.6672627513513811	0.9912582315755416	1.487148716997312	1.970057537893998	75.48757781902563	0.91	0.8620109113078688	1.097824566903557	1.781970649895158	98.09767041946053	0.9859935534983579	4	3.249315068493151		2.289166666666667	4.5		2.57958333333333	28.9392926760593	4.848	105.0589597746182	102.99	111.04	0.1983977078521415	447.2952126836553	39.09251480637811	7.567945286814019	6.200969924241805	106.669	143.8908118653577	168.2206588986796		812.2836498187316					1.100000000000001	0.06145599630369734	636.25	35.54670695293398	35.54670695293398	638.8	714.5643957826438	-71	-3.966705215965914	29.2	1.631377356425418	23.2	1.296162831132524
821	1899	177872.2574312947	3.719859713753067	157929.2424341784	3.898742521606238	85.16869663529	3.562481255053669	147256.9807134496	3.902897703043692	130684.2089982236	4.082096191515362	10.33596074463899	3.898742521606252	3.685378824937	200675.5764896241	129041.1194797821	10583.63000279876	0.8064516129032258	27214.97974282738	28705.4160894071	24408.47156050853	1495.884878159284	1804.817756412531	1894.898571596053	37508.72993529602	29920.5	16495.4390530434	3.705817609608907	56.7664360479014	14230.05940580022	1.006888833187365	19.23652029513571	10.85614698350505	0.6524010897189881	1.014670743193139	1.548759837685347	2.012849010636907	76.9436668871297	1.29	0.8769536790011797	1.086518443660472	-1.029866117404737	100.8366542849135	1.048411187783253	6	3.758904109589041		2.378166666666667	4.5		2.700833333333331	29.35601849059455	4.86375	104.314789687924	101.92	111.78	0.2002422809134622	467.2651114613531	42.76864578587697	7.082195422392517	5.757851598143024	118.134	157.9560413151365	185.3605148559598		851.452314830142					-10.29999999999999	-0.543564713932124	638.025	33.67066763170329	33.67066763170329	635.4	703.4122029802658	-55	-2.902530025851151	47.2	2.490898494912261	48.2	2.543671768109554
822	1900	177814.1634763136	-0.03266049232192358	157395.119583866	-0.3382038956686699	84.89189756600213	-0.325000945444998	147356.1151593844	0.06732071067496292	130372.4902042969	-0.2385282784479301	10.30100412274583	-0.3382038956686557	1.28468340368175	198260.4303547259	128726.5768363213	10635.51054202817	-3.27455919395466	35379.47366567559	27528.42864154986	25053.41084970896	1554.861278265756	1875.030801656446	1968.898571596053	37923.05796360303	30253.3	16690.29642205445	3.676091123436893	56.73366930710081	14675.63003325096	-2.450615893899589	18.89222723027835	10.66800268047456	0.6693040319558399	1.054489004137298	1.749871318446226	2.158750424071412	81.059454531384	1.19	0.9049713684261376	1.130612324308504	4.058272632674303	100	1.155174820964604	4	3.958904109589041		2.547416666666666	4.5		2.819999999999997	31.23186807214354	4.86525	107.2477180979318	101.42	115.12	0.1977121143249249	469.9641419663123	40.88574943052389	6.927654803692063	5.676075251144883	116.892	158.8821711306506	179.5239597785746		866.2611632268062	260	13.86643887504727	189	10.07983441301513	-71	-3.606077073967559	689	34.99418456286828	34.99418456286828	638.9	626.353375	-68	-3.453707620137944	33.59999999999999	1.70653788289169	25.59999999999999	1.300219339346049
823	1901	181797.9153065748	2.240401862471401	161506.8890620832	2.612386895532907	86.67926628177658	2.105464440095474	150837.2118500127	2.36237002235238	133937.9155236778	2.734798816678151	10.57010620455675	2.612386895532907	1.93005557629724	199055.9158808527	131242.9179840075	11206.19647355163	3.81201044386423	39656.11333954846	28247.69874857373	26144.8465698943	1568.978352868169	1890.361273531478	1983.898571596053	38328.10400000001	30594	16671.90347253159	4.863918629550321	56.72309557717465	15171.96187142394	1.444758862452646	19.3815386008514	10.9463455899059	0.6829642074592361	1.039814604223414	1.672449678206858	2.087964818117981	80.09951430668005	0.96	0.9143105982344569	1.127220487335578	-0.3000000000000114	101.335999743296	1.078786915351056	4	3.749315068493151		2.690666666666667	4.5		2.881666666666663	31.77217938979162	4.87275	105.7911604007074	101.17	113.8	0.2030825969547879	458.8903477320131	41.96169020501136	6.638039219944784	5.396567347619503	119.231	159.9952891013054	185.6868171573207		856.1305162245233	290	15.34098291477568	207	10.95028780468471	-83	-4.183681625075532	752.725	37.94170784620458	37.94170784620458	705.7	672.01425	-82	-4.133275822363779	19.5	0.9829131528791912	19.5	0.9829131528791912
824	1902	184537.8801591386	1.507148664462562	163781.5960008201	1.408427189667748	87.98292442476222	1.504002282100217	153241.4667686797	1.593940175092669	135940.4672268112	1.495134290617955	10.71897845431848	1.408427189667734	1.50943480803098	199916.2038758907	131950.6389317942	11776.88240507509	-2.196193265007321	37517.79350261202	29424.68619643097	26293.67871355594	1576.715412394766	1897.990764488277	1993.898571596053	38696.12	30907.4	16767.88447936359	5.128816453813052	56.59003740881595	15702.13451674507	0.0653690447614459	19.54140337053834	11.06258439716332	0.6707636387632563	1.028510115566257	1.612562833834385	2.064612004062091	78.10488511457329	0.8	0.9143105982344569	1.127220487335578	0	101.335999743296	1.067892667067245	4	3.328767123287671		2.6755	4.5		2.90333333333333	32.61731936156008	4.87175	104.5012308090025	101.17	111.58	0.2070165979085781	461.0273848161294	43.12729271070612	6.966896954779739	5.654489355905656	119.865	160.8568052087604	200.2720571262656		881.4323672007265	286	15.06856647308868	226	11.90732875146168	-60	-3.009180148615679	790.8249999999999	39.66224818381657	39.66224818381657	768.4	725.9420000000001	-77	-3.861781190723455	24.09999999999999	1.208687359693964	16.09999999999999	0.8074633398785404
825	1903	182393.8482481426	-1.161838376569122	161853.8800311888	-1.177004020416092	87.16719190395273	-0.9271486781586162	151616.9383236082	-1.060110216462334	134478.7109792696	-1.075291469392056	10.59281564696362	-1.177004020416092	-1.41265889517132	197006.7452255408	132501.0885578506	11673.12132661628	-1.03960396039604	33241.15382873915	30601.67364428821	26194.45728444818	1555.230104005362	1870.482528356093	1969.898571596053	39067.813	31201.8	16838.58687663973	5.580766861998899	56.60947191270401	16204.10648944274	-2.300828851643687	19.27597702977116	10.90857759231464	0.6927161821932715	1.025518429662904	1.614585278860097	2.095588174514097	77.04687869955508	0.94	0.9171123671769528	1.139657222902972	1.103309929789361	100.5372909397677	1.070456019604612	4	3.750684931506849		2.786999999999999	4.5		2.999166666666664	32.02042241724353	4.863	103.1152916768798	100.95	110.84	0.2006503722987101	465.6263650604481	45.09985079726648	6.61218533557175	5.343507139105809	117.405	157.1708868626605	192.5013333350166		854.9293649861395	257	13.73977014507957	229	12.24283020709425	-28	-1.421392979503195	795.45	40.38025162663629	40.38025162663629	798.3	722.3512499999998	-64	-3.248898238864445	43.2	2.1930063112335	41.2	2.091478241268986
826	1904	184710.5638729837	1.270172019008712	164131.2928555268	1.407079536121813	88.1699003518194	1.150327807934346	153714.1293197112	1.383216822138152	136523.1601139869	1.520277164935365	10.74186498823115	1.407079536121813	-1.7209230262714	198194.5513640566	134388.3444186152	11569.36024815747	0.95	32074.79755404654	31124.7791766692	26492.12157177145	1559.597059119535	1874.081466307767	1972.898571596053	39444.285	31521.5	16756.71453294321	6.872657076620132	56.62640062467444	16689.15805856633	0.6834509875656901	19.61946648279622	11.09964437878858	0.6899293348513016	1.014604377255045	1.630532569469003	2.10256956578806	77.54951826565923	0.86	0.9171123671769528	1.135134773605738	-0.3968253968253777	100.9378379156234	1.084169955679528	3	3.293715846994536		2.860249999999999	4.5		3.11833333333333	34.39953980284473	4.867750000000001	101.6151556221153	100.66	110.67	0.1958022466419646	461.1703299740679	46.6241002277904	6.630978376954268	5.329723239255044	114.531	152.3072368378466	186.410357042947		854.4450255884836	247	13.17978990991403	229	12.21931939016321	-18	-0.9123631726003129	796.1500000000001	40.35432999254107	40.35432999254107	794.5	722.3364999999999	-59	-2.990523732412137	52.40000000000001	2.655990569125356	52.40000000000001	2.655990569125356
827	1905	190835.7708620322	3.316110817170411	169755.5446672602	3.42667855342124	90.75197447958081	2.928521091050698	158930.4585905367	3.393526212529267	141307.1730144103	3.50417679786284	11.10995417202034	3.426678553421254	-0.0586537584535751	205203.3256871084	135174.7010272672	11413.71863046925	1.225490196078431	31880.40484159778	33871.08322166943	27186.67157552576	1619.275879817655	1944.106757600625	2039.898571596053	39823.436	31844.4	16982.54080785756	6.44680128519638	56.61742758618337	17117.80828244299	1.323556145142621	19.946819551205	11.28663171303215	0.6734497817871664	1.018732886826626	1.629278589246384	2.108349146178074	77.27745626002556	0.62	0.9227159050619442	1.139657222902972	0.3984063745019881	101.151571739807	1.114545683247331	4	3.010958904109589		2.810500000000001	4.5		3.08333333333333	36.84190712884671	4.865	103.1576997754515	99.62000000000002	107.35	0.1862692318825725	469.3112358234738	47.70004100227788	6.85804284982418	5.347451367599314	121	159.8053639594347	187.1026854040953		874.54010930787	243	12.49931358193032	233	11.98493853740644	-10	-0.4902204520970778	790.925	38.77276110748812	38.77276110748812	796.7	730.19	-32	-1.568705446710649	88.5	4.338451001059138	87.5	4.289428955849431
