## Sheet: A1. Headline series (continued)
	A	B	C	D	E	F	G	H	I	J	K	L	M	N	O	P	Q	R	S	T	U	V	W	X	Y	Z	AA	AB	AC	AD	AE	AF	AG	AH	AI	AJ	AK	AL	AM	AN	AO	AP	AQ	AR	AS	AT	AU	AV	AW	AX	AY	AZ	BA	BB	BC	BD	BE	BF	BG	BH	BI	BJ	BK	BL	BM	BN	BO	BP	BQ	BR	BS	BT	BU	BV	BW	BX	BY	BZ	CA	CB	CC	CD	CE
782	1860	77081.80312419051	2.230526621012061	67698.15121803193	2.053835628484094	37.65960555007924	1.31631416691431	62355.50742239874	2.558263778764143	54738.46916606633	2.38100633895661	4.430626163269559	2.053835628484109	0.488472264516337	79782.12016938443	55280.86958823081	3320.354510681963	-1.403508771929824	11274.77732202849	10168.49877283074	6457.748380771254	632.8420676395618	782.0771871124919	856.5379922419655	24360.07954966289	18629.213	11818.78948054005	2.941126100056501	62.94289691779584	6390.272416477071	-0.2059217471105322	11.7431273693104	5.976925914649829	0.6620515922394764	1.014606762444888	2.235360531582949	3.302841011307633	67.67993142660973		0.6123417800846946	1.292378137720243	7.841672890216586	59.19474658256684	1.510199147389985	6	4.189890710382514		3.21975	4.75		3.997499999999997	7.477310505905635	4.8495	123.4085113292688			0.1740261770780156			9.1288189013156	8.034328055984634	66.36966323532933	97.75112370185147	104.341085819536		357.9520326729225					-2.275000000000002	-0.2656040970284634	822.1999999999999	95.99107190189116	95.99107190189116	822.8	780.4501577287067	3.5	0.4086216877360971	21.2	2.475079937144359	22.69999999999999	2.650203517602685
783	1861	78497.49091503235	1.836604403974505	68991.48510177962	1.91044195517587	38.32643092449761	1.77066478705315	63498.52552651389	1.833066799332258	55782.27801198301	1.906901785561374	4.51527070436966	1.910441955175884	0.257328424800351	80763.1288087603	57718.5750750518	3631.637746058397	1.294117647058824	10885.99189713096	9829.322696352056	6831.395394069155	655.8043470590503	810.8003313778264	888.267518057327	24585	18832.914	11823.17821040962	3.721008403361345	62.7248186852705	6559.476452217859	1.154503905212721	11.95528459853826	6.106063732999142	0.6303883888954385	1.032899678609418	2.241018003434637	3.22601606908128	69.46704403964253	0.49	0.6198782943011216	1.307593115795897	1.177285318559555	59.22603786123208	1.485975465911863	3	5.239726027397261		3.28925	4.75		4.078749999999997	7.308078074132251	4.773250000000001	115.9905278565878			0.1705456535364553			7.97249824281495	7.163545481597279	70.17483556866266	96.26864220495135	107.4941770314885		375.3963178953289					-3.274999999999999	-0.368695233521827	821.4749999999999	92.48058533048638	92.48058533048638	822	756.8532110091743	-6.900000000000034	-0.7767930110841588	12.3	1.38471797628045	13.90000000000002	1.564843891894169
784	1862	77710.7002225213	-1.002313173758253	68235.25371634365	-1.0961227814133	38.25479760208985	-0.186903191035114	62992.02858727729	-0.7976514966872799	55284.8925183799	-0.8916550405063504	4.465777793536584	-1.0961227814133	-3.05492998129177	81424.57474570101	58662.20300543412	3942.920981434831	-0.4519774011299435	10691.59918468219	9354.47618928191	6975.919238835325	662.0824334261913	816.5728698639225	891.0241567384451	24862.15266858183	19072.513	11786.91923979633	4.671701513640808	62.45886704778606	6734.320622483339	-0.806903682155075	11.95830558396548	6.133613040017852	0.6185358771569424	1.050785628653069	2.45786110888026	3.278285724991044	74.97397466436438	1.05	0.6245886156863885	1.299538127402903	-0.616016427104725	60.04597682267978	1.561338030510464	3	2.53013698630137		3.236416666666667	4.75		4.029999999999993	7.988461524323203	5.558249999999999	117.5752946272383			0.1691534441198312			8.482910568514471	7.317094567435997	74.774651901996	100.808741789208	112.6521825576156		376.9881216214187					-1.949999999999999	-0.2188492854265466	821.45	92.19166436596755	92.19166436596755	821.3	772.0375	-5.900000000000034	-0.662159376418786	13.8	1.548779558403253	11.70000000000003	1.313095712559284
785	1863	81694.73587578579	5.126752997793588	71898.26078433175	5.3682031918799	40.21405508053982	5.121599384289865	66439.32126403968	5.472585585946106	58444.33018134598	5.714830072095566	4.705509819591478	5.3682031918799	-0.155489509600426	88140.82901056099	59605.83093581643	4461.726373728888	1.013513513513514	10691.59918468219	10059.96242835756	7042.893703483062	725.618550774955	891.4147812141242	964.1993032473544	25142.31593269626	19315.155	11942.07090538445	4.14417394388036	62.45886704778606	6943.005599896976	3.366765114720602	12.43593928462692	6.378599277755181	0.6106177768362592	1.091153269128003	2.704526344128245	3.580885631410289	75.52674456858036	3.15	0.6233325299836506	1.247628202203614	-3.994490358126711	62.4185225764171	1.596071457391791	7	4.421917808219178		3.257416666666666	4.75		4.032499999999998	8.737919436462473	7.07475	115.1063523844195			0.1729820200155475			8.343325196605342	7.210155660671338	80.69601123532932	102.1059130989956	118.3316749267522		466.0728803427505					0.0750000000000064	0.007778474818163812	818.2750000000001	84.86575309109936	84.86575309109936	821.5	763.174074074074	10.59999999999997	1.099357774300388	30	3.11138992726526	27.30000000000002	2.831364833811388
786	1864	82738.84553414833	1.278062346575283	72746.92697101092	1.180370953930094	40.73952782261874	1.306689268283222	67403.23082228722	1.450811868496999	59235.05499319055	1.352953844095808	4.761052290736265	1.180370953930094	-1.43331020784376	89098.58048280443	61178.5441531203	4773.009609105322	-0.7543103448275862	10497.20647223342	10053.17890682798	7046.418675306626	765.8152326848254	939.1293453075508	1012.226928036769	25425.48976316325	19560.889	12166.92422631851	2.996737783804027	62.39503719387383	7179.891249934079	-1.205682536599668	12.35368266913901	6.342890615536636	0.6079754913957764	1.135052512812678	2.925599970416499	3.954403095839571	73.98335221552207	8.06	0.6308690442000776	1.233308222838293	-1.147776183644183	63.90671097355515	1.617090948198203	6	7.349726775956285		3.347250000000001	4.75		4.095833333333329	9.549544364355233	9.974499999999999	128.1906788128078			0.1757664388487958			7.505530019243516	6.604920654311796	85.12495556866266	107.1092881510334	122.9669043064758		529.8197880455153					1.350000000000009	0.1333693031283366	813.8249999999999	80.39946156919844	80.39946156919844	817.2	750.4695121951221	6.400000000000034	0.6322692889047065	27.4	2.70690289312326	23.89999999999998	2.361130625753499
787	1865	86675.31919254281	4.757709190865853	76244.13528428391	4.807362261043139	42.28693427168608	3.798292547240109	70608.60290796454	4.75551697830106	62081.39949843218	4.805169009413163	4.98993332178965	4.807362261043139	0.688537689671786	92003.6618938701	63537.6139790761	4980.531766022945	0.9533898305084746	10302.81375978465	10962.17079179084	7465.890322310874	774.6990278438276	950.7673613860129	1028.312106895811	25711.6741308831	19809.651	12262.83941363746	2.957854654199393	62.33121139806127	7444.977572594645	1.983508781514182	12.72864608811405	6.542104431638154	0.6187197369964637	1.096929749141106	2.763434276784206	3.67929490923673	75.10771343299253	6.59	0.6493963083154607	1.254788191886274	1.741654571843227	64.65740469179137	1.569156255749433	7	4.772602739726027		3.3695	4.75		4.179999999999995	9.839657104538176	7.691750000000001	97.00788637438538			0.1729820200155475			7.221304428283074	6.289200129366368	86.57687890199598	109.3330103963836	125.7064783759003		485.0049535117845					0.09999999999999787	0.009724673990455112	805.725	78.35412950959612	78.35412950959612	812.7	727.0400593471811	18.89999999999998	1.837963384196053	41.3	4.016290358058047	36.10000000000002	3.510607310554372
788	1866	87797.26600219235	1.294424779858289	77118.9513747937	1.147388041385682	42.68913757857593	0.951129027954039	71602.67971425915	1.407869247307374	62864.03973365279	1.260667835364075	5.047187219996983	1.147388041385682	-0.852606906448705	91987.00584822145	65739.41248330151	4773.009609105322	-0.9081735620585267	10302.81375978465	11782.97689686924	8170.884687023892	800.6078009406494	981.9024699834846	1061.225743372402	26002.86900683628	20061.684	12301.8521778294	3.295260733152171	61.92696377281721	7664.942819057668	-0.1162117387523582	12.7903685439771	6.616740455686949	0.61973191157866	1.118374768024059	2.807098220149564	3.661938557014118	76.65607099749985	3.74	0.6726338938161105	1.334443077105874	6.348074179743236	62.973462149896	1.575051966585378	3.5	6.93972602739726		3.427083333333333	4.75		4.269166666666663	9.49255793324787	6.877000000000001	94.63549244043563			0.1795950147445121			6.840714315769824	6.068169390658761	85.51467923532931	116.2821424131029	127.1876739002318		532.2262467029764					0.3499999999999943	0.03298073027212397	801.5249999999999	75.52822808961311	75.52822808961311	803.4	702.4565217391304	20.99999999999994	1.978843816327465	45.7	4.306341066960257	35.40000000000003	3.335765290380596
789	1867	88387.51037841968	0.6722810437088071	77559.84761837508	0.5717093343744324	42.65873104842401	-0.07122779207229257	71988.7908319452	0.5392411558155032	63139.88861948536	0.4388023534620231	5.076042460457059	0.5717093343744182	-3.06655621568052	91266.32589508356	66132.59078762747	4409.845834499482	-0.6	10497.20647223342	11972.91549969729	8043.985701375548	789.0302606536495	969.3622393730828	1053.748467551764	26296.07436208315	20316.825	12196.10970368868	4.828357058753442	61.64505568637963	7828.506720273763	-0.1701254881548898	12.87919486970232	6.693161336891682	0.6330256928877293	1.096718569425571	2.607236713841832	3.466520934137718	75.21191313648798	2.41	0.6789143223297996	1.405147975222148	5.298457411133469	60.3631346754923	1.540703042584655	2	2.535616438356164		3.240666666666666	4.75		4.297499999999993	9.186903439126553	6.7515	104.9945536058525			0.1768105959112638			7.798905832397796	6.675530513850576	82.03830356866264	117.394003535778	123.6715566327943		490.8275662347709					-2.850000000000001	-0.2704630267811041	798.5749999999999	75.78421460060355	75.78421460060355	800.9	730.8818181818183	25.09999999999997	2.381972621826561	51.7	4.906294205116868	43.2	4.099650090155682
790	1868	91818.21133224248	3.881431821232098	80610.08218713015	3.932749563618827	44.28606465603055	3.814772656409502	74874.84658983914	4.009034912992661	65703.63056470892	4.060415691693777	5.27567049816979	3.932749563618813	-2.07953761642143	94468.58077375122	68098.48230925729	4254.204216811266	0.3996003996003996	10885.99189713095	12854.77329854186	8632.65599591092	798.9560731977308	980.1878365312892	1063.860066006805	26594.29016776379	20575.213	12263.53859051541	4.997657951592733	61.26208467910614	7963.869948866393	3.276980134178994	13.30356027295149	6.956918871500138	0.6207254616206235	1.06753096396585	2.456239245620465	3.459014547081182	71.00979808521221	3.63	0.6738899795188483	1.363083035836516	-2.99363057324841	61.76544316513495	1.528142615151555	3	2.098360655737705		3.218416666666668	4.75		4.183333333333331	9.69805445754412	6.82775	107.187537844762			0.1743742294321716			8.028786333820248	6.790380347657246	84.47945490199598	117.5793137228905	127.1214873956984		471.4271066872714					-4.525000000000002	-0.4253378940131267	797.8	74.99106560081157	74.99106560081157	797.8	747.11801242236	11.39999999999992	1.07156950093914	41.1	3.863290042859558	37.10000000000004	3.487300744284423
