## Sheet: A1. Headline series (continued)
	A	B	C	D	E	F	G	H	I	J	K	L	M	N	O	P	Q	R	S	T	U	V	W	X	Y	Z	AA	AB	AC	AD	AE	AF	AG	AH	AI	AJ	AK	AL	AM	AN	AO	AP	AQ	AR	AS	AT	AU	AV	AW	AX	AY	AZ	BA	BB	BC	BD	BE	BF	BG	BH	BI	BJ	BK	BL	BM	BN	BO	BP	BQ	BR	BS	BT	BU	BV	BW	BX	BY	BZ	CA	CB	CC	CD	CE
837	1915	239586.7769790855	5.523844368725761	216239.7883375449	6.388254442398136	112.5941587114316	5.466616866141777	199234.8835587359	5.447661069344576	179734.3267657497	6.311447079215782	14.15219834678449	6.38825444239815	6.656106034238141	255734.2398382585	156314.3141996933	7723.655415617124	-8.06622797707493	157048.2962302308	31103.81992598564	33170.23674928518	2424.595658838211	2916.456549134013	3033.871833628138	43279	34817.77780562293	19597.53714341257	0.948316737790422	55.75779860041818	19103.1356351349	4.006654172008585	21.75921304994967	12.50196832338802	0.734204918015085	1.217286106481829	2.487242836556198	2.95623311337552	84.13554483584637	0.64	1.213885586453554	1.434747039547492	12.5	105.7015348132534	1.644646987974904	5	5		3.858000000000001	4.75		4.091317681833545	32.22524810567158	4.757	111.2098156182135	99.89714285714288	102.1657142857143	0.1343600076790338	525.88375581659	53.70737699316627	10.63064259940856	8.71776283853746	146	299.088043645485	339.3279109096876		1323.87360100671	1173	40.22004032078929	401	13.74956195109677	-772	-25.44603207831568	1932.85	63.7090195629177	63.7090195629177	1162	883.5765000000002	-220	-7.251459918690997	-55	-1.812864979672749	-51	-1.681020253878367
838	1916	242365.0529542012	1.159611565440528	220488.3855665423	1.964762017971225	113.8384868342086	1.105144473760916	201399.8448723332	1.086637678566461	183133.4755041787	1.891207316707565	14.43025536461007	1.964762017971239	8.04562101911718	258483.4907694919	143334.6818410715	6064.276322418133	-0.9701202949165697	178778.2491677471	35904.53921417279	30731.867000922	2808.434024059708	3381.059674599332	3516.085737371453	43453	34830.06644491885	19888.35746483229	0.3291020216267043	55.7116199476649	18979.05267559166	1.054682452670808	21.85052994841948	12.56484155073492	0.7269519724254465	1.395027720947144	2.872905208966035	3.750001320259982	76.61077860012219	1.1	1.379887034173698	1.694436253705588	18.10000000000002	101.7412748153651	2.086056294909564	6	5.469945355191257		4.3165	5		4.660521322078947	35.87257978207914	4.766	120.4567756223812	99.8457142857143	103.2485714285714	0.1300995336170452	527.3408066693131	51.19684851936218	8.221329752750668	6.844370956230133	149	358.1420358247923	396.3617699724796		1518.579347339621	1515	44.80843717079714	586	17.33184434461196	-929	-26.42142625038773	3595.15	102.2486443316269	102.2486443316269	2189.8	2004.48975	-140	-3.98170040371828	90	2.559664545247466	99	2.815630999772212
839	1917	241056.1220916816	-0.5400658414094579	222340.403872538	0.8399618425419391	113.1596658174797	-0.5963018620561371	200171.1345660758	-0.6100850311162276	184541.719045018	0.7689711217254569	14.55146400345415	0.8399618425419391	8.87686490719685	260214.7005810304	132117.1850013355	6486.663727959694	4.851542790607414	195569.5764376459	25617.2835966289	26233.49522376927	3472.625546784288	4184.401064090434	4350.155256088031	43556	34830.98320897572	20029.07697519667	0.4662004662004662	55.6375290024838	18736.52689102986	0.7148714281185591	21.8668891418151	12.59099345218849	0.7137184571870759	1.735861768529973	4.368851834705594	4.855454644678726	89.97822355304217	1.56	1.763765382026531	2.121434189639396	25.19999999999999	103.8699987905791	2.689341314578973	5	5.152054794520548		4.582249999999999	5		5.203402517336214	38.87626469206185	4.76375	125.1077141799121	99.79428571428572	104.3314285714285	0.1310952765970502	613.3559378782443	48.86564350797266	9.025520853492845	8.061824168551569	135	419.3635242108102	445.5691028214709		1770.063335436772	1962	46.8884308637963	819	19.57269361745625	-1143	-26.27492428920495	5456.725	125.437477027132	125.437477027132	4063.6	3784.897249999999	-175	-4.022844926168737	50	1.149384264619639	26	0.5976798176022124
840	1918	245733.7855589966	1.940487313380046	227197.2279649824	2.184409134755683	115.2971689624712	1.888926703300072	203905.5770022534	1.865624853589935	188434.3821736914	2.109367545082776	14.86932751238629	2.184409134755683	11.5394972338367	254580.3570302591	130870.7964635871	7874.508060453397	3.494467093768201	186680.0502359348	20009.72073059517	26737.98551653406	4119.534740588675	4968.237588166156	5163.433330954342	43516	34804.92782021845	20160.41518487009	0.6472491909385113	55.58522843306455	18753.44729460394	1.706390943003278	22.18775630236548	12.78777013178805	0.709068599713529	2.021796708525196	4.845710681090696	5.293158103213707	91.54668322014892	1.98	2.189144091809401	2.588149711360064	22	105.6729495892584	2.960287677778705	5	5		4.428666666666666	5.25		5.230406993610593	43.5105214103209	4.76525	129.9701743384021	99.74285714285716	105.4142857142857	0.1365800248147826	674.5035715538111	47.7000410022779	6.268051077867032	5.563385116158855	141	571.9938295889524	589.9214577284317		2208.345439995655	2287	46.03242013722139	999	20.10773402583479	-1288	-24.94464278794015	7091.1	137.3330407403435	137.3330407403435	5921.1	5674.883374999999	-460	-8.90880099569291	-275	-5.325913638729458	-247	-4.783638795513367
841	1919	226529.8616355886	-7.814930242385188	204725.3693088411	-9.89090353673015	106.2499226084064	-7.846893757651273	187815.6195777959	-7.890886390164624	169656.6148827886	-9.965149180468714	13.39861667157568	-9.89090353673015	2.00015160786106	236483.522901019	149781.5191052876	10318.320906801	0	81981.18608244753	29369.10623361549	30059.21327723562	4421.926758859271	5337.207075056073	5545.17129886878	43441	34633.6	19850.83226206845	3.024747937671861	50.34101242115209	19097.49550061021	-2.780026364210825	20.29794934611866	12.91727922068129	0.7274043796505881	2.356072191330725	5.162942149574539	5.649983586535246	91.37977253382826	2.01	2.500396806284671	2.84955283220743	10.09999999999999	109.6253765470049	3.159972840439622	6	5.153424657534247		4.637166666666667	5.25		5.464928759985773	45.9992889071637	4.430499999999999	115.8182344135199	99.69142857142857	106.4971428571428	0.1531322114004393	922.1673773450823	51.8244806378132	5.27289440875344	4.697953708090541	140	621.292130846909	697.1973589668492		2546.15981203838	1591	29.80959849648114	1180	22.10894168815069	-411	-7.411853986978623	7776.975	140.2476962539734	140.2476962539734	7481.1	7125.30575	-210	-3.787078679478129	-45	-0.8115168598881703	-10	-0.180337079975149
842	1920	213407.6609267373	-5.7927023899218	188972.1976360159	-7.694782393607781	100	-5.882284386635305	176886.647757423	-5.818989839578279	156558.2096120212	-7.720539089982836	12.36762227494428	-7.694782393607781	-5.00581572285261	228471.8905351616	150125.3504260458	11977.7	-2.927645336679214	46916.94384236455	31507.24171490893	29891.04984631402	4836.975081573328	5842.72298267445	6119.361138440974	43729	34967.8	20235.46559039775	1.954545454545455	48.33992772609814	19554.34639711033	-6.896591027313603	18.3624558559575	12.16929997138888	0.7431415862442022	2.737822511760837	6.708141700541039	6.713281473762484	99.9234387349684	3.07	2.884275154137504	3.288383968367374	15.39999999999998	109.58044068284	3.815550251871328	7	6.713114754098361		5.366	6.25		6.273049745565486	32.48270681224154	3.65875	95.28205809863823	99.64	107.58	0.1793747351533786	1067.574873709631	61.68727107061502	6.302738366141918	5.709966724437017	99	610.5917091940879	684.2899748895396		2698.859067306158	1229	21.03471281531539	1250	21.39413427106935	21	0.3431730784457372	7686.225	125.6050235655517	125.6050235655517	7875.6	7053.057124999999	78	1.334993978514728	323	5.528244295644321	393.5735003958276	6.736131450402484
843	1921	192683.862867877	-9.710896960711636	169804.1832087606	-10.14329867940432	90.28910303928836	-9.710896960711636	159748.5894073737	-9.68872357938055	140712.5908034609	-10.12123148816566	11.11313740805614	-10.14329867940432	-14.8430553454054	205348.6061614807	137779.3647138458	13706.87499999999	-2.174450210032123	47336.78226600987	25011.30422553882	26374.45574674766	3970.252702145493	4799.506652627547	4799.506652627547	43964.9	35274.3	17853.7083210742	11.02378228869611	46.25630318109101	19619.3110030808	1.344483491307243	18.70105046431888	12.95197238637122	0.7757637360340295	2.490871099007684	4.612200220224929	4.473984511351992	103.0893202361841	1.73	2.697523525452342	3.00558294708778	-8.600000000000009	112.1283416146058	2.455435395544203	5	6.091780821917808		5.19975	6.75		6.159287461039046	33.34090250080803	3.85125	102.6292103097656	106.6	117.22	0.2056710713268639	974.0270072353389	67.6946070615034	4.968416607475753	4.672962329544228	94	545.94471528536	573.7567254601458		2608.208248187537	1324	27.58616865913001	1253	26.10684994704675	-71	-1.479318712083256	7696.15	160.3529395211204	160.3529395211204	7623.1	7168.182375	-43	-0.895925417177183	178	3.708714517617176	184.6418804187449	3.847101249826595
844	1922	202913.9311208514	5.309250136836368	180423.5817834173	6.253908692933095	95.08277736595011	5.309250136836368	168268.7940428685	5.333508525554166	149547.0685576584	6.278384687363882	11.80814287447617	6.253908692933095	-8.28008031539546	213741.8457252048	143929.4096411128	12652.5	1.122058018609743	44502.87290640396	31546.1395441866	30299.95613696127	3611.165586436466	4361.473437350434	4361.473437350434	44393.5	35518.9	17820.80836716558	9.675714859841033	46.71541298503604	19619.3110030808	5.628309233290539	19.90728126421054	13.65188397088986	0.7490460105243472	2.149420403645342	3.498610246880822	3.585798433966594	97.56851399510136	1.61	2.168393910844383	2.584801334495491	-14	104.8069024930796	2.031713221117376	3	3.693150684931507		4.391583333333334	6.525	4.265000000000001	5.14756726858849	39.20890134095025	4.42825	108.3227873723387	116.71	109.2	0.2117877497955941	896.4536221633308	75.04686902050113	6.276265870682525	5.779673268045923	91	483.048165467688	546.4570453833917	1562.852875308331	2361.964844164125	1172	26.87165282180377	1174	26.91750888463962	2	0.04585606283584261	7789.575000000001	178.5996203322544	178.5996203322544	7720.5	7502.5126875	1	0.02292803141792131	190	4.356325969405049	199.304648	4.569663231081747
845	1923	208925.4145272383	2.962577962577953	186051.8630279853	3.119482048263677	97.8996787744008	2.962577962577953	173293.6907913952	2.986232103884063	154247.5904962861	3.143172235980899	12.17649577167878	3.119482048263677	-5.14245625274925	216459.0257707064	148335.4119770652	12989.9	0.2858627858627859	41878.8827586207	34619.06805712216	32467.15947739169	3449.542501805698	4162.624389776968	4162.624389776968	44628.1	35745	18051.10804452588	7.987518452051988	46.20849663370203	19684.27560905127	2.891692377773174	20.266381324733	14.05061064389072	0.7624578792164026	1.99239733432922	3.323537563732105	3.519222495870176	94.43954076880026	1.34	2.002392463124238	2.429713254425761	-5.999999999999986	102.9610718780636	1.99915864389281	4	3.493150684931507		4.296166666666667	6.3	4.1	4.911192581796366	38.64210599843651	4.574	103.3263886925496	123.99	111	0.229940472993116	935.0442039039782	88.5857904328018	6.766752159318194	6.274131825648289	89	476.2911379976265	547.7575255699749	1536.527992656852	2324.279694512333	1048	25.1764248192509	1090	26.18540367651095	42	1.008978857260055	7733.775	185.7908443287234	185.7908443287234	7812.6	7486.744874999999	-8	-0.1921864490019153	171	4.107985347415939	185.023375	4.444873177949968
