## Sheet: A1. Headline series (continued)
	A	B	C	D	E	F	G	H	I	J	K	L	M	N	O	P	Q	R	S	T	U	V	W	X	Y	Z	AA	AB	AC	AD	AE	AF	AG	AH	AI	AJ	AK	AL	AM	AN	AO	AP	AQ	AR	AS	AT	AU	AV	AW	AX	AY	AZ	BA	BB	BC	BD	BE	BF	BG	BH	BI	BJ	BK	BL	BM	BN	BO	BP	BQ	BR	BS	BT	BU	BV	BW	BX	BY	BZ	CA	CB	CC	CD	CE
801	1879	113309.196731411	-1.683600282467452	99234.07223003256	-1.990234928003161	54.71336168009665	-1.902528726019014	92472.44262068771	-1.932333788915656	80947.02071417635	-2.238192670582862	6.494550719622225	-1.990234928003161	-5.52744585430735	121938.3852091061	84140.15712575673	5914.381472152246	-5.692307692307693	13996.27529631122	18177.91725023958	13593.33578776288	934.3446496504521	1143.697138796696	1232.898571596053	30354.04855488458	23832.9	12840.78434905551	7.827356648098066	57.30275179138989	10298.88564208926	-2.608353415935782	15.65862263748044	8.754249265743775	0.6662118028780326	1.009359497541691	1.912301796613892	2.684705614709999	71.22947805286496	0.86	0.7461149074262738	1.204668264107651	-4.471256210078067	77.37793295194805	1.279753754280658	3	2.506849315068493		3.090166666666667	4.75		3.729999999999997	17.16888793363104	4.85375	95.96480557004809	91.53999999999994	99.62	0.1764625435571077			8.490111891245695	7.105172467939433	90.307	129.5876864904521	144.4081573295125		553.3826977844914					-6.550000000000001	-0.5312683582332876	770.9	62.52744692550248	62.52744692550248	771.8	748.116129032258	-24	-1.946632152305175	30.9	2.506288896092913	40.9	3.317385626220069
802	1880	121375.6387175438	7.1189649373771	107077.2547086282	7.903719259262644	58.58413993583861	7.074648928307482	99439.13935910467	7.533808495784655	87683.10958022717	8.321601964618225	7.007861775651588	7.90371925926263	0.456432071810342	126925.7382834219	88543.75413420754	5706.859315234623	8.326530612244898	13801.88258386246	20008.78661357306	14635.16079339434	1006.646864712634	1229.476011173384	1315.898571596053	30730.59600683826	24159.2	13236.61160706913	5.684694451059776	57.70578621362159	10462.44954330535	4.792296670630449	16.38419056061486	9.095916325850983	0.6450483409590457	1.012951218353238	1.989927282161358	2.825148780863803	70.4361942153336	0.95	0.7495691431088028	1.22883322928663	2.00594353640416	76.20748500334119	1.345375579237263	3	2.760928961748634		3.058666666666666	4.75		3.611666666666665	18.92698205803486	4.8445	95.33707895054089	90.65999999999994	102.28	0.1869041141817887	268.4083197648387	36.7051914994961	8.225057124736049	6.845364943587297	88.035	126.2297316625311	135.614073856894		550.9601892408136					-1.074999999999992	-0.08169322645408189	766.5500000000001	58.25296998918785	58.25296998918785	770.6	753.699674267101	-23	-1.74785507762223	32.7	2.484993958184649	28.7	2.181019162076435
803	1881	124713.1420172588	2.749730782040913	109836.550260861	2.576920336388113	59.86239062193783	2.18190569580635	102032.3957596892	2.607882989835133	89818.46609119137	2.435311112011149	7.188448790894322	2.576920336388113	1.38279118085917	130237.390579635	87914.668847286	6018.142550611057	-4.591836734693878	14190.66800875999	21447.3268276208	14287.88579151719	1020.116243823991	1246.862360527999	1334.898571596053	31093.664	24474.3	13434.15392766242	4.912749003984064	57.58223347180245	10659.8542516696	0.5178354374782346	16.46775729788617	9.161926010554835	0.6414744023086892	0.9997842571839363	1.918979697872242	2.801836122831004	68.49007628373658	0.86	0.756477614473861	1.213618251210977	-1.238164603059005	77.87406727294854	1.299235233564651	5	3.486301369863014		2.925500000000001	4.75		3.475833333333332	21.38181163096198	4.8295	93.86511224582853	90.31999999999994	100.85	0.1809872241611361	281.0406576490776	39.88225227385396	7.671194487966257	6.35977199143361	90.894	128.9444863965909	136.598655583609		572.8495560472411					0.850000000000005	0.06367524979697256	761.225	57.02493179611782	57.02493179611782	765.2	762.1441860465117	3	0.2247361757540195	60.5	4.532179544372726	63.5	4.756915720126745
804	1882	126791.7021068777	1.666672859008855	111743.4164825775	1.736094421381324	60.85294828224763	1.654724527401001	103728.4983105619	1.662317676894958	91373.88504151552	1.731736265396634	7.313247049336892	1.736094421381338	1.51255907795742	132998.5941182301	89487.38206458987	5966.262011381652	-0.2235469448584203	14773.84614610629	21839.65597690654	15032.04650982538	1050.218391001622	1283.575035316386	1373.898571596053	31403.3810614092	24797.1	13653.8051229515	4.311129185934544	57.59165654872554	10823.4181528857	0.1145262945052771	16.48219682083382	9.168459139750656	0.6554319458684442	1.012349399832499	1.945906986415614	2.770732631518448	70.23077449913299	0.78	0.7639489983205163	1.215408248631642	0.1474926253687414	78.52737178102574	1.295262037131732	5	4.145205479452055		2.94025	4.5		3.467499999999998	21.02473537672491	4.87	94.7918665480033	90.80999999999993	101.49	0.1830755382860723	306.5635666661372	44.95203010527607	6.903390761074076	5.993614320698059	92.329	131.7424557546661	136.7745750852123		591.578533410101					0.4000000000000092	0.02911423072049131	755.4	54.98222471564657	54.98222471564657	759.9	766.3666666666666	0	0	60.8	4.425363069514577	59.8	4.35257749271335
805	1883	130544.7699265588	2.960026371850077	115344.4762198239	3.222614674402706	62.65772925944278	2.965806962752623	106880.1200717759	3.038337402492843	94390.25159588194	3.30112542877643	7.548924821924144	3.222614674402692	3.12690620396851	134359.8821221879	92475.53717746721	6173.784168299275	2.658788774002954	15357.02428345259	22624.31427547803	15875.42865724132	1055.865052184942	1290.34159361856	1379.898571596053	31716.55057089793	25012.9	13809.6226857133	4.226603618466783	57.57980300767804	11003.90245767587	1.919494175210568	16.82233283296011	9.35959108593791	0.6717223209669533	0.9884284099198103	1.887537421106723	2.712686791650017	69.58184140228776	1	0.7676846902438441	1.215408248631642	0	78.91136870905031	1.272448199549162	3	3.572602739726027		2.851333333333333	4.5		3.47833333333333	20.48439967754308	4.84925	96.33211886562125	90.80999999999993	102.08	0.1788989100361999	311.3189680815784	46.37156789807427	6.934632222576671	5.908455362043285	89.455	127.0540459380732	134.4318191418184		589.3738494716614					0.6750000000000007	0.04891663879463731	747.675	54.1833302381932	54.1833302381932	753.9	767.7448979591837	-12	-0.8696291341268846	49.40000000000001	3.579973268822342	48.40000000000001	3.507504174311769
806	1884	129038.2952787782	-1.153990809917644	114048.4604814526	-1.123604511326008	62.09975327941258	-0.8905142057092803	105690.7164957894	-1.112838921950811	93368.533782146	-1.082439972837747	7.464104762068396	-1.123604511326008	0.466232796578625	134933.4620629906	92790.07982092797	6070.023089840463	-0.4895104895104895	15745.80970835013	22493.53789238278	15329.71079714865	1028.340354926018	1255.920950092086	1340.898571596053	32033.26931157917	25291.9	13768.26349010679	5.436313285195543	57.5626292976126	11195.66703151543	-1.210982591207722	16.72775173915488	9.309744878450822	0.6750608344496676	0.9732931974796755	1.81138172215661	2.571853104805157	70.43099463076993	0.84	0.7639489983205163	1.173575592632227	-3.441860465116278	81.32651701792165	1.172477450591835	5	2.961748633879782		2.734	4.5		3.364999999999997	20.5192231569949	4.85375	95.06081736791285	90.85999999999993	102.24	0.1719378629530793	327.6519683946428	46.57435901133116	6.939408172443185	5.929562402575524	90.025	126.6448257870321	135.4305879251143		592.2634184537694					-0.1750000000000007	-0.0130509498411726	741.325	55.2856879486128	55.2856879486128	745.6	757.9734693877551	5	0.3728842811763585	69.8	5.205464565221965	70.8	5.280041421457237
807	1885	127653.5880138081	-1.073097921805754	112690.0973044796	-1.191040344813686	61.63451479377684	-0.7491792818281198	104574.4335331709	-1.056178820268457	92272.2551588685	-1.174141414532016	7.375204262973002	-1.191040344813672	-2.27481978478731	136635.0394231335	93655.0720904451	5654.978776005219	-1.253481894150418	17300.95140794027	21643.49140226367	15478.54294081029	1008.454235565838	1230.757484507019	1311.898571596053	32353.44306775838	25574	13694.67589371648	6.9015085463528	57.57205237453569	11342.31052915745	-0.9433111468146216	16.67174307291526	9.277054875143804	0.6747980902368416	0.9641385750738865	1.73001536126919	2.416502017360073	71.59172013268828	0.88	0.7555436914930291	1.132873548957121	-3.46820809248554	83.3214891167098	1.106983793262098	4	2.916438356164384		2.86325	4.5		3.33833333333333	20.37969243952733	4.85625	93.68286188812924	93.17999999999994	103.57	0.1708937058906112	324.8835962693394	47.38552346435869	7.338253414217075	6.112613377010008	89.056	124.9403944880786	133.6326149544273		603.9833104652541					-2.075000000000006	-0.1581677154717507	741.475	56.51923220694747	56.51923220694747	739.9	724.7026058631922	-7	-0.5335778353263864	62.3	4.748842734404839	62.3	4.748842734404839
808	1886	128038.0401723916	0.3011683138447694	113129.6235629023	0.3900309511979998	62.02086414578153	0.626839285256608	104932.2289752485	0.342144279427643	92669.98845846103	0.4310432197714675	7.40396984231267	0.3900309511979998	-3.48395529562934	140454.9759176204	94205.52171650145	5188.053922940568	0.9907997169143666	17106.5586954915	22231.98512619229	15627.37508447193	1017.402689459936	1240.626640723434	1319.898571596053	32677.17162492688	25859.3	13847.48354371115	6.813580709414044	57.58147545145877	11438.19281607723	-0.323038942718414	16.60582043875145	9.238859808737413	0.6582204634318918	0.9689516014561321	1.647103022410761	2.264109998247275	72.7483657457385	0.71	0.7490062306272056	1.122698038038344	-0.898203592814383	83.34918214914097	1.066098320291089	5	3.056164383561644		2.830833333333334	4.5		3.293333333333331	20.1310601917651	4.861499999999999	94.97996480652813	93.91999999999994	105.11	0.1670651299948949	323.5221959806169	47.52071753986328	7.038236215536579	5.887764235618326	89.036	124.908087634049	132.736938782286		606.4913958998579					-0.05000000000000426	-0.003788169869715298	737.6500000000001	55.88687008790504	55.88687008790504	742	745.6879194630872	5	0.3788169869714975	78	5.909544996755361	78	5.909544996755361
809	1887	133522.9265340075	4.283794374102385	118063.1125337202	4.360916986588293	64.52060867361403	4.030489678371453	109518.2164135234	4.370427925777363	96791.59240211002	4.447614607717895	7.726850820847957	4.360916986588293	-0.890220268410812	147067.0822158426	97744.12645543515	5343.695540628784	-0.06993006993006994	16717.77327059396	23474.36076559715	16520.36794644175	1060.116270259599	1291.547090195081	1370.898571596053	33004.5557697554	26147.9	14091.13931375091	6.12216406641604	57.58557835936443	11539.7152375217	2.641114638146424	16.98895989671681	9.451350882377053	0.6624608194675533	0.9672848878624093	1.639025503567286	2.215156268555443	73.99141662525392	0.67	0.7527419225505333	1.100085791552174	-2.014098690835837	85.48667479108265	1.056870251156566	4	3.342465753424658		2.748666666666667	4.5		3.239999999999997	20.03040489080627	4.85225	91.88241298921542	94.50999999999992	106.27	0.1646287635158026	331.4486195015063	48.68632004555804	6.972010285831206	5.828010186677773	85.332	119.7536759229691	129.625244372207		614.377392312919					2.524999999999995	0.1841857634340003	712.5	51.97321047395069	51.97321047395069	736.2	744.2162162162163	11	0.8023934248609932	88.5	6.455619827290717	85.5	6.236785256874083
