## Sheet: A1. Headline series (continued)
	A	B	C	D	E	F	G	H	I	J	K	L	M	N	O	P	Q	R	S	T	U	V	W	X	Y	Z	AA	AB	AC	AD	AE	AF	AG	AH	AI	AJ	AK	AL	AM	AN	AO	AP	AQ	AR	AS	AT	AU	AV	AW	AX	AY	AZ	BA	BB	BC	BD	BE	BF	BG	BH	BI	BJ	BK	BL	BM	BN	BO	BP	BQ	BR	BS	BT	BU	BV	BW	BX	BY	BZ	CA	CB	CC	CD	CE
902	1980	838462	-2.041164436936072	746269	-1.974772199768026	392.8921747040015	-2.041164436936057	709767.2791945289	-2.084044081002247	631423.6981316977	-2.017680905791522	48.8409047624969	-1.97477219976804	-0.924839727533344	833264.5087126445	473240.53125	158737	-1.972619349773746	208988	143304.3940709202	123424.6817973671	219281.9683158253	258411	258411	56329.7	46787.2	25086	6.80931683940711	34.33302973403504	89535.9432895791	-1.218385314128872	58.49382694269542	54.5806539496979	0.7380422327890342	30.81964358551729	43.60996772302162	46.91120054500729	92.96280465297745	36.83	83.98706276538904	32.31954022988505	15.15432815038292	324.6579897629587	37.99986530172415	14	16.30054644808743	13.91416666666667	11.92916666666667	14.175	18.415	14.16	292.72	2.3274	144.9132195126606	45.6985130047705	81.81381709731279	11.00613479111938	67438.74507881344	40968.45	5.039647657349505	5.029172113190532	733	11031.55	11300.09	31894.30805196876	106501.5185357559	110261	42.66884923629412	100220	38.78317873465139	-10041	-3.885670501642732	109924.25	42.53853357635705	42.53853357635705	87931	79514	5407	2.092403187170825	1404	0.5433205242810871	1404	0.5433205242810871
903	1981	831931	-0.7789261767378832	740824	-0.7296296643703499	389.8318347088772	-0.7789261767378974	703930.4169592351	-0.8223628231943536	626542.2379762592	-0.7730878916775055	48.48454703300285	-0.7296296643703641	-3.62083296270894	829898.0484586093	475133.59375	148198	0.0498375223598535	208794	142558.9633868228	120111.1387549216	244222.261258829	287850	287850	56357.5	46820.805	24430	9.649025481711602	33.63641787991678	90664.2618165229	2.340900183769882	59.6262681563462	56.78958802850551	0.7368182723305046	34.60022525906596	47.21905827650129	50.62061739674305	93.2802891486254	35.93	95.56220637966992	36.13639846743295	11.80975413139868	330.3848908443143	42.05902478448276	14.375	13.1597602739726	14.88333333333333	13.01166666666666	14.2375	15.2675	15.43	310.04	2.02715	127.8548331894779	46.18715124055983	83.19124569264622	11.6100895243808	79631.33549849685	48688.29	4.687106973000375	4.680915286113981	1043	11630.2	11919.76	35600.7028072783	121459.3253533944	124851	43.37363210005211	116026	40.30779920097273	-8825	-3.065832899079382	122358	42.50755601875977	42.50755601875977	105089	96018	7602	2.640958832725378	4434	1.540385617509119	4434	1.540385617509119
904	1982	848700	2.015671972795815	756518	2.118451886008017	397.6895657421398	2.015671972795829	718494.3012627473	2.068938058739334	640149.3045949263	2.171771637075594	49.51166883404594	2.118451886008017	-3.65392503752564	838340.1531123169	481267.9375	155821	0.5746668903545694	210090	144249.1524322879	126038.1067837745	268726.7995771024	316698	316698	56290.666	46777.337	23951	10.717214642511	33.56560224036771	92098.5187598311	3.298483437505134	62.10715955284023	59.27725062601624	0.7179480234554085	37.31565924354896	50.31502700445285	54.15425678925448	92.9105669389162	32.97	104.8249101866608	39.06743295019157	8.111031002162918	335.218902244836	45.65094288793103	10	11.95445205479452	13.085	11.74083333333333	13.4775	14.125	13.945	379.4	1.749775	112.4251195920578	44.0618270876593	79.45415786653909	11.89768701641005	96590.65469996037	60440.98	4.412367552544728	4.410630536737885	673	12024.56	12274.7	39798.9039800994	136715.7739847105	137565	43.43728094272777	130206	41.11361612640434	-7359	-2.323664816323438	130709.25	41.27252145577175	41.27252145577175	111165	104434	5689	1.796348571825525	1782	0.5626811662845992	1782	0.5626811662845992
905	1983	884520	4.220572640509019	787485	4.093359312005802	414.4743427480117	4.220572640509005	749209.8814861367	4.274992880167204	666700.8613239784	4.147713125433043	51.53835934079383	4.093359312005788	-1.96184075040504	874364.4508500535	502456.4375	167089	0.7721105487064905	213382	147172.609946227	134358.572738659	295545.5209164946	348283	348283	56315.717	46813.693	23775	11.47229669347632	33.45286153455861	94301.8505671745	4.199370284236301	65.12801127380904	62.36994664227345	0.6995320902135927	39.37536743092299	54.18875158165564	58.14664327520136	93.19325850881285	29.55	113.9115496118342	40.99540229885058	4.93497832610872	347.1454547360108	48.62230603448275	9.0625	9.860616438356164	11.26833333333333	10.25083333333333	11.5975	11.4725	12.1375	464.97	1.5162	99.04348091493014	41.02415473754333	72.61359014535532	13.27373040135	111875.3951547782	73251.97	5.039817112833046	5.035080739379472	1837	12808.94	12966.19	44290.23076310362	154808.7473977795	150793	43.29611264402799	140211	40.25777887522504	-10582	-3.038333768802956	140839.5	40.43823557279568	40.43823557279568	123344	126396	3299	0.9472182104782605	769	0.2207974549432502	769	0.2207974549432502
906	1984	904639	2.274566996789218	802671	1.928417684146368	423.901839358317	2.274566996789233	766651.2923223407	2.327973945245759	679912.4981152607	1.981643876242458	52.5322341764406	1.928417684146353	-2.54985987809242	896194.2860947002	515265.84375	177847	-0.08476235524291975	215910	157232.0139917002	147621.9416003166	317843.18361244	374534	374534	56409.31	46912.444	24285	11.77432245876626	33.57192231079512	96780.0513340621	-0.5797859843342675	64.98984737891625	62.01691178739081	0.7013473969444706	41.40148722308015	58.19997955685441	63.24601816495807	92.02157107354553	28.78	121.0178343316907	42.74099616858238	4.25802351445823	353.7395448741231	51.50606142241379	9.5	9.666325136612022	11.1275	10.17333333333333	11.7025	11.3925	11.83416666666667	577.75	1.3371	87.2944373697068	39.30826567649461	68.47992093592488	14.512611905476	131973.4278547222	87871.09	4.11016328675244	4.107292058469692	1308	13480.85	13711.02	51366.79067604425	175808.7888225503	160718	42.91145797177293	148295	39.59453614358109	-12423	-3.316921828191833	153663.75	41.02798410825186	41.02798410825186	136577	140352	131	0.03497679783410852	-1855	-0.4952821372692466	-1855	-0.4952821372692466
907	1985	942519	4.187305654520756	838515	4.465590509685782	441.6519050473852	4.187305654520742	799170.4499572219	4.241714317910322	710645.5254962099	4.520144498908621	54.87810864034964	4.465590509685796	-0.825953616705277	934886.2359202292	542087.375	181405	-0.08472941297538455	215253	166396.8048447868	151366.3190458718	349761.952990113	412120	412120	56554.003	47057.359	24592	11.35781999062827	33.61702948705099	99636.2290480355	2.652407738704787	67.04448178231397	63.89171293558855	0.6907204850409016	43.72537848043382	61.25478196235531	65.77883417368831	93.12232837786803	27.56	131.7956980844992	44.8448275862069	4.922279792746082	367.1704757044341	54.69644396551723	11.375	12.05890410958904	10.97	10.09	13.395	14.1575	11.49666666666667	674.53	1.29615	85.73318149237276	39.558130606088	68.33466147575415	15.81786206160876	154523.7404066488	104141.6	5.233970747649079	5.232635755365334	1667	13981.01	14255.69	61129.14176244674	201739.1062760126	170456	41.36076870814326	159893	38.79768028729496	-10563	-2.563088420848297	161102.25	39.09110210618267	39.09110210618267	148091	150702	4488	1.089003202950597	-1165	-0.2826846549548675	-1165	-0.2826846549548675
908	1986	972239	3.153252082981879	862170	2.821058657269106	455.578302942821	3.153252082981865	824800.834181052	3.207123614893675	731074.8553677492	2.874756701982264	56.42625227509377	2.821058657269091	-0.77854698160289	970289.4395266525	574404.25	179088	0.03717620386589895	218513	173337.9983854401	161895.5619406533	376896.4826058102	444033	444033	56683.834	47187.643	24746	11.32372966387157	33.51417590877676	102686.245466264	1.631920835406503	68.50684245344368	65.48566387388918	0.6945140967235438	45.6711775602501	56.41059716322033	62.90289788013508	89.67885274652023	14.43	142.2732767615956	46.33639846743297	3.326071169208475	383.6011806772258	55.44841056034482	10.875	10.73938356164384	10.135	9.463333333333333	11.85499999999998	13.195	10.81833333333334	817.98	1.4669	98.42508945628887	37.594614835414	63.6739079394184	17.98590469382926	185297.0804065884	125386.2	4.663447539551587	4.661506357371639	1604	14684.61	15016.31	75426.53459283934	233519.0515402307	176928	39.84568714487437	167971	37.82849472899537	-8957	-2.017192415879	166430.75	37.48161735726849	37.48161735726849	163729	176217	-2090	-0.4706857373213252	-4269	-0.9614150299639892	-4269	-0.9614150299639892
909	1987	1024346	5.359484653464833	907589	5.267986591971422	479.9949521735571	5.359484653464847	869459.768716333	5.414511320132561	769989.7174894479	5.322965471452775	59.39877967929768	5.267986591971422	1.59638349597859	1020118.203249075	603762.4375	201290	0.04665874623912769	218961	184542.9202282581	174862.3555384807	418198.308724212	492635	492635	56804.004	47300.41899999999	25239	10.4333013946556	33.60667572931644	107264.988184556	2.296227721676198	70.70711742481157	67.40287253137312	0.6802891095860589	48.09263666768846	57.67601372534358	64.52503722287462	89.38547919953311	18.4350394	153.5387623036783	47.82145593869733	3.204947989879088	401.1198158224789	57.33927801724138	8.375	9.59554794520548	9.570833333333333	9.315	11.30499999999995	11.5475	10.63916666666667	844.74	1.639	109.5007276820291	37.42897661013095	62.79635634352973	20.972494034133	220528.1107489441	148091.7	3.886197647472147	3.884621188064851	1744	15457.65	15727.02	92780.43060916693	272491.1477080088	185608	37.67657596394897	179014	36.33805961817573	-6594	-1.33851634577324	167474	33.99555451805089	33.99555451805089	177770	191567	-3483	-0.7070143209475576	-7879	-1.599358551463051	-7879	-1.599358551463051
910	1988	1083629	5.787399960560208	959298	5.697402678965915	507.7741798463405	5.787399960560208	920259.2865523208	5.842653066166378	814284.2135728105	5.752608778697066	62.78296734401905	5.697402678965929	4.42711405073872	1083807.949875526	648721.9375	232441	0.5556075782028689	219371	186710.3566459722	197302.748327914	468396.4880019468	551709	551709	56916.408	47412.342	26070	8.574434508153603	33.74451322511439	112889.445002412	1.498746215574241	72.35333605230949	68.69042779632662	0.677761619647099	50.91308925840855	57.54046102740259	63.96717788757948	89.9531023996843	14.9238417	167.6583271220959	49.61915708812263	3.759193680196162	422.1381690806432	59.44916487068965	12.875	9.951502732240437	9.675833333333332	9.123333333333333	11.08249999999997	11.9675	10.77666666666667	914.63	1.7807	118.5356499369129	39.68991699780921	66.42876513008524	26.3262319626775	274469.3966367479	179158.5	3.428298841941803	3.426877911638434	1868	16654.37	16818	105968.4033691572	319313.005638306	193956	35.15548957874532	197530	35.80329485290252	3574	0.6478052741572097	157134.5	28.48140958367545	28.48140958367545	189679	203443	-15094	-2.735862565229133	-19685	-3.568004147113786	-19685	-3.568004147113786
911	1989	1111618	2.582895068330586	984669	2.644746470856816	520.8894540958476	2.582895068330558	944521.7138591951	2.636477312581277	836256.5414003485	2.698361022023349	64.44341765714918	2.644746470856816	4.43305325671863	1128015.169140575	673792.0625	243717	-0.3738576528889518	221327	196093.3387412007	212063.3794293543	517495.1315827715	609474	609474	57076.416	47552.651	26749	7.221393638791579	33.81838897987441	118927.46227565	-0.9443613439223799	72.38169801081871	68.56724191137953	0.6860747974961647	54.82764762715249	62.15560445980179	68.09567988050792	91.27686891278628	18.2261133	183.7263709158763	52.21800766283525	5.237595169335734	439.5720549032029	62.28911637931034	14.875	13.67534301369863	10.19083333333334	9.260833333333332	13.7025	15.7125	11.32833333333333	1175.26	1.6389	109.5329177418214	38.38751171984348	64.96925341122676	31.70209277522426	333013.0360540621	207058.3	3.144773784730718	3.142961234998885	1909	17614.63	17867.16	124256.7959208856	377045.9020764569	211023	34.62379035036769	214824	35.24744287697261	3801	0.6236525266049084	152374.25	25.00094343647145	25.00094343647145	185391	194957	-18323	-3.006362863715269	-25056	-4.111085952805206	-25056	-4.111085952805206
