## Sheet: A1. Headline series (continued)
	A	B	C	D	E	F	G	H	I	J	K	L	M	N	O	P	Q	R	S	T	U	V	W	X	Y	Z	AA	AB	AC	AD	AE	AF	AG	AH	AI	AJ	AK	AL	AM	AN	AO	AP	AQ	AR	AS	AT	AU	AV	AW	AX	AY	AZ	BA	BB	BC	BD	BE	BF	BG	BH	BI	BJ	BK	BL	BM	BN	BO	BP	BQ	BR	BS	BT	BU	BV	BW	BX	BY	BZ	CA	CB	CC	CD	CE
846	1924	218786.3566061362	4.719838465421503	195184.5458021901	4.908675799086751	102.520385470719	4.719838465421489	181514.4517641981	4.743831662457211	161856.1803067664	4.932712262149423	12.7742004728	4.908675799086765	-0.70296826522278	224449.6991021422	153246.2687473455	15140.825	1.792024230186774	42298.72118226602	35786.00293545212	35656.62854444025	3542.763907734706	4271.644204077724	4271.644204077724	44934.6	36064.8	18322.28342219687	7.117407622868066	45.62394092785183	19781.72251800697	4.624696546075135	20.94652015588055	14.7082131924533	0.7522217476790651	1.952427139580567	3.332279097917794	3.65983955764362	91.04986831890727	1.43	2.033517734571765	2.412705261644781	-0.700000000000017	105.2985931995495	2.152959796134852	4	4		4.373333333333334	6.075	4.315	5.09665176027409	42.30960527352538	4.41725	98.91308088425455	123.91	108.18	0.2408643943639567	991.0232761662505	107.3250922551253	6.911949867651061	6.420837456687283	89	478.2207382792103	548.8461457116166	1519.078119565342	2321.416925042632	1041	24.37000719784336	1028	24.06567473523821	-13	-0.3043324626051525	7676.299999999999	179.7036371304563	179.7036371304563	7707.5	7437.206125000001	-130	-3.043324626051525	72	1.685533639043921	86.16862	2.017223717222123
847	1925	226485.2739511582	3.518920221740188	202352.6398400834	3.672470076169759	106.1279960464542	3.518920221740188	187944.736405774	3.542574477722255	167838.6427597038	3.696159418564591	13.24332916263351	3.672470076169759	2.19730965480882	233452.8477800904	155908.2284919834	17249.57499999999	1.301518438177874	43663.19605911331	35552.61595978613	36638.00364199365	3661.059840508163	4410.606202737627	4410.606202737627	45085	36198.2	18531.64676525168	7.759829826366816	46.07936186354426	19944.13403293313	1.850045699995483	21.47043845602662	14.92709462531907	0.7330479500395768	1.947414119157601	3.230653783879871	3.655822684610492	88.37008965121841	1.68	2.054267915536784	2.419943377429715	0.2999999999999972	106.0549039285755	2.08554362440209	5	4.578082191780822		4.439333333333333	5.85	4.69	5.147807656318498	44.17669581357062	4.828	105.7752690174888	134.27	113.6	0.2578511817829817	1040.84547515071	130.8164658314351	6.704012771630861	6.195825432917642	86.995	473.9484015826951	539.0542392594742	1491.036496278375	2319.972237475673	1096	24.84919191651528	1048	23.76090613914965	-48	-1.088285777365633	7641.75	173.258496649663	173.258496649663	7665.9	7298.921749999999	-210	-4.761250275974644	41	0.9295774348331447	65.210365	1.478489849298368
848	1926	219419.1443331244	-3.119906868451693	195768.6127237962	-3.253739176069288	102.8169014084507	-3.119906868451679	182122.5295121882	-3.097829183689214	162414.6147856651	-3.23169198990982	12.81242577345309	-3.253739176069303	-2.09942559783247	227519.6285677031	156780.2497876407	16743.47499999999	-0.9545983701979045	44607.83251231528	32674.1765932389	38028.2850301943	3535.125080877762	4255.178998755622	4255.178998755622	45264.6	36382.8	18536.63160675299	8.666889674006134	45.64791255437731	19976.61633591836	-2.630384483552427	20.76626045680221	14.57398113249943	0.7429151946979557	1.939292495050189	3.093794409339976	3.348777828037445	92.38577678809756	1.88	2.002392463124238	2.400583830410277	-0.7999999999999972	104.2104332550051	1.955966153638171	5	5		4.524916666666667	5.83	4.855	5.299511054407698	45.24360469359648	4.857749999999999	104.5616335281368	140.4	113.11	0.2617794884828407	1088.323487285311	153.5008838268792	6.877528327324234	6.383311002130473	88	467.6231111619377	536.9630671194485	1475.698743392128	2353.463447591463	1155	27.1433939756181	1057	24.84031812314141	-98	-2.303075852476687	7647.95	179.7327445505008	179.7327445505008	7633.7	7261.895375000001	-281	-6.603717495366827	-24	-0.5640185761167397	-28.856719	-0.6781552317408694
849	1927	236293.4837194738	7.690459024273025	211750.8075786545	8.16381882289123	110.7239930812948	7.690459024273025	196173.162706848	7.714934133791246	175713.7755620643	8.188401514204728	13.85840900041523	8.163818822891258	4.5261586584067	245479.4682085951	163572.836722234	18683.52499999999	0.7690459024273011	45132.63054187193	36797.34649667142	38641.64446616518	3741.701506173195	4500.028046329088	4500.028046329088	45429	36562.4	19077.98539379472	6.713612931416981	46.99247129831115	20106.5455478593	3.574796726798041	21.82421421414341	14.87822627880157	0.7469794855348011	1.904423251752255	2.947811431600759	3.203936059905407	92.00593821113243	1.3	2.043892825054275	2.34296981848043	-2.40000000000002	108.9858964964113	1.885089455979962	4.5	4.650684931506849		4.558083333333333	5.81	4.69	5.304801706360947	48.97778577368698	4.8605	104.0498388807938	132.97	105.96	0.2612234268038652	1117.565481125348	177.2612425968109	7.122872130376547	6.371380947294674	86	472.3418698414069	538.3902850114879	1493.829703754794	2414.281335424069	1132	25.15539877409059	1105	24.55540251357782	-27	-0.5999962605127613	7636.425	169.6972756920801	169.6972756920801	7652.7	7302.906624999999	-171	-3.799976316580822	94	2.088875869933317	91.945201	2.043213954522007
850	1928	238402.7761427675	0.8926578888640933	213503.0083434729	0.8274824473420352	111.7123795404003	0.8926578888641217	197969.1794429555	0.915526217411994	177207.9330582948	0.8503360032251948	13.97308490237453	0.8274824473420352	3.96535955510293	246516.2469654975	165638.1503172117	18472.64999999999	-0.9372907833072974	45657.42857142859	37030.73347233742	37455.81622328815	3745.058930074636	4500.230401072076	4500.230401072076	45626.2	36795.7	19145.77923821246	7.426827171436132	46.91239085193376	20333.92166875593	0.4036586196704121	21.92688830178611	14.97373923937537	0.7437859422714024	1.887658555778358	2.931927574497904	3.250193622186845	90.20778191439558	1.17	2.012767553606748	2.335940909024989	-0.2999999999999972	107.649160274243	1.855482734173369	4.5	4.5		4.465416666666667	5.79	4.775	5.253538033953578	52.94535317128313	4.865500000000001	105.2993172493805	133.21	107.61	0.2616718636417486	1178.589309315914	203.9804384965831	6.734867758151664	5.828188853488316	84	464.5285061441364	544.6515059825283	1529.280252673644	2514.264534694381	1134	25.19870982005389	1128	25.06538331306948	-6	-0.1333265069844121	7623.424999999999	169.400771084607	169.400771084607	7631	7308.114500000001	-147	-3.266499421118097	120	2.666530139688243	134.381425	2.986100999806292
851	1929	245205.2442078895	2.85335102853351	219821.5504953936	2.959462820193977	114.8999258710156	2.85335102853351	203663.9625554829	2.876600857038113	182493.5789979141	2.982736635092124	14.38661315489444	2.959462820193977	5.359402059820209	253281.6584020634	169447.5065035039	19442.67499999999	0.6193320061933201	46602.06502463055	38275.46400922271	39336.78516026551	3823.442596773087	4590.65492485881	4590.65492485881	45730	36922.9	19419.94552078424	7.183500996582741	46.66607039270812	20561.29778965256	2.003993242688069	22.25708641474055	15.27945658189862	0.7344768715239706	1.872168329714338	2.84961609152483	3.177339755126833	89.68559584875364	1.27	2.023142644089257	2.314917440843764	-0.9000000000000057	109.1867334540628	1.756024655723515	5	5.495890410958904	4.76	4.5675	5.77	5.53	5.425833333333331	49.04446757868858	4.85675	104.163959905348	133.32	107.34	0.2666046688584665	1217.405532754902	240.3831013667426	11.92880382018028	10.62567527400563	84	457.6099444039271	528.7279536761177	1437.51017139511	2518.808782142568	1159	25.24694229844876	1127	24.54987400375475	-32	-0.6970682946940123	7602.375	165.6054555273248	165.6054555273248	7620.9	7111.179343749999	-177	-3.855659005026256	92	2.004071347245286	99.112313	2.159001593940287
852	1930	243254.1487163428	-0.7956989247312123	217856.9617590821	-0.8937198067632863	113.985668396343	-0.7956989247312123	202088.9588191211	-0.7733345244781589	180903.3710040572	-0.8713775041230747	14.25803714360674	-0.8937198067632863	2.78703297121936	255016.1341287966	171558.7159561478	19527.02499999999	0.6236559139784946	47756.62068965518	32907.56356890489	38846.0976114888	3763.956877901936	4515.478797740977	4515.478797740977	45890.9	37172.1	19057.04905948923	11.09812724069538	46.5133098837591	20756.19160756396	0.4630378473254713	22.47821615011375	15.48194166154096	0.7275107589104038	1.856280281988715	2.671571712755404	2.791855889402469	95.69160510384333	1.19	2.002392463124238	2.250099752500139	-2.799999999999997	111.1799069148154	1.478798078807235	3	3.408219178082192	4.31	4.44775	5.82	4.48	5.513333333333332	39.50896946345748	4.86175	103.9612547368347	136.18	107.59	0.2678961669515708	1223.955916171924	283.600055808656	11.51296894780771	10.1076213001192	81	452.2362376836768	544.5162560431236	1488.869895841587	2644.887703731944	1197	26.50881675269609	1131	25.04717773375044	-66	-1.461639018945649	7586.224999999999	168.0048858560751	168.0048858560751	7596.2	7357.5965	-221	-4.894276108893764	31	0.686527417989623	28.38178399999999	0.6285442866922318
853	1931	231969.4342517217	-4.639063516150017	207025.1752129323	-4.971971728003879	108.6978008401285	-4.639063516150017	192757.251225931	-4.617623668170012	171947.5565493106	-4.950606727248726	13.54913156785832	-4.971971728003894	-4.20781830204126	246126.4872067913	174082.9881277872	19147.45	-1.560806416648602	48806.21674876849	26528.31956736777	40277.26962875418	3523.857545208484	4223.786062984587	4223.786062984587	46073.6	37394.7	18608.41332437178	14.87620545753544	46.4755642638159	20886.12081950489	-3.372210720970282	21.87559475001493	15.07912101692421	0.7687438852842713	1.820837334284803	2.373593126201841	2.265053745384289	104.7919119375746	0.65	1.960892101194202	2.153345463142633	-4.300000000000011	113.7676699471043	1.27731856937016	6	3.96986301369863	4.85	4.397416666666667	5.87	4.705	5.815833333333334	30.24019856823285	4.53225	101.7000702316567	128.1131124497992	102.8931776649746	0.26466742171881	1159.404665047744	340.8939020501139	11.6852688858593	10.50818666754414	78	450.2439816851872	533.2791614272729	1382.877559078141	2565.912336927018	1228	29.07344220773052	1130	26.75324893708101	-98	-2.320193270649504	7631.725	180.6844590657917	180.6844590657917	7582.9	6935.96985	-297	-7.031606136560231	-106	-2.509596802947422	-98.34165	-2.328281985250702
854	1932	232127.6311834687	0.06819731757217085	207927.8240917781	0.4360092331367014	108.7719298245614	0.06819731757215663	193012.558954246	0.1324503886059745	172808.1514451648	0.500498473560711	13.60820703250402	0.4360092331366872	-5.98402755396967	244354.6205401119	173073.2792591314	16701.3	-0.1591270743350761	48806.21674876849	25944.85212820279	35942.86294789333	3449.760273380897	4132.59280176127	4132.59280176127	46335	37619.1	18696.14653479475	15.38729838999768	46.44070617687765	20853.63851651966	0.1674641929169938	21.86787375268287	15.08511313063373	0.7810534438018084	1.780310590640094	2.219275763380254	2.094631198651376	105.9506687768773	0.87	1.919391739264166	2.097358481100924	-2.600000000000009	114.3325344687499	1.241431633847016	2	3.002732240437159	3.67	3.752416666666667	5.87	4.49	5.223333333333334	31.94058459577405	3.504	85.3846207089887	102.8186345381526	88.91193908629444	0.2605956152308283	1092.518155486228	348.2461640091116	12.50550655557498	11.33669020778118	69	445.3029910098177	521.2182717259576	1483.364047522509	2840.271720039004	1195	28.91647102251891	1172	28.3599196973993	-23	-0.5565513251196109	7806.775	188.9074335287239	188.9074335287239	7648	7738.315499999999	-189	-4.57340001946115	-54	-1.306685719846043	-72.612049	-1.757057916982614
