## Sheet: A1. Headline series (continued)
	A	B	C	D	E	F	G	H	I	J	K	L	M	N	O	P	Q	R	S	T	U	V	W	X	Y	Z	AA	AB	AC	AD	AE	AF	AG	AH	AI	AJ	AK	AL	AM	AN	AO	AP	AQ	AR	AS	AT	AU	AV	AW	AX	AY	AZ	BA	BB	BC	BD	BE	BF	BG	BH	BI	BJ	BK	BL	BM	BN	BO	BP	BQ	BR	BS	BT	BU	BV	BW	BX	BY	BZ	CA	CB	CC	CD	CE
855	1933	239510.1546649966	3.180372557928209	214777.3361724317	3.294177732379978	112.2312824314307	3.180372557928209	199278.893468551	3.24659418446987	178615.3216787277	3.36047239959376	14.05648555834493	3.294177732379993	-5.32447493341678	255096.06970727	179590.4910477277	17291.75	-0.7496592457973649	49540.93399014779	26372.72825025711	35901.9723188286	3513.255969005934	4206.436488944193	4206.436488944193	46520	37781.9	19077.98539379471	13.92737213742642	46.40055492221362	20658.74469860826	1.972530778112588	22.13614505923023	15.28338826216742	0.7795241162880601	1.756266449256711	2.168134495079479	2.02300452279772	107.1739816024262	0.67	1.909016648781657	2.053313952997804	-2.099999999999994	116.1537495085994	1.225154345234734	2	2	3.45	3.379999999999999	5.57	4.025	4.34	36.14153831087586	4.217750000000001	106.0534448132338	105.5531726907631	90.44113705583757	0.2617256760622946	1078.649602317158	379.7174316628701	14.39616080119108	12.9201664575431	70	455.729293901176	596.348194359583	1570.849921303148	2883.20616724072	1128	26.8160473351905	1147	27.26773607576552	19	0.4516887405750172	7987.724999999999	189.8929181741884	189.8929181741884	7859.7	8016.841875	-165	-3.922560115519886	-7	-0.16641164126448	-32.33499999999998	-0.7687029171838513
856	1934	253800.6108328112	5.966534566270383	228104.6813836258	6.205191594561185	118.9276006918705	5.966534566270383	211304.4058834267	6.034513844173603	189820.439476409	6.273323974880341	14.92871741870206	6.205191594561185	-2.25006459392593	267933.5717006234	184180.0768143448	21003.15	1.915455746367239	50590.53004926109	27384.07181147641	37537.5974814176	3694.109787149666	4420.603522542355	4420.603522542355	46666	37912.6	19625.32099063801	11.73411142664778	46.47111378889514	20723.70930457872	3.777514208268553	22.85406625152497	15.7551023588536	0.7618156192078441	1.741762365361045	2.215604360273984	2.094783314206834	105.7677109249315	1	1.929766829746675	2.053313952997804	0	117.4162902641277	1.259631436862325	2	2	3.13	3.076841666666666	5.44	4.105	3.994166666666667	37.84192433841706	5.0385	122.6223494854632	103.0920883534137	89.23962436548224	0.2513757538439446	1143.838842086489	426.9691640091116	14.95936835499309	12.972483631554	72	467.8521961268746	595.2643032368017	1618.982717523228	2963.53842292069	1132	25.60736320793071	1155	26.12765415650174	23	0.5202909485710304	7934.4	179.4868044496515	179.4868044496515	8030.4	8600.315687499999	-191	-4.320677007698556	-22	-0.4976696029809856	-112.77	-2.551009142189352
857	1935	263186.9621164681	3.698317057967998	236494.0062576046	3.677839851024203	123.32592043489	3.698317057967984	219259.6182507948	3.764811402823682	196927.9261779798	3.744321065305556	15.47777173717388	3.677839851024217	-1.88928009337723	278086.1626159323	189366.3087306222	21846.65	-0.6856430500727198	54054.19704433498	30884.87644646629	39377.67578933023	3861.887255254585	4618.915095242652	4618.915095242652	46868.5	38107.3	19976.25383232988	10.87303083358991	46.74675854590428	20886.12081950489	1.668970662374419	23.27834728046285	15.95296710019586	0.7558674713800019	1.754993886512754	2.229409663857821	2.119359217077823	105.1926283139361	0.97	1.960892101194202	2.067687150668789	0.6999999999999886	118.4807362437141	1.301157747967676	2	2	2.740416666666667	2.904416666666667	5.21	3.96	3.969166666666667	40.04242390347038	4.90175	117.1545170437754	101.861546184739	89.34885279187819	0.2536179380333619	1231.837275900381	474.9381902050114	14.16835205433194	12.47037602872286	73	490.9388698155141	597.5474735425556	1749.990130874158	3142.832220365056	1196	25.89352640908782	1181	25.56877482368957	-15	-0.3247515853982587	7901.8	171.074805166664	171.074805166664	7902.4	8330.6193125	-158	-3.420716699528325	23	0.4979524309439966	30.934	0.6697243695139822
858	1936	275737.2520350654	4.768583450210386	248122.2476968537	4.91692860350247	129.2068198665678	4.768583450210372	229862.4300961151	4.835733971402135	206743.1570774617	4.984174205242539	16.2388027229038	4.91692860350247	-0.5639116354434031	291429.0394907068	196342.4790958802	23871.05	0.6611901422560609	59092.25812807881	30029.12420235765	40277.26962875418	4082.873559139689	4880.576241983343	4880.576241983343	47081.3	38322.1	20607.3347663951	9.2481130947513	46.99706455271894	21145.97924338676	1.807767728176284	23.67499701138051	16.13838339785442	0.7519357261438088	1.77000974875991	2.319526899125123	2.240619508648752	103.5216773830536	1.09	2.012767553606747	2.08216096072347	0.6999999999999886	120.7697589428526	1.370240098849727	2	2	2.734166666666667	2.94125	4.97	3.975	3.9475	45.91042274361259	4.97025	118.5012392332001	106.2368072289157	94.04567512690356	0.2494205692307728	1315.118993661847	526.0453769931663	13.62482022343689	12.3100016622005	75	537.8748547470062	653.7329466218092	1913.363213753297	3372.943723318503	1260	25.81662364294852	1224	25.07900582457856	-36	-0.7376178183699577	7907.825	162.0264617930947	162.0264617930947	7901.6	8250.616312500002	-220	-4.507664445594186	-25	-0.5122345960902484	-42.66	-0.8740771147683999
859	1937	285387.2648716341	3.499713138267396	256723.9605423257	3.466723732077895	133.7286879169756	3.499713138267396	238059.3718789797	3.566020675687241	214047.4137697916	3.533010134692475	16.80175715070402	3.466723732077924	-0.753316626948352	301317.7230143131	198729.0636945211	24672.375	0.8797093134442532	65809.67290640394	31546.1395441866	41790.22290414901	4369.116655703748	5219.979898535463	5219.979898535463	47288.6	38552	21299.23076677625	7.696564415542433	47.19865923031875	21470.80227323909	0.2276575886567338	23.70001045404677	16.0864311412521	0.7455940419848387	1.829086487402788	2.669825541019361	2.573974700651949	103.7238454730396	1.18	2.064643006019292	2.152954433388068	3.40000000000002	119.808879686672	1.580306839286982	2	2	3.099583333333333	3.299166666666667	4.87	3.965	4.039166666666667	38.50874238843323	4.944	117.6393047764579	115.8076907630522	100.380923857868	0.2524520022548649	1437.894408518989	570.607257403189	13.99749124136993	12.7969456071071	76	565.4071473492287	693.0121772754815	1955.334996641827	3475.407457349271	1377	26.37941192812517	1298	24.86599613849417	-79	-1.513415789631001	8089.225	154.9665929225042	154.9665929225042	7909.9	7946.772288964902	-250	-4.789290473515826	-46	-0.881229447126912	-3.549000000000007	-0.06798876756203079
860	1938	287602.0219160924	0.77605321507761	258423.0643142708	0.6618407445708385	134.7664936990364	0.77605321507761	240060.4678424583	0.8405869290858448	215602.0429627535	0.7263013206194842	16.91295802533123	0.6618407445708527	-3.70781999739624	304768.0916428856	197811.1465411977	24967.6	-0.5543237250554324	78509.78522167487	29406.758933915	40972.4103228545	4508.495816480448	5383.652818991096	5383.652818991096	47494.1	38749.2	21353.06705499034	9.201827740423088	45.13826518125889	21828.10760607665	3.313032167128146	23.79671780191864	16.88935348640304	0.7336672420214043	1.871910629530195	2.565436627685666	2.406772318450405	106.5924104253208	1.13	2.147643729879364	2.187401704322278	1.600000000000023	122.662713642727	1.405998866746002	2	2	3.001944444444444	3.407166666666667	4.82	3.77	4.104166666666666	34.80790221084356	4.889	120.4567604651949	118.8156827309238	100.2716954314721	0.2641831099338959	1457.746855187403	615.7071082004557	13.45775538708672	12.46381650210065	79	576.053724245334	698.7683390322417	1918.975156605676	3448.028455159495	1566	29.08805698755052	1362	25.29880818457459	-204	-3.78924880297593	8263.075	153.4845443757369	153.4845443757369	8149	8159.258501752335	-246	-4.569388262412151	-57	-1.058760694949157	-204.282	-3.794486882203573
861	1939	300257.7764558545	4.400440044004398	270422.9847036328	4.643517567289905	140.6968124536694	4.400440044004398	250784.6046017708	4.467264791948296	225757.9726787047	4.710497904561009	17.69831420238585	4.643517567289905	-2.68608516961736	314913.3727910775	197306.2921068698	22352.75	1.136780344701137	119129.1527093596	27306.27615292108	44407.22316429141	4852.664683408553	5791.478319134677	5791.478319134677	47761.7	38973	22232.39309582055	5.684615874820047	46.0401610600434	21885.88272963721	0.02547071435708874	23.91682036228658	16.64207350553062	0.7501938737229398	1.928835411856909	2.565436627685666	2.426717945398889	105.7163084218251	1.02	2.168393910844383	2.248648952043302	2.800000000000011	120.4745726015993	1.480207922702788	2	2.268493150684932	3.463888888888889	3.72925	4.79	3.82	4.439166666666667	33.60762972081448	4.43625	113.9800954438206	107.8126554540929	94.88033192537351	0.2654746080270002	1488.651905142842	633.1014840546698	12.98783744994601	11.99075641956004	84	629.8368042399397	740.1387418259397	2092.700390341826	3637.879380164988	1976	34.11909517940214	1483	25.60658813312418	-493	-8.512507046277964	8887.675000000001	153.4612496197333	153.4612496197333	8301.1	8023.427567528528	-393	-6.785832189020771	-243	-4.19581990313498	6.100000000000023	0.1053271662926892
862	1940	330051.5319348777	9.92272567615035	300953.7556057709	11.29000589043787	154.6577711885348	9.92272567615035	275845.6447639773	9.993053681266346	251406.8070541307	11.36120867453441	19.69645491834342	11.29000589043787	4.74148443512678	336216.667160533	172017.6745328095	19400.5	-0.3336845802599227	274889.2078817734	18515.36673616871	46533.53587565711	5893.507126571196	7029.795826553074	7029.795826553074	48226	39339	23029.96773602936	2.990737004762043	46.93936070920935	21943.81077368738	7.014859282734025	25.69522885787316	17.53703417286395	0.7671794726864697	2.129908558624754	3.206795784607082	3.358483692178597	95.48344069900435	1.02	2.790899339794923	2.626421975986577	16.80000000000001	132.7573410149039	1.983522193414871	2	2	3.031805555555555	3.384583333333333	4.76	3.535	4.446666666666666	31.1737438382555	3.83375	113.9001275512648	93.17030551639985	94.81376433601042	0.2900525609526871	1387.066513148085	607.7272141230069	13.5092027093507	12.66277229385491	90	705.2654764343513	814.8619688375791	2529.097063089517	3968.003348619386	3751	53.35859095411639	1901	27.04203716442955	-1850	-26.31655378968684	10935.325	155.5567938217336	155.5567938217336	9083.2	8983.359151531957	-994	-14.13981322537768	-842	-11.97758826536017	-649.1999999999999	-9.234976605548482
863	1941	358790.641202254	8.707461255791657	328776.5798713714	9.244883556810152	168.1245366938474	8.707461255791657	300056.5636808875	8.776980668890332	274824.7142080987	9.31474665637269	21.51736924036387	9.244883556810137	10.7398116383513	365078.8650361205	167473.9846238586	15604.75	-0.8467806358843266	347206.3763546798	15909.21217456513	39786.58207997748	7105.250400633294	8470.321049105003	8470.321049105003	48216	39145	23927.23920626427	1.034030386460442	46.76101459510647	22001.89214298053	6.497095776129332	27.01807073873543	18.51020537087625	0.7353949875311698	2.360797656461222	3.757204254238909	3.843909746014315	97.74434111348974	1.14	3.050276601857648	2.910075549393127	10.80000000000003	130.9525125091653	2.191410084195365	2	2	2.720833333333333	3.115916666666667	4.74	3.45	4.263333333333333	33.20753889080481	4.03175	126.4121158929634	97.9822313050525	105.2291057364911	0.3169059698042976	1254.787267439043	577.3318872437359	11.91624002557616	11.53226508994513	96	837.5600856942499	1043.056990726387	3147.270728190662	4638.709972131701	4971	58.68726782823951	2677	31.60446911611289	-2294	-27.08279871212662	13557.9	160.0635905227295	160.0635905227295	11552.7	11665.07877517011	-955	-11.2746611900963	-827	-9.763502412784968	-790.5	-9.332586042692283
