## Sheet: A1. Headline series (continued)
	A	B	C	D	E	F	G	H	I	J	K	L	M	N	O	P	Q	R	S	T	U	V	W	X	Y	Z	AA	AB	AC	AD	AE	AF	AG	AH	AI	AJ	AK	AL	AM	AN	AO	AP	AQ	AR	AS	AT	AU	AV	AW	AX	AY	AZ	BA	BB	BC	BD	BE	BF	BG	BH	BI	BJ	BK	BL	BM	BN	BO	BP	BQ	BR	BS	BT	BU	BV	BW	BX	BY	BZ	CA	CB	CC	CD	CE
864	1942	365223.9830932997	1.793062904174022	335466.8009734051	2.034883720930239	171.1391153941192	1.793062904174008	305632.0090055616	1.858131432380105	280596.3267926681	2.100106826709592	21.95522268420849	2.034883720930253	10.466097643721	372142.9261102104	167473.9846238586	13496	-1.572604350382128	364629.6709359605	14392.19683273618	33571.20646213927	7789.356673272808	9280.885325930885	9280.885325930885	48400	39371.4	24724.81384647308	0.442926613744768	46.58027566846849	22060.12724334135	-0.1927522902510037	26.67857135023294	18.34853283135889	0.7279159785598722	2.541148926564333	4.160167504355134	3.957542789169362	105.1199627137399	1.19	3.434154949710482	3.116690913400039	7.09999999999998	137.6591323530483	2.337777514079043	2	2	2.62625	3.023166666666667	4.77	3.483333333333333	4.034999999999999	35.54140206586136	4.035	122.4456210551162	98.06121493542182	101.9272805771964	0.3462454989803875	1193.399560010472	545.5019726651482	11.78528843491095	11.42320321025184	105	1015.502321706765	1215.478909980559	3609.252587313043	5102.078654404463	5557	59.87575328049456	3160	34.04847586222112	-2397	-25.82727741827343	16311.15	175.7499357785025	175.7499357785025	14226.3	14440.63451033404	-750	-8.08112560021071	-668	-7.197589201254339	-611.7	-6.590966039531856
865	1943	371499.1280525985	1.718163442102252	341466.7611680862	1.78854067742958	174.0795651099581	1.718163442102252	311081.9017051182	1.78315508159271	285797.396564818	1.853577283637421	22.3479007727358	1.78854067742958	10.5292698990387	379614.6843209552	166143.0047515396	9278.5	1.400519780537107	375965.3083743842	15870.31434528746	33325.86268775092	8295.010877103134	9878.094668325832	9878.094668325832	48789	39803.1	24924.20750652529	0.319946152978944	46.39961317524408	22118.51648166867	1.414096267668558	26.93848262338102	18.59942841441692	0.7314698710056304	2.658981925504613	4.627846465629045	4.453267062850564	103.9202545078608	1.2	3.776532935633279	3.22265840445564	3.400000000000006	146.4056641456625	2.374817958244001	2	2	2.725555555555556	3.098333333333333	4.8	3.326666666666667	3.908333333333333	37.84192433841711	4.035	119.2903460339387	98.06121493542182	99.30073828347876	0.3783013164384753	1171.78714466578	516.6308952164011	13.0101659442591	12.65680690739684	114	1180.093016044881	1374.460957633752	4109.549641259531	5683.407983258658	6052	61.26687588250974	3667	37.12254359900252	-2385	-24.14433228350723	19058.7	192.9390296401171	192.9390296401171	17006.1	17268.59322291667	-772	-7.815272336632109	-698	-7.066140014208824	-518.5	-5.248987961844234
866	1944	355152.1117720726	-4.400283889283159	324900.4993916218	-4.851500544238831	166.4195700518905	-4.400283889283145	297583.3462431493	-4.339228797297409	272105.6045929487	-4.790733623342845	21.26369224512057	-4.851500544238831	4.34333438392595	362831.5115125519	172384.8413941389	7169.75	-2.611781405251952	351824.5990147783	20071.27990727532	37046.90993264091	8371.330233306438	9963.70709294534	9963.70709294534	49016	39999.5	24625.11701644698	0.2834568467660222	46.20920112573843	22177.0602659383	-3.748237594892232	25.94287651042308	17.98583051048123	0.7417251489434368	2.80547595317124	4.787820683064528	4.542583514956061	105.3986276157839	1.21	3.838783478528334	3.309670181375942	2.699999999999989	144.9064696435129	2.444412979633524	2	2	2.69375	3.134666666666666	4.71	3.393333333333333	3.85	39.97574209846882	4.035	120.4229265352041	98.06121493542182	100.2435310884316	0.4424576800450003	1192.132382563552	503.8092676537587	13.98281996050252	13.7522337820461	124	1362.321294691984	1549.584092460929	4612.851637670575	6339.019439749979	6205	62.27601777247508	3863	38.77071017809367	-2342	-23.50530759438141	21841.7	219.2125862016227	219.2125862016227	19742.9	19886.70302898681	-747	-7.497209552947443	-738	-7.406881727008317	-726.2	-7.288451910777018
867	1945	338910.5601127114	-4.573125463994032	307643.9767078047	-5.311325379964046	158.8089943167781	-4.573125463994046	284155.7669377814	-4.512207915827531	257817.6683376795	-5.250879075659967	20.13430836218803	-5.31132537996406	-2.0173364545621	343135.2922885782	185878.2235479932	8013.25	0.356347438752784	287484.360591133	16414.88395517478	34552.58155969268	8151.29981633865	9696.727960179955	9696.727960179955	49182	40213.7	24126.63286631647	0.4127688752778976	44.51305356835233	22235.75900520591	-1.210766386842964	25.07250654433871	18.04476349169069	0.7446223097775942	2.861146597779401	4.887703906775534	4.753731360347603	102.8182607781634	1.05	3.818033297563316	3.402340946454468	2.799999999999997	140.1976570323187	2.509393966455788	2	2	2.640555555555556	2.89175	4.68	3.405	3.7925	41.80949173601326	4.03275	120.9762770950763	98.00653396055075	100.7041561176293	0.5265246392535504	1284.565937441664	514.0307050113896	15.60309451590307	15.27088327473325	131	1507.108866505557	1705.879111597697	5015.770599509926	6835.163639771105	5563	57.36986767953795	3827	39.46692137508391	-1736	-17.90294630445405	23465.75	241.9965796334923	241.9965796334923	22541.3	22827.72247606204	-865	-8.920534880963569	-845	-8.714279739207186	-855.3	-8.820501137211723
868	1946	330578.8550407013	-2.458378714796964	298617.4879193464	-2.93406972730412	154.9048678033113	-2.45837871479695	277347.0000473082	-2.396138907842072	250412.8008415753	-2.872133451461352	19.54355371573101	-2.93406972730412	-5.81929903202946	341133.5050624419	203456.3370341368	20244	2.240547689435195	156914.6108374384	27578.56095786473	35247.722253793	8205.78962460128	9756.250981142912	9756.250981142912	49217	40226.6	22930.27090600326	2.038237194528323	43.77132807080714	22294.61310960985	1.869924157810294	25.60661102707248	18.74145088831058	0.7556768390922154	2.951262862817317	5.16705712882247	5.106712958753817	101.1816636367864	1.12	3.973659654800951	3.507813515794556	3.099999999999994	141.524961633329	2.731508463818671	2	2	2.30625	2.590833333333333	4.35	3.24	3.684166666666666	43.40985505605204	4.032999999999999	114.9036298961745	98.01260962442531	95.649108745946	0.6349267708645755	1493.720614930521	574.1937266514807	17.76328374966636	16.96781839973848	142	1559.268771834071	1809.236547808468	5779.431582401386	7766.001824027871	4477	45.88852837686566	3854	39.50287879482696	-623	-6.385649582038711	25271.425	259.0280328872755	259.0280328872755	23773.9	24170.26662368094	-375	-3.843689555801793	-153	-1.568225338767131	-153	-1.568225338767131
869	1947	326360.270194114	-1.276120593396087	294688.3104467234	-1.31578947368422	152.9280948851003	-1.276120593396087	273982.3525986153	-1.213154441230301	247275.5075160307	-1.25284862235516	19.2864016931556	-1.315789473684205	-8.0989800416551	343378.6003027608	212130.6541330431	23618	1.451587174988036	110837.3438423645	27617.4587871424	35370.39414098718	8873.315960277845	10544.02938642673	10544.02938642673	49538.7	40549	23029.96773602936	1.624175018750998	42.31133586741041	22353.62299037404	0.8225056612131927	25.1602893721235	19.05020804828944	0.7645618000239248	3.230794416291941	5.963618929221607	6.225545554349152	95.79271209501368	1.9	4.274537278793712	3.753360461900176	7	142.2812625190492	3.435405070579751	2	2	2.408333333333333	2.769166666666667	4.29	3.286666666666667	3.683333333333334	41.07599188099548	4.03	107.4572546851861	97.93970165793058	89.45053039848639	0.8207589964834757	1744.199356938382	655.7859020501139	18.8233889692828	18.05800014170621	147	1544.893200786493	1796.311193459489	5853.970121800379	8074.578751888758	4036	38.27758679424321	3939	37.35763488169574	-97	-0.9199519125474707	25772.175	244.4243472346197	244.4243472346197	25770.6	26343.82421812642	-555	-5.263642386225219	-311	-2.949536544353231	-311	-2.949536544353231
870	1948	336854	3.215382129584754	305467	3.657657657657666	157.8453175191502	3.215382129584739	282805.820613355	3.220451219230924	256332.5873798966	3.66274846823589	19.99183224157193	3.657657657657666	-5.74517035532169	353817.6863753214	216123.59375	25305	-0.9856196477621587	106534	33646.62232518053	34593.4721887574	9750.617614135463	11581	11581	50033.2	40950	22994.07687721997	1.640350949656953	41.93684437970411	22989.27103749368	3.782965576162931	26.12127510371292	19.95443583457344	0.7412878140840106	3.437987971049772	6.511797763308606	6.957960122841487	93.58774192930159	1.99	4.658415626646545	4.042369217466489	7.700000000000003	143.9730257345851	3.98614136323313	2	2	2.52125	3.2075	4.24	3.286666666666667	3.773333333333333	40.54253744098255	4.03	107.3688077255574	97.93970165793058	89.37690458816671	0.9468594352963008	1956.451579297488	750.379028473804	16.73636285831745	15.61120569446583	169	1445.504590849067	1669.8335840407	5987.963991760145	8302.279781664187	4430	38.25230981780503	4910	42.3970296174769	480	4.144719799671877	25442.025	219.6876349192643	219.6876349192643	25772.7	25701.49513307131	-216	-1.865123909852344	83	0.7166911320265953	83	0.7166911320265953
871	1949	348243	3.380989983791196	316258	3.532623818612151	163.1820518943561	3.380989983791196	292553.3255459479	3.446712981880069	265556.5699802528	3.598443215760838	20.69806846911468	3.532623818612166	-3.86658156308143	362597.1304347827	219965.328125	28718	-0.9803036066202646	112735	37331.81884041215	37309.09269033287	10397.85544255456	12343	12343	50331	41214	23019.99805302675	1.526540111735896	41.74789845323534	23836.80176698654	2.829643748238273	27.01358912601289	20.72948440001881	0.7318087700645417	3.544364136536843	6.667234753924251	7.156432406869604	93.16422450275972	1.78	4.855542345814216	4.155555555555551	2.800000000000011	145.97804035727	4.232479542074133	2	2	2.500416666666667	3.299999999999999	4.2	3.163333333333334	3.873333333333334	38.97551502344457	3.62	100.1020263175797	87.97561290364982	83.32782532276208	0.9114628208927008	2156.595217163803	855.103930523918	14.96802133667214	14.34443073137035	170	1472.786260583666	1714.561590225213	5950.464922690948	8406.702579436766	4765	38.60487725836506	5347	43.32010046180021	582	4.715223203435145	25757.8	208.6834643117556	208.6834643117556	25331.8	25521.69537033693	-181	-1.466418212752167	34	0.2754597747711253	34	0.2754597747711253
872	1950	359774	3.311193620546575	326976	3.389005179315618	168.585325586559	3.311193620546561	302432.3920271912	3.376842995309474	274730.7634246727	3.454703999642021	21.39952708155127	3.389005179315632	-2.49509011171449	373150.6363636364	226191.359375	31267	-2.156177912993704	112634	42641.13553073772	37630.45608669718	10889.55669682481	12920	12920	50571.5	41421	23232.35230098235	1.823362453915739	41.99923391897404	24857.07814319411	1.384376443474713	27.67379657939076	21.10902644746937	0.7418921983706647	3.591143328867567	7.007318081025563	8.097164682192494	86.54039229850726	1.71	5.083794336429415	4.318390804597697	3.918495297805634	147.0770486924552	4.994436083806582	2	2	2.622083333333333	3.545833333333333	4.18	3.19	4.071666666666667	40.52385342399121	2.8	79.69243191434656	68.04743539508824	66.33828794870833	0.9424348584958508	2333.859262238506	950.235027334852	15.1294036538929	14.69839066677469	163	1489.46540822311	1814.569935279117	6165.312773923787	8737.108567931855	4880	37.77089783281734	5479	42.40712074303406	599	4.636222910216718	25916.15	200.5893962848297	200.5893962848297	25899.8	25119.48157022908	-59	-0.456656346749226	337	2.608359133126935	337	2.608359133126935
