## Sheet: A1. Headline series (continued)
	A	B	C	D	E	F	G	H	I	J	K	L	M	N	O	P	Q	R	S	T	U	V	W	X	Y	Z	AA	AB	AC	AD	AE	AF	AG	AH	AI	AJ	AK	AL	AM	AN	AO	AP	AQ	AR	AS	AT	AU	AV	AW	AX	AY	AZ	BA	BB	BC	BD	BE	BF	BG	BH	BI	BJ	BK	BL	BM	BN	BO	BP	BQ	BR	BS	BT	BU	BV	BW	BX	BY	BZ	CA	CB	CC	CD	CE
873	1951	373254	3.746796600087833	338993	3.675193286357413	174.9018748338832	3.746796600087819	313963.2119894084	3.812693437011362	285008.5639324859	3.741044643015115	22.18600106416468	3.675193286357398	-1.19052645031909	380501.0027235234	223465.71875	33416	4.700696736383414	120857	42213.15791703053	40273.22091145714	12234.24777410007	14508	14508	50301.9	41228	23577.98561121754	1.56737653924408	42.16693182074729	25863.66055118712	1.378653025160055	28.27027834195643	21.4782508976644	0.7366876833450904	3.88689739426771	8.620534874818917	10.67707002986869	80.73876869500066	1.71	5.581798679589848	4.709195402298847	9.049773755656133	148.083385006652	6.623508366291669	2.5	2.073972602739726	3.240416666666667	3.7475	4.19	3.366666666666667	4.274999999999999	41.50380436027548	2.8	80.54882040830036	68.04743539508824	67.05117052918885	0.9933174917010258	2621.086150207049	1038.462170842825	13.73234497678019	13.2572998374613	163	1570.292262027188	1795.269863506451	6142.316336608118	8735.877612534105	5781	39.84698097601323	5875	40.49489936586711	94	0.6479183898538737	25898.65	178.5128894403088	178.5128894403088	25921.6	25215.56959285832	-661	-4.556106975461814	-331	-2.281499862145024	-331	-2.281499862145024
874	1952	379199	1.592749173485075	345995	2.065529376712789	177.6876229997098	1.592749173485075	319153.0422366039	1.653005845592688	291068.0354301382	2.126066464124804	22.64425943366281	2.065529376712803	-1.7441532080026	391140.4328293737	223874.3125	37116	-3.259576872161591	132446	41366.18124095267	37286.13816202113	13296.95174793486	15759	15759	50444.2	41367	23564.99938857864	2.358966568434311	41.55528705512127	26675.91734580513	2.486312538135807	28.87011025150721	22.25681337739123	0.7223977644162587	4.155865389940375	9.065376323129113	10.46233316802295	86.64775033963271	1.71	6.038302660820245	5.210727969348656	10.65006915629323	144.7755930376605	6.790137507582024	4	3.713114754098361	3.946666666666667	4.234999999999999	4.32	3.933333333333334	5.135833333333333	39.40234591165392	2.795	87.05811845035372	67.92592211759701	72.46969870664257	0.9778314728994508	2462.688969342044	1132.517326879271	12.38684108767577	12.15711020126827	163	1671.969763622829	1879.974157724645	6100.776649661256	8991.777985812649	6434	40.82746367155276	6160	39.08877466844343	-274	-1.738689003109334	26011	165.0548892696237	165.0548892696237	25891	23815.270243599	-151	-0.9581826258011296	227	1.440446728853354	227	1.440446728853354
875	1953	400153	5.525858454268075	365848	5.73794418994494	187.5063895374272	5.525858454268075	336988.6254143534	5.588410830352402	307951.79275407	5.800622283714901	23.94357440219273	5.737944189944955	1.0054320039385	409510.6938055499	233933.515625	46596	0.250192830408869	135898	43098.0440320848	40229.30790077381	14270.63152034423	16903	16903	50592.9	41515	23677.87963151672	2.032146018931268	41.63069780352067	27676.09325364264	4.250345995738966	30.38113042782617	23.37927649687864	0.7180858644539495	4.224134268642245	8.531709692585162	9.44833555022926	90.2985467358655	1.93	6.401430827708061	5.399616858237546	3.625000000000028	148.1129351460361	6.786350481643606	3.5	3.854794520547945	3.504166666666666	4.0825	4.55	4.006666666666666	4.903333333333333	45.70672125751857	2.8125	90.10010108419822	68.35121858881632	75.00193313657994	0.9048259556920257	2544.985104644795	1251.857091116173	12.27654370835713	12.05058180087569	158	1761.512615045852	1999.556857645113	6271.866582604344	9439.28259736856	6863	40.60225995385434	6331	37.45488966455659	-532	-3.147370289297758	26450	156.4810980299355	156.4810980299355	26051	24379.29042859789	-124	-0.733597586227297	201	1.189138022836183	201	1.189138022836183
876	1954	417347	4.296856452406956	381265	4.21404517723208	195.5632699349414	4.296856452406956	351676.7588707868	4.358643689641781	321119.1442520885	4.27578335565461	24.95256744454531	4.21404517723208	2.15098176678312	421177.1934071594	243885.84375	51660	-0.6149491799764986	135487	45524.24812657405	41701.39178163519	15065.15644434034	17833	17833	50764.9	41673	24012.52459951901	1.768046522278514	41.71052751394646	28819.27587283709	2.088667452734497	31.22016317763338	23.97895842890302	0.7216311718240994	4.27294313844355	8.40650896497959	9.414553884815339	89.2926958391346	1.93	6.816434447008421	5.523371647509578	2.29191797346202	154.1813600235734	6.843155870719865	3	3.180821917808219	3.199583333333333	3.755833333333333	4.58	3.81	4.572499999999999	61.46765962218016	2.81	91.63785410025794	68.29046195007069	76.28200327527274	0.8782784948893257	2865.651397462616	1410.827340546697	11.59193499378809	11.42942629119091	161	1869.657361420866	2109.642741890322	6559.746603388214	9938.944953054588	6950	38.97269107833791	6673	37.41939101665452	-277	-1.553300061683396	26846.25	150.5425335052992	150.5425335052992	26583	25429.06582794035	-99	-0.5551505635619357	156	0.8747827062188078	156	0.8747827062188078
877	1955	433302	3.822957874382709	395891	3.836176937300834	203.0395713623196	3.822957874382695	365337.3891863442	3.884427950092828	333635.2601188247	3.89765483957278	25.90979208211739	3.836176937300834	2.8500278877054	438241.162626628	254200.703125	55907	1.196268454092937	132209	48664.74586072379	45833.20687774781	16388.02295464609	19388	19388	50946.3	41838	24272.2490522969	1.550357882476115	41.68037246131254	30166.03262377099	2.050065338338439	32.07093795214131	24.65022563228426	0.725954777316404	4.47447738528786	8.560611848098203	9.693844927436428	88.30976678685212	1.93	7.397439514028925	5.803448275862067	5.070754716981128	159.2480711442055	7.049548784363602	4.5	4.316438356164384	4.144583333333333	4.175833333333334	4.66	4.45	5.005	62.43756352154398	2.795	96.12823016091724	67.92592211759701	80.01992233426405	0.9004013788915758	2968.363169410192	1570.783869020501	11.74581029551954	11.37337804631862	166	2007.764267419355	2168.146380014896	6449.157839246283	9867.379263733968	7024	36.22859500722096	7080	36.51743346399835	56	0.2888384567773881	27012.75	139.3271611305962	139.3271611305962	26934	25235.75496842515	-277	-1.428718795131009	-112	-0.5776769135547761	-112	-0.5776769135547761
878	1956	440315	1.618501645503599	403780	1.992720218443964	206.3257701658422	1.618501645503599	371470.0556235283	1.678630936418088	340485.0286914748	2.053070940466682	26.42610174749453	1.992720218443964	1.72226117803568	449832.7209738893	255619.515625	60485	-0.3487087818787478	130874	50907.38846122208	45997.88066781027	17804.84354642969	21052	21052	51183.9	42059	24488.02013614315	1.639878333549025	41.41915213695942	31631.46047943268	0.6667027464416047	32.4218044777699	25.07707082031846	0.729873218254284	4.781122605407492	9.00851553894444	9.820017649554531	91.73624590535331	1.93	7.999194762014446	6.103065134099617	5.162738496071867	163.7484290097975	7.379020041005901	5.5	5.37431693989071	5.129166666666666	4.739166666666667	5.32	5.100000000000001	5.679166666666667	56.82020343772869	2.795	99.60335186860323	67.92592211759701	82.9127142715092	0.9269488396942757	3139.291327250294	1684.385282460137	11.27774852486074	11.08445345058799	173	2138.128297402093	2273.367049656626	6480.951558585127	10168.14210801446	7650	36.33859015770473	7477	35.51681550446514	-173	-0.8217746532395972	27015.75	128.3286623598708	128.3286623598708	27039	24045.71452426873	69	0.3277598327949838	244	1.159034771043131	244	1.159034771043131
879	1957	448743	1.914084235149829	411613	1.939917777007281	210.2750192056381	1.914084235149858	378804.1849384464	1.974352765152886	347295.4156289512	2.000201584090078	26.93874639306421	1.939917777007281	0.526371722892404	458633.4690179583	261143.34375	63783	0.02661818304440577	129160	52246.83658615748	47168.83701506446	18891.34459327292	22323	22323	51430.7	42296	24516.98940202991	1.888460013791527	41.00516284857206	33298.1230810378	1.3398506276993	33.01170805931865	25.79112481962123	0.7281765742874773	4.974562277294576	9.231180900391255	10.05324765265154	91.82287375519425	1.9	8.434948562279825	6.337547892720306	3.842049092849521	166.2800170085333	7.524441836989997	7	5.620547945205479	5.276666666666666	5.004999999999999	5.98	5.273333333333333	6.124166666666667	54.92080830147459	2.795	99.86613821695191	67.92592211759701	83.13146523727822	0.9269488396942758	3219.193905153309	1940.638510250569	10.71739322629679	10.47043248147444	180	2240.086770728234	2397.892520089883	6476.381681532859	10555.54275039424	7968	35.6941271334498	7920	35.47910227120011	-48	-0.2150248622496976	27176	121.7399095103705	121.7399095103705	27008	24117.73234492365	81	0.3628544550463647	267	1.196075796263943	267	1.196075796263943
880	1958	454426	1.266426440078178	415493	0.9426330072179496	212.9379976457377	1.266426440078178	383828.1761042681	1.326276573907975	350776.3290104828	1.002291773770636	27.19267990829597	0.9426330072179496	-1.667077912998	467405.8579942458	268504.34375	67787	-0.5905663224656184	125756	51462.98458073026	47708.60265085861	19858.43306074572	23452	23452	51652.5	42494	24252.27024823706	2.528965494965629	40.43209997555992	34910.97627716449	1.55788525693016	33.6866143582674	26.6914332610112	0.7216733625576314	5.160796257256407	9.109460009350817	9.534968008370564	95.53739458122773	2.08	8.725451095790078	6.51992337164751	2.877697841726629	167.1953802138375	7.576134741055071	4	5.389041095890411	5.44	4.983333333333333	6.13	4.98	6.163333333333333	73.15451665756416	2.8125	100.6306604178369	69.4156760406762	83.7678756552712	0.9446471468960759	3612.793299916082	2087.863072892938	10.42510489181561	10.25378240827846	182	2288.2357311792	2454.908408881005	6655.713854499099	11021.28288420417	8455	36.05236227187446	8482	36.16749104553983	27	0.115128773665359	27340	116.5785434078117	116.5785434078117	27232	23835.16936091392	139	0.5926999829438854	370	1.577690602080846	370	1.577690602080846
881	1959	473093	4.107819534973785	430756	3.673467423037209	221.6851063104114	4.1078195349738	399831.1727499727	4.169312635703278	363876.7864822141	3.734703966110516	28.19159414617801	3.673467423037209	-1.20885800382071	481006.1503137618	280164.875	73191	0.4084879485673025	128029	52876.60670841937	50884.92147235812	20840.43729408205	24597	24597	51956.3	42763	23734.81922308726	2.642399379963907	40.62026979367962	36639.4187126469	3.72867036401889	35.68547316778768	28.14423734181516	0.7202065278398	5.199189165766562	9.145821377433396	9.529345550103855	95.97533565496236	2.08	8.964078176887785	6.559003831417623	0.5994005994005818	170.7444621457885	7.602265220041512	4	4	5.125833333333333	4.825	5.98	4.336666666666667	5.983333333333333	104.8987438558165	2.8075	100.2221508322747	71.24707275532049	83.42782044719377	0.9711946076987759	4385.771542537304	2347.433784738041	10.21727053982603	10.02839048695207	185	2355.365457870321	2536.480201006135	7012.188046103774	11646.63217136012	8997	36.57763141846566	8486	34.50014229377567	-511	-2.077489124690003	27643.75	112.386673171525	112.386673171525	27376	24577.32776683788	-13	-0.05285197381794528	183	0.7439931698987682	183	0.7439931698987682
