## Sheet: A1. Headline series (continued)
	A	B	C	D	E	F	G	H	I	J	K	L	M	N	O	P	Q	R	S	T	U	V	W	X	Y	Z	AA	AB	AC	AD	AE	AF	AG	AH	AI	AJ	AK	AL	AM	AN	AO	AP	AQ	AR	AS	AT	AU	AV	AW	AX	AY	AZ	BA	BB	BC	BD	BE	BF	BG	BH	BI	BJ	BK	BL	BM	BN	BO	BP	BQ	BR	BS	BT	BU	BV	BW	BX	BY	BZ	CA	CB	CC	CD	CE
912	1990	1119587	0.7168829579945566	993064	0.8525707623577006	524.6236218222516	0.7168829579945566	951789.745523145	0.7694933379830502	843826.7706346363	0.9052520201051095	64.99284339435809	0.8525707623576864	2.79628534907026	1136871.362314207	681302.75	237479	-0.7489907545667315	226653	207133.0856437967	213341.4236556166	562874.3368157962	662850	662850	57237.498	47699.11599999999	26871	7.097911768773337	33.57552094666413	124520.872952693	-0.421568921772064	72.66737326262866	69.33579996872248	0.6971561490718968	59.20486750917973	64.45179898955374	70.42561047241068	91.51755811162305	23.7258203	203.1205398118809	55.85900383141763	6.972683048521901	454.2966472450416	66.1803609913793	13.875	14.64212328767123	11.8025	10.87916666666667	15.02	16.655	12.85	1040.25	1.785125	121.0820652209192	38.1694792520185	65.77025557731119	31.3702495151905	379832.474768256	234510.5	3.064773886991078	3.063133127910296	2019	18108.18	18272.46	132876.0604354605	422204.4897935093	231923	34.98876065474843	227642	34.34291317794373	-4281	-0.645847476804707	151266.75	22.82066078298257	22.82066078298257	178503	170497	-11117	-1.677151693444972	-20673	-3.118805159538357	-20673	-3.118805159538357
913	1991	1107059	-1.118984053941318	986263	-0.6848501204353425	518.7531671508511	-1.118984053941332	941631.0090507449	-1.067329892991893	838485.6072983848	-0.6329691735466554	64.54773982809748	-0.6848501204353425	-0.289366338847241	1123071.18919011	677682.875	218605	-0.420914156470243	233409	207682.4954408937	204065.2645595651	592839.8685067856	698038	698038	57438.66300000001	47875.035	26162	8.817788930712394	33.08655432090295	129898.306851155	0.865747161788728	74.12553686244785	71.77234546233747	0.7152789169567216	63.05336933261913	65.45568499232927	70.75089448055337	92.51569958641363	20.0033852	218.9263540227314	60.06666666666667	7.532649253731336	455.3479529731391	69.73577586206896	10.375	11.55582191780822	10.105	9.989166666666666	12.55	13.62	11.30083333333333	1156.9	1.76945	123.8478034346311	38.44371591015332	67.95837030274039	30.99416048715226	404632.4875322187	257439.1	2.971109602474165	2.970657011390209	2054	18624.6	18901.38	137985.971222913	447467.332665473	252469	36.16837478761902	234095	33.536139866311	-18374	-2.632234921308009	162074.25	23.21854254352915	23.21854254352915	179549	180637	-2550	-0.3653096249774367	-9303	-1.332735467123566	-9303	-1.332735467123566
914	1992	1111043	0.3598724187238389	991299	0.510614308759429	520.6200167206835	0.3598724187238531	944231.8213140313	0.2762029115744724	842064.424263199	0.426819128875124	64.87732982364055	0.510614308759429	-2.15065773096387	1114625.289018426	683769.3125	215067	0.4624946691828273	235641	216555.9635204605	217925.8901928771	611985.4203456641	721445	721445	57584.567	47997.973	25540	9.949933008955645	32.96763187077676	133269.812209545	1.652031172211601	76.31850028275085	74.16225114541817	0.7275124356516549	64.93403045606696	67.17893963065804	70.71807753709348	94.99542687005444	19.3208366	232.053053785783	62.62643678160922	4.261548471047533	462.9226829255485	71.91136853448276	6.875	9.425546448087431	9.063333333333333	9.163333333333332	10.34	11.35	10.36666666666667	1324.08	1.766475	125.141430731757	37.20713419453808	66.08659840168305	29.82164763503301	421587.6783738618	276065.3	2.905285958644085	2.903280337173621	2085	19302.14	19529.35	142918.2123229007	462935.2348487324	277024	38.39849191553063	236475	32.77796644234834	-40549	-5.620525473182294	192850.5	26.73114374623152	26.73114374623152	195947	195179	-4847	-0.6718460866732737	-11114	-1.540519374311278	-11114	-1.540519374311278
915	1993	1138897	2.507013679938581	1017407	2.6337159625905	533.6720317603695	2.507013679938566	967095.522293027	2.421407588994171	863520.2599770285	2.54800405949976	66.58601441530827	2.633715962590514	-1.9503219745669	1136350.736023738	704578.875	216704	0.3114981726360748	234234	226285.629353258	225306.1814038173	642571.5560072527	758445	758445	57713.937	48102.319	25303	10.37475205440635	32.89071186634107	137446.678700023	2.508822918055922	79.06217512127105	77.00808321441616	0.7082028209055962	66.59469644752774	73.28525477908894	76.73735310888843	95.50141073422085	16.9716342	238.9715947683185	64.1961685823755	2.506500260010398	465.0675620489555	74.75862068965517	5.375	5.890068493150685	7.4675	7.687500000000001	7.997499999999995	8.329	8.9225	1628.88	1.5018	105.888050017934	33.89729429630225	59.74544653880061	29.00310092694976	438014.6268112153	292712.3	3.405526408804552	3.404556133870219	2182	20344.75	20626.49	152065.2882873225	483503.7384123944	290623	38.31826961744095	239232	31.54243221327848	-51391	-6.775837404162464	234900	30.97126357217729	30.97126357217729	237877	251199	-2658	-0.3504538892075233	-10167	-1.340505903526294	-10167	-1.340505903526294
916	1994	1183144	3.885074769711395	1053844	3.581359279029925	554.4055892192978	3.885074769711395	1003827.444289705	3.798168965727925	893697.7677018289	3.494707550417303	68.9706988211071	3.581359279029911	-0.894583523170577	1180778.466726558	727946.3125	220161	0.5574379451449865	236892	247264.9280299146	238668.1270000722	674478.5437570738	797088	797088	57862.138	48228.781	25504	9.49609652235628	33.08785420641104	142415.569934846	1.45336936107525	81.24826205227973	78.66586183672788	0.698803025737556	67.37032854834239	74.09663855677677	78.94518734792896	93.85833518921987	15.8173152	247.9808139647743	65.46628352490423	1.978490259740241	473.2376294169641	76.62758620689657	6.125	5.335958904109589	8.165833333333333	8.1775	7.669999999999997	7.625	9.145	1502.42	1.532575	107.4446533723626	34.03033409120557	59.45815560646292	29.84377051903526	461165.5133609786	310989.3	3.474345535932072	3.473818141064942	2292	21659.98	21862.21	156881.7377433645	506377.2706370358	302771	37.98463908627404	256289	32.15316251154201	-46482	-5.831476574732025	278400	34.92713477056486	34.92713477056486	286878	304459	-185	-0.02320948251635955	-3917	-0.4914137460355695	-3917	-0.4914137460355695
917	1995	1212798	2.506372850642023	1076715	2.170245311450273	568.3010603899322	2.506372850642038	1028124.818152784	2.420473160132715	912328.0352904181	2.084627293687618	70.46753217854668	2.170245311450287	-1.2897653351267	1199992.470133337	743483.5	219121	0.07688815481490396	240149	270744.1943888394	251969.9165719024	707090.0589019813	836646	836646	58024.768	48383.461	25818	8.621788065406667	33.12761186611593	148399.510447961	-0.08115797785718937	82.00195742397771	79.30031613608918	0.7000734336999785	68.98477734956687	76.51022784351863	83.4960787630234	91.63331856657383	17.0166797	256.0755197638603	67.20536398467432	2.656452094318936	476.0395120323475	79.70845905172415	6.375	6.568150684931507	8.241666666666667	8.243333333333334	7.8325	8.34225	8.793333333333333	1783.3	1.57845	110.4697545073978	32.5811612691989	57.05514910820968	29.8658934030375	500566.3577153002	325743.4	3.035423943153077	3.034420289855072	2311	22849.85	23140.79	175693.9488941955	555945.2065361558	317775	37.98201389835128	278615	33.30142019444305	-39160	-4.680593703908224	313600	37.48299758798823	37.48299758798823	327923	329144	2394	0.2861425262297316	-5700	-0.6812917291184085	-5700	-0.6812917291184085
918	1996	1243709	2.548734414139858	1102051	2.353083220722283	582.7855450920123	2.548734414139872	1053443.949910748	2.462651548812417	933012.0134657935	2.267164591603404	72.12569185429713	2.353083220722283	-1.59193644507258	1241767.277076741	771675.4375	229349	-0.3278322535961613	241774	290776.0703644325	275924.126946946	753699.7808389997	892900	892900	58164.42300000001	48519.129	26060	8.097051770348427	33.117261573434	154980.448494242	0.4108422939587442	83.15212149157728	80.43771855294416	0.6800491292459412	71.79332142808326	78.77092489520652	83.60160546756174	94.22178492226494	20.6684884	265.36901128506	68.81850000000001	2.400308427305831	481.7523924200349	81.83333333333333	5.9375	5.883709016393443	7.822500000000001	8.0325	6.674999999999998	7.82525	8.616666666666665	1976.41	1.561375	108.688368313804	33.13810997841437	58.35280028573503	30.92779183514551	545136.8638876724	343848.4	3.009755619461516	3.009157995137728	2412	24415.71	24667.86	188667.3189644605	608522.0181546184	321511	36.00750363982529	291671	32.6655840519655	-29840	-3.341919587859783	341900	38.29096203382237	38.29096203382237	365563	367663	1604	0.1796393773098891	-5193	-0.5815880837719789	-5193	-0.5815880837719789
919	1997	1282602	3.127178463772481	1133913	2.891154765069857	601.0102891481087	3.127178463772466	1085473.503994966	3.040461154761175	959179.6035617521	2.804635923041957	74.21095723118225	2.891154765069857	-1.44923936261145	1284086.192111719	810095.5625	225752	0.3717094867466883	240964	313626.2388402935	298666.9578474963	791511.6295114392	938855	938855	58314.288	48664.777	26526	6.972013747632742	33.10000179300481	163185.021999063	0.03655978254208603	84.05315535903038	81.35173745800846	0.690061727636381	73.19924653165987	76.36063898402101	78.90360610976288	96.77712179313535	19.0925875	277.0812882134364	70.07416666666667	1.824606271085031	494.0013461476827	82.62499999999999	7.25	6.545034246575343	7.050000000000001	7.125833333333335	7.18	8.1735	7.714648159842954	2388.17	1.638175	113.5106963195723	38.09807506121425	67.02870975764762	33.715275219429	593917.7	363700.8	3.014559301153545	3.013215365662448	2531	26013.45	26267.71	210880.8835796221	680127.8	327764	34.91103525038478	312320	33.26605279835545	-15444	-1.644982452029334	364000	38.77063018250955	38.77063018250955	389901	391032	3828	0.40773069323804	-1799	-0.1916163837866337	-1799	-0.1916163837866337
920	1998	1323527	3.190779368814333	1171832	3.344083717181121	620.1872014586979	3.190779368814347	1124396.823444486	3.585837821583567	995050.3221695671	3.739729084585932	76.69263376831447	3.344083717181121	-0.9245369491778449	1336487.197833022	841375.9375	243682	0.2034168129632878	249051	323972.7489409412	326007.6843364667	831004.274596803	980308	980308	58474.974	48820.583	26795	6.255466536052898	33.01976849431274	172297.547778327	1.170530086509659	85.9919197214122	83.43042365898026	0.7099599209026416	74.06785052363873	72.34312168728889	74.31788011166788	97.34282191390312	12.7156615	291.5019219874362	71.16550000000001	1.557397519295037	511.7416836137483	82.68333333333334	6.25	7.228082191780822	5.521666666666667	5.532583333333334	7.707499999999998	8.92427591126181	6.694651013237969	2595.88	1.65735	114.839084622123	39.58932641862104	70.046417400052	37.67527145583175	639782	383962.9	3.480942211523611	3.480516160642485	2643	27540.77	27898.85	227893.5072002764	741333.9	339254	34.6068786544637	339798	34.66237141796252	544	0.05549276349881874	361200	36.84556282311274	36.84556282311274	393749	421064	-7910	-0.8068892633743681	-4187	-0.4271106631793273	-4187	-0.4271106631793273
921	1999	1366983	3.283348205212292	1211899	3.41917612763605	640.5501068067484	3.283348205212292	1164714.571843549	3.585722367620491	1032085.577160202	3.721947942279456	79.314889993776	3.419176127636035	-0.347661885581729	1358138.691228269	881491.9375	250037	0.2429704911714784	257905	330714.1421192362	347635.3611557693	867865.4550532628	1021205	1021205	58684.42099999999	49032.872	27168	5.976812597335179	32.85792846773049	181021.05015624	1.339866243349011	87.71115116950114	85.51759124458516	0.7322313669394153	74.70502559285667	72.81908129383028	73.92573619254065	98.50301808854756	17.9700778	304.8395915480615	72.11108333333334	1.328710306726336	528.1389856663941	83.13333333333334	5.5	5.345205479452055	5.081666666666666	4.846083333333334	6.82083333333333	7.270833333333332	6.345869408369407	3146.68	1.618	111.1473542296382	39.33491541558136	69.71854604709517	41.79012788025025	697941.8	413845.9	10.40040477074552	10.39907865691191	2817	30771.7	31092.86	248088.0919699089	770691.7	348819	34.15758833926586	359857	35.23846828012005	11038	1.080879940854187	364400	35.68333488378925	35.68333488378925	396151	445661	-16169	-1.583325581053755	-24651	-2.413912975357543	-24651	-2.413912975357543
