## Sheet: A9. Nominal GDP (A) (continued)
	A	B	C	D	E	F	G	H	I	J	K	L	M	N	O	P	Q	R	S	T	U	V	W	X	Y	Z	AA	AB	AC	AD	AE	AF	AG	AH	AI	AJ	AK	AL	AM	AN	AO	AP	AQ	AR	AS	AT	AU	AV	AW	AX	AY	AZ	BA	BB	BC	BD	BE	BF	BG	BH	BI	BJ	BK	BL	BM	BN	BO	BP	BQ	BR	BS	BT	BU	BV	BW	BX	BY	BZ	CA	CB	CC	CD	CE	CF	CG	CH	CI	CJ	CK	CL	CM	CN	CO	CP	CQ	CR	CS	CT	CU	CV	CW	CX	CY	CZ	DA	DB	DC	DD	DE	DF	DG	DH	DI	DJ	DK	DL	DM	DN	DO	DP	DQ	DR	DS	DT	DU	DV	DW	DX	DY	DZ	EA	EB	EC	ED	EE	EF	EG	EH	EI	EJ	EK	EL	EM	EN	EO	EP	EQ	ER	ES	ET	EU	EV	EW	EX	EY	EZ	FA	FB	FC	FD	FE	FF	FG	FH	FI	FJ	FK	FL	FM	FN	FO
66	1748	91.40015070883902	92.77680174058939	98.89589891137854		88.68099996241853	90.01669568226288	95.95374996241853		76.10047865193428	77.26217977310796	82.3580095149063		88.68099996241853	90.01669568226288	95.95374996241853		11.25829697586394	11.46549368107299	12.38646547668445													91.20150590921327	93.2919833173888	102.9181468495482	106.9048886742412	0.6225470409541884	0.6225470409542169	0.6225470409541742	89.67955466093063	12.58283072204549					11.25829697586394	5.346016982233444		0.4248660019614714		100.9378516367946							99.95856898901636					88.68099996241853		88.68099996241853	7.27275	1.335695719844358	5.937054280155643	90.01669568226288	95.95374996241853	11.25829697586394																												85.81373539335861	76.10047865193428	74.98112374250417											76.10047865193428	1.161701121173677	77.26217977310796	5.095829741798339	82.3580095149063																																																							
67	1749	91.62808462551408	93.04533813174942	99.34490986073651		88.90215285439226	90.2772431267658	96.38940285439226		76.27327398168063	77.46897166504469	82.71395603044934		88.90215285439226	90.2772431267658	96.38940285439226		11.28045298150611	11.48805744389011	12.41084168558854													91.42894444500706	93.52463509079402	103.1748043728282	107.1714883439163	0.2493802416159525	0.2493802416159525	0.2493802416159667	89.90319775102418	12.53391540447267					11.28045298150611	5.333547508986339		0.4255292410129948		101.1836507325303							100.2019833818345					88.90215285439226		88.90215285439226	7.48725	1.375090272373541	6.112159727626459	90.2772431267658	96.38940285439226	11.28045298150611																												85.7946309878505	76.27327398168063	74.64340296732324											76.27327398168063	1.195697683364055	77.46897166504469	5.244984365404655	82.71395603044934																																																							
68	1750	92.80452810800031	94.20043928790382	100.4051461850176		90.04359719137692	91.39798007075434	97.41809719137692		77.23536964458681	78.4127991523347	83.5776204567823		90.04359719137692	91.39798007075434	97.41809719137692		11.66679532584929	11.8815099986854	12.83589852328321													92.60283110041983	94.7254290160861	104.499500034178	108.5474987613102	1.283933291080302	1.283933291080302	1.283933291080331	91.05749483669535	12.61007878374006					11.66679532584929	5.352993355969921		0.4245011825677318		102.7242901625446							101.7276757782452					90.04359719137692		90.04359719137692	7.3745	1.354382879377432	6.020117120622569	91.39798007075434	97.41809719137692	11.66679532584929																												85.77552658234238	77.23536964458681	80.7407072965393											77.23536964458681	1.177429507747889	78.4127991523347	5.164821304447598	83.5776204567823																																																							
69	1751	91.43854959181401	92.77696426064617	98.72610403863347		88.71825648019505	90.01685336735459	95.78900648019506		76.08160257508268	77.21028322222124	82.16124029273426		88.71825648019505	90.01685336735459	95.78900648019506		11.87284768062053	12.09135452283187	13.06259891893232													91.2398213378574	93.33117699400883	102.9613846543683	106.9498013825663	-1.471887788273293	-1.471887788273307	-1.471887788273293	89.71723068988645	12.34840631322145					11.87284768062053	5.28634519206158		0.4280993885341693		101.590078370507							100.6044679248573					88.71825648019505		88.71825648019505	7.07075	1.298596887159533	5.772153112840467	90.01685336735459	95.78900648019506	11.87284768062053																												85.75642217683426	76.08160257508268	80.56716652779815											76.08160257508268	1.128680647138552	77.21028322222124	4.950957070513025	82.16124029273426																																																							
70	1752	99.04106530420277	100.3809469622063	106.3366073827392		96.09459766099175	97.39461789445478	103.1730976609918		82.38893055768183	83.51859659424647	88.47380388375414		96.09459766099175	97.39461789445478	103.1730976609918		12.79600897580656	13.03150559712473	14.07826812154327													98.82581409925947	101.0910522623739	111.5219485314031	115.841975953111	8.31434416482628	8.31434416482628	8.31434416482628	97.17663002459476	13.29231465969534					12.79600897580656	5.528797143636242		0.4159393819046834		109.9726390004013							108.9057023125571					96.09459766099175		96.09459766099175	7.0785	1.300020233463035	5.778479766536965	97.39461789445478	103.1730976609918	12.79600897580656																												85.73731777132615	82.38893055768183	81.25235171694906											82.38893055768183	1.129666036564641	83.51859659424647	4.955207289507668	88.47380388375414																																																							
71	1753	97.99295431337428	99.35777478729105	105.4242861310994		95.07766792928527	96.40188504990783	102.2879179292853		81.49887825886869	82.649314028141	87.69565289979042		95.07766792928527	96.40188504990783	102.2879179292853		13.04637740713522	13.28648178699546	14.35372540764547													97.77998102368763	100.0212470999882	110.3417574700958	114.6160678126561	-1.058259003585263	-1.058259003585249	-1.058259003585292	96.14824958797874	13.05743292836463					13.04637740713522	5.470179206346004		0.418932207912257		109.194626995114							108.135238453423					95.07766792928527		95.07766792928527	7.21025	1.324217120622568	5.886032879377432	96.40188504990783	102.2879179292853	13.04637740713522																												85.71821336581803	81.49887825886869	81.74757066240034											81.49887825886869	1.15043576927232	82.649314028141	5.046338871649414	87.69565289979042																																																							
72	1754	94.57790870780872	95.87543696876791	101.6428401287097		91.76421979085097	93.0231466391	98.61896979085097		78.64111870513965	79.73458869747054	84.53103639408185		91.76421979085097	93.0231466391	98.61896979085097		12.92938028027525	13.16733145532518	14.22500426306835													94.37235751802856	96.53551567403629	106.4963571900554	110.6217082033001	-3.484990966436726	-3.484990966436726	-3.484990966436712	92.79749177545065	12.51494960561508					12.92938028027525	5.333820964652976		0.426195960250599		105.7268720557259							104.7011271094138					91.76421979085097		91.76421979085097	6.85475	1.258926848249027	5.595823151750973	93.0231466391	98.61896979085097	12.92938028027525																												85.69910896030991	78.64111870513965	82.97309249393815											78.64111870513965	1.093469992330897	79.73458869747054	4.796447696611308	84.53103639408185																																																							
73	1755	95.68419179062421	97.00069626634851	102.8524470927675		92.83759099718638	94.11492951858716	99.79259099718638		79.54325219495756	80.65246674536743	85.51797964471824		92.83759099718638	94.11492951858716	99.79259099718638		13.17965597246049	13.42221319928947	14.50035951684712													95.47623625709176	97.6646969949195	107.7420510307261	111.9156565052819	1.169705587626439	1.169705587626453	1.169705587626467	93.8829492219253	12.57629793765955					13.17965597246049	5.349508811424255		0.4253643510945477		107.0626051943858							106.0239011820391					92.83759099718638		92.83759099718638	6.955	1.277338521400778	5.677661478599222	94.11492951858716	99.79259099718638	13.17965597246049																												85.6800045548018	79.54325219495756	85.43281434200927											79.54325219495756	1.109214550409879	80.65246674536743	4.865512899350803	85.51797964471824																																																							
74	1756	98.48687236013039	99.85860187982199	105.9558233465872		95.5568919343457	96.88781255691379	102.8036419343457		81.85489378564834	83.01038023197317	88.07887370961912		95.5568919343457	96.88781255691379	102.8036419343457		13.56605613050521	13.81572463178455	14.92547996162372													98.27282561213248	100.5253884369639	110.8979177135249	115.1937720439201	2.929094678083302	2.929094678083317	2.929094678083288	96.63286969121236	12.84336791595974					13.56605613050521	5.417670040234152		0.4218262745165086		110.1989258217176							109.1297937358741					95.5568919343457		95.5568919343457	7.24675	1.330920622568093	5.915829377431907	96.88781255691379	102.8036419343457	13.56605613050521																												85.66090014929368	81.85489378564834	83.65997228427268											81.85489378564834	1.155486446324835	83.01038023197317	5.068493477645938	88.07887370961912																																																							
75	1757	111.450770802522	112.9581258372182	119.6581912244908		108.1351149281438	109.5976262121905	116.0983649281438		92.6088542540687	93.8783026699629	99.4466560900731		108.1351149281438	109.5976262121905	116.0983649281438		14.83838064687016	15.11146489640278	16.32530124284235													111.2085489258347	113.7576182291076	125.4954910576536	130.3568118093899	13.16307253111607	13.16307253111609	13.16307253111607	109.3527244175655	14.47389315536805					14.83838064687016	5.830349072581001		0.4028183025807849		124.1911050644357							122.9862231274234					108.1351149281438		108.1351149281438	7.96325	1.462511284046693	6.500738715953307	109.5976262121905	116.0983649281438	14.83838064687016																												85.64179574378556	92.6088542540687	84.32136296891991											92.6088542540687	1.269448415894198	93.8783026699629	5.568353420110203	99.4466560900731																																																							
76	1758	112.1109954940199	113.6249756411029	120.3544890914847		108.7756979620649	110.2446372616758	116.7739479620649		93.13668011711577	94.41142357571893	100.0030018465851		108.7756979620649	110.2446372616758	116.7739479620649		15.11244117895234	15.39056921436103	16.62682476158017													111.8673387159617	114.4315084845095	126.2389154527592	131.1290342466307	0.5923913192738013	0.5923913192738013	0.5923913192737871	110.0005204644046	14.52378153091493					15.11244117895234	5.842406643034783		0.4022648392637135		125.1129616433569							123.8991360034935					108.7756979620649		108.7756979620649	7.998250000000001	1.468939299610895	6.529310700389106	110.2446372616758	116.7739479620649	15.11244117895234																												85.62269133827745	93.13668011711577	85.13484756668612											93.13668011711577	1.274743458603153	94.41142357571893	5.591578270866177	100.0030018465851																																																							
77	1759	105.4456290519022	107.0390632253958	114.1217430897803		102.3086258990669	103.8546554710513	110.7266258990668		87.57985351122944	88.92119644832745	94.80503313956753		102.3086258990669	103.8546554710513	110.7266258990668		14.78205010600359	15.05409765322722	16.26332594575945													105.2164584685719	107.6281799330808	118.7335978249888	123.3329830154077	-5.945328032051236	-5.945328032051222	-5.945328032051222	103.4606286858321	13.61327806038314					14.78205010600359	5.62264852370127		0.4130267889013517		118.2426787918357							117.0955075207023					102.3086258990669		102.3086258990669	8.418	1.546029571984435	6.871970428015564	103.8546554710513	110.7266258990668	14.78205010600359																												85.60358693276933	87.57985351122944	85.57146899343148											87.57985351122944	1.341342937098009	88.92119644832745	5.88383669124008	94.80503313956753																																																							
