## Sheet: A9. Nominal GDP (A) (continued)
	A	B	C	D	E	F	G	H	I	J	K	L	M	N	O	P	Q	R	S	T	U	V	W	X	Y	Z	AA	AB	AC	AD	AE	AF	AG	AH	AI	AJ	AK	AL	AM	AN	AO	AP	AQ	AR	AS	AT	AU	AV	AW	AX	AY	AZ	BA	BB	BC	BD	BE	BF	BG	BH	BI	BJ	BK	BL	BM	BN	BO	BP	BQ	BR	BS	BT	BU	BV	BW	BX	BY	BZ	CA	CB	CC	CD	CE	CF	CG	CH	CI	CJ	CK	CL	CM	CN	CO	CP	CQ	CR	CS	CT	CU	CV	CW	CX	CY	CZ	DA	DB	DC	DD	DE	DF	DG	DH	DI	DJ	DK	DL	DM	DN	DO	DP	DQ	DR	DS	DT	DU	DV	DW	DX	DY	DZ	EA	EB	EC	ED	EE	EF	EG	EH	EI	EJ	EK	EL	EM	EN	EO	EP	EQ	ER	ES	ET	EU	EV	EW	EX	EY	EZ	FA	FB	FC	FD	FE	FF	FG	FH	FI	FJ	FK	FL	FM	FN	FO
42	1724	80.4115768375557	81.51319106079036	86.40977292593078		78.01933571450535	79.08817695964153	83.83908571450534		67.30902943217306	68.24360484591007	72.34306891487387		78.01933571450535	79.08817695964153	83.83908571450534		12.01314467458131	12.23423353030338	13.21695475764428													80.23681408886654	82.07596406215455	90.54482305761626	94.05225924980626	-0.9391538618886273	-0.9391538618886273	-0.9391538618886415	78.89783927542065	11.75916742024861					12.01314467458131	5.106966016681616		0.4342965648986097		90.91098395000196							90.0289803445059					78.01933571450535		78.01933571450535	5.81975	1.068841245136187	4.750908754863813	79.08817695964153	83.83908571450534	12.01314467458131																												86.2722411255534	67.30902943217306	69.6796404447079											67.30902943217306	0.9345754137370029	68.24360484591007	4.099464068963794	72.34306891487387																																																							
43	1725	84.35293063403579	85.46017620279923	90.38178892158251		81.84343439669414	82.91773945505989	87.69293439669414		70.59252936656117	71.53167422620974	75.65115084456058		81.84343439669414	82.91773945505989	87.69293439669414		12.43113022868357	12.65991165370103	13.67682569964731													84.16960193190909	86.0988973918869	94.98285544231487	98.66220776270028	4.901475572904459	4.901475572904445	4.901475572904445	82.76499759505481	12.28966747722851					12.43113022868357	5.24520262813655		0.4267977663232443		95.19612782373838							94.27255044813788					81.84343439669414		81.84343439669414	5.8495	1.074305058365759	4.775194941634242	82.91773945505989	87.69293439669414	12.43113022868357																												86.25313672004529	70.59252936656117	67.72432139912202											70.59252936656117	0.9391448596485855	71.53167422620974	4.119476618350829	75.65115084456058																																																							
44	1726	83.73862954570674	84.81080934105137	89.57655766866365		81.24740874062535	82.28769123089772	86.91165874062534		70.06291670811497	70.97211801277797	74.96023291646136		81.24740874062535	82.28769123089772	86.91165874062534		12.29552088556837	12.52180656818809	13.52762725068													83.55663593674623	85.4718812826158	94.29114181681018	97.9436992159312	-0.7282510325506024	-0.7282510325506024	-0.7282510325505882	82.16226064547836	12.09693875877822					12.29552088556837	5.195848916211995		0.4295176672231719		94.45778153104672							93.54136747129611					81.24740874062535		81.24740874062535	5.664249999999999	1.040282490272373	4.623967509727626	82.28769123089772	86.91165874062534	12.29552088556837																												86.23403231453717	70.06291670811497	68.88123270847302											70.06291670811497	0.9092013046630043	70.97211801277797	3.988114903683389	74.96023291646136																																																							
45	1727	81.33256372296516	82.51798561789312	87.78708548136524		78.91292327773115	80.0630789197545	85.17542327773116		68.03471991480333	69.03972706349897	73.44818679164764		78.91292327773115	80.0630789197545	85.17542327773116		12.02330235991251	12.24457815678009	13.22813032167032													81.1557993445862	83.01601385947774	91.58187018263716	95.12947848513092	-2.873304514051412	-2.873304514051412	-2.873304514051412	79.80148870150514	11.68045867708806					12.02330235991251	5.08851758433251		0.4356436442272556		91.82479106141764							90.93392184769715					78.91292327773115		78.91292327773115	6.262499999999999	1.150155642023346	5.112344357976653	80.0630789197545	85.17542327773116	12.02330235991251																												86.21492790902906	68.03471991480333	68.94421108795078											68.03471991480333	1.00500714869564	69.03972706349897	4.408459728148677	73.44818679164764																																																							
46	1728	88.80897810981763	90.0638217181132	95.64149521430842		86.16691464227023	87.38442670452704	92.79616464227023		74.27228166348078	75.3359091774994	80.00147961316523		86.16691464227023	87.38442670452704	92.79616464227023		12.74385802900074	12.97839486889062	14.02089124619778													88.615964843157	90.64717771252239	100.0004417911821	103.8741604305149	9.192399753091038	9.192399753091038	9.192399753091038	87.13716055186526	12.87842351646147					12.74385802900074	5.40164904530096		0.4194340276507029		99.881018580866							98.91198915580341					86.16691464227023		86.16691464227023	6.62925	1.217512062256809	5.41173793774319	87.38442670452704	92.79616464227023	12.74385802900074																												86.19582350352094	74.27228166348078	68.98681512194054											74.27228166348078	1.063627514018614	75.3359091774994	4.665570435665829	80.00147961316523																																																							
47	1729	81.91088401920277	83.10089617057014	88.3903993349108		79.47403856880203	80.62864790732343	85.76078856880203		68.4881189732829	69.49657064173185	73.92013702019466		79.47403856880203	80.62864790732343	85.76078856880203		12.24618707098768	12.47156481843227	13.47334980601436													81.73286274662314	83.60630443351164	92.23306881538187	95.80590260924733	-7.767338660382904	-7.767338660382919	-7.767338660382904	80.36892219276031	12.07148403452391					12.24618707098768	5.198574319113296		0.430649148376919		92.615109263748							91.71657251114873					79.47403856880203		79.47403856880203	6.28675	1.154609338521401	5.132140661478599	80.62864790732343	85.76078856880203	12.24618707098768																												86.17671909801282	68.4881189732829	69.37892885453726											68.4881189732829	1.008451668448962	69.49657064173185	4.423566378462812	73.92013702019466																																																							
48	1730	78.21060764202761	79.387748146472	84.6200379310576		75.883845262551	77.02596588511909	82.102595262551		65.37971101516519	66.37703372321296	70.75181300074425		75.883845262551	77.02596588511909	82.102595262551		11.98250719991905	12.2030322062579	13.18324717087423													78.04062837653225	79.82943842867508	88.06649376472171	91.47792687728193	-4.517441633651117	-4.517441633651131	-4.517441633651131	76.73830304110787	11.66813252140025					11.98250719991905	5.094352527739348		0.4366039311257321		88.72081024102692							87.86005534524716					75.883845262551		75.883845262551	6.21875	1.142120622568093	5.076629377431907	77.02596588511909	82.102595262551	11.98250719991905																												86.15761469250471	65.37971101516519	72.50108549931421											65.37971101516519	0.9973227080477719	66.37703372321296	4.374779277531293	70.75181300074425																																																							
49	1731	76.2988889412633	77.43665734923744	82.49394150163104		74.02900011496811	75.13291995932609	80.03975011496811		63.76747787939253	64.73122915173052	68.95873884236192		74.02900011496811	75.13291995932609	80.03975011496811		11.79411921775498	12.01117714827507	12.97598125469703													76.13306451550625	77.8781502988843	85.91386552008072	89.24191223948647	-2.444321503694653	-2.444321503694653	-2.444321503694638	74.86257219830371	11.39140976126757					11.79411921775498	5.021861580795814		0.4408463645887681		86.65669141605869							85.81596226597755					74.02900011496811		74.02900011496811	6.010750000000001	1.103919844357977	4.906830155642024	75.13291995932609	80.03975011496811	11.79411921775498																												86.13851028699659	63.76747787939253	72.32393194390043											63.76747787939253	0.9637512723379807	64.73122915173052	4.227509690631413	68.95873884236192																																																							
50	1732	79.02680034779729	80.11194643452752	84.9353288285107		76.6757562686965	77.72861930371596	82.4085062686965		66.03270575373958	66.9516792171603	70.98270786090424		76.6757562686965	77.72861930371596	82.4085062686965		11.99692344655806	12.21771376822936	13.19910803701413													78.85504720736586	80.66252497940735	88.9855408351967	92.43257508814744	3.575296369825253	3.575296369825253	3.575296369825239	77.53913102446747	11.74715442496801					11.99692344655806	5.115958825824331		0.4355062205490894		89.53605447102552							88.66739020809366					76.6757562686965		76.6757562686965	5.732749999999999	1.052863035019455	4.679886964980544	77.72861930371596	82.4085062686965	11.99692344655806																												86.11940588148848	66.03270575373958	72.10138349552149											66.03270575373958	0.9189734634207322	66.9516792171603	4.031028643743942	70.98270786090424																																																							
51	1733	81.87147771235638	82.91322931295291	87.54372689357068		79.43580459797306	80.44656413104698	84.93930459797306		68.39446723872547	69.27649567246215	73.1454156055433		79.43580459797306	80.44656413104698	84.93930459797306		12.09025118707572	12.31275910425737	13.30178793952668													81.69354208359532	83.56608248100494	92.18869663389894	95.75981158189332	3.599636265215906	3.599636265215906	3.599636265215892	80.33025770455747	12.10562936600475					12.09025118707572	5.20962966586381		0.4303476926605393		92.42050889163319							91.52386012024783					79.43580459797306		79.43580459797306	5.503500000000001	1.01075953307393	4.492740466926071	80.44656413104698	84.93930459797306	12.09025118707572																												86.10030147598036	68.39446723872547	73.40505284094812											68.39446723872547	0.8820284337366785	69.27649567246215	3.868919933081159	73.1454156055433																																																							
52	1734	81.85826527741598	82.8991650778485	87.52587647892364		79.42298523243191	80.43291830636187	84.92198523243191		68.36825643718178	69.24936812097073	73.11426640675766		79.42298523243191	80.43291830636187	84.92198523243191		11.89031617308859	12.1091445038956	13.08181788955898													81.68035836394118	83.55259657041856	92.17381920416945	95.74435784494142	-0.01613801938059112	-0.01613801938059112	-0.01613801938059112	80.31729399200063	11.9793126605129					11.89031617308859	5.177013604212072		0.4321628252743522		92.20761016508922							91.31302690258144					79.42298523243191		79.42298523243191	5.499000000000001	1.009933073929961	4.48906692607004	80.43291830636187	84.92198523243191	11.89031617308859																												86.08119707047224	68.36825643718178	71.77486212406073											68.36825643718178	0.8811116837889466	69.24936812097073	3.864898285786936	73.11426640675766																																																							
53	1735	81.24641221506059	82.32147866651657	87.10005793591216		78.82933477366416	79.87241804214665	84.50883477366416		67.84217514008564	68.75200659780941	72.74290810710494		78.82933477366416	79.87241804214665	84.50883477366416		11.65223350748786	11.86668018590236	12.81987749800751													81.06983507432717	82.92807915722754	91.48486209815289	95.02871259699795	-0.7474542250337777	-0.7474542250337635	-0.7474542250337919	79.71695898462463	11.78397964741545					11.65223350748786	5.126364204126343		0.4350282635841701		91.36919249211249							90.48274342173801					78.82933477366416		78.82933477366416	5.6795	1.04308326848249	4.63641673151751	79.87241804214665	84.50883477366416	11.65223350748786																												86.06209266496413	67.84217514008564	71.96450348770858											67.84217514008564	0.9098314577237634	68.75200659780941	3.99090150929552	72.74290810710494																																																							
