## Sheet: A9. Nominal GDP (A) (continued)
	A	B	C	D	E	F	G	H	I	J	K	L	M	N	O	P	Q	R	S	T	U	V	W	X	Y	Z	AA	AB	AC	AD	AE	AF	AG	AH	AI	AJ	AK	AL	AM	AN	AO	AP	AQ	AR	AS	AT	AU	AV	AW	AX	AY	AZ	BA	BB	BC	BD	BE	BF	BG	BH	BI	BJ	BK	BL	BM	BN	BO	BP	BQ	BR	BS	BT	BU	BV	BW	BX	BY	BZ	CA	CB	CC	CD	CE	CF	CG	CH	CI	CJ	CK	CL	CM	CN	CO	CP	CQ	CR	CS	CT	CU	CV	CW	CX	CY	CZ	DA	DB	DC	DD	DE	DF	DG	DH	DI	DJ	DK	DL	DM	DN	DO	DP	DQ	DR	DS	DT	DU	DV	DW	DX	DY	DZ	EA	EB	EC	ED	EE	EF	EG	EH	EI	EJ	EK	EL	EM	EN	EO	EP	EQ	ER	ES	ET	EU	EV	EW	EX	EY	EZ	FA	FB	FC	FD	FE	FF	FG	FH	FI	FJ	FK	FL	FM	FN	FO
78	1760	108.4989945268744	110.2600913659859	118.0880175703418		105.2711538760046	106.9798581561602	114.5749038760046		90.09577229525541	91.57792176779132	98.07950547469264		105.2711538760046	106.9798581561602	114.5749038760046		15.23051529218584	15.51081635316711	16.75673081490175													108.2631879022657	110.7447450453247	122.171740037025	126.904308594766	2.895677613596746	2.895677613596746	2.895677613596732	106.4565149495742	13.9251519917012					15.23051529218584	5.699935896737872		0.4093266558336163		121.68703024176							120.5064424321025					105.2711538760046		105.2711538760046	9.30375	1.708704280155642	7.595045719844359	106.9798581561602	114.5749038760046	15.23051529218584																												85.58448252726122	90.09577229525541	89.8964972036551											90.09577229525541	1.482149472535902	91.57792176779132	6.501583706901315	98.07950547469264																																																							
79	1761	110.350757248061	112.1604066965216	120.2041451348066		107.0678267319507	108.8236391833126	116.6280767319507		91.61299078993707	93.13566245359252	99.81501508896703		107.0678267319507	108.8236391833126	116.6280767319507		15.57401271155178	15.86063546876234	17.13464933449916													110.1109260892272	112.6348362054916	124.2568568140936	129.0701965722397	1.706709568380319	1.706709568380305	1.706709568380305	108.2734184763827	14.06639570695052					15.57401271155178	5.734624787310184		0.4076826009150715		123.8474311879345							122.6458835190714					107.0678267319507		107.0678267319507	9.56025	1.755812451361868	7.804437548638132	108.8236391833126	116.6280767319507	15.57401271155178																												85.5653781217531	91.61299078993707	89.96620968662134											91.61299078993707	1.522671663655442	93.13566245359252	6.679352635374515	99.81501508896703																																																							
80	1762	109.3556837371112	111.1619733071471	119.1907773705695		106.1023566172651	107.854909146448	115.6448566172651		90.76661241119194	92.28611767290658	98.95159089658196		106.1023566172651	107.854909146448	115.6448566172651		15.70847454390491	15.99757192482629	17.28258528324383													109.1180152243634	111.6191663114798	123.1363868703157	127.906322967155	-0.9017369121563519	-0.9017369121563661	-0.9017369121563803	107.2970770959277	13.88799852691809					15.70847454390491	5.690987131499265		0.4097773426796409		123.0055516398326							121.8121717496531					106.1023566172651		106.1023566172651	9.5425	1.752552529182879	7.789947470817121	107.854909146448	115.6448566172651	15.70847454390491																												85.54627371624498	90.76661241119194	89.3683163931185											90.76661241119194	1.519505261714637	92.28611767290658	6.665473223675383	98.95159089658196																																																							
81	1763	115.0264550306074	116.9004153914515	125.2300103852038		111.6044226966461	113.4226328133776	121.5044226966461		95.45210355803096	97.02818347715024	103.9418070826593		111.6044226966461	113.4226328133776	121.5044226966461		16.4855176402378	16.78891565381355	18.13749411246175													114.7764619295675	117.4073132325375	129.5217731985441	134.5390601029994	5.185620993535707	5.185620993535707	5.185620993535707	112.8610968512643	14.64178527904464					16.4855176402378	5.876317970839384		0.4013388981499124		129.3466144915021							128.0917146391041					111.6044226966461		111.6044226966461	9.899999999999999	1.818210116731517	8.081789883268481	113.4226328133776	121.5044226966461	16.4855176402378																												85.52716931073687	95.45210355803096	90.16818348832248											95.45210355803096	1.576079919119281	97.02818347715024	6.913623605509032	103.9418070826593																																																							
82	1764	115.7007221528692	117.6689010763002	126.4172895961273		112.25863039959	114.1682560805239	122.65638039959		95.9901825438023	97.64513450573983	104.9048060579801		112.25863039959	114.1682560805239	122.65638039959		16.76557874306738	17.07413097649431	18.44561950558272													115.4492636312982	118.095536573896	130.2810096129984	135.3277070700238	0.5861843886977169	0.5861843886977169	0.5861843886977312	113.5226709819194	14.65668406707355					16.76557874306738	5.879905648742158		0.4011757108111138		130.2882497249868							129.0242142804424					112.25863039959		112.25863039959	10.39775	1.909625680933852	8.488124319066149	114.1682560805239	122.65638039959	16.76557874306738																												85.50806490522875	95.9901825438023	90.34448383261973											95.9901825438023	1.654951961937533	97.64513450573983	7.259671552240215	104.9048060579801																																																							
83	1765	115.6274285253896	117.6651238066509	126.722506645817		112.1875172545312	114.1645911844923	122.9525172545312		95.90794231134345	97.62096459770078	105.135429554564		112.1875172545312	114.1645911844923	122.9525172545312		16.95528331470727	17.26732685434962	18.65433394369215													115.3761292967502	118.0207258890223	130.1984797237414	135.2419802191875	-0.06334759724549599	-0.06334759724549599	-0.06334759724549599	113.4507570975235	14.53524622844862					16.95528331470727	5.850674902004326		0.4025163942908163		130.4060404122307							129.1408621815638					112.1875172545312		112.1875172545312	10.765	1.97707392996109	8.78792607003891	114.1645911844923	122.9525172545312	16.95528331470727																												85.48896049972063	95.90794231134345	94.06250724395535											95.90794231134345	1.71302228635733	97.62096459770078	7.514464956863195	105.135429554564																																																							
84	1766	119.2623913127012	121.1882168390878	129.7483480983238		115.7143400475465	117.5828723432663	125.8883400475465		98.90087991900569	100.5194952467798	107.6196910898054		115.7143400475465	117.5828723432663	125.8883400475465		17.51060982129929	17.83287354102108	19.26530846469976													119.0031920264695	121.7309264202387	134.2915105451992	139.4935628380219	3.143685571553931	3.143685571553945	3.143685571553931	117.017292179217	14.92577847457008					17.51060982129929	5.944992280942186		0.3983036657733476		134.5279020005163							133.2227341379671					115.7143400475465		115.7143400475465	10.174	1.868532295719844	8.305467704280156	117.5828723432663	125.8883400475465	17.51060982129929																												85.46985609421252	98.90087991900569	95.65984380754867											98.90087991900569	1.618615327774128	100.5194952467798	7.100195843025626	107.6196910898054																																																							
85	1767	124.4805091483176	126.3608580103918	134.7188493507138		120.7772190909116	122.6016276512229	130.7109690909116		103.2050415818973	104.7850814892688	111.7159682960852		120.7772190909116	122.6016276512229	130.7109690909116		18.23823572697882	18.57389060973395	20.06584811825151													124.2099690495835	127.0570507022353	140.1672012691127	145.5968602831507	4.375325513920572	4.375325513920572	4.375325513920572	122.1371796196333	15.54221435281791					18.23823572697882	6.092309482954382		0.391984651907069		140.3754153466121							139.0135158590121					120.7772190909116		120.7772190909116	9.93375	1.824408560311284	8.109341439688716	122.6016276512229	130.7109690909116	18.23823572697882																												85.4507516887044	103.2050415818973	98.76280814159284											103.2050415818973	1.580039907371428	104.7850814892688	6.930886806816473	111.7159682960852																																																							
86	1768	120.7563557261561	122.7213167378564	131.4554019127447		117.1638590807864	119.0703625827319	127.5446090807864		100.0950148332785	101.7457844055686	108.9870393953786		117.1638590807864	119.0703625827319	127.5446090807864		18.1770244673024	18.51155282342976	19.99850301655524													120.4939095277558	123.2558134369003	135.9737402537887	141.2409571044981	-2.991756257780168	-2.991756257780168	-2.991756257780182	118.4831329052867	15.03951820154732					18.1770244673024	5.974079977431884		0.3972254893655603		136.6601573725891							135.3343027146242					117.1638590807864		117.1638590807864	10.38075	1.906503501945525	8.474246498054475	119.0703625827319	127.5446090807864	18.1770244673024																												85.43164728319628	100.0950148332785	95.30927363987601											100.0950148332785	1.650769572290035	101.7457844055686	7.241254989810015	108.9870393953786																																																							
87	1769	122.0870758359365	124.2053608771604	133.6209583697193		118.4549903217112	120.5102564695711	129.6457403217112		101.175419399293	102.9545989905199	110.7592465295362		118.4549903217112	120.5102564695711	129.6457403217112		18.5247977778477	18.86572652332871	20.38112590472532													121.8217375128787	124.61407726162	137.4721540595854	142.7974149887507	1.101987635994988	1.101987635994988	1.101987635995002	119.7888023806425	15.10770400020237					18.5247977778477	5.990331059775007		0.3965083681606923		138.3136001584901							136.9717040670782					118.4549903217112		118.4549903217112	11.19075	2.055266147859922	9.135483852140077	120.5102564695711	129.6457403217112	18.5247977778477																												85.41254287768817	101.175419399293	96.95655305721495											101.175419399293	1.779179591226976	102.9545989905199	7.80464753901622	110.7592465295362																																																							
88	1770	119.2889948494344	121.423511416006	130.9112566631826		115.7401521301497	117.8111669161419	127.0166521301497		98.83449559686699	100.6269072890854	108.4896552053365		115.7401521301497	117.8111669161419	127.0166521301497		18.49366397054347	18.83401973217907	20.34687224894077													119.0297377443241	121.7580806063736	134.3214665866171	139.5246792870733	-2.291873212085306	-2.291873212085306	-2.291873212085292	117.0433949078027	14.66057169601872					18.49366397054347	5.883956039604733		0.4013456065429292		135.5370588783462							134.2221003396203					115.7401521301497		115.7401521301497	11.2765	2.071014785992218	9.205485214007783	117.8111669161419	127.0166521301497	18.49366397054347																												85.39343847218005	98.83449559686699	100.6880083437588											98.83449559686699	1.792411692218433	100.6269072890854	7.862747916251121	108.4896552053365																																																							
89	1771	128.04703791354	130.1289321588677	139.3827756476338		124.2376437711969	126.2576017478506	135.2361437711969		106.0670610297834	107.8148932094284	115.4819210637725		124.2376437711969	126.2576017478506	135.2361437711969		19.54972771064903	19.90951917627341	21.50876175017165													127.7687464885069	130.6974007397976	144.1831742008379	149.7684000196024	7.341870115646415	7.341870115646401	7.341870115646415	125.6365689408767	15.63990453533239					19.54972771064903	6.119786599045786		0.3912930916694835		145.1862966515257							143.7777227746256					124.2376437711969		124.2376437711969	10.9985	2.019957976653696	8.978542023346304	126.2576017478506	135.2361437711969	19.54972771064903																												85.37433406667193	106.0670610297834	101.9811578717538											106.0670610297834	1.747832179644998	107.8148932094284	7.667027854344043	115.4819210637725																																																							
