## Sheet: A9. Nominal GDP (A) (continued)
	A	B	C	D	E	F	G	H	I	J	K	L	M	N	O	P	Q	R	S	T	U	V	W	X	Y	Z	AA	AB	AC	AD	AE	AF	AG	AH	AI	AJ	AK	AL	AM	AN	AO	AP	AQ	AR	AS	AT	AU	AV	AW	AX	AY	AZ	BA	BB	BC	BD	BE	BF	BG	BH	BI	BJ	BK	BL	BM	BN	BO	BP	BQ	BR	BS	BT	BU	BV	BW	BX	BY	BZ	CA	CB	CC	CD	CE	CF	CG	CH	CI	CJ	CK	CL	CM	CN	CO	CP	CQ	CR	CS	CT	CU	CV	CW	CX	CY	CZ	DA	DB	DC	DD	DE	DF	DG	DH	DI	DJ	DK	DL	DM	DN	DO	DP	DQ	DR	DS	DT	DU	DV	DW	DX	DY	DZ	EA	EB	EC	ED	EE	EF	EG	EH	EI	EJ	EK	EL	EM	EN	EO	EP	EQ	ER	ES	ET	EU	EV	EW	EX	EY	EZ	FA	FB	FC	FD	FE	FF	FG	FH	FI	FJ	FK	FL	FM	FN	FO
54	1736	86.91258265871375	88.01817194938045	92.93242265238638		84.32693687829689	85.3996349327716	90.16768687829689		72.55741639775188	73.49287170932476	77.5961425278914		84.32693687829689	85.3996349327716	90.16768687829689		11.9556752992407	12.1757064936445	13.15372650605799													86.72369092895946	88.71152999842678	97.86506779006834	101.6560684141414	6.974056194204252	6.974056194204252	6.974056194204252	85.2764645005231	12.50599518248055					11.9556752992407	5.314822502826443		0.4249819726679485		97.23213979976381							96.28880936654954					84.32693687829689		84.32693687829689	5.84075	1.072698054474708	4.768051945525292	85.3996349327716	90.16768687829689	11.9556752992407																												86.04298825945601	72.55741639775188	72.62045926405027											72.55741639775188	0.9354553115728869	73.49287170932476	4.103270818566648	77.5961425278914																																																							
55	1737	80.52230077157031	81.65552624533633	86.69261744016931		78.12676561601026	79.22627767826707	84.11351561601026		67.20767811236277	68.16630390963836	72.37128433161145		78.12676561601026	79.22627767826707	84.11351561601026		11.2702652837564	11.477682252649	12.39963310166736													80.34729738067738	82.1889797992711	90.66950011790875	94.18176592728544	-7.352539404146626	-7.35253940414664	-7.352539404146626	79.00647884565903	11.51636776313838					11.2702652837564	5.062478215099449		0.439589835894564		90.27674412941543							89.40089381568015					78.12676561601026		78.12676561601026	5.986750000000001	1.099512062256809	4.887237937743191	79.22627767826707	84.11351561601026	11.2702652837564																												86.0238838539479	67.20767811236277	72.52708482798197											67.20767811236277	0.9586257972755926	68.16630390963836	4.204980421973089	72.37128433161145																																																							
56	1738	81.10088227616006	82.18777928544965	87.01894438182599		78.6881343444955	79.74269621219977	84.4301343444955		67.67555639507535	68.5947875121465	72.62692886093583		78.6881343444955	79.74269621219977	84.4301343444955		11.17096356907566	11.37655299796397	12.29038058653957													80.92462142336848	82.77953698823988	91.32099287576524	94.85849557004259	0.7185357336362017	0.7185357336361875	0.7185357336362017	79.57416862805282	11.54604032349128					11.17096356907566	5.070304468661109		0.4391379491673174		90.74513219712847							89.86473765841019					78.6881343444955		78.6881343444955	5.742	1.05456186770428	4.687438132295719	79.74269621219977	84.4301343444955	11.17096356907566																												86.00477944843978	67.67555639507535	72.05708098201275											67.67555639507535	0.9192311170711474	68.5947875121465	4.032141348789339	72.62692886093583																																																							
57	1739	81.01435385894919	82.11246623706504	86.99348269741914		78.60418014415868	79.66962372392521	84.40543014415867		67.58833490891689	68.51684500251267	72.58969610046002		78.60418014415868	79.66962372392521	84.40543014415867		11.00624601678074	11.20880399835524	12.10915706052326													80.8382810629602	82.69121757528146	91.22356038489839	94.75728883529055	-0.106692325388309	-0.1066923253882948	-0.106692325388309	79.48926909713514	11.46040185730552					11.00624601678074	5.047740208414721		0.4404505418976211		90.49551511391587							89.61754231960977					78.60418014415868		78.60418014415868	5.80125	1.065443579766537	4.735806420233463	79.66962372392521	84.40543014415867	11.00624601678074																												85.98567504293166	67.58833490891689	71.95377978285087											67.58833490891689	0.9285100935957817	68.51684500251267	4.072851097947344	72.58969610046002																																																							
58	1740	86.34416860535518	87.45524727485665	92.39389780158167		83.77543311978444	84.85345724429806	89.64518311978443		72.01886688972701	72.95813191138457	77.07812159548695		83.77543311978444	84.85345724429806	89.64518311978443		11.28457070907996	11.49225095375929	12.4153720413382													86.15651224003801	88.13135071018661	97.22502375774218	100.9912309863702	6.578852379277762	6.578852379277762	6.578852379277777	84.71875076840251	12.14804627932086					11.28457070907996	5.22946422340044		0.4304777989117765		96.00332147748247							95.07191284011354					83.77543311978444		83.77543311978444	5.86975	1.078024124513619	4.791725875486382	84.85345724429806	89.64518311978443	11.28457070907996																												85.96657063742354	72.01886688972701	72.07509317442914											72.01886688972701	0.9392650216575612	72.95813191138457	4.119989684102378	77.07812159548695																																																							
59	1741	89.80702775140045	90.99708722499912	96.2868007326477		87.13527234782418	88.28992760074247	93.42227234782419		74.89055877723372	75.89636769309713	80.30826760781598		87.13527234782418	88.28992760074247	93.42227234782419		11.42007626213288	11.6302503390668	12.56445629967562													89.61184537047102	91.66588533817033	101.1242629094072	105.0415150245424	4.010530417951699	4.010530417951685	4.010530417951699	88.11642203767799	12.60526746136106					11.42007626213288	5.347558364236743		0.4242320427256795		99.53649829981087							98.57081135457693					87.13527234782418		87.13527234782418	6.287	1.154655252918288	5.132344747081712	88.28992760074247	93.42227234782419	11.42007626213288																												85.94746623191543	74.89055877723372	73.52907868696036											74.89055877723372	1.005808915863418	75.89636769309713	4.411899914718851	80.30826760781598																																																							
60	1742	89.55463689035979	90.77626029225853	96.20627278629178		86.89039010457972	88.07567026022174	93.34414010457972		74.66348880144008	75.69574527000681	80.22367846793726		86.89039010457972	88.07567026022174	93.34414010457972		11.35373552720767	11.56268867510346	12.49146770960638													89.36000304388712	91.40827040192502	100.8400664447557	104.7463096371038	-0.2810368713452362	-0.2810368713452362	-0.281036871345222	87.86878240204194	12.70146905797775					11.35373552720767	5.372045444144445		0.422946780378155		99.2225179292496							98.25987717059134					86.89039010457972		86.89039010457972	6.45375	1.185280155642023	5.268469844357977	88.07567026022174	93.34414010457972	11.35373552720767																												85.92836182640731	74.66348880144008	73.86123720348711											74.66348880144008	1.032256468566726	75.69574527000681	4.527933197930452	80.22367846793726																																																							
61	1743	86.05380898338441	87.29729525615969	92.82448635845336		83.49371168469509	84.70020429169898	90.06296168469508		71.72882770146809	72.77932441370459	77.38731636981262		83.49371168469509	84.70020429169898	90.06296168469508		10.97487510730083	11.17685574142237	12.07464254308975													85.86678367204776	87.83498112218413	96.89807381311505	100.6516159767499	-3.909153147772088	-3.909153147772116	-3.909153147772088	84.43385712886351	12.20889522437979					10.97487510730083	5.247045933933176		0.4297723780490323		95.40873223616434							94.48309220707404					83.49371168469509		83.49371168469509	6.56925	1.206492607003891	5.362757392996109	84.70020429169898	90.06296168469508	10.97487510730083																												85.9092574208992	71.72882770146809	74.7073686913131											71.72882770146809	1.050496712236491	72.77932441370459	4.607991956108038	77.38731636981262																																																							
62	1744	84.10570635541127	85.34455504951576	90.85113250763298		81.60356503025017	82.80555802635912	88.14831503025016		70.08942687049604	71.13577302104888	75.72557542796497		81.60356503025017	82.80555802635912	88.14831503025016		10.66997800237418	10.86634733705105	11.73919238822073													83.92291495893343	85.84655597780572	94.70447663861563	98.37304539503504	-2.263819174290461	-2.263819174290447	-2.263819174290447	82.52242728158728	11.85030544698556					10.66997800237418	5.154578745108301		0.434974336161057		93.19240528396146							92.28826769910691					81.60356503025017		81.60356503025017	6.54475	1.201992996108949	5.34275700389105	82.80555802635912	88.14831503025016	10.66997800237418																												85.89015301539108	70.08942687049604	75.28810376766927											70.08942687049604	1.046346150552832	71.13577302104888	4.589802406916088	75.72557542796497																																																							
63	1745	83.25014153884023	84.46168530546473	89.84689467491036		80.77345323198979	81.94895362109484	87.17395323198978		69.36101128872303	70.38406776958183	74.87169952641493		80.77345323198979	81.94895362109484	87.17395323198978		10.58555215467506	10.78036772349238	11.64630641709144													83.06920958679697	84.9732823784136	93.7410958919945	97.37234615373413	-1.017249427709004	-1.017249427709004	-1.017249427709004	81.68296836233375	11.60993166867586					10.58555215467506	5.091844890317829		0.4385766458949855		92.26852051700881							91.37334631215643					80.77345323198979		80.77345323198979	6.400499999999999	1.175500389105058	5.224999610894941	81.94895362109484	87.17395323198978	10.58555215467506																												85.87104860988296	69.36101128872303	74.08393210732527											69.36101128872303	1.023056480858802	70.38406776958183	4.487631756833102	74.87169952641493																																																							
64	1746	88.59005211835719	89.80661204150313	95.21411780158863		85.95450169010428	87.13486900527937	92.38150169010427		73.79361083213675	74.82067452555722	79.32583532912312		85.95450169010428	87.13486900527937	92.38150169010427		10.99905654246703	11.20148220958996	12.10124714523383													88.3975146551757	90.42372031355004	99.75392734712946	103.6180967526821	6.414296097053025	6.41429609705304	6.414296097053054	86.922355813956	12.27950406290376					10.99905654246703	5.268040179224438		0.4290108258638171		97.92141235642303							96.971394712778					85.95450169010428		85.95450169010428	6.427	1.180367315175097	5.246632684824903	87.13486900527937	92.38150169010427	10.99905654246703																												85.85194420437485	73.79361083213675	74.67672441183483											73.79361083213675	1.02706369342048	74.82067452555722	4.505160803565907	79.32583532912312																																																							
65	1747	90.83466220710794	92.16356510744187	98.07042588053666		88.13233472049227	89.42170281387749	95.15283472049227		75.64648567164113	76.76814369654626	81.68829556020084		88.13233472049227	89.42170281387749	95.15283472049227		11.18403448580483	11.38986447069252	12.30476131029927													90.63724641366265	92.71479013487722	102.2813970388363	106.2434730763972	2.533704445451647	2.533704445451647	2.533704445451647	89.1247114073055	12.53437404887902					11.18403448580483	5.333645369127128		0.4255214778438918		100.3087458931103							99.33556672711241					88.13233472049227		88.13233472049227	7.0205	1.289368093385214	5.731131906614786	89.42170281387749	95.15283472049227	11.18403448580483																												85.83283979886673	75.64648567164113	73.91292620290405											75.64648567164113	1.121658024905129	76.76814369654626	4.920151863654577	81.68829556020084																																																							
