## Sheet: A9. Nominal GDP (A) (continued)
	A	B	C	D	E	F	G	H	I	J	K	L	M	N	O	P	Q	R	S	T	U	V	W	X	Y	Z	AA	AB	AC	AD	AE	AF	AG	AH	AI	AJ	AK	AL	AM	AN	AO	AP	AQ	AR	AS	AT	AU	AV	AW	AX	AY	AZ	BA	BB	BC	BD	BE	BF	BG	BH	BI	BJ	BK	BL	BM	BN	BO	BP	BQ	BR	BS	BT	BU	BV	BW	BX	BY	BZ	CA	CB	CC	CD	CE	CF	CG	CH	CI	CJ	CK	CL	CM	CN	CO	CP	CQ	CR	CS	CT	CU	CV	CW	CX	CY	CZ	DA	DB	DC	DD	DE	DF	DG	DH	DI	DJ	DK	DL	DM	DN	DO	DP	DQ	DR	DS	DT	DU	DV	DW	DX	DY	DZ	EA	EB	EC	ED	EE	EF	EG	EH	EI	EJ	EK	EL	EM	EN	EO	EP	EQ	ER	ES	ET	EU	EV	EW	EX	EY	EZ	FA	FB	FC	FD	FE	FF	FG	FH	FI	FJ	FK	FL	FM	FN	FO
30	1712	69.73085701296694	70.82040406721131	75.66334838883132		67.65636686798504	68.713499941915	73.41236686798504		58.52376812127931	59.45056238324394	63.51599758236826		67.65636686798504	68.713499941915	73.41236686798504		10.24523548450598	10.43378789532189	11.27188738238073													69.57930723967176	71.17417092542966	78.5181482344247	81.55970694050245	-3.27235540698112	-3.27235540698112	-3.27235540698112	68.41818262388448	10.57839884590899					10.24523548450598	4.765225806746969		0.450467587407128		78.66341810839046							77.90023839811032					67.65636686798504		67.65636686798504	5.756	1.057133073929961	4.698866926070039	68.713499941915	73.41236686798504	10.24523548450598																												86.5014939916508	58.52376812127931	65.87217857154508											58.52376812127931	0.9267942619646325	59.45056238324394	4.065435199124326	63.51599758236826																																																							
31	1713	68.51564834337725	69.5899103169006	74.36491375006148		66.47731060662822	67.51961333036363	72.15256060662823		57.49116674521438	58.40475734238377	62.41227675939158		66.47731060662822	67.51961333036363	72.15256060662823		10.20388988424363	10.39168137427661	11.22639863294017													68.36673964759456	69.93380943749676	77.14980230348543	80.13835537236007	-1.742712941795205	-1.742712941795205	-1.742712941795219	67.22585010075696	10.3761493477815					10.20388988424363	4.710561700661495		0.453979751329297		77.42973998500058							76.67852921956708					66.47731060662822		66.47731060662822	5.67525	1.042302723735409	4.632947276264591	67.51961333036363	72.15256060662823	10.20388988424363																												86.48238958614269	57.49116674521438	66.16354164058134											57.49116674521438	0.9135905971693965	58.40475734238377	4.007519417007805	62.41227675939158																																																							
32	1714	77.2118926700737	78.23547253383785	82.78519828421315		74.9148420201773	75.90797042484657	80.3223420201773		64.77383349852776	65.6441299311898	69.46161551203986		74.9148420201773	75.90797042484657	80.3223420201773		11.03835840566861	11.24150738081773	12.14448735934075													77.0440839648449	78.81005170141292	86.94192347301806	90.30979408903147	12.69234771466193	12.69234771466193	12.69234771466193	75.75838874968244	11.65073630229998					11.03835840566861	5.057743701857413		0.4341136534743268		86.79674715535104							85.9546592072275					74.9148420201773		74.9148420201773	5.4075	0.9931284046692606	4.414371595330739	75.90797042484657	80.3223420201773	11.03835840566861																												86.46328518063457	64.77383349852776	67.50197958620582											64.77383349852776	0.8702964326620347	65.6441299311898	3.817485580850061	69.46161551203986																																																							
33	1715	71.423103987592	72.4747459345375	77.14920526651116		69.29826956430757	70.31862520633092	74.85401956430758		59.90432141620447	60.79828000341475	64.71963334746941		69.29826956430757	70.31862520633092	74.85401956430758		10.61403467061272	10.80937442914284	11.67764310159242													71.26787636411188	72.90144462576022	80.42364752834791	83.53901958964583	-7.497275979514129	-7.497275979514129	-7.497275979514143	70.07857326748555	10.76489516450932					10.61403467061272	4.827010262222918		0.4484029048547581		80.69260793809828							79.90974135756028					69.29826956430757		69.29826956430757	5.55575	1.020355642023346	4.535394357976654	70.31862520633092	74.85401956430758	10.61403467061272																												86.44418077512645	59.90432141620447	68.22969797657701											59.90432141620447	0.8939585872102754	60.79828000341475	3.92135334405466	64.71963334746941																																																							
34	1716	74.39263804782263	75.49335314866195	80.3859384909518		72.1794601076646	73.24742897925992	77.9944601076646		62.38115352122733	63.31662043937732	67.42005413472535		72.1794601076646	73.24742897925992	77.9944601076646		10.9200873618921	11.12105968717627	12.01436464151142													74.23095657832803	75.93244315102484	83.76739412083572	87.01229294490108	4.157665929426031	4.157665929426045	4.157665929426045	72.99220623205565	11.14441941837441					10.9200873618921	4.92911812896048		0.442294743576644		83.91229359394775							83.09819014594184					72.1794601076646		72.1794601076646	5.815	1.067968871595331	4.747031128404669	73.24742897925992	77.9944601076646	10.9200873618921																												86.42507636961834	62.38115352122733	67.59560951028658											62.38115352122733	0.9354669181499878	63.31662043937732	4.103433695348037	67.42005413472535																																																							
35	1717	79.4736361589946	80.68659959255923	86.07811926124253		77.10929873278094	78.28617655379261	83.51729873278094		66.6270390447687	67.65767480119031	72.17859508126165		77.10929873278094	78.28617655379261	83.51729873278094		11.40524442646871	11.61514553960637	12.54813819927339													79.30091188657391	81.11860955607979	89.48868566896117	92.95521025101378	6.829974369111213	6.829974369111227	6.829974369111213	77.97755520915385	11.82479085939643					11.40524442646871	5.109672956186705		0.4321152920963812		89.38279963562255							88.51562222622053					77.10929873278094		77.10929873278094	6.408	1.176877821011673	5.231122178988327	78.28617655379261	83.51729873278094	11.40524442646871																												86.40597196411022	66.6270390447687	68.76389327728003											66.6270390447687	1.030635756421615	67.65767480119031	4.520920280071338	72.17859508126165																																																							
36	1718	84.23325801890488	85.38299895140668	90.4934999607048		81.72732203697021	82.84285822374063	87.8013220369702		70.60167344726969	71.57837405232564	75.86261514634619		81.72732203697021	82.84285822374063	87.8013220369702		11.85465578198201	12.07282782209429	13.04258405123745													84.05018940762562	85.97674775069096	94.84810201267177	98.52223438739725	5.988931789138462	5.988931789138448	5.988931789138448	82.64757780146786	12.44842507133625					11.85465578198201	5.27136208397891		0.4234561443532924		94.50223358344986							93.58538825710433					81.72732203697021		81.72732203697021	6.074	1.115536186770428	4.958463813229572	82.84285822374063	87.8013220369702	11.85465578198201																												86.3868675586021	70.60167344726969	68.5022011736699											70.60167344726969	0.9767006050559579	71.57837405232564	4.284241094020542	75.86261514634619																																																							
37	1719	80.928870442993	82.08358020978493	87.21616726641497		78.52123985633199	79.64159705477557	84.62148985633199		67.81703846398965	68.79774314487415	73.0995828683399		78.52123985633199	79.64159705477557	84.62148985633199		11.61652838891768	11.83031795347715	12.78059445018433													80.75298343265001	82.60396479338296	91.12730458347639	94.65730437142035	-3.922901302440678	-3.922901302440678	-3.922901302440707	79.40539489545839	11.87987907064125					11.61652838891768	5.126909505573835		0.4315624321668365		91.02192328437606							90.1388433634706					78.52123985633199		78.52123985633199	6.10025	1.12035719844358	4.979892801556421	79.64159705477557	84.62148985633199	11.61652838891768																												86.36776315309399	67.81703846398965	67.15982811446766											67.81703846398965	0.9807046808845018	68.79774314487415	4.30183972346575	73.0995828683399																																																							
38	1720	89.58017969861024	90.75959167015873	96.00197793352461		86.91517301532916	88.05949752894783	93.14592301532916		75.05008614688042	76.05154904631983	80.44438057730623		86.91517301532916	88.05949752894783	93.14592301532916		12.48059329254264	12.71028503142757	13.73124534536948													89.38549033859653	91.43434190424433	100.8688280875986	104.7761854201444	10.69001606998982	10.69001606998984	10.69001606998985	87.89384437022179	13.19381412779249					12.48059329254264	5.467136510957911		0.4143711938037314		100.3744376627644							99.4006211658834					86.91517301532916		86.91517301532916	6.23075	1.144324513618677	5.086425486381323	88.05949752894783	93.14592301532916	12.48059329254264																												86.34865874758587	75.05008614688042	71.27835823845808											75.05008614688042	1.001462899439412	76.05154904631983	4.392831530986394	80.44438057730623																																																							
39	1721	82.17217452410917	83.30847594291198	88.35923945275998		79.72755569187113	80.83005218992561	85.73055569187113		68.82844351662419	69.7930868894112	74.02444957503094		79.72755569187113	80.83005218992561	85.73055569187113		11.95821267335561	12.17829056536896	13.15651814469953													81.99358537500433	83.87300322159544	92.52728643259363	96.1115173387858	-8.269692246013648	-8.269692246013634	-8.269692246013662	80.62529393761425	12.11612277115484					11.95821267335561	5.199197958556767		0.4291140042699657		92.58350661096985							91.68527646217667					79.72755569187113		79.72755569187113	6.003	1.102496498054475	4.900503501945526	80.83005218992561	85.73055569187113	11.95821267335561																												86.32955434207776	68.82844351662419	69.91261483000255											68.82844351662419	0.9646433727870143	69.7930868894112	4.231362685619747	74.02444957503094																																																							
40	1722	81.15053455723793	82.30723185774589	87.44865333330871		78.73630947224152	79.85859507535436	84.84705947224151		67.95766296894155	68.93940376796702	73.24578758194005		78.73630947224152	79.85859507535436	84.84705947224151		11.9515151265168	12.17146975746847	13.14914945182571													80.9741657925081	82.83021698977237	91.37690220103181	94.91657065569501	-1.243291871960267	-1.243291871960281	-1.243291871960253	79.62288621134383	11.95413230324592					11.9515151265168	5.157490531553989		0.4314399741212142		91.57440133786062							90.6859613645835					78.73630947224152		78.73630947224152	6.110750000000001	1.122285603112841	4.988464396887161	79.85859507535436	84.84705947224151	11.9515151265168																												86.31044993656964	67.95766296894155	68.3976477354145											67.95766296894155	0.9817407990254787	68.93940376796702	4.306383813973027	73.24578758194005																																																							
41	1723	81.17392488798781	82.29792252664366	87.29399677643168		78.75900394160797	79.84956269647178	84.69700394160797		67.9622042280753	68.91598019921486	73.09967455627141		78.75900394160797	79.84956269647178	84.69700394160797		12.01647616167528	12.23762632979217	13.22062008553214													80.99750528781045	82.85409146185127	91.40324011706703	94.94392882398552	0.02882338468562295	0.02882338468563717	0.02882338468563717	79.64583622213432	11.91286666990261					12.01647616167528	5.146808345284949		0.4320377695729744		91.66231238380959							90.77301951183837					78.75900394160797		78.75900394160797	5.938	1.090558754863813	4.847441245136187	79.84956269647178	84.69700394160797	12.01647616167528																												86.29134553106152	67.9622042280753	72.32491134170081											67.9622042280753	0.9537759711395707	68.91598019921486	4.183694357056559	73.09967455627141																																																							
