## Sheet: A9. Nominal GDP (A) (continued)
	A	B	C	D	E	F	G	H	I	J	K	L	M	N	O	P	Q	R	S	T	U	V	W	X	Y	Z	AA	AB	AC	AD	AE	AF	AG	AH	AI	AJ	AK	AL	AM	AN	AO	AP	AQ	AR	AS	AT	AU	AV	AW	AX	AY	AZ	BA	BB	BC	BD	BE	BF	BG	BH	BI	BJ	BK	BL	BM	BN	BO	BP	BQ	BR	BS	BT	BU	BV	BW	BX	BY	BZ	CA	CB	CC	CD	CE	CF	CG	CH	CI	CJ	CK	CL	CM	CN	CO	CP	CQ	CR	CS	CT	CU	CV	CW	CX	CY	CZ	DA	DB	DC	DD	DE	DF	DG	DH	DI	DJ	DK	DL	DM	DN	DO	DP	DQ	DR	DS	DT	DU	DV	DW	DX	DY	DZ	EA	EB	EC	ED	EE	EF	EG	EH	EI	EJ	EK	EL	EM	EN	EO	EP	EQ	ER	ES	ET	EU	EV	EW	EX	EY	EZ	FA	FB	FC	FD	FE	FF	FG	FH	FI	FJ	FK	FL	FM	FN	FO
102	1784	156.7296732130152	159.3403933935054	170.9448233483115		152.0669718432877	154.6000232051554	165.8592218432877		129.4484951642773	131.6339214967971	141.2205466403263		152.0669718432877	154.6000232051554	165.8592218432877		25.6746316145129	26.14714527171949	28.24742843447253													156.3890442940327	159.9737193574936	176.480316480035	183.3166371920137	-4.374645158412889	-4.374645158412889	-4.374645158412903	153.7792573304493	17.22204217741645					25.6746316145129	6.507859882120287		0.3778796855261539		179.4538889449622							177.7128564514983					152.0669718432877		152.0669718432877	13.79225	2.533051361867704	11.2591986381323	154.6000232051554	165.8592218432877	25.6746316145129																												85.12597679506642	129.4484951642773	119.5175927277234											129.4484951642773	2.185426332519833	131.6339214967971	9.58662514352927	141.2205466403263																																																							
103	1785	154.3722581326084	157.2980497293233	170.302945428281		149.779689765133	152.6184391814754	165.236439765133		127.472809433888	129.9214314845175	140.6629166359412		149.779689765133	152.6184391814754	165.236439765133		25.71665788008327	26.18994498497711	28.29366605715359													154.0367527089664	157.5675096669421	173.8258264212217	180.5593201112936	-1.504128115677787	-1.504128115677773	-1.504128115677773	151.4662202848615	16.80602428691004					25.71665788008327	6.413537056337599	6.463087044414319	0.3816213130986015	100	177.1828781649448							175.4638786493353					149.779689765133		149.779689765133	15.45675	2.838749416342412	12.61800058365759	152.6184391814754	165.236439765133	25.71665788008327																												85.1068723895583	127.472809433888	119.2226629337412											127.472809433888	2.448622050629466	129.9214314845175	10.74148515142365	140.6629166359412																																																							
104	1786	167.1424503020915	170.0854671910122	183.1669278540538		162.1699692397214	165.0254314965307	177.7177192397214		137.9868071664997	140.4492923318737	151.2514021366351		162.1699692397214	165.0254314965307	177.7177192397214		27.25655280844099	27.7581800038661	29.98787037675146													166.7791907418861	170.6020237853095	188.2052831595651	195.495794084692	8.272336185244725	8.272336185244725	8.272336185244697	163.9960152339086	18.0051558210666					27.25655280844099	6.688105546723258	6.72046104490709	0.3714550217276077	97.05706757203481	191.2525680423496							189.3970666799786					162.1699692397214		162.1699692397214	15.54775	2.855462256809338	12.69228774319066	165.0254314965307	177.7177192397214	27.25655280844099																												85.08776798405019	137.9868071664997	118.7071140156825											137.9868071664997	2.462485165374053	140.4492923318737	10.80210980476133	151.2514021366351																																																							
105	1787	162.0574266878938	165.1872244238916	179.0989101233055		157.2362248701297	160.2729112514527	173.7707248701298		133.7587551583706	136.3769358713444	147.86228575302		157.2362248701297	160.2729112514527	173.7707248701298		27.01044144306955	27.50753922661924	29.71709674756684													161.705218679454	165.4117485559452	182.4794588255708	189.5481684061151	-3.042329225763424	-3.04232922576341	-3.042329225763424	159.00671653336	17.25529440652119					27.01044144306955	6.520981673903663	6.489784758864618	0.3779119335940873	97.79865935710647	186.0171579764295							184.2124497124693					157.2362248701297		157.2362248701297	16.5345	3.036686381322957	13.49781361867704	160.2729112514527	173.7707248701298	27.01044144306955																												85.06866357854207	133.7587551583706	121.6744181137002											133.7587551583706	2.618180712973825	136.3769358713444	11.48534988167561	147.86228575302																																																							
106	1788	155.5913586321189	158.762232064915	172.856495755606		150.9625220746297	154.0390621524507	167.7140220746297		128.3929595409666	131.0449057530756	142.6785382170637		150.9625220746297	154.0390621524507	167.7140220746297		26.63529153088164	27.12548508851409	29.30435391036342													155.2532036726439	158.8118435392665	175.1985546198072	181.9852237030509	-3.989985641465182	-3.989985641465168	-3.989985641465168	152.6623713747137	16.3991558885075					26.63529153088164	6.326854696243503	6.114383178547374	0.3858036803392638	96.95185866217541	179.2976629055953							177.5581460917996					150.9625220746297		150.9625220746297	16.7515	3.076540077821011	13.67495992217899	154.0390621524507	167.7140220746297	26.63529153088164																												85.04955917303396	128.3929595409666	123.3020048875577											128.3929595409666	2.651946212108949	131.0449057530756	11.6336324639881	142.6785382170637																																																							
107	1789	156.8143354887673	159.9859187550333	174.0833375953432		152.1491154197978	155.2263442135721	168.9043654197978		129.3730847662218	132.0250288130731	143.6586284640007		152.1491154197978	155.2263442135721	168.9043654197978		26.98424128316576	27.48085688128193	29.68827112884069													156.4735225687664	160.060134002938	176.5756476634181	183.415661220902	0.7860184957571761	0.7860184957571761	0.7860184957571761	153.8623258497804	16.31130703117185					26.98424128316576	6.306519248759289	6.269595095153537	0.3866348194358162	99.94836938813211	180.8465671329462							179.092023101825					152.1491154197978		152.1491154197978	16.75525	3.077228793774319	13.67802120622568	155.2263442135721	168.9043654197978	26.98424128316576																												85.03045476752584	129.3730847662218	122.8521116832881											129.3730847662218	2.651944046851338	132.0250288130731	11.63359965092754	143.6586284640007																																																							
108	1790	174.0990652172592	177.3902317621074	192.0191881415388		168.9196251456047	172.1128796203129	186.3066251456047		143.600854362737	146.3521706022527	158.4214908715146		168.9196251456047	172.1128796203129	186.3066251456047		29.03378643779951	29.56812168428947	31.94319657228936													173.7206864765581	177.7026291735735	196.0385515936154	203.6324999575812	11.02241684385419	11.02241684385419	11.0224168438542	170.8216727705925	17.90508607598575					29.03378643779951	6.676245532686615	6.729168386337672	0.3728686644875042	97.7259643260872	199.855459208392							197.9164939927388					168.9196251456047		168.9196251456047	17.387	3.193254474708171	14.19374552529183	172.1128796203129	186.3066251456047	29.03378643779951																												85.01135036201772	143.600854362737	138.2387770442319											143.600854362737	2.751316239515651	146.3521706022527	12.06932026926187	158.4214908715146																																																							
109	1791	174.6715307521672	178.1792911498332	193.7709888496284		169.4750598542562	172.8784645235169	188.0063098542562		144.0406597062713	146.9723829045016	159.833299286409		169.4750598542562	172.8784645235169	188.0063098542562		29.34705156142555	29.88715211163874	32.28785328610335													174.2919078417291	178.2869438023595	196.6831576640764	204.3020761432282	0.3288159727874955	0.3288159727874813	0.3288159727874955	171.383361715645	17.74130585650334					29.34705156142555	6.639604425661889	6.51549462605093	0.3742455307047222	95.49635374790199	200.7304132770705							198.7829593991052					169.4750598542562		169.4750598542562	18.53125	3.4034046692607	15.1278453307393	172.8784645235169	188.0063098542562	29.34705156142555																												84.9922459565096	144.0406597062713	142.8616000828421											144.0406597062713	2.931723198230279	146.9723829045016	12.86091638190738	159.833299286409																																																							
110	1792	194.2957862807082	197.7953599323534	213.3506682398779		188.5154945832193	191.9109560618185	207.0034945832193		160.1875380577695	163.1117614710705	175.939432146124		188.5154945832193	191.9109560618185	207.0034945832193		31.61551958105944	32.19736881675747	34.783639360178													193.8735129339521	198.3173891045441	218.7804080147164	227.2553080178302	11.23494793000062	11.23494793000064	11.23494793000063	190.6381931650823	19.51039060622491					31.61551958105944	7.036847662274597	7.324757856024052	0.3606717981355764	97.62303151580134	222.2537127461417							220.0974433113639					188.5154945832193		188.5154945832193	18.488	3.395461478599222	15.09253852140078	191.9109560618185	207.0034945832193	31.61551958105944																												84.97314155100149	160.1875380577695	143.4639212531669											160.1875380577695	2.924223413301027	163.1117614710705	12.82767067505348	175.939432146124																																																							
111	1793	188.8853042021672	192.3457423684988	207.7270967603709		183.2659741252912	186.6234643976647	201.5472241252912		155.6918437334502	158.5827156652783	171.2641346560874		183.2659741252912	186.6234643976647	201.5472241252912		31.40557447916604	31.98355990371392	34.55265613401362													188.4747897433345	192.7949189565658	212.6881118339369	220.927014466948	-2.78466259207714	-2.78466259207714	-2.784662592077126	185.3295627138025	18.77068268516502					31.40557447916604	6.876772590684317	6.936360459050047	0.3663570849300658	96.0896402823026	216.7351371929686							214.6324080821826					183.2659741252912		183.2659741252912	18.28125	3.35749027237354	14.92375972762646	186.6234643976647	201.5472241252912	31.40557447916604																												84.95403714549337	155.6918437334502	147.4020487604899											155.6918437334502	2.890871931828159	158.5827156652783	12.68141899080903	171.2641346560874																																																							
112	1794	183.613019338824	187.17396992451	203.0020935024107		178.1505395210594	181.6055519724213	196.9627895210594		151.3120409181327	154.2862125807223	167.3332256887888		178.1505395210594	181.6055519724213	196.9627895210594		31.22525759157419	31.79992448001642	34.35427009855837													183.2139634165706	187.4135064785668	206.7514281021263	214.7603613268446	-2.791262605427519	-2.791262605427534	-2.791262605427548	180.1565279329698	18.08668883690874					31.22525759157419	6.726420995269956	6.489772659111996	0.37189897254956	93.30295493426793	211.3817855245439							209.3309937624466					178.1505395210594		178.1505395210594	18.81225	3.455012451361867	15.35723754863813	181.6055519724213	196.9627895210594	31.22525759157419																												84.93493273998526	151.3120409181327	147.9896003860011											151.3120409181327	2.974171662589611	154.2862125807223	13.0470131080665	167.3332256887888																																																							
113	1795	227.7487226176784	231.3712394263304	247.473019647839		220.9732074319876	224.4879545136996	240.1107074319876		187.6412294881346	190.6661418503328	203.9351389796608		220.9732074319876	224.4879545136996	240.1107074319876		36.05242904989735	36.71593477637946	39.66516150129364													227.2537442284906	232.4627461358261	256.4489915758586	266.3830600750753	24.0373495505839	24.03734955058387	24.0373495505839	223.461382290413	22.18241690697095					36.05242904989735	7.640339231929075	7.792208724893338	0.3444322259369336	91.34329960614394	259.5138113403104							256.9960504787181					220.9732074319876		220.9732074319876	19.1375	3.514747081712062	15.62275291828794	224.4879545136996	240.1107074319876	36.05242904989735																												84.91582833447714	187.6412294881346	156.192157689205											187.6412294881346	3.024912362198197	190.6661418503328	13.26899712932797	203.9351389796608																																																							
