## Sheet: A9. Nominal GDP (A) (continued)
	A	B	C	D	E	F	G	H	I	J	K	L	M	N	O	P	Q	R	S	T	U	V	W	X	Y	Z	AA	AB	AC	AD	AE	AF	AG	AH	AI	AJ	AK	AL	AM	AN	AO	AP	AQ	AR	AS	AT	AU	AV	AW	AX	AY	AZ	BA	BB	BC	BD	BE	BF	BG	BH	BI	BJ	BK	BL	BM	BN	BO	BP	BQ	BR	BS	BT	BU	BV	BW	BX	BY	BZ	CA	CB	CC	CD	CE	CF	CG	CH	CI	CJ	CK	CL	CM	CN	CO	CP	CQ	CR	CS	CT	CU	CV	CW	CX	CY	CZ	DA	DB	DC	DD	DE	DF	DG	DH	DI	DJ	DK	DL	DM	DN	DO	DP	DQ	DR	DS	DT	DU	DV	DW	DX	DY	DZ	EA	EB	EC	ED	EE	EF	EG	EH	EI	EJ	EK	EL	EM	EN	EO	EP	EQ	ER	ES	ET	EU	EV	EW	EX	EY	EZ	FA	FB	FC	FD	FE	FF	FG	FH	FI	FJ	FK	FL	FM	FN	FO
16	1698																																																																	4.724500000000001																																																																																																									
17	1699																																																																	4.959																																																																																																									
18	1700	77.4708995151119	78.26596032376202	81.79993824017697		75.16614342216592	75.93755120426708	79.36639342216591		65.19215757421067	65.87024730819695	68.84451604997186		75.16614342216592	75.93755120426708	79.36639342216591		9.902113637918829	10.08435126451377	10.89438207086164													77.30252789655707	79.07441956162977	87.23356964981265	90.61273776822605				76.01251982427065	12.25010337845498					9.902113637918829	5.118688610625949		0.4178486052312428		85.91463346218949							85.08110363789235					75.16614342216592		75.16614342216592	4.20025	0.7714077821011673	3.428842217898833	75.93755120426708	79.36639342216591	9.902113637918829																												86.7307468577482	65.19215757421067	60.56148703044448											65.19215757421067	0.6780897339862871	65.87024730819695	2.974268741774903	68.84451604997186																																																							
19	1701	80.64782000296098	81.41330441702708	84.81581776599013		78.24855065539936	78.99126193944605	82.29255065539935		67.85060346836985	68.50332434305454	71.36628976614627		78.24855065539936	78.99126193944605	82.29255065539935		10.08198963450579	10.26753768308719	11.09228303462064													80.47254381445914	82.31709707205563	90.81083693834645	94.32857771429276	4.100792049315714	4.100792049315729	4.100792049315714	79.12963519370888	12.67429606455942					10.08198963450579	5.22503760396877		0.4122546591427128		89.21162482821467							88.34610812900127					78.24855065539936		78.24855065539936	4.044	0.7427112840466926	3.301288715953308	78.99126193944605	82.29255065539935	10.08198963450579																												86.71164245224008	67.85060346836985	61.10527326478294											67.85060346836985	0.6527208746846839	68.50332434305454	2.862965423091726	71.36628976614627																																																							
20	1702	77.28230027068334	78.23669503223655	82.47889886642838		74.98315499754767	75.9091565539679	80.02515499754767		65.00480017488901	65.81842370833877	69.38727550225632		74.98315499754767	75.9091565539679	80.02515499754767		9.763640164828153	9.94332933782974	10.74203248392577													77.11433854487845	78.88191662341306	87.02120364621989	90.39214533951214	-4.17310688888314	-4.173106888883126	-4.173106888883126	75.82747093629212	12.05975264652742					9.763640164828153	5.073028571571261		0.4206577630787502		85.59111110112028							84.76072003824144					74.98315499754767		74.98315499754767	5.042	0.9260015564202334	4.115998443579766	75.9091565539679	80.02515499754767	9.763640164828153																												86.69253804673197	65.00480017488901	62.78031384420132											65.00480017488901	0.8136235334497558	65.81842370833877	3.568851793917543	69.38727550225632																																																							
21	1703	70.79849883056583	71.84323173173651	76.48698094075341		68.69224638516411	69.70589852524193	74.21149638516411		59.53792858731121	60.42836930464757	64.3342931529574		68.69224638516411	69.70589852524193	74.21149638516411		9.202643447238959	9.3720080860977	10.12481955288931													70.64462869463138	72.26391117053794	79.72033134368884	82.80845903521138	-8.389762490774487	-8.389762490774501	-8.389762490774501	69.46572622197614	10.95346147338915					9.202643447238959	4.793806589447595		0.4376522071213645		78.6683696692151							77.9051419196958					68.69224638516411		68.69224638516411	5.51925	1.013652140077821	4.505597859922179	69.70589852524193	74.21149638516411	9.202643447238959																												86.67343364122385	59.53792858731121	63.11478941198558											59.53792858731121	0.8904407173363585	60.42836930464757	3.905923848309826	64.3342931529574																																																							
22	1704	87.17765582647161	88.19385342214761	92.71076561648692		84.58412413015233	85.57008988890719	89.95262413015233		73.29580540488868	74.1617341667471	77.9599811920552		84.58412413015233	85.57008988890719	89.95262413015233		10.42045604633431	10.61223320092573	11.46466640078332													86.98818799913012	88.98208974425403	98.16354475092248	101.966107481582	23.1348930647586	23.13489306475859	23.1348930647586	85.53654770008829	13.42231511786438					10.42045604633431	5.442106137386121		0.4054521213067758		95.9570037464226							95.02604447616005					84.58412413015233		84.58412413015233	5.368500000000001	0.9859657587548639	4.382534241245137	85.57008988890719	89.95262413015233	10.42045604633431																												86.65432923571574	73.29580540488868	62.40708964376082											73.29580540488868	0.8659287618584145	74.1617341667471	3.798247025308101	77.9599811920552																																																							
23	1705	80.88766406824539	81.88900248328237	86.33986687893386		78.48125936954828	79.45280800768057	83.77125936954829		67.99241550438654	68.845494249639	72.58741257645345		78.48125936954828	79.45280800768057	83.77125936954829		9.930463265456662	10.113222636098	10.92557255051651													80.71186661390405	82.56190551453365	91.08090549447572	94.60910792020115	-7.215142112500189	-7.215142112500189	-7.215142112500175	79.36496422540041	12.42507766513031					9.930463265456662	5.199506912991564		0.4184687655984187		89.29542749085708							88.42909775181737					78.48125936954828		78.48125936954828	5.29	0.9715486381322956	4.318451361867704	79.45280800768057	83.77125936954829	9.930463265456662																												86.63522483020762	67.99241550438654	62.34183844415269											67.99241550438654	0.8530787452524611	68.845494249639	3.741918326814436	72.58741257645345																																																							
24	1706	65.52933856826719	66.5383905070117	71.02354086185463		63.57984342522354	64.55887611004844	68.91059342522354		55.07039374702701	55.92985437393244	59.69991560144474		63.57984342522354	64.55887611004844	68.91059342522354		8.760889655514449	8.922124296527588	9.638798611878359													65.3869201780507	66.88568796767976	73.7871659665708	76.64546054035993	-18.987228370225	-18.987228370225	-18.98722837022501	64.29575722197626	10.03296482124203					8.760889655514449	4.598892207619134		0.4583781852680524		73.0566468774907							72.34786315134781					63.57984342522354		63.57984342522354	5.33075	0.9790326848249027	4.351717315175097	64.55887611004844	68.91059342522354	8.760889655514449																												86.6161204246995	55.07039374702701	62.85652044723835											55.07039374702701	0.859460626905433	55.92985437393244	3.770061227512296	59.69991560144474																																																							
25	1707	73.05308124398121	74.07623520766337	78.62406786826737		70.8797550639657	71.87247023906298	76.2850050639657		61.379752847106	62.25103266723585	66.07286943751348		70.8797550639657	71.87247023906298	76.2850050639657		9.533350752827372	9.708801699788786	10.48866629030795													72.89431110440039	74.5651597272286	82.25903004504507	85.445499346894	11.48148728508211	11.48148728508211	11.48148728508214	71.67786641226473	11.14409992240353					9.533350752827372	4.904484262373958		0.4400969388756316		81.21121716509211							80.42331912203794					70.8797550639657		70.8797550639657	5.405250000000001	0.9927151750972762	4.412534824902725	71.87247023906298	76.2850050639657	9.533350752827372																												86.59701601919139	61.379752847106	62.97832707796501											61.379752847106	0.8712798201298462	62.25103266723585	3.821836770277627	66.07286943751348																																																							
26	1708	81.10524341080182	82.09096548949843	86.47241659353531		78.69236573556005	79.64876262271957	83.89986573556004		68.13020685324956	68.96942589056606	72.65053946270046		78.69236573556005	79.64876262271957	83.89986573556004		10.34852371866696	10.53897703704028	11.38552589709796													80.92897307972486	82.78398839118717	91.32590358862531	94.86359650926167	11.02234434154553	11.02234434154551	11.02234434154552	79.57844766489755	12.32979872193318					10.34852371866696	5.217577709634865		0.4231681171204719		89.9269713835645							89.05451450821855					78.69236573556005		78.69236573556005	5.2075	0.9563968871595331	4.251103112840467	79.64876262271957	83.89986573556004	10.34852371866696																												86.57791161368327	68.13020685324956	63.73811377988153											68.13020685324956	0.8392190373164918	68.96942589056606	3.681113572134414	72.65053946270046																																																							
27	1709	76.37484635935027	77.36227203837493	81.75129550149703		74.1026978029728	75.06074760842027	79.3191978029728		64.14241132733187	64.98289526389117	68.66959479455319		74.1026978029728	75.06074760842027	79.3191978029728		10.17611191764584	10.36339218442998	11.19583709907643													76.20885685130422	77.95567991044453	85.99939488352665	89.33075475518913	-5.832418290753239	-5.832418290753239	-5.832418290753239	74.93709972779257	11.5840451573775					10.17611191764584	5.028230230585522		0.4340651441075576		85.11321164543841							84.28745708548432					74.1026978029728		74.1026978029728	5.216500000000001	0.9580498054474709	4.25845019455253	75.06074760842027	79.3191978029728	10.17611191764584																												86.55880720817515	64.14241132733187	60.1158083201186											64.14241132733187	0.8404839365592938	64.98289526389117	3.686699530662029	68.66959479455319																																																							
28	1710	71.26055045120648	72.25067349741718	76.65168652909091		69.14055198898305	70.10121891505308	74.37130198898305		59.83402820738942	60.67662209786702	64.37262369403486		69.14055198898305	70.10121891505308	74.37130198898305		9.949571318234483	10.13268235179492	10.94659537808684													71.10567611395632	72.73552649885283	80.2406094414422	83.34889115357511	-6.696309258784737	-6.696309258784751	-6.696309258784737	69.91907978045563	10.7774101937355					9.949571318234483	4.818150957544245		0.4470601815216102		79.86865109869012							79.09377841362607					69.14055198898305		69.14055198898305	5.23075	0.9606669260700389	4.270083073929961	70.10121891505308	74.37130198898305	9.949571318234483																												86.53970280266704	59.83402820738942	63.71020599604218											59.83402820738942	0.8425938904776044	60.67662209786702	3.69600159616783	64.37262369403486																																																							
29	1711	72.08989457601204	73.09714826996581	77.57430557910767		69.94522315998584	70.92251109772903	75.26647315998585		60.51702562824794	61.37400845741565	65.13313035286386		69.94522315998584	70.92251109772903	75.26647315998585		10.23019746175648	10.41847311412719	11.25534243335126													71.93321778114868	73.58203668133827	81.17446523668538	84.31892173500609	1.163819419797264	1.163819419797264	1.163819419797264	70.73281160908411	10.91535110407334					10.23019746175648	4.855151690593179		0.4448003224359277		80.96300907084058							80.17751910241647					69.94522315998584		69.94522315998584	5.32125	0.9772879377431906	4.34396206225681	70.92251109772903	75.26647315998585	10.23019746175648																												86.52059839715892	60.51702562824794	65.1985782107616											60.51702562824794	0.8569828291677103	61.37400845741565	3.759121895448214	65.13313035286386																																																							
