## Sheet: A9. Nominal GDP (A) (continued)
	A	B	C	D	E	F	G	H	I	J	K	L	M	N	O	P	Q	R	S	T	U	V	W	X	Y	Z	AA	AB	AC	AD	AE	AF	AG	AH	AI	AJ	AK	AL	AM	AN	AO	AP	AQ	AR	AS	AT	AU	AV	AW	AX	AY	AZ	BA	BB	BC	BD	BE	BF	BG	BH	BI	BJ	BK	BL	BM	BN	BO	BP	BQ	BR	BS	BT	BU	BV	BW	BX	BY	BZ	CA	CB	CC	CD	CE	CF	CG	CH	CI	CJ	CK	CL	CM	CN	CO	CP	CQ	CR	CS	CT	CU	CV	CW	CX	CY	CZ	DA	DB	DC	DD	DE	DF	DG	DH	DI	DJ	DK	DL	DM	DN	DO	DP	DQ	DR	DS	DT	DU	DV	DW	DX	DY	DZ	EA	EB	EC	ED	EE	EF	EG	EH	EI	EJ	EK	EL	EM	EN	EO	EP	EQ	ER	ES	ET	EU	EV	EW	EX	EY	EZ	FA	FB	FC	FD	FE	FF	FG	FH	FI	FJ	FK	FL	FM	FN	FO
90	1772	128.9454299024737	131.0080166774169	140.1760400965505		125.1093086351932	127.110533537917	136.0058086351932		106.7873377130634	108.5185730221149	116.1127710270161		125.1093086351932	127.110533537917	136.0058086351932		19.8651686362573	20.23076544887281	21.85581229816809													128.6651859544388	131.6143879634956	145.1947790825419	150.8191914550426	0.7016109107813264	0.7016109107813122	0.7016109107813406	126.5180488164972	15.63394228607289					19.8651686362573	6.118386806878155		0.3913527819741645		146.3832174527545							144.9630312445792					125.1093086351932		125.1093086351932	10.8965	2.001224902723735	8.895275097276265	127.110533537917	136.0058086351932	19.8651686362573																												85.35522966116382	106.7873377130634	103.1709029211087											106.7873377130634	1.731235309051493	108.5185730221149	7.59419800490119	116.1127710270161																																																							
91	1773	131.9168914172144	133.90792697838	142.7579113159339		127.9923692913674	129.9241716259978	138.5108692913674		109.2237285761627	110.8945332193168	118.2235607403668		127.9923692913674	129.9241716259978	138.5108692913674		20.37543183740289	20.7504194889964	22.41720782171506													131.6301894341258	134.6473538384047	148.5406960220671	154.2947192301015	2.30443336920753	2.30443336920753	2.30443336920753	129.4335729514948	15.87284122598397					20.37543183740289	6.174483065725082		0.3889967131793269		149.8090047888977							148.3555821482161					127.9923692913674		127.9923692913674	10.5185	1.93180233463035	8.58669766536965	129.9241716259978	138.5108692913674	20.37543183740289																												85.3361252556557	109.2237285761627	102.4579807693778											109.2237285761627	1.670804643154102	110.8945332193168	7.329027521050028	118.2235607403668																																																							
92	1774	131.012847881459	133.0453850395049	142.0798404581073		127.1152210138362	129.0872902745366	137.8529710138362		108.4509196160858	110.1561690464109	117.6363307824856		127.1152210138362	129.0872902745366	137.8529710138362		20.5364887223529	20.91444045066107	22.59440385318345													130.728110704179	133.7245980901723	147.5227274011219	153.2373175431561	-0.6853129466916954	-0.6853129466916954	-0.6853129466917096	128.5465479186926	15.65255194048907					20.5364887223529	6.123067980921399		0.3911865620507937		149.0830366410455							147.6366572254623					127.1152210138362		127.1152210138362	10.73775	1.972069260700389	8.765680739299611	129.0872902745366	137.8529710138362	20.5364887223529																												85.31702085014759	108.4509196160858	103.826096457984											108.4509196160858	1.705249430325069	110.1561690464109	7.480161736074697	117.6363307824856																																																							
93	1775	136.2601860023177	138.338199824676	147.5747951621925		132.2064510401524	134.2226440362614	143.1844510401525		112.7693481426524	114.5123610051909	122.1581474986471		132.2064510401524	134.2226440362614	143.1844510401525		21.2401789627804	21.63108134424836	23.36860930255304													135.9640445065382	139.0805474691979	153.4313206704276	159.3747920800799	4.005208806396269	4.005208806396269	4.00520880639624	133.6951055762504	16.1119373941963					21.2401789627804	6.230891230696525		0.3867251391468887		154.9352845390308							153.4321275645432					132.2064510401524		132.2064510401524	10.978	2.016192996108949	8.96180700389105	134.2226440362614	143.1844510401525	21.2401789627804																												85.29791644463947	112.7693481426524	105.6446690186154											112.7693481426524	1.743012862538476	114.5123610051909	7.645786493456151	122.1581474986471																																																							
94	1776	138.4232878231803	140.4500043467721	149.4585875385		134.3052006702893	136.2716224601725	145.0122006702892		114.5338796383942	116.233484196804	123.6887991106149		134.3052006702893	136.2716224601725	145.0122006702892		21.67114023693623	22.06997399170774	23.8427562321964													138.1224451433826	141.2884219357135	155.8670106460299	161.9048334154275	1.587478987314611	1.587478987314611	1.587478987314611	135.8174872843415	16.21556289812183					21.67114023693623	6.254935983151384		0.3857365928305741		157.4886275212777							155.9606984277506					134.3052006702893		134.3052006702893	10.707	1.966421789883269	8.740578210116732	136.2716224601725	145.0122006702892	21.67114023693623																												85.27881203913135	114.5338796383942	109.091617635259											114.5338796383942	1.699604558409847	116.233484196804	7.455314913810899	123.6887991106149																																																							
95	1777	146.3975074457757	148.5145147867536	157.9244330099986		142.0421875851621	144.0962140443061	153.2261875851621		121.1047538515119	122.8796785801674	130.6653669244904		142.0421875851621	144.0962140443061	153.2261875851621		22.65448398930749	23.07141511582324	24.92463864003947													146.0793339711508	149.4276947731315	164.8461195398783	171.2317661874877	5.76075005007938	5.760750050079366	5.760750050079352	143.6415932510907	16.98690456112432					22.65448398930749	6.433456806148294		0.3787303792164521		166.2960772403982							164.6826996997202					142.0421875851621		142.0421875851621	11.184	2.054026459143969	9.129973540856032	144.0962140443061	153.2261875851621	22.65448398930749																												85.25970763362324	121.1047538515119	109.0939040565273											121.1047538515119	1.77492472865549	122.8796785801674	7.785688344322973	130.6653669244904																																																							
96	1778	145.1883450566406	147.3727865772701	157.0824440143055		140.8689977276636	142.9884522023718	152.4092477276636		120.0775834244603	121.9086354089102	129.9405870054577		140.8689977276636	142.9884522023718	152.4092477276636		22.77063017441259	23.18969884508159	25.05242357191123													144.872799518826	148.193504713702	163.4845818250623	169.8174865654404	-0.8259446559108454	-0.8259446559108596	-0.8259446559108454	142.4551931879681	16.67378188290425					22.77063017441259	6.362303363750159		0.3815753023777692		165.2258233623807							163.6228292510552					140.8689977276636		140.8689977276636	11.54025	2.119454474708171	9.42079552529183	142.9884522023718	152.4092477276636	22.77063017441259																												85.24060322811512	120.0775834244603	109.2240320131013											120.0775834244603	1.83105198444997	121.9086354089102	8.03195159654749	129.9405870054577																																																							
97	1779	139.5488808216055	141.8242756708598	151.9382129457232		135.3973073230345	137.6050092685598	147.4180573230345		115.3876146661414	117.2944784732208	125.659118393675		135.3973073230345	137.6050092685598	147.4180573230345		22.48187605478379	22.89563052008666	24.73473405442023													139.2455918307908	142.4373128556614	157.1344477848786	163.2213672860606	-3.884240317523449	-3.884240317523435	-3.884240317523449	136.9218911397552	15.87952715378511					22.48187605478379	6.180462570692995		0.3892094840632451		159.4037671945389							157.8572577268541					135.3973073230345		135.3973073230345	12.02075	2.207701945525292	9.813048054474708	137.6050092685598	147.4180573230345	22.48187605478379																												85.221498822607	115.3876146661414	109.6511218815572											115.3876146661414	1.906863807079351	117.2944784732208	8.364639920454195	125.659118393675																																																							
98	1780	145.1209254446034	147.5273555524227	158.2237334469251		140.8035838463278	143.1384227568336	153.5165838463278		119.9680248621588	121.9842489058649	130.8286399585502		140.8035838463278	143.1384227568336	153.5165838463278		23.32273300516596	23.75196252766841	25.65985137980858													144.8055264334106	148.1246896267173	163.4086661785521	169.7386301733731	3.992898108671298	3.992898108671298	3.992898108671284	142.3890427414314	16.42723927890593					23.32273300516596	6.30836742287307		0.3840187213303446		165.7117757465974							164.104067004142					140.8035838463278		140.8035838463278	12.713	2.334838910505836	10.37816108949416	143.1384227568336	153.5165838463278	23.32273300516596																												85.20239441709889	119.9680248621588	113.798967119736											119.9680248621588	2.016224043706189	121.9842489058649	8.844391052685252	130.8286399585502																																																							
99	1781	168.7861914973767	171.3228997080599	182.5983527292743		163.7648092016561	166.2260504467923	177.1660592016561		139.500252359175	141.6251531658889	150.9460773614601		163.7648092016561	166.2260504467923	177.1660592016561		25.84472289672827	26.32036689890048	28.43456417974221													168.4193595071715	172.2797877165436	190.0561641089622	197.418372637664	16.30727338615758	16.30727338615759	16.30727338615759	165.6088132132094	18.89923193956143					25.84472289672827	6.877942299282822		0.3639270802791379		191.4535361099377							189.5960849880052					163.7648092016561		163.7648092016561	13.40125	2.461241245136186	10.94000875486381	166.2260504467923	177.1660592016561	25.84472289672827																												85.18329001159077	139.500252359175	116.432086097939											139.500252359175	2.124900806713835	141.6251531658889	9.320924195571244	150.9460773614601																																																							
100	1782	167.6701705668349	170.2242460364178	181.57689505164		162.6819898481661	165.1600816769598	176.1749898481661		138.5467917819607	140.6857606362139	150.0684196823336		162.6819898481661	165.1600816769598	176.1749898481661		26.04598112446545	26.52532906532152	28.65599003971993													167.3057640841635	171.1406669905217	188.7995052837206	196.1130346003368	-0.6612039294453353	-0.6612039294453353	-0.6612039294453353	164.5138012327359	18.63330729346021					26.04598112446545	6.819875991264894		0.3660045897304815		190.5597823572013							188.7110022890633					162.6819898481661		162.6819898481661	13.493	2.478091828793774	11.01490817120623	165.1600816769598	176.1749898481661	26.04598112446545																												85.16418560608265	138.5467917819607	118.3487328701559											138.5467917819607	2.138968854253183	140.6857606362139	9.382659046119699	150.0684196823336																																																							
101	1783	163.8997036640057	166.3247314087396	177.1037742232556		159.0236941815293	161.3765774500118	171.8349441815293		135.4008535390165	137.431292848484	146.3378323457741		159.0236941815293	161.3765774500118	171.8349441815293		26.08581447479536	26.56589550511989	28.69981500007938													163.5434917372141	167.2921576317347	184.5538944900044	191.7029615165308	-2.248740422987893	-2.248740422987879	-2.248740422987908	160.8143128830214	18.17991302548128					26.08581447479536	6.720309361442224		0.3696557487388924		186.9001273578167							185.0868526682818					159.0236941815293		159.0236941815293	12.81125	2.35288326848249	10.45836673151751	161.3765774500118	171.8349441815293	26.08581447479536																												85.14508120057454	135.4008535390165	117.1965699048818											135.4008535390165	2.030439309467546	137.431292848484	8.906539497290103	146.3378323457741																																																							
