## Sheet: A9. Nominal GDP (A) (continued)
	A	B	C	D	E	F	G	H	I	J	K	L	M	N	O	P	Q	R	S	T	U	V	W	X	Y	Z	AA	AB	AC	AD	AE	AF	AG	AH	AI	AJ	AK	AL	AM	AN	AO	AP	AQ	AR	AS	AT	AU	AV	AW	AX	AY	AZ	BA	BB	BC	BD	BE	BF	BG	BH	BI	BJ	BK	BL	BM	BN	BO	BP	BQ	BR	BS	BT	BU	BV	BW	BX	BY	BZ	CA	CB	CC	CD	CE	CF	CG	CH	CI	CJ	CK	CL	CM	CN	CO	CP	CQ	CR	CS	CT	CU	CV	CW	CX	CY	CZ	DA	DB	DC	DD	DE	DF	DG	DH	DI	DJ	DK	DL	DM	DN	DO	DP	DQ	DR	DS	DT	DU	DV	DW	DX	DY	DZ	EA	EB	EC	ED	EE	EF	EG	EH	EI	EJ	EK	EL	EM	EN	EO	EP	EQ	ER	ES	ET	EU	EV	EW	EX	EY	EZ	FA	FB	FC	FD	FE	FF	FG	FH	FI	FJ	FK	FL	FM	FN	FO
251	1933	3720.436488944193	3809.694076492831	4206.436488944193		3648.333988944193	3736.540159653184	4125.664306473635		3106.192424619507	3181.892913277874	3513.255969005934		3720.436488944193	3809.694076492831	4206.436488944193					72.1025	73.15391683964705	80.77218247055735				124.1993083721868	125.9099679382074	142.9914992615577				3720.436488944193	3805.714559203598	4152.359559071018	4152.359559071018	2.16508795669823	2.16508795669823	1.791686574295269																									3648.333988944193	3648.333988944193	476.8514640700096	87.72731724955798	389.1241468204516	3736.540159653184	4125.664306473635								134.5	15	119.5	6.725000000000001	126.225	7.84							124.1993083721868	125.9099679382074	18.79219088937093	142.9914992615577	1		124.1993083721868	1	124.1993083721868				83.49000000000001		3106.192424619507								3106.192424619507	75.70048865836658	3181.892913277874	331.3630557280604	3513.255969005934	0.0191		72.1025									72.1025	1.530270299080168	73.15391683964705	7.618265630910297	80.77218247055735		3775		3720.436488944193	3809.694076492831	4206.436488944193										486	486	89.25758754863814	396.7424124513619	4206.436488944193									3776						4261	3775			
252	1934	3913.603522542355	4006.717919429515	4420.603522542355		3837.558872542355	3929.564367164336	4335.480169269544		3269.228702555756	3348.243244397565	3694.109787149666		3913.603522542355	4006.717919429515	4420.603522542355					76.04465	77.15355226517896	85.12335327281224				134.971697363652	136.8307304634601	155.393823177101				3913.603522542355	4003.309275390063	4363.826825984515	4363.826825984515	5.192052980132459	5.192052980132459	5.092701243839485																									3837.558872542355	3837.558872542355	497.4296268630835	91.51382475787636	405.9158021052071	3929.564367164336	4335.480169269544													8.52							134.971697363652	136.8307304634601	20.42212581344902	155.393823177101	1		134.971697363652	1	134.971697363652				83.535		3269.228702555756								3269.228702555756	79.01454184180882	3348.243244397565	345.8665427521016	3694.109787149666	0.01915		76.04465									76.04465	1.600572129283207	77.15355226517896	7.969801007633276	85.12335327281224		3971		3913.603522542355	4006.717919429515	4420.603522542356										507	507	93.11439688715954	413.8856031128404	4420.603522542355									4016						4478	3971			
253	1935	4096.915095242652	4192.784355943041	4618.915095242652		4017.100695242651	4111.806082232611	4529.706650668671		3424.201636603808	3505.598205285173	3861.887255254585		4096.915095242652	4192.784355943041	4618.915095242652					79.8144	80.97827371043064	89.20844457398097				136.0806197598322	137.9549266057655	156.6705329919363				4096.915095242652	4190.82262850579	4559.702036351396	4559.702036351396	4.683958700579197	4.683958700579197	4.488610987047807																									4017.100695242651	4017.100695242651	512.117600122434	94.21703168637345	417.9005684360606	4111.806082232611	4529.706650668671													8.59							136.0806197598322	137.9549266057655	20.58991323210412	156.6705329919363	1		136.0806197598322	1	136.0806197598322				83.58		3424.201636603808								3424.201636603808	81.3965686813649	3505.598205285173	356.2890499694122	3861.887255254585	0.0192		79.8144									79.8144	1.652229014015585	80.97827371043064	8.230170863550331	89.20844457398097		4157		4096.915095242652	4192.784355943041	4618.915095242652										522	522	95.8692607003891	426.1307392996109	4618.915095242652									4197						4679	4157			
254	1936	4324.576241983343	4426.689860660385	4880.576241983343		4240.107241983343	4340.989112398839	4786.088250040962		3616.426882358569	3703.172349021103	4082.873559139689		4324.576241983343	4426.689860660385	4880.576241983343					84.469	85.70074826154635	94.48799194238104				138.1400470670241	140.0427194414756	159.041565505202				4324.576241983343	4423.702115439838	4817.945472904745	4817.945472904745	5.556891989415448	5.556891989415448	5.663603334045732																									4240.107241983343	4240.107241983343	545.4483279250672	100.3491902829448	445.0991376421225	4340.989112398839	4786.088250040962													8.72							138.1400470670241	140.0427194414756	20.90151843817787	159.041565505202	1		138.1400470670241	1	138.1400470670241				83.62499999999999		3616.426882358569								3616.426882358569	86.74546666253369	3703.172349021103	379.7012101185861	4082.873559139689	0.01925		84.469									84.469	1.764428394098101	85.70074826154635	8.787243680834695	94.48799194238104		4388		4324.576241983343	4426.689860660385	4880.576241983343										556	556	102.1136186770428	453.8863813229572	4880.576241983343									4389						4944	4388			
255	1937	4637.979898535463	4744.868614488771	5219.979898535463		4547.154098535463	4652.718369766404	5118.602502409669		3880.597781104621	3971.449104335667	4369.116655703748		4637.979898535463	4744.868614488771	5219.979898535463					90.8258	92.15024472236628	101.377396125794				143.3678240775881	145.3425012552012	165.0603403465686				4637.979898535463	4744.289461089306	5153.174688657017	5153.174688657017	7.247037374658149	7.247037374658149	6.957928802589009																									4547.154098535463	4547.154098535463	570.9211137204117	105.0369810771468	465.8841326432649	4652.718369766404	5118.602502409669													9.05							143.3678240775881	145.3425012552012	21.69251626898048	165.0603403465686	1		143.3678240775881	1	143.3678240775881				83.66999999999999		3880.597781104621								3880.597781104621	90.85132323104622	3971.449104335667	397.6675513680806	4369.116655703748	0.0193		90.8258									90.8258	1.851734876160547	92.15024472236628	9.227151403427762	101.377396125794		4706		4637.979898535463	4744.868614488771	5219.979898535463										582	582	106.8887159533074	475.1112840466926	5219.979898535463									4708						5288	4706			
256	1938	4796.652818991096	4904.459822882147	5383.652818991096		4702.476368991096	4808.910068136428	5278.767321899104		4015.517907418395	4107.199579356301	4508.495816480448		4796.652818991096	4904.459822882147	5383.652818991096					94.17645	95.54975474571864	104.8854970919918				146.0609213254544	148.0726918865143	168.1609213254544				4796.652818991096	4906.599406528188	5314.942275328171	5314.942275328171	3.421164470888229	3.421164470888229	3.139183055975792																									4702.476368991096	4702.476368991096	575.7917759483224	105.9345221856462	469.8572537626762	4808.910068136428	5278.767321899104													9.22							146.0609213254544	148.0726918865143	22.1	168.1609213254544	1		146.0609213254544	1	146.0609213254544				83.71499999999999		4015.517907418395								4015.517907418395	91.68167193790545	4107.199579356301	401.2962371241463	4508.495816480448	0.01935		94.17645									94.17645	1.872481705404427	95.54975474571864	9.335742346273161	104.8854970919918		4867		4796.652818991096	4904.459822882147	5383.652818991096										587	587	107.8070038910506	479.1929961089494	5383.652818991096									4959						5454	4867			
257	1939	5149.478319134677	5267.386490340903	5791.478319134677		5048.113319134677	5164.543360346092	5678.402554003506		4313.203040107205	4413.529497484116	4852.664683408553		5149.478319134677	5267.386490340903	5791.478319134677					101.365	102.8431299948105	113.0757651311716				155.6393740769472	157.7830734872236	178.7393740769472				5149.478319134677	5267.512204460608	5717.41223493773	5717.41223493773	7.355660571193738	7.355660571193724	7.572423909057562																									5048.113319134677	5048.113319134677	629.7141458817822	115.854952224369	513.8591936574132	5164.543360346092	5678.402554003506													9.8							155.6393740769472	157.7830734872236	23.1	178.7393740769472	1		155.6393740769472	1	155.6393740769472				83.75999999999999		4313.203040107205								4313.203040107205	100.3264573769109	4413.529497484116	439.1351859244367	4852.664683408553	0.0194		101.365									101.365	2.053218981856772	102.8431299948105	10.2326351363611	113.0757651311716		5225		5149.478319134677	5267.386490340903	5791.478319134678										642	642	117.9081712062257	524.0918287937743	5791.478319134677									5225						5867	5225			
258	1940	6218.795826553074	6367.74213005502	7029.795826553074		6096.066326553074	6243.222957532965	6892.330404517553		5211.661842442802	5338.467083481172	5893.507126571196		6218.795826553074	6367.74213005502	7029.795826553074					122.7295	124.5191725220549	137.4654220355215				171.0542145534015	173.4102303176523	195.1542145534015				6218.795826553074	6361.340097635682	6939.439666778861	6939.439666778861	20.76555023923444	20.76555023923446	21.37378558036477																									6096.066326553074	6096.066326553074	795.4533575810785	146.3459105964906	649.1074469845879	6243.222957532965	6892.330404517553													10.7							171.0542145534015	173.4102303176523	24.1	195.1542145534015	1		171.0542145534015	1	171.0542145534015				83.80499999999998		5211.661842442802								5211.661842442802	126.80524103837	5338.467083481172	555.0400430900238	5893.507126571196	0.01945		122.7295									122.7295	2.600392905454896	124.5191725220549	12.94624951346658	137.4654220355215		6310		6218.795826553074	6367.74213005502	7029.795826553074										811	811	148.9463035019456	662.0536964980545	7029.795826553074									6262						7121	6310			
259	1941	7410.321049105003	7604.998091906559	8470.321049105003		7263.700549105003	7456.239534797062	8304.63622942569		6213.554199674544	6379.382248450198	7105.250400633294		7410.321049105003	7604.998091906559	8470.321049105003					146.6205	148.7585571094965	165.6848196793129				187.3809906118811	189.9618832777248	212.4809906118811				7410.321049105003	7580.176892887907	8360.265819589364	8360.265819589364	19.16006339144218	19.16006339144216	20.47465243645557																									7263.700549105003	7263.700549105003	1039.666212913132	191.2695182845044	848.3966946286272	7456.239534797062	8304.63622942569													11.65							187.3809906118811	189.9618832777248	25.1	212.4809906118811	1		187.3809906118811	1	187.3809906118811				83.85		6213.554199674544								6213.554199674544	165.8280487756534	6379.382248450198	725.8681521830956	7105.250400633294	0.0195		146.6205									146.6205	3.407524517052018	148.7585571094965	16.92626256981639	165.6848196793129		7519		7410.321049105003	7604.998091906559	8470.321049105003										1060	1060	194.6770428015564	865.3229571984435	8470.321049105003									7431						8579	7519			
260	1942	8121.885325930885	8334.744469899757	9280.885325930885		7960.773775930886	8171.283550644438	9098.86870234289		6813.855694189715	6995.269866684352	7789.356673272808		8121.885325930885	8334.744469899757	9280.885325930885					161.11155	163.4609192553191	182.0166235879946				209.1793801625121	212.0605130156593	235.2793801625121				8121.885325930885	8308.05130659519	9160.333221137664	9160.333221137664	9.602340736800102	9.602340736800102	9.569879939386865																									7960.773775930886	7960.773775930886	1136.708967951147	209.1238162526938	927.5851516984528	8171.283550644438	9098.86870234289													12.9							209.1793801625121	212.0605130156593	26.1	235.2793801625121	1		209.1793801625121	1	209.1793801625121				83.89499999999998		6813.855694189715								6813.855694189715	181.4141724946369	6995.269866684352	794.0868065884558	7789.356673272808	0.01955		161.11155									161.11155	3.735327716177906	163.4609192553191	18.55570433267557	182.0166235879946		8241		8121.885325930885	8334.744469899757	9280.885325930885										1159	1159	212.8591439688716	946.1408560311284	9280.885325930885									8160						9400	8241			
