## Sheet: A9. Nominal GDP (A) (continued)
	A	B	C	D	E	F	G	H	I	J	K	L	M	N	O	P	Q	R	S	T	U	V	W	X	Y	Z	AA	AB	AC	AD	AE	AF	AG	AH	AI	AJ	AK	AL	AM	AN	AO	AP	AQ	AR	AS	AT	AU	AV	AW	AX	AY	AZ	BA	BB	BC	BD	BE	BF	BG	BH	BI	BJ	BK	BL	BM	BN	BO	BP	BQ	BR	BS	BT	BU	BV	BW	BX	BY	BZ	CA	CB	CC	CD	CE	CF	CG	CH	CI	CJ	CK	CL	CM	CN	CO	CP	CQ	CR	CS	CT	CU	CV	CW	CX	CY	CZ	DA	DB	DC	DD	DE	DF	DG	DH	DI	DJ	DK	DL	DM	DN	DO	DP	DQ	DR	DS	DT	DU	DV	DW	DX	DY	DZ	EA	EB	EC	ED	EE	EF	EG	EH	EI	EJ	EK	EL	EM	EN	EO	EP	EQ	ER	ES	ET	EU	EV	EW	EX	EY	EZ	FA	FB	FC	FD	FE	FF	FG	FH	FI	FJ	FK	FL	FM	FN	FO
241	1923	3707.624389776968	3791.188592111599	4162.624389776968		3627.117589776968	3709.507821649741	4072.94107304412		3071.39604449124	3141.735827274719	3449.542501805698		3707.624389776968	3791.188592111599	4162.624389776968					80.50680000000001	81.68077046185773	89.68331673284763				140.1473617516293	142.0776818812272	161.3526004055036				3707.624389776968	3792.608787211638	4109.481403567821	4109.481403567821	-5.477386934673362	-5.477386934673348	-4.571169947952015																									3627.117589776968	3627.117589776968	445.3922739407888	81.95902254640902	363.4332513943797	3709.507821649741	4072.94107304412							59.75301223699327													148.5562034567271	150.6023427941009	22.47755297310669	171.0337564298338	1		148.5562034567271	1.06	140.1473617516293				82.84		3071.39604449124								3071.39604449124	70.33978278347827	3141.735827274719	307.806674530979	3449.542501805698	0.0214		80.50680000000001									80.50680000000001	1.605179788221359	81.68077046185773	8.00254627098989	89.68331673284763		3762		3707.624389776968	3791.188592111599	4162.624389776968										455	455	83.56420233463035	371.4357976653696	4162.624389776968									3793						4217	3762			
242	1924	3842.644204077724	3921.43330913609	4271.644204077724		3760.375304077724	3837.964743287621	4180.721322717326		3185.936309600841	3252.310288608304	3542.763907734706		3842.644204077724	3921.43330913609	4271.644204077724					82.26890000000002	83.46856584846905	90.92288136039777				145.0717701199288	147.0699166037362	167.0221048881629				3842.644204077724	3930.723461280749	4217.651295859979	4217.651295859979	3.641679957469421	3.641679957469421	2.632202987906112																									3760.375304077724	3760.375304077724	420.0534459212641	77.2968664915586	342.7565794297055	3837.964743287621	4180.721322717326							60.10203078106881													149.4239232235267	151.4820141018483	22.60884481128113	172.0327680348078	1		149.4239232235267	1.03	145.0717701199288				82.91		3185.936309600841								3185.936309600841	66.37397900746346	3252.310288608304	290.4536191264017	3542.763907734706	0.0211		82.26890000000002									82.26890000000002	1.49223856680712	83.46856584846905	7.454315511928707	90.92288136039777		3899		3842.644204077724	3921.43330913609	4271.644204077724										429	429	78.78910505836576	350.2108949416343	4271.644204077724									3877						4328	3899			
243	1925	3981.606202737627	4060.395307795992	4410.606202737627		3897.574202737626	3975.13793197866	4317.995340468363		3303.936827031682	3370.364415833109	3661.059840508163		3981.606202737627	4060.395307795992	4410.606202737627					84.032	85.25737581733256	92.61086226926386				151.822344186009	153.9134697230303	174.7940862239395				3981.606202737627	4072.870680578154	4355.056294177043	4355.056294177043	3.61631187483971	3.616311874839695	3.257855822550823																									3897.574202737626	3897.574202737626	420.1754916433489	77.31808315364594	342.8574084897029	3975.13793197866	4317.995340468363							61.06673554455864													151.822344186009	153.9134697230303	22.9717420379305	174.7940862239395	1		151.822344186009	1	151.822344186009				82.97999999999999		3303.936827031682								3303.936827031682	66.42758880142776	3370.364415833109	290.6954246750537	3661.059840508163	0.0208		84.032									84.032	1.471021904719815	85.25737581733256	7.353486451931308	92.61086226926386		4040		3981.606202737627	4060.395307795992	4410.606202737627										429	429	78.78910505836576	350.2108949416343	4410.606202737627									4113						4469	4040			
244	1926	3806.178998755622	3888.641255564961	4255.178998755622		3727.007998755622	3808.315764075599	4167.282141733619		3161.031658466543	3230.612210932557	3535.125080877762		3806.178998755622	3888.641255564961	4255.178998755622					79.17100000000002	80.32549148936165	87.89685702200289				147.1057048776692	149.1318657682844	169.3637876577476				3806.178998755622	3893.422417919018	4201.084735779197	4201.084735779197	-4.405940594059402	-4.405940594059416	-3.535466547326024																									3727.007998755622	3727.007998755622	439.9112392367247	80.94486157870455	358.9663776580202	3808.315764075599	4167.282141733619							59.16958551143457	154.1	12.3	141.8	7.705	149.505								147.1057048776692	149.1318657682844	22.25808278007845	169.3637876577476	1		147.1057048776692	1	147.1057048776692				83.04999999999998		3161.031658466543								3161.031658466543	69.58055246601322	3230.612210932557	304.5128699452052	3535.125080877762	0.0205		79.17100000000002									79.17100000000002	1.517395230634026	80.32549148936165	7.571365532641241	87.89685702200289		3862		3806.178998755622	3888.641255564961	4255.178998755622										449	449	82.46225680933853	366.5377431906614	4255.178998755622									3870						4311	3862			
245	1927	4021.028046329088	4109.000030764886	4500.028046329088		3938.612046329088	4025.382219867118	4408.45284764442		3342.278512108737	3416.567951508791	3741.701506173195		4021.028046329088	4109.000030764886	4500.028046329088					82.416	83.61781089776848	91.57519868466773				149.5779189680377	151.6381309072326	172.2100643714471				4021.028046329088	4113.196132861107	4442.761612251766	4442.761612251766	5.644743656136725	5.644743656136725	5.752725585710991																									3938.612046329088	3938.612046329088	469.4475214669908	86.37689368968773	383.0706277773031	4025.382219867118	4408.45284764442												152.0175359202616								149.5779189680377	151.6381309072326	22.63214540340946	172.2100643714471	1		149.5779189680377	1	149.5779189680377				83.11999999999998		3342.278512108737								3342.278512108737	74.28943940005382	3416.567951508791	325.1335546644044	3741.701506173195	0.0202		82.416									82.416	1.595090746109914	83.61781089776848	7.957387786899249	91.57519868466773		4080		4021.028046329088	4109.000030764886	4500.028046329088										479	479	87.97198443579767	391.0280155642023	4500.028046329088									4079						4559	4080			
246	1928	4007.230401072077	4097.773591733556	4500.230401072076		3926.317001072077	4015.680292127951	4410.074428727795		3333.61497065186	3410.137307523152	3745.058930074636		4007.230401072077	4097.773591733556	4500.230401072076					80.91340000000001	82.09329960560451	90.15597234428205				152.0916803424745	154.1865155818973	175.1041747527978				4007.230401072077	4099.082224562074	4442.761612251766	4442.761612251766	-0.3431372549019613	-0.3431372549019613	0																									3926.317001072077	3926.317001072077	483.3199977606238	88.9258611607799	394.3941365998439	4015.680292127951	4410.074428727795												154.5722967610985								152.0916803424745	154.1865155818973	23.01249441032328	175.1041747527978	1		152.0916803424745	1	152.0916803424745				83.19		3333.61497065186								3333.61497065186	76.52233687129166	3410.137307523152	334.9216225514838	3745.058930074636	0.0199		80.91340000000001									80.91340000000001	1.617329500698705	82.09329960560451	8.06267273867754	90.15597234428205		4066		4007.230401072077	4097.773591733556	4500.230401072077										493	493	90.5431906614786	402.4568093385214	4500.230401072076									4103						4559	4066			
247	1929	4114.65492485881	4202.075936531962	4590.65492485881		4032.82492485881	4119.052670833986	4499.954240408822		3425.861690437445	3499.804797701191	3823.442596773087		4114.65492485881	4202.075936531962	4590.65492485881					81.83000000000001	83.02326569797607	90.7006844499885				154.6476949642036	156.7777354790894	178.0469315820085				4114.65492485881	4208.969082033119	4532.415937394815	4532.415937394815	2.680767338908012	2.680767338908041	2.017986400526439																									4032.82492485881	4032.82492485881	466.7845628283316	85.88299325349578	380.9015695748358	4119.052670833986	4499.954240408822								161.4	12.3	149.1	8.07	157.17								154.6476949642036	156.7777354790894	23.39923661780495	178.0469315820085	1		154.6476949642036	1	154.6476949642036				83.26		3425.861690437445								3425.861690437445	73.94310726374592	3499.804797701191	323.6377990718956	3823.442596773087	0.0196		81.83000000000001									81.83000000000001	1.538018419655951	83.02326569797607	7.677418752012428	90.7006844499885		4175		4114.65492485881	4202.075936531962	4590.65492485881										476	476	87.42101167315175	388.5789883268483	4590.65492485881									4214						4651	4175			
248	1930	4058.478797740977	4142.410315250704	4515.478797740977		3979.001397740977	4061.773955759267	4427.580269130691		3381.930382157555	3452.979073886954	3763.956877901936		4058.478797740977	4142.410315250704	4515.478797740977					79.4774	80.6363594914374	87.8985286102853				147.998364674607	150.0368206177539	170.3915128872002				4058.478797740977	4151.505312529912	4458.353668798382	4458.353668798382	-1.365269461077844	-1.365269461077858	-1.634057192001734																									3979.001397740977	3979.001397740977	448.2838053856102	82.47749201418577	365.8063133714244	4061.773955759267	4427.580269130691												150.4122190847539								147.998364674607	150.0368206177539	22.3931482125932	170.3915128872002	1		147.998364674607	1	147.998364674607				83.32999999999998		3381.930382157555								3381.930382157555	71.04869172939864	3452.979073886954	310.9778040149816	3763.956877901936	0.0193		79.4774									79.4774	1.454025495541872	80.6363594914374	7.262169118847892	87.8985286102853		4118		4058.478797740977	4142.410315250704	4515.478797740976										457	457	83.93151750972763	373.0684824902723	4515.478797740977									4185						4575	4118			
249	1931	3764.786062984588	3849.084895669413	4223.786062984587		3692.206062984588	3775.446515804338	4142.97912549022		3139.831576529146	3211.248545616067	3523.857545208484		3764.786062984588	3849.084895669413	4223.786062984587					72.58000000000001	73.6383798650752	80.80693749436678				141.6349332036794	143.5857424033691	163.0652514256679				3764.786062984588	3851.08069302192	4169.900622685963	4169.900622685963	-7.236522583778537	-7.236522583778523	-6.469945355191257																									3692.206062984588	3692.206062984588	450.3937538698274	82.8611441839439	367.5326096858835	3775.446515804338	4142.97912549022								146.9	10.3	136.6	7.345000000000001	143.945								141.6349332036794	143.5857424033691	21.4303182219885	163.0652514256679	1		141.6349332036794	1	141.6349332036794				83.4		3139.831576529146								3139.831576529146	71.41696908692033	3211.248545616067	312.6089995924171	3523.857545208484	0.019		72.58000000000001									72.58000000000001	1.437688500881019	73.6383798650752	7.168557629291582	80.80693749436678		3820		3764.786062984588	3849.084895669413	4223.786062984587										459	459	84.29883268482492	374.7011673151751	4223.786062984587									3843						4279	3820			
250	1932	3641.59280176127	3731.768677247651	4132.59280176127		3571.20305176127	3660.352486160469	4053.505896129763		3038.727113429692	3115.164728237798	3449.760273380897		3641.59280176127	3731.768677247651	4132.59280176127					70.38975	71.41619108718209	79.08690563150628				132.630919265599	134.4577116508827	152.6988696055708				3641.59280176127	3725.063654637695	4079.27179400875	4079.27179400875	-3.272251308900536	-3.272251308900522	-2.17340500116849																									3571.20305176127	3571.20305176127	481.7873187915988	88.6339088223043	393.1534099692945	3660.352486160469	4053.505896129763												134.7941305287437								132.630919265599	134.4577116508827	20.06795033997174	152.6988696055708	1		132.630919265599	1	132.630919265599				83.44500000000001		3038.727113429692								3038.727113429692	76.43761480810551	3115.164728237798	334.5955451430992	3449.760273380897	0.01905		70.38975									70.38975	1.541966664077015	71.41619108718209	7.670714544324206	79.08690563150628		3695		3641.59280176127	3731.768677247651	4132.59280176127										491	491	90.17587548638133	400.8241245136187	4132.59280176127									3746						4186	3695			
