## Sheet: A9. Nominal GDP (A) (continued)
	A	B	C	D	E	F	G	H	I	J	K	L	M	N	O	P	Q	R	S	T	U	V	W	X	Y	Z	AA	AB	AC	AD	AE	AF	AG	AH	AI	AJ	AK	AL	AM	AN	AO	AP	AQ	AR	AS	AT	AU	AV	AW	AX	AY	AZ	BA	BB	BC	BD	BE	BF	BG	BH	BI	BJ	BK	BL	BM	BN	BO	BP	BQ	BR	BS	BT	BU	BV	BW	BX	BY	BZ	CA	CB	CC	CD	CE	CF	CG	CH	CI	CJ	CK	CL	CM	CN	CO	CP	CQ	CR	CS	CT	CU	CV	CW	CX	CY	CZ	DA	DB	DC	DD	DE	DF	DG	DH	DI	DJ	DK	DL	DM	DN	DO	DP	DQ	DR	DS	DT	DU	DV	DW	DX	DY	DZ	EA	EB	EC	ED	EE	EF	EG	EH	EI	EJ	EK	EL	EM	EN	EO	EP	EQ	ER	ES	ET	EU	EV	EW	EX	EY	EZ	FA	FB	FC	FD	FE	FF	FG	FH	FI	FJ	FK	FL	FM	FN	FO
233	1915	2716.506453847875	2753.228805978248	2916.456549134013		2663.262927352457	2699.208868951163	2859.294000770986		2257.960164438354	2288.89630217372	2424.595658838211		2825.871833628138	2864.072611838254	3033.871833628138		162.6089062756804	164.8637428870915	174.5778328571514	53.24352649541835	54.01993702708477	57.22255948519705	109.3653797802621	110.8438058600067	117.3552733719544							2647.673649889737	2708.362362144397	2805.736622698685	2914.422485058195	20.5443371378402	20.54433713784022	20.33712491021149						0.05754291625707129	162.6089062756804	38.01049702563825					2975	2517				2723.973262032085	2825.871833628138	38.20077821011673	2864.072611838254	169.7992217898833	3033.871833628138	2663.262927352457		2663.262927352457	196.0310734185292	36.00259402861703	160.0251206976529	2699.208868951163	2859.294000770986	162.6089062756804		109.3653797802621		53.24352649541835																			1				109.3653797802621				83.12		2257.960164438354								2257.960164438354	30.93613773536559	2288.89630217372	135.6993566644909	2424.595658838211	0.0196		53.24352649541835									53.24352649541835	0.6367268128864105	54.01993702708477	3.202622458112282	57.22255948519705	2716.506453847875			2716.506453847875	2753.228805978248	2916.456549134013			208	38.20077821011673	169.7992217898833	0.07360560288856015	0.01351822745657603	0.06008737543198411	199.9500952861375		199.9500952861375	36.72235213037233	163.2277431557652	2916.456549134013				3183				2746		2723.973262032085		1.069915966386555	2937.989243697479	2914.422485058195					
234	1916	3167.585003096532	3206.791246267474	3381.059674599332		3104.233303034601	3142.515735737593	3313.291204490836		2630.67934507167	2663.680180427948	2808.434024059708		3294.085737371453	3334.857721807251	3516.085737371453		189.8524343368516	192.3419860696571	202.7945328806172	63.35170006193064	64.2755105298809	67.76847010849635	126.500734274921	128.0664755397762	135.0260627721209							3102.772689492052	3173.892964814519	3270.950179817977	3397.657026837199	17.18863801893663	17.18863801893664	16.5807992580511						0.05763433300565703	189.8524343368516	44.43071245889342					3449	2986				3192.187165775401	3294.085737371453	40.77198443579766	3334.857721807251	181.2280155642023	3516.085737371453	3104.233303034601		3104.233303034601	209.2051780727441	38.42211830752343	170.7754687532424	3142.515735737593	3313.291204490836	189.8524343368516		126.500734274921		63.35170006193064																			1				126.500734274921				83.05000000000001		2630.67934507167								2630.67934507167	33.00083535627789	2663.680180427948	144.7538436317598	2808.434024059708	0.02		63.35170006193064									63.35170006193064	0.6936682254386293	64.2755105298809	3.492959578615442	67.76847010849635	3167.585003096532			3167.585003096532	3206.791246267474	3381.059674599332			222	40.77198443579766	181.2280155642023	0.06739350997498535	0.01237732945844089	0.05501618051654446	213.4746715028001		213.4746715028001	39.20624317094229	174.2684283318578	3381.059674599332				3671				3218		3192.187165775401		1.064366483038562	3425.131342418093	3397.657026837199					
235	1917	3992.98357144149	4028.138846356004	4184.401064090434		3911.526706584084	3945.494156951378	4098.550367409762		3313.377767582149	3342.943864509957	3472.625546784288		4151.155256088031	4187.70311601021	4350.155256088031		239.6285495039473	242.2089590588315	251.6048886782692	81.4568648574064	82.64468940462642	85.85069668067221	158.1716846465409	159.5642696542051	165.7541919975969							3935.835338255611	4026.050678176777	4074.597410325865	4232.435152374203	26.84897451833437	26.84897451833436	24.56922870505501						0.05772574975424278	239.6285495039473	56.07969798828628					4399	3765				4049.256684491979	4151.155256088031	36.54785992217899	4187.70311601021	162.452140077821	4350.155256088031	3911.526706584084		3911.526706584084	187.5125757989057	34.43810730625817	153.0562104583841	3945.494156951378	4098.550367409762	239.6285495039473		158.1716846465409		81.4568648574064																			1				158.1716846465409				82.98		3313.377767582149								3313.377767582149	29.56609692780825	3342.943864509957	129.6816822743315	3472.625546784288	0.0204		81.4568648574064									81.4568648574064	0.634435158696579	82.64468940462642	3.206007276045795	85.85069668067221	3992.98357144149			3992.98357144149	4028.138846356004	4184.401064090434			199	36.54785992217899	162.452140077821	0.0479384623613268	0.008804262348072472	0.03913420001325434	191.4174926489441		191.4174926489441	35.15527491451426	156.2622177344299	4184.401064090434				4598				4082		4049.256684491979		1.045237553989543	4266.659695385315	4232.435152374203					
236	1918	4794.080017840392	4826.065377059755	4968.237588166156		4694.363153469312	4724.894416223274	4864.086207862038		3974.771742791471	4001.649202225098	4119.534740588675		4982.433330954342	5015.675354300645	5163.433330954342		288.0701774850297	290.7809380773717	299.3471230923042	99.71686437108016	101.1709608364809	104.1513803041187	188.3533131139496	189.6099772408909	195.1957427881855							4743.828972125822	4852.564756646188	4861.290214652485	5049.602087864289	20.52915237628612	20.52915237628612	19.30725235167969						0.05781716650282853	288.0701774850297	67.30611623482004					5225	4615				4880.534759358289	4982.433330954342	33.2420233463035	5015.675354300645	147.7579766536965	5163.433330954342	4694.363153469312		4694.363153469312	170.5350928629881	31.32006374759936	139.191791638764	4724.894416223274	4864.086207862038	288.0701774850297		188.3533131139496		99.71686437108016																			1				188.3533131139496				82.91000000000003		3974.771742791471								3974.771742791471	26.87745943362702	4001.649202225098	117.8855383635776	4119.534740588675	0.0208		99.71686437108016									99.71686437108016	0.5885469914547262	101.1709608364809	2.980419467637804	104.1513803041187	4794.080017840392			4794.080017840392	4826.065377059755	4968.237588166156			181	33.2420233463035	147.7579766536965	0.03632763109453008	0.006671845088178285	0.02965578600635179	174.1575703257639		174.1575703257639	31.9853592193621	142.1722111064018	4968.237588166156				5406				4920		4880.534759358289		1.034641148325359	5090.434449760765	5049.602087864289					
237	1919	5064.820611079929	5114.846451934692	5337.207075056073		4957.446414125035	5005.906497359438	5223.531111998492		4195.697394218613	4237.698870439423	4421.926758859271		5262.17129886878	5314.146396145045	5545.17129886878		304.7248847437455	308.2398987856074	321.6401868702887	107.3741969548945	108.9399545752538	113.6759630575819	197.350687788851	199.2999442103536	207.9642238127069							5015.731364430595	5130.699565868592	5221.331141493251	5423.589925581092	5.731707317073187	5.731707317073187	7.406283331029314						0.05790858325141427	304.7248847437455	70.01950476648564					5546	4858				5160.272727272728	5262.17129886878	51.97509727626459	5314.146396145045	231.0249027237354	5545.17129886878	4957.446414125035		4957.446414125035	266.6118709398498	48.96529302864167	217.6246146390533	5005.906497359438	5223.531111998492	304.7248847437455		197.350687788851		107.3741969548945																			1				197.350687788851				82.84		4195.697394218613								4195.697394218613	42.00147622080935	4237.698870439423	184.2278884198488	4421.926758859271	0.0212		107.3741969548945									107.3741969548945	0.9382030373715692	108.9399545752538	4.736008482328086	113.6759630575819	5064.820611079929			5064.820611079929	5114.846451934692	5337.207075056073			283	51.97509727626459	231.0249027237354	0.05378008124912944	0.009877119980384862	0.04390296126874458	272.386463976144		272.386463976144	50.02584085476263	222.3606231213814	5337.207075056073				5829				5202		5160.272727272728		1.051027767760548	5467.446447890372	5423.589925581092					
238	1920	5473.72298267445	5541.492632479897	5842.72298267445		5354.48969796872	5420.520657945298	5715.175084887837		4530.600512759643	4587.597573513257	4836.975081573328		5733.361138440974	5804.252967234748	6119.361138440974		332.5349460295765	337.3958148467727	357.8495591104593	119.23328470573	120.9719745345991	127.5478977866122	213.3016613238466	216.4238403121737	230.3016613238472	213.3016613238466	216.2395724295853	237.3243316341502				5473.72298267445	5599.189049487889	5771.984432850891	5995.573881887155	9.131103421760855	9.13110342176087	10.54622425652471						0.058	332.5349460295765	76.25199404484671					5970	5384				5631.462566844921	5733.361138440974	70.89182879377432	5804.252967234748	315.1081712062257	6119.361138440974	5400.826192411398	5354.48969796872	5354.48969796872	361.1181569326507	66.46372999011123	294.6544269425395	5420.520657945298	5715.175084887837	332.5349460295765		213.3016613238466	213.5	119.23328470573		100													248.6170954319781	252.0414237809128	28	276.6170954319781	1		248.6170954319781	1.165565677683652	213.3016613238466				82.77000000000001		4530.600512759643								4530.600512759643	56.99706075361449	4587.597573513257	249.3775080600707	4836.975081573328	0.0216		119.23328470573									119.23328470573	1.30591981533623	120.9719745345991	6.575923252013087	127.5478977866122	5520.059477117127	5554		5473.72298267445	5541.492632479897	5842.72298267445			386	70.89182879377432	315.1081712062257	0.06732525488616993	0.01236479389349113	0.0549604609926788	368.5197949848437	369	369	67.76964980544747	301.2303501945526	5842.72298267445				6356				5677	5439	5631.462566844921		1.06465661641541	6044.055611390284	5995.573881887155	5923	5554			
239	1921	4397.506652627547	4471.3370028221	4799.506652627547		4299.342652627547	4371.741550616599	4692.601484189102		3636.738001722982	3698.783875617474	3970.252702145493		4397.506652627547	4471.3370028221	4799.506652627547					98.16400000000002	99.59545220550069	106.9051684384452				185.3057833184035	187.858093110038	208.0736404612606				4397.506652627547	4498.304202163298	4739.985190171658	4739.985190171658	-19.66150522146201	-19.66150522146202	-17.87945297990883																									4299.342652627547	4299.342652627547	393.232318269774	72.37238469727106	320.8599335725029	4371.741550616599	4692.601484189102							83.47876358059848													207.5424773166119	210.4010642832425	25.5	233.0424773166119	1		207.5424773166119	1.12	185.3057833184035				82.7		3636.738001722982								3636.738001722982	62.04587389449264	3698.783875617474	271.4688265280184	3970.252702145493	0.022		98.16400000000002									98.16400000000002	1.457965497281473	99.59545220550069	7.309716232944552	106.9051684384452		4462		4397.506652627547	4471.3370028221	4799.506652627547										402	402	73.83035019455254	328.1696498054475	4799.506652627547									4578						4864	4462			
240	1922	3922.473437350434	4003.099118284286	4361.473437350434		3836.107437350434	3915.473707490306	4266.00343015794		3246.631264094954	3314.442695270479	3611.165586436466		3922.473437350434	4003.099118284286	4361.473437350434					86.36600000000001	87.6254107939802	95.47000719249336				139.9487777391118	141.8763626711863	161.1239692959473				3922.473437350434	4012.382502153726	4306.331117468864	4306.331117468864	-10.80233079336621	-10.8023307933662	-9.148848684210549																									3836.107437350434	3836.107437350434	429.5849584729531	79.05523580531838	350.5297226676347	3915.473707490306	4266.00343015794							61.35707098925872													152.5441677356319	154.6452353115931	23.08095879695067	175.6251265325826	1		152.5441677356319	1.09	139.9487777391118				82.77		3246.631264094954								3246.631264094954	67.81143117552514	3314.442695270479	296.7228911659868	3611.165586436466	0.0217		86.36600000000001									86.36600000000001	1.570445128533752	87.6254107939802	7.844596398513165	95.47000719249336		3980		3922.473437350434	4003.099118284286	4361.473437350433										439	439	80.62568093385215	358.3743190661478	4361.473437350434									3995						4419	3980			
