## Sheet: A9. Nominal GDP (A) (continued)
	A	B	C	D	E	F	G	H	I	J	K	L	M	N	O	P	Q	R	S	T	U	V	W	X	Y	Z	AA	AB	AC	AD	AE	AF	AG	AH	AI	AJ	AK	AL	AM	AN	AO	AP	AQ	AR	AS	AT	AU	AV	AW	AX	AY	AZ	BA	BB	BC	BD	BE	BF	BG	BH	BI	BJ	BK	BL	BM	BN	BO	BP	BQ	BR	BS	BT	BU	BV	BW	BX	BY	BZ	CA	CB	CC	CD	CE	CF	CG	CH	CI	CJ	CK	CL	CM	CN	CO	CP	CQ	CR	CS	CT	CU	CV	CW	CX	CY	CZ	DA	DB	DC	DD	DE	DF	DG	DH	DI	DJ	DK	DL	DM	DN	DO	DP	DQ	DR	DS	DT	DU	DV	DW	DX	DY	DZ	EA	EB	EC	ED	EE	EF	EG	EH	EI	EJ	EK	EL	EM	EN	EO	EP	EQ	ER	ES	ET	EU	EV	EW	EX	EY	EZ	FA	FB	FC	FD	FE	FF	FG	FH	FI	FJ	FK	FL	FM	FN	FO
272	1954	15986	16340	17833		15666.28	16015.61776232486	17478.9786753696		13500.177	13803.88360346106	15065.15644434034		15986	16340	17833					319.72	324.3822376751426	354.021324630405				494.6926406174222	501.5062912649461	557.1926406174222				15986	16340	17833	17833	5.720521129554925	5.918195371750826	5.50198189670472																									15666.28	15666.28	1811.097661788181	347.7367487434433	1463.360913044738	16015.61776232486	17478.9786753696													30.55							494.6926406174222	501.5062912649461	62.5	557.1926406174222	1		494.6926406174222	1	494.6926406174222				84.44999999999999		13500.177								13500.177	303.7066034610655	13803.88360346106	1261.272840879276	15065.15644434034	0.02		319.72									319.72	6.263251256556774	324.3822376751426	29.63908695526241	354.021324630405		15903	15986	15986	16340	17833	0										1847	354	1493	17833	0														17973	15903	15986	16340	17833
273	1955	17359	17710	19388		17011.82	17357.7573336793	19002.38278855868		14668.355	14969.66610928318	16388.02295464609		17359	17710	19388					347.18	352.2426663207056	385.6172114413235				519.0211596125592	526.1698991932793	583.8211596125592				17359	17710	19388	19388	8.588765169523327	8.384332925336594	8.719789154937473																									17011.82	17011.82	1989.415282023305	344.7898271439226	1644.625454879382	17357.7573336793	19002.38278855868													32.01							519.0211596125592	526.1698991932793	64.8	583.8211596125592	1		519.0211596125592	1	519.0211596125592				84.49999999999999		14668.355								14668.355	301.3111092831807	14969.66610928318	1418.356845362912	16388.02295464609	0.02		347.18									347.18	6.210172856077477	352.2426663207056	33.37454512061795	385.6172114413235		17099	17359	17359	17710	19388	0										2029	351	1678	19388	0														19385	17099	17359	17710	19388
274	1956	18897	19263	21052		18519.06	18879.54878360145	20632.93676957783		15977.4135	16291.78706226844	17804.84354642969		18897	19263	21052					377.94	383.4512163985468	419.0632304221672				520.2405154328115	527.406049814772	592.9405154328116				18897	19263	21052	21052	8.85995737081629	8.7690570299266	8.58262842995667																									18519.06	18519.06	2112.912421117906	359.5244351415258	1753.38798597638	18879.54878360145	20632.93676957783													32.51							520.2405154328115	527.406049814772	72.7	592.9405154328116	1		520.2405154328115	1	520.2405154328115				84.54999999999998		15977.4135								15977.4135	314.3735622684402	16291.78706226844	1513.056484161254	17804.84354642969	0.02		377.94									377.94	6.475564858473951	383.4512163985468	35.61201402362042	419.0632304221672		18403	18897	18897	19263	21052	0										2155	366	1789	21052	0														20850	18403	18897	19263	21052
275	1957	20108	20524	22323		19705.84	20115.97560145304	21879.21084346307		17011.368	17368.90007760308	18891.34459327292		20108	20524	22323					402.16	408.0243985469641	443.7891565369264				535.4150338193921	542.7895744782633	613.9150338193921				20108	20524	22323	22323	6.408424617664181	6.54622852099881	6.037431122933683																									19705.84	19705.84	2171.875037143575	408.6397951335377	1763.235242010038	20115.97560145304	21879.21084346307													33.66							535.4150338193921	542.7895744782633	78.5	613.9150338193921	1		535.4150338193921	1	535.4150338193921				84.6		17011.368								17011.368	357.5320776030798	17368.90007760308	1522.444515669847	18891.34459327292	0.02		402.16									402.16	7.360204866462196	408.0243985469641	35.7647579899624	443.7891565369264		19487	20108	20108	20524	22323	0										2215	416	1799	22323	0														22023	19487	20108	20524	22323
276	1958	21162	21594	23452		20738.76	21164.58820757654	22985.6405781275		17913.63299999999	18285.13574593822	19858.43306074572		21162	21594	23452					423.24	429.411792423456	466.3594218725058				553.4014877879979	561.0237649273975	635.8014877879979				21162	21594	23452	23452	5.241694847821762	5.213408692262718	5.057563947498096																									20738.76	20738.76	2245.409080881932	424.3567103309817	1821.05237055095	21164.58820757654	22985.6405781275													34.86							553.4014877879979	561.0237649273975	82.4	635.8014877879979	1		553.4014877879979	1	553.4014877879979				84.64999999999998		17913.63299999999								17913.63299999999	371.5027459382248	18285.13574593822	1573.297314807503	19858.43306074572	0.02		423.24									423.24	7.643289669018435	429.411792423456	36.9476294490498	466.3594218725058		20328	21162	21162	21594	23452	0										2290	432	1858	23452	0														22957	20328	21162	21594	23452
277	1959	22165	22628	24597		21721.7	22178.2356875973	24108.09895739044		18773.755	19172.15168884371	20840.43729408205		22165	22628	24597					443.3	449.7643124026984	488.9010426095621				592.8743957252094	601.0403530867169	679.5743957252095				22165	22628	24597	24597	4.739627634439088	4.788367139020096	4.882312809142078																									21721.7	21721.7	2384.671503319165	454.8082335260287	1929.863269793136	22178.2356875973	24108.09895739044													37.26							592.8743957252094	601.0403530867169	86.7	679.5743957252095	1		592.8743957252094	1	592.8743957252094				84.69999999999999		18773.755								18773.755	398.3966888437139	19172.15168884371	1668.285605238345	20840.43729408205	0.02		443.3									443.3	8.191766473971146	449.7643124026984	39.13673020686376	488.9010426095621		21428	22165	22165	22628	24597	0										2432	463	1969	24597	0														24231	21428	22165	22628	24597
278	1960	23941	24445	26412		23462.18	23959.19772599896	25887.10698871281		20289.99749999999	20723.92938428401	22391.5084024426		23941	24445	26412					478.82	485.8022740010377	524.8930112871919				626.5625926304727	635.1925544784245	710.7625926304728				23941	24445	26412	26412	8.012632528761557	8.029874491780092	7.378948652274673																									23462.18	23462.18	2422.992091433324	495.0828287194786	1927.909262713846	23959.19772599896	25887.10698871281													38.97							626.5625926304727	635.1925544784245	84.2	710.7625926304728	1		626.5625926304727	1	626.5625926304727				84.74999999999997		20289.99749999999								20289.99749999999	433.9318842840161	20723.92938428401	1667.579018158586	22391.5084024426	0.02		478.82									478.82	8.917171280521508	485.8022740010377	39.09073728615427	524.8930112871919		22995	23941	23941	24445	26412	0										2471	504	1967	26412	0														25870	22995	23941	24445	26412
279	1961	25485	26025	28069		24975.3	25507.86742605086	27511.25190324002		21611.28	22076.48131210221	23810.36518537548		25485	26025	28069					509.7	517.1325739491435	557.7480967599812				680.1787275519873	689.5471714035723	765.4787275519873				25485	26025	28069	28069	6.449187586149279	6.463489466148502	6.273663486294112																									24975.3	24975.3	2533.830365102889	530.4458879137267	2003.384477189162	25507.86742605086	27511.25190324002													41.97							680.1787275519873	689.5471714035723	85.3	765.4787275519873	1		680.1787275519873	1	680.1787275519873				84.8		21611.28								21611.28	465.2013121022068	22076.48131210221	1733.883873273272	23810.36518537548	0.02		509.7									509.7	9.554112086273044	517.1325739491435	40.61552281083763	557.7480967599812		24393	25485	25485	26025	28069	0										2584	540	2044	28069	0														27415	24393	25485	26025	28069
280	1962	26600	27161	29374		26064.010266	26617.19432851925	28785.88660969495		22562.12	23045.53514837897	24923.21893334133		26600	27161	29374					535.989734	543.805671480747	588.11339030505				737.7375084789189	747.8987383813414	828.0375084789189				26600	27161	29374	29374	4.3751226211497	4.365033621517767	4.649257187644736																									26064.010266	26064.010266	2719.692182792227	550.9999016165302	2168.692281175697	26617.19432851925	28785.88660969495													45.4							737.7375084789189	747.8987383813414	90.3	828.0375084789189	1		737.7375084789189	1	737.7375084789189				84.82000000000001		22562.12								22562.12	483.4151483789724	23045.53514837897	1877.683784962361	24923.21893334133	0.02014999		535.989734									535.989734	10.00009838346987	543.805671480747	44.30771882430298	588.11339030505		25544	26600	26600	27161	29374	0										2774	561	2213	29374	0														28802	25544	26600	27161	29374
281	1963	28309	28961	31229		27734.32786618	28377.94785218917	30600.28774821365		24017.3556	24579.32826433027	26504.18985417527		28309	28961	31229					574.67213382	583.0521478108363	628.7122517863544				788.6139022894454	799.4758783626581	890.4139022894453				28309	28961	31229	31229	6.424812030075188	6.627149221309963	6.315108599441686																									27734.32786618	27734.32786618	2862.631166270459	640.2912702459766	2222.339896024482	28377.94785218917	30600.28774821365													48.82							788.6139022894454	799.4758783626581	101.8	890.4139022894453	1		788.6139022894454	1	788.6139022894454				84.84		24017.3556								24017.3556	561.9726643302702	24579.32826433027	1924.861589845001	26504.18985417527	0.02029998		574.67213382									574.67213382	11.70872975402351	583.0521478108363	45.66010397551801	628.7122517863544		27138	28309	28309	28961	31229	0										2920	652	2268	31229	0														30581	27138	28309	28961	31229
282	1964	30795	31494	34127		30165.24317385	30855.05990098295	33434.64244747713		26132.637	26735.27283126727	28970.42788825357		30795	31494	34127					629.75682615	638.9400990170549	692.3575525228625				892.5780445136377	904.8719710280395	1012.978044513638				30795	31494	34127	34127	8.78165954290155	8.746244950105307	9.279836049825477																									30165.24317385	30165.24317385	3265.937034218905	686.3544877247127	2579.582546494192	30855.05990098295	33434.64244747713													55.54							892.5780445136377	904.8719710280395	120.4	1012.978044513638	1		892.5780445136377	1	892.5780445136377				84.86		26132.637								26132.637	602.635831267263	26735.27283126727	2235.155056986306	28970.42788825357	0.02044997		629.75682615									629.75682615	12.6455122752874	638.9400990170549	53.41745350580763	692.3575525228625		29467	30795	30795	31494	34127	0										3332	699	2633	34127	0														33366	29467	30795	31494	34127
283	1965	33188	33929	36906		32504.32852752	33235.35905768259	36151.49757973514		28169.9744	28808.98217116446	31336.74131300644		33188	33929	36906					683.67147248	693.6409423174093	754.5024202648563				949.402180652265	962.478774585193	1079.002180652265				33188	33929	36906	36906	7.770742003572011	7.731631421858125	8.143112491575579																									32504.32852752	32504.32852752	3643.634872407345	727.4963503547924	2916.138522052553	33235.35905768259	36151.49757973514													59.16							949.402180652265	962.478774585193	129.6	1079.002180652265	1		949.402180652265	1	949.402180652265				84.88		28169.9744								28169.9744	639.0077711644575	28808.98217116446	2527.759141841982	31336.74131300644	0.02059996		683.67147248									683.67147248	13.50364964520753	693.6409423174093	60.86147794744694	754.5024202648563		31613	33188	33188	33929	36906	0										3718	741	2977	36906	0														35964	31613	33188	33929	36906
284	1966	35313	36141	39423		34580.25701565	35397.5719726504	38612.0605372789		29980.737	30694.95107415857	33482.3899780458		35313	36141	39423					732.74298435	743.4280273496029	810.9394627211033				989.8836707854755	1003.517836650573	1137.183670785475				35313	36141	39423	39423	6.402916716885628	6.519496595832479	6.82002926353438																									34580.25701565	34580.25701565	4027.28960127535	812.8010366468502	3214.4885646285	35397.5719726504	38612.0605372789													62.35							989.8836707854755	1003.517836650573	147.3	1137.183670785475	1		989.8836707854755	1	989.8836707854755				84.9		29980.737	28226							29980.737	714.2140741585677	30694.95107415857	2787.438903887232	33482.3899780458	0.02074995		732.74298435	569								732.74298435	15.1989633531497	743.4280273496029	67.51143537150043	810.9394627211033		33490	35313	35313	36141	39423	0										4110	828	3282	39423	0														38311	33490	35313	36141	39423
