## Sheet: A9. Nominal GDP (A) (continued)
	A	B	C	D	E	F	G	H	I	J	K	L	M	N	O	P	Q	R	S	T	U	V	W	X	Y	Z	AA	AB	AC	AD	AE	AF	AG	AH	AI	AJ	AK	AL	AM	AN	AO	AP	AQ	AR	AS	AT	AU	AV	AW	AX	AY	AZ	BA	BB	BC	BD	BE	BF	BG	BH	BI	BJ	BK	BL	BM	BN	BO	BP	BQ	BR	BS	BT	BU	BV	BW	BX	BY	BZ	CA	CB	CC	CD	CE	CF	CG	CH	CI	CJ	CK	CL	CM	CN	CO	CP	CQ	CR	CS	CT	CU	CV	CW	CX	CY	CZ	DA	DB	DC	DD	DE	DF	DG	DH	DI	DJ	DK	DL	DM	DN	DO	DP	DQ	DR	DS	DT	DU	DV	DW	DX	DY	DZ	EA	EB	EC	ED	EE	EF	EG	EH	EI	EJ	EK	EL	EM	EN	EO	EP	EQ	ER	ES	ET	EU	EV	EW	EX	EY	EZ	FA	FB	FC	FD	FE	FF	FG	FH	FI	FJ	FK	FL	FM	FN	FO
285	1967	37321	38553	41728		36540.99333926	37761.61908541112	40871.44557352307		31692.9932	32755.9580137185	35453.54748000015		37321	38553	41728					780.0066607399999	791.3809145888808	856.5544264769233				1085.573875601973	1100.52603080525	1241.873875601973				37321	38553	41728	41728	5.686291167558693	6.673860712210512	5.846840676762298																									36540.99333926	36540.99333926	4319.048134866859	1209.221646754901	3109.826488111958	37761.61908541112	40871.44557352307													68.09							1085.573875601973	1100.52603080525	156.3	1241.873875601973	1		1085.573875601973	1	1085.573875601973				84.92		31692.9932	29633							31692.9932	1062.964813718502	32755.9580137185	2697.589466281644	35453.54748000015	0.02089994		780.0066607399999	619.4								780.0066607399999	22.77835324509832	791.3809145888808	65.17351188804236	856.5544264769233		35204	37321	37321	38553	41728	0										4407	1232	3175	41728	0														40354	35204	37321	38553	41728
286	1968	40764	42143	45809		39905.92065348	41272.40792403671	44862.67552362665		34624.9416	35815.03908903024	38930.57270790846		40764	42143	45809					858.0793465200001	870.5920759632858	946.3244763733517				1223.56260245639	1240.415345824692	1401.46260245639				40764	42143	45809	45809	9.2253690951475	9.311856405467793	9.780003834355824																									39905.92065348	39905.92065348	4943.588399064352	1353.320799474418	3590.267599589934	41272.40792403671	44862.67552362665													76.84							1223.56260245639	1240.415345824692	177.9	1401.46260245639	1		1223.56260245639	1	1223.56260245639				84.94		34624.9416	31931							34624.9416	1190.09748903024	35815.03908903024	3115.533618878221	38930.57270790846	0.02104993		858.0793465200001	662.8								858.0793465200001	25.6792005255824	870.5920759632858	75.73240041006586	946.3244763733517		37833	40764	40764	42143	45809	0										5045	1379	3666	45809	0														43693	37833	40764	42143	45809
287	1969	43679	45411	49682		42753.00869432	44471.50565556048	48654.14423772997		37109.6784	38604.79901742351	42235.66150896555		43679	45411	49682					925.99130568	939.4943444395265	1027.855762270035				1403.138496745587	1422.464629260888	1618.138496745587				43679	45411	49682	49682	7.150917476204498	7.754549984576329	8.454670479600082																									42753.00869432	42753.00869432	5882.156139075895	1699.517556906404	4182.638582169491	44471.50565556048	48654.14423772997													88.72							1403.138496745587	1422.464629260888	215	1618.138496745587	1		1403.138496745587	1	1403.138496745587				84.96000000000001		37109.6784	34059							37109.6784	1495.120617423504	38604.79901742351	3630.862491542045	42235.66150896555	0.02119992		925.99130568	785								925.99130568	32.48244309359606	939.4943444395265	88.36141783050842	1027.855762270035		40256	43679	43679	45411	49682	0										6003	1732	4271	49682	0														47135	40256	43679	45411	49682
288	1970	49383	51280	55916		48328.67739447	50210.3029963302	54749.59637953977		41965.6734	43603.64256459504	47545.65674028658		49383	51280	55916					1054.32260553	1069.697003669799	1166.403620460228				1571.80022646719	1593.449421849357	1823.871164050482				49383	51280	55916	55916	13.05890702625976	12.92418136574838	12.54780403365405																									48328.67739447	48328.67739447	6400.464773512628	1861.171390303057	4539.293383209571	50210.3029963302	54749.59637953977													100	1932	1964	2243				1571.80022646719	1593.449421849357		1823.871164050482	1		1571.80022646719	1	1571.80022646719				84.98		41965.6734	37287							41965.6734	1637.969164595038	43603.64256459504	3942.014175691548	47545.65674028658	0.02134991		1054.32260553	882								1054.32260553	35.82860969694294	1069.697003669799	96.70661679042877	1166.403620460228		44319	49383	49383	51280	55916	0										6533	1897	4636	55916	0														51787	44319	49383	51280	55916
289	1971	55979	57832	62640		54775.4570979	56610.90673176144	61317.38825697773		47582.14999999999	49182.53265759572	53271.43874795608		55979	57832	62640					1203.5429021	1221.093268238562	1322.611743022263				1793.088871187209	1823.86675168908	2084.888838442013				55979	57832	62640	62640	13.35682319826661	12.77691107644306	12.02518062808498																									54775.4570979	54775.4570979	6524.238073541845	1817.756548325546	4706.481525216299	56610.90673176144	61317.38825697773													114.31	2204	2248	2564				1793.088871187209	1823.86675168908		2084.888838442013	1		1793.088871187209	1	1793.088871187209				84.99999999999999		47582.14999999999	41418							47582.14999999999	1600.382657595721	49182.53265759572	4088.906090360358	53271.43874795608	0.0214999		1203.5429021	1018								1203.5429021	35.2434516744542	1221.093268238562	101.5184747837012	1322.611743022263		49880	55979	55979	57832	62640	0										6661	1853	4808	62640	0														57594	49880	55979	57832	62640
290	1972	63447	65283	70305		62120.9577	63937.62101674624	68856.12556993925		53917.2606	55502.47351577967	59772.09075144968		63447	65283	70305					1326.0423	1345.378983253762	1448.874430060747				2190.106733773125	2227.908407534793	2533.741661694739				63447	65283	70305	70305	13.34071705460977	12.88387052151059	12.23659003831418																									62120.9577	62120.9577	6720.558792950487	1802.054239757472	4918.504553193015	63937.62101674624	68856.12556993925													138.93	2692	2746	3116				2190.106733773125	2227.908407534793		2533.741661694739	1		2190.106733773125	1	2190.106733773125				84.98		53917.2606	46716							53917.2606	1585.212915779663	55502.47351577967	4269.617235670014	59772.09075144968	0.0209		1326.0423	1088								1326.0423	33.94576024252812	1345.378983253762	103.4954468069848	1448.874430060747		56416	63447	63447	65283	70305	0										6858	1836	5022	70305	0														64447	56416	63447	65283	70305
291	1973	74519	76131	81467		72969.0048	74558.40237907629	79784.1794619302		63311.34240000001	64702.80816910287	69237.80947462011		74519	76131	81467					1549.9952	1572.597620923715	1682.820538069805				2659.53154260934	2706.592296990557	3059.842706340598				74519	76131	81467	81467	17.45078569514713	16.61688341528422	15.87653794182491																									72969.0048	72969.0048	6808.115457242068	1582.338374388158	5225.777082853911	74558.40237907629	79784.1794619302													167.75	3269	3336	3763				2659.53154260934	2706.592296990557		3059.842706340598	1		2659.53154260934	1	2659.53154260934				84.96000000000001		63311.34240000001	53568							63311.34240000001	1391.465769102862	64702.80816910287	4535.001305517239	69237.80947462011	0.0208		1549.9952	1294								1549.9952	29.66162561184265	1572.597620923715	110.2229171460896	1682.820538069805		65595	74519	74519	76131	81467	0										6948	1612	5336	81467	0														74149	65595	74519	76131	81467
292	1974	85469	86933	92227		83699.7917	85137.99265836533	90322.68124766268		72597.36859999999	73860.76928263385	78358.70346852716		85469	86933	92227					1769.2083	1795.007341634665	1904.31875233732				3000.413682821428	3048.161648619161	3399.734880470381				85469	86933	92227	92227	14.69423905312739	14.18870105476087	13.20780193207065																									83699.7917	83699.7917	6621.879750783263	1437.191161485918	5184.688589297345	85137.99265836533	90322.68124766268													186.4	3688	3757	4181				3000.413682821428	3048.161648619161		3399.734880470381	1		3000.413682821428	1	3000.413682821428				84.94		72597.36859999999	61705							72597.36859999999	1263.400682633858	73860.76928263385	4497.934185893316	78358.70346852716	0.0207		1769.2083	1535								1769.2083	26.80883851408217	1795.007341634665	109.3114107026551	1904.31875233732		75441	85469	85469	86933	92227	0										6758	1464	5294	92227	0														83708	75441	85469	86933	92227
293	1975	106207	108034	114541		104019.1358	105814.2318124442	112187.5328695519		90190.9844	91767.25616324694	97294.49329094977		106207	108034	114541					2187.8642	2219.768187555786	2353.467130448074				3851.398691560911	3886.264119479846	4274.672630144174				106207	108034	114541	114541	24.26376814985551	24.27271576961569	24.19465015667863																									104019.1358	104019.1358	8167.006568839063	1793.705511731352	6373.301057107711	105814.2318124442	112187.5328695519													234.38	4734	4790	5257				3851.398691560911	3886.264119479846		4274.672630144174	1		3851.398691560911	1	3851.398691560911				84.92		90190.9844	79992							90190.9844	1576.271763246949	91767.25616324694	5527.237127702833	97294.49329094977	0.0206		2187.8642	2074								2187.8642	33.29448826864719	2219.768187555786	133.6989428922885	2353.467130448074		95793	106207	106207	108034	114541	0										8334	1827	6507	114541	0														106058	95793	106207	108034	114541
294	1976	125624	127560	136172		123048.708	124947.1544425532	133382.7525458714		106654.776	108324.6757371632	115638.034999067		125624	127560	136172					2575.292000000001	2612.845557446808	2789.24745412862				4629.163192856271	4680.554844525936	5265.889281493945				125624	127560	136172	136172	18.28222245238072	18.07393968565452	18.88494076356938																									123048.708	123048.708	10336.48851068115	1900.890407362962	8435.598103318189	124947.1544425532	133382.7525458714													288.71	5690	5769	6476				4629.163192856271	4680.554844525936		5265.889281493945	0.9998		4630.089210698411	1	4630.089210698411				84.9		106654.776	92696							106654.776	1669.899737163192	108324.6757371632	7313.359261903807	115638.034999067	0.02050000000000001		2575.292000000001	2408								2575.292000000001	35.10959263703748	2612.845557446808	176.4018966818118	2789.24745412862		112819	125624	125624	127560	136172	0										10548	1936	8612	136172	0														125532	112819	125624	127560	136172
295	1977	144924	148149	158786		141967.5504	145149.4387063	155571.07219366		123011.4912	125792.5311919441	134824.3515504258		144924	148149	158786					2956.449600000001	2999.561293700052	3214.927806339945				5832.420198521372	5870.773939155776	6409.976097284863				144924	148149	158786	158786	15.3633063745781	16.14063969896519	16.60693828393502																									141967.5504	141967.5504	13588.43302123456	3166.799533874453	10421.63348736011	145149.4387063	155571.07219366													351.44	7169	7236	7883				5832.420198521372	5870.773939155776		6409.976097284863	1		5832.420198521372	1	5832.420198521372				84.88000000000001		123011.4912	107300							123011.4912	2781.039991944076	125792.5311919441	9031.820358481727	134824.3515504258	0.02040000000000001		2956.449600000001	2734								2956.449600000001	58.20046612554665	2999.561293700052	215.3665126398927	3214.927806339945		129553	144924	144924	148149	158786	0										13862	3225	10637	158786	0														146001	129553	144924	148149	158786
296	1978	168919	173122	184891		165489.9443	169642.9409449559	181175.4311656164		143344.6634	146968.1724795382	156959.2101403305		168919	173122	184891					3429.055700000002	3479.059055044111	3715.568834383618				7038.117887767944	7017.181287971021	7575.204531562322				168919	173122	184891	184891	16.55695398967735	16.85667807410107	16.44036627914299																									165489.9443	165489.9443	15660.01193900293	4127.521718342436	11532.49022066049	169642.9409449559	181175.4311656164													415.33	8651	8649	9316				7038.117887767944	7017.181287971021		7575.204531562322	1		7038.117887767944	1	7038.117887767944				84.86		143344.6634	123257							143344.6634	3623.509079538157	146968.1724795382	9991.0376607923	156959.2101403305	0.02030000000000001		3429.055700000002	3050								3429.055700000002	75.47828165756428	3479.059055044111	236.5097793395071	3715.568834383618		149146	168919	168919	173122	184891	0										15972	4203	11769	184891	0														168128	149146	168919	173122	184891
