## Sheet: A9. Nominal GDP (A) (continued)
	A	B	C	D	E	F	G	H	I	J	K	L	M	N	O	P	Q	R	S	T	U	V	W	X	Y	Z	AA	AB	AC	AD	AE	AF	AG	AH	AI	AJ	AK	AL	AM	AN	AO	AP	AQ	AR	AS	AT	AU	AV	AW	AX	AY	AZ	BA	BB	BC	BD	BE	BF	BG	BH	BI	BJ	BK	BL	BM	BN	BO	BP	BQ	BR	BS	BT	BU	BV	BW	BX	BY	BZ	CA	CB	CC	CD	CE	CF	CG	CH	CI	CJ	CK	CL	CM	CN	CO	CP	CQ	CR	CS	CT	CU	CV	CW	CX	CY	CZ	DA	DB	DC	DD	DE	DF	DG	DH	DI	DJ	DK	DL	DM	DN	DO	DP	DQ	DR	DS	DT	DU	DV	DW	DX	DY	DZ	EA	EB	EC	ED	EE	EF	EG	EH	EI	EJ	EK	EL	EM	EN	EO	EP	EQ	ER	ES	ET	EU	EV	EW	EX	EY	EZ	FA	FB	FC	FD	FE	FF	FG	FH	FI	FJ	FK	FL	FM	FN	FO
309	1991	622104	635766	698038		608417.712	621880.1350966269	682792.0425794699		528166.296	539952.5983414729	592839.8685067856		622104	635766	698038					13686.288	13885.86490337312	15245.95742053014				27997.08136305146	28145.80137137272	30913.92506235899				622104	635766	698038	698038	4.576736742659833	4.741115145604198	5.308591687410427																									608417.712	608417.712	74308.016543482	13396.10906063901	60911.90748284298	621880.1350966269	682792.0425794699													1694.91	34413	34691	38018				27997.08136305146	28145.80137137272		30913.92506235899	1.0954		25558.7742952816	1	25558.7742952816				84.89999999999999	84.89999999999999	528166.296			435784					528166.296	11786.30234147294	539952.5983414729	52887.27016531271	592839.8685067856	0.022	0.022	13686.288			11062						13686.288	265.8909393609789	13885.86490337312	1360.092517157021	15245.95742053014			622104	622104	635766	698038	0										75934	13662	62272	698038	0																622104	635766	698038
310	1992	642384	656966	721445		628132.0188948003	642506.1929118963	705566.0115520788		544724.2913578973	557289.3479929996	611985.4203456641		642384	656966	721445					14251.98110519971	14459.80708810376	15878.98844792123				29568.88158951865	29722.21289207195	32923.19195775298				642384	656966	721445	721445	3.259905096254002	3.334560199821951	3.353255839939948																									628132.0188948003	628132.0188948003	77355.62222277245	14295.80358258992	63059.81864018253	642506.1929118963	705566.0115520788													1805.07	36345	36634	40489				29568.88158951865	29722.21289207195		32923.19195775298	1.0357		28549.65877138037	1	28549.65877138037				85.01	84.79730058001091	546090.6384			454848					544724.2913578973	12565.05663510228	557289.3479929996	54696.07235266455	611985.4203456641	0.0221	0.02218607733878756	14196.6864			11647						14251.98110519971	286.1964174100918	14459.80708810376	1419.181359817467	15878.98844792123			642384	642384	656966	721445	0										79061	14582	64479	721445	0																642384	656966	721445
311	1993	677587	691523	758445		662427.9188284859	676142.8652836393	741576.4558229441		573879.6071621572	585873.7418333609	642571.5560072527		677587	691523	758445					15159.08117151409	15380.13471636076	16868.54417705592				32189.36219482446	32320.89848177841	35456.93361944772				677587	691523	758445	758445	5.48005554310194	5.260089563234629	5.128596081475379																									662427.9188284859	662427.9188284859	79093.7789394052	13660.18840010035	65433.59053930485	676142.8652836393	741576.4558229441													1943.96	39566	39837	43605				32189.36219482446	32320.89848177841		35456.93361944772	1.0261		31370.58980101789	1	31370.58980101789				85.12	84.69460116002183	576762.0544			477927					573879.6071621572	11994.13467120371	585873.7418333609	56697.81417389178	642571.5560072527	0.0222	0.02237215467757511	15042.4314			12437						15159.08117151409	275.8115998996485	15380.13471636076	1488.409460695154	16868.54417705592			677587	677587	691523	758445	0										80858	13936	66922	758445	0																677587	691523	758445
312	1994	710749	724443	797088		694715.7591526023	708175.958390894	779189.7476017863		601236.0956982654	613007.9234350609	674478.5437570738		710749	724443	797088					16033.24084739775	16267.04160910604	17898.25239821368				34088.21402120874	34288.37040030422	38106.95418281844				710749	724443	797088	797088	4.894131676079965	4.760506881188334	5.095029962620885																									694715.7591526023	694715.7591526023	84434.51291702883	13420.72370613647	71013.78921089236	708175.958390894	779189.7476017863													2089.26	41900	42262	46864				34088.21402120874	34288.37040030422		38106.95418281844	1.0233		33312.0434097613	1	33312.0434097613				85.23	84.59190174003275	605771.3727000001			503851					601236.0956982654	11771.82773679556	613007.9234350609	61470.6203220129	674478.5437570738	0.0223	0.02255823201636267	15849.7027			13123						16033.24084739775	273.2762938635269	16267.04160910604	1631.210789107643	17898.25239821368			710749	710749	724443	797088	0										86339	13694	72645	797088	0																710749	724443	797088
313	1995	743159	757315	836646		726256.361803936	740165.8832708226	817700.46225811		627889.1110696134	640043.5882767072	707090.0589019813		743159	757315	836646					16902.63819606408	17149.11672917742	18945.53774188993				38620.563432	38744.998544	43168.745532	49038	49196	54813	743159	757315	836646	836646	4.55997827643796	4.537555059542299	4.962814645308924																									726256.361803936	726256.361803936	91405.7528210952	13871.17383380771	77534.57898728749	740165.8832708226	817700.46225811													2366.77	47471	47755	53089	49038	49196	54813	38620.563432	38744.998544		43168.745532	0.9843		39236.57770192015	1	39236.57770192015				85.33999999999999	84.48920232004367	634211.8905999999			526437					627889.1110696134	12154.47720709388	640043.5882767072	67046.4706252741	707090.0589019813	0.02239999999999999	0.02274430935515022	16646.76159999999			13907						16902.63819606408	284.8261661922828	17149.11672917742	1796.421012712509	18945.53774188993			743159	743159	757315	836646	0										93487	14156	79331	836646	0																743159	757315	836646
314	1996	795528	809584	892900		777286.235334145	791076.2293211141	872487.5555357108		671318.2587907463	683372.4754964282	753699.7808389997		795528	809584	892900					18241.76466585493	18507.77067888582	20412.44446428924				42618.238296	42573.347148	47416.07818400001	54114	54057	60206	795528	809584	892900	892900	7.046809632931854	6.901883628344876	6.72375174207491																									777286.235334145	777286.235334145	95182.19832234498	13770.87210774841	81411.32621459657	791076.2293211141	872487.5555357108													2591.48				54114	54057	60206	42618.238296	42573.347148		47416.07818400001	0.9754		43693.08826737749	1	43693.08826737749				85.45	84.3865029000546	679778.676			558483					671318.2587907463	12054.21670568183	683372.4754964282	70327.30534257152	753699.7808389997	0.02249999999999999	0.02293038669393777	17899.37999999999			14545						18241.76466585493	285.1278922515948	18507.77067888582	1904.67378540343	20412.44446428924			795528	795528	809584	892900	0										97372	14056	83316	892900	0																795528	809584	892900
315	1997	833605	847346	938855		814335	827795	917192.5927838215		702594	714364	791511.6295114392		833605	847346	938855					19270	19551	21662.40721617852				49051.061048	48966.004136	54630.951988	62282	62174	69367	833605	847346	938855	938855	4.786380869058036	4.664370837368324	5.146712957778021																									814335	814335	102857.5927838215	13460	89397.59278382148	827795	917192.5927838215													2998.97				62282	62174	69367	49051.061048	48966.004136		54630.951988	1.081		45375.63464199816	1	45375.63464199816				85.55999999999999	84.2838034800655	713232.438			597956	702594	12494	-724	714364	702594	11770	714364	77147.62951143924	791511.6295114392	0.02259999999999999	0.02311646403272533	18839.47299999999			15468	19270	302	-21	281	19551	19270	281	19551	2111.407216178515	21662.40721617852			833605	833605	847346	938855	0										105250	13741	91509	938855	0																833605	847346	938855
316	1998	867963	882137	980308		848672	862563	958555.6545117141		735678	747785	831004.274596803		867963	882137	980308					19291	19574	21752.34548828584				56646.328264	56661.29198	63283.13009200001	71926	71945	80353	867963	882137	980308	980308	4.121616353068902	4.105878826359003	4.41527179383398																									848672	848672	109883.6545117142	13891	95992.65451171416	862563	958555.6545117141													3462.35				71926	71945	80353	56646.328264	56661.29198		63283.13009200001	1.1632		48698.70036451169	1	48698.70036451169				85.66999999999999	84.75914295885885	743583.9021				735678	12907	-800	747785	735678	12107	747785	83219.27459680299	831004.274596803	0.02269999999999999	0.02222560178256447	19702.76009999999				19291	306	-23	283	19574	19291	283	19574	2178.345488285833	21752.34548828584			867963	867963	882137	980308	0										112345	14174	98171	980308	0																867963	882137	980308
317	1999	899728	914805	1021205		879604	894385	998409.9714420013		764616	777442	867865.4550532628		899728	914805	1021205					20124	20420	22795.0285579987				65365.449308	65169.34587200001	73019.783824	82997	82748	92716	899728	914805	1021205	1021205	3.659718213794832	3.703279649306168	4.17185211178527																									879604	879604	118805.9714420013	14781	104024.9714420013	894385	998409.9714420013													3990.29				82997	82748	92716	65365.449308	65169.34587200001		73019.783824	1.1965	1.6081	54630.54685165065	1	54630.54685165065				85.78	84.9830170896093	771786.6784				764616	13597	-771	777442	764616	12826	777442	90423.45505326272	867865.4550532628	0.02279999999999998	0.02236675973183007	20513.79839999999				20124	319	-23	296	20420	20124	296	20420	2375.028557998699	22795.0285579987			899728	899728	914805	1021205	0										121477	15077	106400	1021205	0																899728	914805	1021205
318	2000	952082	968346	1080863		930569	946458	1056431.723014294		804092	817920	912958.2452553116		952082	968346	1080863					21513	21888	24431.27698570552				76285.811732	76087.345604	85358.549012	96863	96611	108383	952082	968346	1080863	1080863	5.818869702843529	5.852722711397504	5.841922043076565																									930569	930569	125862.7230142945	15889	109973.7230142945	946458	1056431.723014294													4654.37				96863	96611	108383	76285.811732	76087.345604		85358.549012	1.2933	1.5938	58985.39529266219	1	58985.39529266219				85.89000000000001	84.45617079201162	817743.2298000001				804092	14513	-685	817920	804092	13828	817920	95038.24525531163	912958.2452553116	0.02289999999999998	0.02259574280366607	21802.67779999998				21513	402	-27	375	21888	21513	375	21888	2543.276985705522	24431.27698570552			952082	952082	968346	1080863	0										128781	16264	112517	1080863	0																952082	968346	1080863
319	2001	990223	1006371	1120575		968054	983819	1095463.776206787		838786	852638	949396.2235100177		990223	1006371	1120575					22169	22552	25111.22379321344				86730.48550000001	86385.532468	96036.341724	110125	109687	121941	990223	1006371	1120575	1120575	4.006062503019692	3.926798892131529	3.674101158056104																									968054	968054	127409.7762067866	15765	111644.7762067866	983819	1095463.776206787													5176.61				110125	109687	121941	86730.48550000001	86385.532468		96036.341724	1.2671	1.6348	68448.01949333125	1	68448.01949333125				86	84.70677817016976	851591.78				838786	14716	-864	852638	838786	13852	852638	96758.22351001769	949396.2235100177	0.023	0.02238788636499051	22775.129				22169	442	-59	383	22552	22169	383	22552	2559.223793213437	25111.22379321344			990223	990223	1006371	1120575	0										130352	16148	114204	1120575	0																990223	1006371	1120575
320	2002	1037446	1054355	1172652		1014824	1031299	1147009.152465726		881440	895900	996418.5941167823		1037446	1054355	1172652					22622	23056	25642.84753427451				96819.967904	96701.04574	107070.113364	122936	122785	135951	1037446	1054355	1172652	1172652	4.76892578742364	4.768022925938837	4.647346228498762																									1014824	1014824	132185.1524657255	16475	115710.1524657255	1031299	1147009.152465726													5758.97				122936	122785	135951	96819.967904	96701.04574		107070.113364	1.189127000244678	1.5342	81421.04912602107	1	81421.04912602107										881440	15512	-1052	895900	881440	14460	895900	100518.5941167823	996418.5941167823							22622	493	-59	434	23056	22622	434	23056	2586.847534274509	25642.84753427451			1037446	1037446	1054355	1172652	0										135206	16909	118297	1172652	0																1037446	1054355	1172652
