## Sheet: A9. Nominal GDP (A) (continued)
	A	B	C	D	E	F	G	H	I	J	K	L	M	N	O	P	Q	R	S	T	U	V	W	X	Y	Z	AA	AB	AC	AD	AE	AF	AG	AH	AI	AJ	AK	AL	AM	AN	AO	AP	AQ	AR	AS	AT	AU	AV	AW	AX	AY	AZ	BA	BB	BC	BD	BE	BF	BG	BH	BI	BJ	BK	BL	BM	BN	BO	BP	BQ	BR	BS	BT	BU	BV	BW	BX	BY	BZ	CA	CB	CC	CD	CE	CF	CG	CH	CI	CJ	CK	CL	CM	CN	CO	CP	CQ	CR	CS	CT	CU	CV	CW	CX	CY	CZ	DA	DB	DC	DD	DE	DF	DG	DH	DI	DJ	DK	DL	DM	DN	DO	DP	DQ	DR	DS	DT	DU	DV	DW	DX	DY	DZ	EA	EB	EC	ED	EE	EF	EG	EH	EI	EJ	EK	EL	EM	EN	EO	EP	EQ	ER	ES	ET	EU	EV	EW	EX	EY	EZ	FA	FB	FC	FD	FE	FF	FG	FH	FI	FJ	FK	FL	FM	FN	FO
321	2003	1101488	1118059	1242449		1076731	1092918	1214510.930265755		935895	950136	1055843.674675487		1101488	1118059	1242449					24757	25141	27938.06973424479				103235.464248	103201.598996	114635.453148	131082	131039	145557	1101488	1118059	1242449	1242449	6.173044187360119	6.041987755547225	5.952064210012864																									1076731	1076731	137779.9302657552	16187.00000000001	121592.9302657552	1092918	1214510.930265755													6196.8				131082	131039	145557	103235.464248	103201.598996		114635.453148	1.100380395155371	1.4197	93817.97849408563	1	93817.97849408563										935895	15672	-1431	950136	935895	14241	950136	105707.6746754867	1055843.674675487							24757	447	-63	384	25141	24757	384	25141	2797.069734244794	27938.06973424479			1101488	1101488	1118059	1242449	0										140961	16571	124390	1242449	0																1101488	1118059	1242449
322	2004	1155819	1172773	1304874		1130130	1146694	1275857.464791567		979445	993962	1105921.75194006		1155819	1172773	1304874					25689	26079	29016.53520843335				109943.9344	110016.390288	122973.393216	139600	139692	156144	1155819	1172773	1304874	1304874	4.932509478087823	4.893659458042919	5.024351100125642																									1130130	1130130	145727.4647915667	16564	129163.4647915667	1146694	1275857.464791567													6608.97				139600	139692	156144	109943.9344	110016.390288		122973.393216	1.094954838512356	1.4127	100409.5607718156	1	100409.5607718156										979445	15897	-1380	993962	979445	14517	993962	111959.75194006	1105921.75194006							25689	457	-67	390	26079	25689	390	26079	2937.535208433345	29016.53520843335			1155819	1155819	1172773	1304874	0										149055	16954	132101	1304874	0																1155819	1172773	1304874
323	2005	1227667	1241819	1379457		1199781	1213751	1348278.060818042		1036833	1049484	1165804.396766356		1227667	1241819	1379457					27886	28068	31178.93918195808				119404.153168	118882.7858	134055.993824	151612	150950	170216	1227667	1241819	1379457	1379457	6.216198210965558	5.887413847351539	5.715724276826734																									1199781	1199781	148497.0608180419	13970	134527.0608180419	1213751	1348278.060818042													7174.08				151612	150950	170216	119404.153168	118882.7858		134055.993824	1.127895718130658	1.4552	105864.532729938	1	105864.532729938										1036833	16535	-3884	1049484	1036833	12651	1049484	116320.3967663564	1165804.396766356							27886	501	-319	182	28068	27886	182	28068	3110.939181958079	31178.93918195808			1227667	1227667	1241819	1379457	0										151790	14152	137638	1379457	0																1227667	1241819	1379457
324	2006	1295972	1310789	1455644		1266202	1280755	1422290.949359508		1089967	1103177	1225088.844190789		1295972	1310789	1455644					29770	30034	33353.0506404921				128513.118392	128150.838952	145747.381404	163178	162718	185061	1295972	1310789	1455644	1455644	5.563805168665439	5.553949488613071	5.522970270186022																									1266202	1266202	156088.9493595079	14553	141535.9493595079	1280755	1422290.949359508													7820.58				163178	162718	185061	128513.118392	128150.838952		145747.381404	1.150295516271103	1.4841	111721.8284989923	1	111721.8284989923										1089967	17467	-4257	1103177	1089967	13210	1103177	121911.8441907889	1225088.844190789							29770	555	-291	264	30034	29770	264	30034	3319.0506404921	33353.0506404921			1295972	1295972	1310789	1455644	0										159672	14817	144855	1455644	0																1295972	1310789	1455644
325	2007	1362365	1377734	1530890		1330310	1345324	1494877.137647761		1148188	1161815	1290968.333038163		1362365	1377734	1530890					32055	32410	36012.86235223926				137581.917852	137389.752236	155380.864252	174693	174449	197293	1362365	1377734	1530890	1530890	5.12302734935632	5.107229309980482	5.169258417580124																									1330310	1330310	164567.1376477607	15014	149553.1376477607	1345324	1494877.137647761													8304.61				174693	174449	197293	137581.917852	137389.752236		155380.864252	1.05558079887448	1.3619	130337.6472920857	1	130337.6472920857										1148188	18120	-4493	1161815	1148188	13627	1161815	129153.3330381627	1290968.333038163							32055	661	-306	355	32410	32055	355	32410	3602.862352239257	36012.86235223926			1362365	1362365	1377734	1530890	0										168525	15369	153156	1530890	0																1362365	1377734	1530890
326	2008	1397505	1414107	1564252		1365856	1382098	1528844.394869695		1177439	1192183	1318764.875724397		1397505	1414107	1564252					31649	32009	35407.60513030485				132802.191936	132610.813884	147815.524468	168624	168381	187687	1397505	1414107	1564252	1564252	2.5793381362557	2.640059692219253	2.179255204488896																									1365856	1365856	162988.3948696952	16242	146746.3948696952	1382098	1528844.394869695													7871.28				168624	168381	187687	132802.191936	132610.813884		147815.524468	0.8015872400293613	1.0342	165674.0343460752	1	165674.0343460752										1177439	19558	-4814	1192183	1177439	14744	1192183	126581.8757243971	1318764.875724397							31649	675	-315	360	32009	31649	360	32009	3398.605130304849	35407.60513030485			1397505	1397505	1414107	1564252	0										166747	16602	150145	1564252	0																1397505	1414107	1564252
327	2009	1364510	1382229	1519459		1333865	1351243	1485396.65825055		1153669	1169555	1285670.370644083		1364510	1382229	1519459					30645	30986	34062.34174944962				121877.104128	121642.410056	133652.761056	154752	154454	169704	1364510	1382229	1519459	1519459	-2.360993341705395	-2.254284859632264	-2.863541168558513																									1333865	1333865	151531.6582505504	17378	134153.6582505504	1351243	1485396.65825055													7096.55				154752	154454	169704	121877.104128	121642.410056		133652.761056	0.8723520002446782	1.1255	139710.92413821	1	139710.92413821										1153669	20643	-4757	1169555	1153669	15886	1169555	116115.3706440829	1285670.370644083							30645	695	-354	341	30986	30645	341	30986	3076.341749449621	34062.34174944962			1364510	1364510	1382229	1519459	0										154949	17719	137230	1519459	0																1364510	1382229	1519459
328	2010	1391905	1414635	1572439		1361335	1383600	1537942.013593612		1179914	1200003	1333864.578012703		1391905	1414635	1572439					30570	31035	34496.98640638751				119831.012856	119649.873136	131620.845936	152154	151924	167124	1391905	1414635	1572439	1572439	2.007680412748897	2.344474034331498	3.486767329687737																									1361335	1361335	176607.0135936125	22265	154342.0135936125	1383600	1537942.013593612													6885.85				152154	151924	167124	119831.012856	119649.873136		131620.845936	0.9045178003425496	1.167	132480.5468843386	1	132480.5468843386										1179914	24002	-3913	1200003	1179914	20089	1200003	133861.5780127029	1333864.578012703							30570	789	-324	465	31035	30570	465	31035	3461.986406387513	34496.98640638751			1391905	1391905	1414635	1572439	0										180534	22730	157804	1572439	0																1391905	1414635	1572439
329	2011	1431201	1452075	1628274		1400258	1420688	1593078.410214348		1212893	1231237	1380638.875359744		1431201	1452075	1628274					30943	31387	35195.58978565157				124808.417336	124602.863132	136303.70148	158474	158213	173070	1431201	1452075	1628274	1628274	2.823181179750051	2.646619092557444	3.550853165051237																									1400258	1400258	192820.4102143484	20430	172390.4102143484	1420688	1593078.410214348													6996.12				158474	158213	173070	124808.417336	124602.863132		136303.70148	0.9262200269146073	1.195	134750.2901138486	1	134750.2901138486										1212893	21916	-3572	1231237	1212893	18344	1231237	149401.8753597438	1380638.875359744							30943	762	-318	444	31387	30943	444	31387	3808.589785651568	35195.58978565157			1431201	1431201	1452075	1628274	0										197073	20874	176199	1628274	0																1431201	1452075	1628274
330	2012	1472998	1495576	1675044		1441351	1463418	1639027.064082334		1254901	1274647	1427603.685448282		1472998	1495576	1675044					31647	32158	36016.9359176665				126578.073644	126404.809564	138417.523256	160721	160501	175754	1472998	1495576	1675044	1675044	2.920414393226395	2.995781898317929	2.872366690127095																									1441351	1441351	197676.0640823335	22067	175609.0640823335	1463418	1639027.064082334													7198.63				160721	160501	175754	126578.073644	126404.809564		138417.523256	0.9504800159040859	1.2263	133172.7879871313	1	133172.7879871313										1254901	23269	-3523	1274647	1254901	19746	1274647	152956.6854482821	1427603.685448282							31647	780	-269	511	32158	31647	511	32158	3858.935917666504	36016.9359176665			1472998	1472998	1495576	1675044	0										202046	22578	179468	1675044	0																1472998	1495576	1675044
331	2013	1527959	1551553	1739563		1495378	1518436	1702433.0354606		1302596	1323341	1483697.327763215		1527959	1551553	1739563					32581	33117	37129.9645394002				129192.786124	129391.252252	141926.120876	164041	164293	180209	1527959	1551553	1739563	1739563	3.731233850962454	3.742838879468508	3.851779415943696																									1495378	1495378	207055.0354605998	23058	183997.0354605998	1518436	1702433.0354606																	164041	164293	180209	129192.786124	129391.252252		141926.120876	0.9304054563249325	1.2004	138856.436455464	1	138856.436455464										1302596	24364	-3619	1323341	1302596	20745	1323341	160356.3277632153	1483697.327763215							32581	805	-269	536	33117	32581	536	33117	4012.964539400201	37129.9645394002			1527959	1527959	1551553	1739563	0										211604	23594	188010	1739563	0																1527959	1551553	1739563
332	2014	1600265	1624276	1822480		1567063	1590537	1784623.962774799		1370791	1391834	1561674.018652003		1600265	1624276	1822480					33202	33739	37856.03722520064				137713.44104	138316.715064	152125.86224	174860	175626	193160	1600265	1624276	1822480	1822480	4.732195039264795	4.687110269517063	4.766541941855508																									1567063	1567063	217560.9627747994	23474	194086.9627747994	1590537	1784623.962774799																	174860	175626	193160	137713.44104	138316.715064		152125.86224	0.9952796121849766	1.2841	138366.5849817543	1	138366.5849817543										1370791	24934	-3891	1391834	1370791	21043	1391834	169840.0186520025	1561674.018652003							33202	813	-276	537	33739	33202	537	33739	4117.037225200643	37856.03722520064			1600265	1600265	1624276	1822480	0										222215	24011	198204	1822480	0																1600265	1624276	1822480
333	2015	1643916	1669192	1872714		1610079	1634782	1834108.441897637		1411786	1433164	1607907.470857756		1643916	1669192	1872714					33837	34410	38605.5581023633				186171.721421965	186627.9154162662	201470.7520761142	236389.3238161788	236968.5707018937	255815.0856008072	1643916	1669192	1872714	1872714	2.727735718771584	2.765293583110264	2.756353979193193																									1610079	1610079	224029.4418976367	24703	199326.4418976367	1634782	1834108.441897637																	236389.3238161788	236968.5707018937	255815.0856008072	186171.721421965	186627.9154162662		201470.7520761142	1.054495687545877	1.3605	176550.4815436862	1	176550.4815436862										1411786	25503	-4125	1433164	1411786	21378	1433164	174743.4708577563	1607907.470857756							33837	863	-290	573	34410	33837	573	34410	4195.558102363299	38605.5581023633			1643916	1643916	1669192	1872714	0										228798	25276	203522	1872714	0																1643916	1669192	1872714
