## Sheet: A27. Central govt borrowing (continued)
	A	B	C	D	E	F	G	H	I	J	K	L	M	N	O	P	Q	R	S	T	U	V	W	X	Y	Z	AA	AB	AC	AD	AE	AF	AG	AH	AI	AJ	AK	AL	AM	AN	AO	AP	AQ	AR	AS	AT	AU	AV	AW	AX	AY	AZ
281	1956/57	31st March	5882	2751	1314.677064220184	283	1153.322935779816	731	340	1056	730	301	-27	6262			64		2083		92		59			2234	2288			200				0	2488	305	298	41	644	168	380	1111	0	1957	Calendar year total	6016	26.94978273529544	728	6455	28.91636428795413	439	1167
282	1957/58	31st March	6102	2741	1363.244036697248	289	1088.755963302752	769	377	1122	809	313	-29	6570			66		2119		104		71			2294	2381.8			255.2				0	2637	324	321	48	693	178	468	1237	0	1958	Calendar year total	6401	27.29404741599864	804	6910	29.46443800102337	509	1313
283	1958/59	31st March	6460	2799	1425.005504587156	297	1076.994495412844	793	329	1356	876	315	-8	6980			69		2138		113		67			2318	2484.2			274.8				0	2759	408	419	53	880	189	520	1313	0	1959	Calendar year total	6761	27.48709192177908	799	7165	29.12956864658292	404	1203
284	1959/60	31st March	6876	2966	1491.820183486239	304	1170.179816513761	819	379	1441	956	327	-12	7158			94		2257		133		66			2456	2398.2			261.8				0	2660	423	429	54	906	226	282	1101	0	1960	Calendar year total	7221	27.33984552476147	888	7351	27.83204603967893	130	1018
285	1960/61	31st March	7330	3149	1579.128440366973	297	1272.871559633027	887	476	1456	1051	322	-11	7541			94		2321		153		74			2548	2619.9			263.1				0	2883	425	433	55	913	236	211	1098	0	1961	Calendar year total	7684	27.37539634472193	928	8013	28.54750792689444	329	1257
286	1961/62	31st March	7861	3253	1654.084403669725	244	1354.915596330275	949	572	1630	1151	298	8	8331			97		2536		150		78			2764	2942.9			335.1				0	3278	536	548	60	1144	261	470	1419	0	1962	Calendar year total	8146	27.73200789814121	910	8745	29.77122625451079	599	1509
287	1962/63	31st March	8229	3322	1735.497247706422	271	1315.502752293578	935	538	1748	1324	356	6	8656			97		2604		149		81			2834	2971.9			383.1				0	3355	556	577	61	1194	270	427	1362	0	1963	Calendar year total	9029	28.91222901790003	969	8969	28.7200999071376	-60	909
288	1963/64	31st March	9222	3279	1836	367	1076	984	505	1941	1936	579	-2	9083			87		2689		168		120			2977	2943.6			390.4				0	3334	640	652	69	1361	313	-139	845	0	1964	Calendar year total	9147	26.80282474287221	980	9736	28.52873091686934	589	1569
289	1964/65	31st March	9327	3520	1942	392	1186	986	472	2033	1684	634	-2	10072			80		3013		242		130			3385	3316.4			422.6				0	3739	691	696	74	1461	297	745	1731	0	1965	Calendar year total	10763	29.16327968352029	1011	10969	29.72145450604238	206	1217
290	1965/66	31st March	10996	3972	2049	434	1489	1014	482	2401	2417	712	-2	11409			77		3181		336		104			3621	3955.3			437.7				0	4393	877	803	75	1755	293	413	1427	0	1966	Calendar year total	11090	28.13078659665677	1088	12092	30.67245009258555	1002	2090
291	1966/67	31st March	11480	4303	2179	466	1658	1115	535	2569	2146	813	-1	12424			78		3386		284		346			4016	3754	7	3747		1049			0	4803	918	829	80	1827	301	944	2059	0	1967	Calendar year total	12738	30.52626533742331	1158	13521	32.4027032208589	783	1941
292	1967/68	31st March	13282	4645	2299	497	1849	1224	763	2926	2801	919	4	13802			99		3705		196		597			4498	4150	16	4134		1214			0	5364	1006	884	85	1975	329	520	1744	0	1968	Calendar year total	14259	31.12707109956559	1295	15355	33.5196140496409	1096	2391
293	1968/69	31st March	14382	4837	2454	518	1865	1302	759	3330	3199	955	0	15892			126		4248		222		741			5211	4804	47	4757		1342			0	6146	1114	983	95	2192	382	1510	2812	0	1969	Calendar year total	16305	32.81872710438388	1333	17310	34.84159252848114	1005	2338
294	1969/70	31st March	16567	5054	2632	545	1877	1314	736	3590	4875	998	0	17882			120		4696		222		1051			5969	5424	126	5298		1696			0	7120	1176	1046	102	2324	364	1315	2629	0	1970	Calendar year total	16745	29.94670577294513	1347	19365	34.63230560125903	2620	3967
295	1970/71	31st March	17217	5740	3108	600	2032	1344	829	3827	4333	1137	7	19619			118		5063		260		1093			6416	6265	136	6129		1582			0	7847	1362	1182	116	2660	356	2402	3746	0	1971	Calendar year total	18482	29.5051085568327	1461	20505	32.73467432950191	2023	3484
296	1971/72	31st March	19294	6579	3602	681	2296	1544	973	4437	4514	1236	11	20890			168		5314		283		817			6414	6795	155	6640		1552			0	8347	1531	1330	124	2985	452	1596	3140	0	1972	Calendar year total	21461	30.52556717160942	1696	21685	30.84417893464192	224	1920
297	1972/73	31st March	22028	7279	4033	768	2478	1726	1051	5162	5455	1345	10	22068			227		5661		270		717			6648	7001	207	6794		1533			0	8534	1796	1545	151	3492	459	40	1766	0	1973	Calendar year total	24331	29.86608074435047	1896	23878	29.31002737304675	-453	1443
298	1973/74	31st March	25496	8251	4532	906	2813	2017	1665	5649	6269	1623	22	24831			191		4156	2269			308			6733	7901	322	7579		2264	1		0	10166	2166	1764	176	4106	412	-665	1352	0	1974	Calendar year total	30023	32.55337374087848	2257	30201	32.74637579016991	178	2435
299	1974/75	31st March	32665	10951	6227	1136	3588	2372	2867	7017	7505	1953	0	31982			198		4612	3067			302			7981	11426	382	11044		2859	1		0	14286	3053	2163	194	5410	338	-683	1689	0	1975	Calendar year total	40608	35.45280729171214	2840	38466	33.58273456666172	-2142	698
300	1975/76	31st March	43234	14366	8089	1444	4833	3109	2844	9502	10752	2650	11	40196			283		5532	3884			405			9821	15762	387	15375		1996	1		0	17759	4322	2651	200	7173	322	-3038	71	0	1976	Calendar year total	48664	35.73715594982816	3833	44940	33.00237934377111	-3724	109
301	1976/77	31st March	49652	16534	9194	1702	5638	4079	2998	11359	11760	2928	-6	46720			271		6676	4139			445			11260	17617	324	17293		2655	0		0	20272	5302	3292	239	8833	353	-2932	1147	0	1977	Calendar year total	53851	33.91419898479715	4692	50967	32.09791795246432	-2884	1808
302	1977/78	31st March	56002	18391	9954	1948	6489	4907	2731	13746	13184	2990	53	52363			376		7589	4645			1891			14125	17911	340	17571		3344	0		0	21255	5846	3612	293	9751	371	-3639	1268	0	1978	Calendar year total	61833	33.44294746634504	5645	56389	30.49850993287937	-5444	201
303	1978/79	31st March	63630	20587	10977	2226	7384	5856	3023	16334	14506	3299	25	58237			434		8864	4806			2740			16410	19567	353	19214		3940	183		0	23690	6150	3778	310	10238	345	-5393	463	0	1979	Calendar year total	72001	32.7934632604448	6915	67189	30.60179723901093	-4812	2103
304	1979/80	31st March	75849	24591	12977	2669	8945	7587	3566	19887	16292	3984	-58	72418			622		10249	8919			3734			22902	21999	431	21568		4646	1436		0	28081	7167	4588	265	12020	413	-3431	4156	0	1980	Calendar year total	88280	34.16263239567975	8674	83577	32.34266343151027	-4703	3971
305	1980/81	31st March	92837	30867	16294	3293	11280	9163	4193	24100	19660	4814	40	85824			641		11575	10919			4348			26842	26014	508	25506		4645	2410		0	33069	8459	5612	329	14400	434	-7013	2150	0	1981	Calendar year total	106291	36.92582942504777	10623	95515	33.18221295813792	-10776	-153
306	1981/82	31st March	109378	34219	17905	3677	12637	11232	4071	29866	24647	5448	-105	100685			797		14588	11775			4681			31044	32333	526	31807		4930	2390		0	39653	8960	7139	378	16477	466	-8693	2539	0	1982	Calendar year total	115022	36.31914315846642	12008	107055	33.80349733815812	-7967	4041
307	1982/83	31st March	117455	37419	19392	3986	14041	12087	3511	33976	23868	6341	253	109158			873		16261	13168			3438			32867	34138	632	33506		5679	3273		0	43090	9528	8693	511	18732	474	-8297	3790	0	1983	Calendar year total	123956	35.59059730161966	12885	115687	33.2163786346161	-8269	4616
308	1983/84	31st March	127289	40291	20411	4304	15576	13225	3853	35153	27707	6941	119	117229			1138		18031	14721			2576			35328	33124	671	32453		6184	6016		0	45324	10803	9982	551	21336	570	-10060	3165	0	1984	Calendar year total	134142	35.81570698521362	14884	125099	33.40123994083314	-9043	5841
309	1984/85	31st March	137337	43075	21635	4592	16848	14720	5161	37868	28539	7501	473	129157			911		19066	18578			1723			39367	34817	730	34087		8341	7177		0	50335	11473	10601	674	22748	608	-8180	6540	0	1985	Calendar year total	144660	35.10142676890226	16197	136638	33.15490633795982	-8022	8175
310	1985/86	31st March	145364	45564	23064	4790	17710	16601	4014	41687	29286	7890	322	138276			1226		20609	18716			1300			40625	37460	908	36552		10708	6375		0	54543	12529	11393	717	24639	834	-7088	9513	0	1986	Calendar year total	151170	34.04476694299748	16967	142795	32.15864586641083	-8375	8592
311	1986/87	31st March	152879	48051	24485	5055	18511	17220	3795	44277	31765	8205	-434	144964			1860		23744	20440			1423			45607	40007	1064	38943		13495	1188		0	54690	13835	12060	792	26687	947	-7915	9305	0	1987	Calendar year total	160218	32.52265876358764	18440	153646	31.18860819876785	-6572	11868
312	1987/88	31st March	163222	51514	26492	5259	19763	18433	4230	46436	34395	8588	-374	158839			2440		25334	22932			1402			49668	43402	1379	42023		15734	2296	0	0	61432	14669	12667	804	28140	1019	-4383	14050	0	1988	Calendar year total	166722	30.2191916390706	18747	169466	30.71655528548565	2744	21491
313	1988/89	31st March	168318	55479	28783	5588	21108	18967	3221	46969	35121	8863	-302	172813			2255		25639	27293			1553			54485	46636	2323	44313		18537	1371	0	0	66544	16700	13849	968	31517	1074	4495	23462	0	1989	Calendar year total	180201	29.56664271158409	19712	185519	30.43919839074349	5318	25030
314	1989/90	31st March	187738	60762	31070	6223	23469	19773	3327	50227	42959	10791	-101	188166			2117		27168	28885			1774			57827	52035	1854	50181		21495	1050	0	0	74580	18621	13788	1110	33519	1172	428	20201	0	1990	Calendar year total	215236	32.47129818209248	19773	206247	31.11518443086671	-8989	10784
315	1990/91	31st March	218137	67064	34477	6676	25911	19472	4333	55417	59303	12326	222	210691			1703		31798	29560			11740	10057		73098	57860	1852	56008		21495	860	0	0	80215	20338	13473	1195	35006	1261	-7446	12026	0	1991	Calendar year total	237694	34.0517278428968	17752	220509	31.5898274879018	-17185	567
316	1991/92	31st March	246448	74076	37873	7065	29138	17537	4218	70337	66734	13469	77	225481			1697		33287	36235			13206	11684		82728	65146	1140	64006		18263	-216	0	0	83193	21477	13990	1220	36687	1211	-20967	-3430	0	1992	Calendar year total	267193	37.03581007561214	18074	223046	30.91656328618259	-44147	-26073
317	1992/93	31st March	272535	78677	40789	6845	31043	18394	4939	77055	80397	13029	44	220815			1268		33550	36979			13357	11698		83886	62543	982	61561		15783	68	0	0	78394	21600	14062	1310	36972	1200	-51720	-33326	0	1993	Calendar year total	277404	36.57536143029488	19401	225520	29.73452260875871	-51884	-32483
318	1993/94	31st March	281089	81956	41907	7124	32925	20149	3856	82849	79434	12978	-133	228575			1736		35135	39253			12692	11002		87080	63520	710	62810		14887	359	0	0	78766	23478	15183	1475	40136	1285	-52514	-32365	0	1994	Calendar year total	287557	36.07594142679353	22263	242023	30.36339776787506	-45534	-23271
319	1994/95	31st March	292082	84654	42148	7389	35117	22783	4464	84563	82536	13364	-282	247057			1799		37149	43470			12628	10862		93247	68058	926	67132		19390	711	0	0	88159	23334	17974	1524	42832	1413	-45025	-22242	0	1995	Calendar year total	301299	36.0127222266048	25497	261337	31.23626958116097	-39962	-14465
320	1995/96	31st March	303452	87506	44198	7729	35579	26126	4502	87123	85449	12816	-70	266222			2017		43244	44275			13251	11439		100770	72196	796	71400		23569	968	0	0	96733	24533	18896	1585	45007	1456	-37230	-11104	0	1996	Calendar year total	307717	34.46264979280995	26990	274456	30.73759659536342	-33261	-6271
321	1996/97	31st March	308867	89865	45014	8167	36684	27565	4815	90427	84774	11250	171	278996			2467		43143	46934			14056	12238		104133	73171	1132	72039		27787	1729	0	0	102687	25976	19251	1658	47219	1594	-29871	-2306	0	1997	Calendar year total	311328	33.16039217983608	28848	294401	31.3574513636291	-16927	11921
322	1997/98	31st March	312860	92128	45466	8849	37813	29288	3691	92281	84263	11132	77	305427			3456	2073	42136	55454			14830	12346		112420	81308	1470	79838		30437	963	2610	0	115318	27761	21495	1858	51692	1660	-7433	21855	0	1998	Calendar year total	318903	32.53089845232315	29506	319821	32.62454249072741	918	30424
