## Sheet: A27. Central govt borrowing (continued)
	A	B	C	D	E	F	G	H	I	J	K	L	M	N	O	P	Q	R	S	T	U	V	W	X	Y	Z	AA	AB	AC	AD	AE	AF	AG	AH	AI	AJ	AK	AL	AM	AN	AO	AP	AQ	AR	AS	AT	AU	AV	AW	AX	AY	AZ
233	1908/09	31st March	144.8					21.5						151.6	29	34	7.8		70.8			2.6				73.39999999999999	33.9								33.9					18.4	6.799999999999983	28.29999999999998	0	1909	Calendar year total	153.875	7.194123276503851	20.975	136.675	6.389971072728927	-17.20000000000002	3.774999999999983
234	1909/10	31st March	156.9					20.8						131.7	30	31	8.1		69.1			0.7				69.8	13.3								13.3					21.8	-25.20000000000002	-4.400000000000016	0	1910	Calendar year total	165.15	7.426148031628744	20.5	185.85	8.356945877554963	20.7	41.2
235	1910/11	31st March	167.9					20.4						203.9	33	40	9.8		82.8			4.3				87.1	61.9								61.9					25.5	36	56.4	0	1911	Calendar year total	172.55	7.463562723726137	20.175	189.8	8.20970272363501	17.25	37.425
236	1911/12	31st March	174.1					20.1						185.1	34	38	9.5		81.5			2.9				84.4	44.8								44.8					25.4	11	31.1	0	1912	Calendar year total	181.525	7.54186329836192	19.95	187.875	7.805688291859227	6.350000000000009	26.3
237	1912/13	31st March	184					19.9						188.8	33	38	10.1		81.1			2.7				83.8	44.8								44.8					25.2	4.800000000000011	24.70000000000001	0	1913	Calendar year total	190.225	7.60018812423138	19.45	195.85	7.824927554899278	5.624999999999986	25.07499999999999
238	1913/14	31st March	192.3					19.3						198.2	33	40	10		83			2.7				85.7	47.2								47.2					27.4	5.899999999999977	25.19999999999998	0	1914	Calendar year total	467.7	18.46699942071236	21.1	219.575	8.669855458205936	-248.125	-227.025
239	1914/15	31st March	559.5					21.7						226.7	39	42	7.6		88.6			2.6				91.19999999999999	69.4								69.4					28.4	-332.8	-311.1	0	1915	Calendar year total	1309.275	43.1552508411098	50.575	309.275	10.19406939251436	-1000	-949.4250000000001
240	1915/16	31st March	1559.2					60.2						336.8	60	61	6.8		127.8			2.7				130.5	128.3								128.3					31	-1222.4	-1162.2	0	1916	Calendar year total	2038.375	57.97284686020891	110.525	514.25	14.62563880437232	-1524.125	-1413.6
241	1916/17	31st March	2198.1					127.3						573.4	71	56	7.9		134.9			2.6				137.5	205			139.9					344.9					31.2	-1624.7	-1497.4	0	1917	Calendar year total	2571.675	59.11685557431421	174.25	673.7500000000001	15.48795296574964	-1897.925	-1723.675
242	1917/18	31st March	2696.2					189.9						707.2	71	39	8.3		118.3			2.6				120.9	239.5			220.2					459.7					31.7	-1989	-1799.1	0	1918	Calendar year total	2608.525	50.51919590715185	249.975	843.55	16.33699799981903	-1764.975	-1515
243	1918/19	31st March	2579.3					270						889	103	59	12.4		174.4			2.5				176.9	291.2			285					576.2					30.3	-1690.3	-1420.3	0	1919	Calendar year total	1894.175	34.15899884619278	316.5	1226.95	22.1264580275509	-667.2250000000001	-350.7250000000001
244	1919/20	31st March	1665.8					332						1339.6	149	134	22.6		305.6			2.6				308.2	359.1			290					649.1					40.9	-326.2	5.799999999999955	0	1920	Calendar year total	1307.525	21.36701806641726	339.725	1404.4	22.95010816043778	96.87500000000006	436.6
245	1920/21	31st March	1188.1					342.3						1426	134	200	26.6		360.6			2.6				363.2	394.1			219.2					613.3					47.7	237.9000000000001	580.2	0	1921	Calendar year total	1099.6	22.91068810995419	327.975	1200.175	25.00621598978199	100.5750000000002	428.5500000000001
246	1921/22	31st March	1070.1					323.2						1124.9	130	194	19.6		343.6			2.6				346.2	398.8			48.1					446.9					52.2	54.80000000000018	378.0000000000002	0	1922	Calendar year total	876.9	20.1055907503752	323.8	966.725	22.16510117248998	89.82500000000005	413.6250000000001
247	1922/23	31st March	812.5					324						914	123	157	22.2		302.2			2.8				305	379			19					398					56.9	101.5	425.5	0	1923	Calendar year total	764.7249999999999	18.3712227766237	311.475	856.4000000000001	20.57355936565503	91.67500000000007	403.1500000000001
248	1923/24	31st March	748.8					307.3						837.2	120	148	21.6		289.6			2.5				292.1	330			23.3					353.3					57.8	88.40000000000009	395.7000000000001	0	1924	Calendar year total	750.3	17.56466513020353	310.975	808.8499999999999	18.93533172139827	58.55000000000004	369.525
249	1924/25	31st March	750.8					312.2						799.4	99	135	22.9		256.9			1.2				258.1	336.5			18.1					354.6					59.5	48.60000000000002	360.8	0	1925	Calendar year total	769.7750000000001	17.4528163389923	309.2	808.9250000000001	18.34044942615614	39.15000000000001	348.35
250	1925/26	31st March	776.1					308.2						812.1	103	135	24.7		262.7			0.7				263.4	327.9			11.7					339.6					61.2	36	344.2	0	1926	Calendar year total	780.8249999999999	18.34999186234805	316	807.3000000000001	18.97217485412683	26.47500000000005	342.4750000000001
251	1926/27	31st March	782.4					318.6						805.7	108	133	24.8		265.8			0.7				266.5	300.6			4					304.6					67.3	23.30000000000007	341.9000000000001	0	1927	Calendar year total	775.8000000000001	17.23989255206667	315	833.5249999999999	18.52266233495923	57.72499999999997	372.725
252	1927/28	31st March	773.6					313.8						842.8	112	139	27		278			0.6				278.6	311.2								311.2					77.3	69.19999999999993	382.9999999999999	0	1928	Calendar year total	763.775	16.97190881200323	312.075	838	18.62126880882289	74.22499999999997	386.3
253	1928/29	31st March	760.5					311.5						836.4	119	134	30.1		283.1			0.6				283.7	293.8								293.8					80.6	75.89999999999998	387.4	0	1929	Calendar year total	776.4000000000001	16.91261950001348	308.35	820.35	17.86999923600728	43.94999999999996	352.3
254	1929/30	31st March	781.7					307.3						815	120	128	25.7		273.7			0.7				274.4	293.8								293.8					79.8	33.29999999999995	340.6	0	1930	Calendar year total	806.075	17.85137382116082	296.725	847.0999999999999	18.75991534770998	41.02499999999992	337.7499999999999
255	1930/31	31st March	814.2					293.2						857.8	121	124	20.7		265.7			0.6				266.3	323.9								323.9					82.6	43.59999999999991	336.7999999999999	0	1931	Calendar year total	817.5	19.35467345669356	290.425	853.075	20.19692728938087	35.57499999999996	325.9999999999999
256	1931/32	31st March	818.6					289.5						851.5	136	120	17.1		273.1			0.7				273.8	364.1								364.1					65	32.89999999999998	322.4	0	1932	Calendar year total	829.4	20.06972474148719	284.025	833.125	20.15986185827286	3.724999999999994	287.75
257	1932/33	31st March	833					282.2						827	162	121	19.2		302.2			0.6				302.8	312.2								312.2					77.1	-6	276.2	0	1933	Calendar year total	786.125	18.68862164129134	232.775	813.8	19.34654195157626	27.67499999999998	260.45
258	1933/34	31st March	770.5					216.3						809.4	179	107	22.7		308.7			0.6				309.3	281.5								281.5					85.3	38.89999999999998	255.2	0	1934	Calendar year total	781.1500000000001	17.6706641076635	212.85	805.8000000000001	18.2282802764581	24.64999999999998	237.5
259	1934/35	31st March	784.7					211.7						804.6	185	105	24.1		314.1			0.6				314.7	280								280					81.4	19.89999999999998	231.6	0	1935	Calendar year total	818.2249999999999	17.71465773083268	211.55	834.7499999999999	18.07242572741309	16.52499999999998	228.075
260	1935/36	31st March	829.4					211.5						844.8	197	107	25.8		329.8			0.6				330.4	289.1								289.1					87.9	15.39999999999998	226.9	0	1936	Calendar year total	874.1750000000001	17.91130712148772	211.05	883.6500000000001	18.10544403340592	9.474999999999994	220.525
261	1936/37	31st March	889.1					210.9						896.6	211	110	29.1		350.1			0.5				350.6	310.8								310.8					88	7.5	218.4	0	1937	Calendar year total	904.2499999999999	17.32286364270674	214.875	935.6750000000001	17.92487745522768	31.42500000000007	246.3
262	1937/38	31st March	909.3					216.2						948.7	222	114	24.2		360.2							360.2	354			1.4					355.4					89	39.40000000000009	255.6000000000001	0	1938	Calendar year total	981.6000000000001	18.23297365196654	216.65	991.825	18.42290046084118	10.22500000000002	226.8750000000001
263	1938/39	31st March	1005.7					216.8						1006.2	226	114	21		361							361	398.4			21.9					420.3					77.4	0.5	217.3	0	1939	Calendar year total	1302.175	22.48432832248886	225.65	1100.7	19.00551015382993	-201.475	24.17500000000003
264	1939/40	31st March	1401					228.6						1132.2	262	138	17.1		417.1							417.1	459.9			26.9					486.8					77.7	-268.8	-40.19999999999996	0	1940	Calendar year total	3315.525	47.16388756948726	232.35	1404.525	19.9795987629513	-1911	-1678.65
265	1940/41	31st March	3953.7					233.6						1495.3	305	224	13.7		542.7							542.7	600			96.2					696.2					80.8	-2458.4	-2224.8	0	1941	Calendar year total	4645.650000000001	54.84620917044074	266.9	2004.775	23.66822920144013	-2640.875	-2373.975
266	1941/42	31st March	4876.3					278						2174.6	378	326	14.1		718.1							718.1	844.6			269.1					1113.7					90.9	-2701.7	-2423.7	0	1942	Calendar year total	5513.349999999999	59.40543177056229	318.2	2735.45	29.47402003079518	-2777.9	-2459.7
267	1942/43	31st March	5725.7					331.6						2922.4	460	425	15.3		900.3							900.3	1082.2			377.5					1459.7					93.3	-2803.3	-2471.7	0	1943	Calendar year total	5855.675	59.27939746089148	371.725	3092.5	31.30664469045957	-2763.175	-2391.45
268	1943/44	31st March	5899					385.1						3149.2	561	482	17.7		1060.7							1060.7	1259.6			500.1					1759.7					99.5	-2749.8	-2364.7	0	1944	Calendar year total	6105.549999999999	61.27789529584773	422.4499999999999	3303.325	33.15357395781809	-2802.224999999999	-2379.775
269	1944/45	31st March	6174.4					434.9						3354.7	579	497	17		1093							1093	1390.4			510.4					1900.8					110.9	-2819.7	-2384.8	0	1945	Calendar year total	5737.225	59.16660778316325	464.9	3389.575	34.95586360594461	-2347.65	-1882.75
270	1945/46	31st March	5591.5					474.9						3401.2	570	541	25.1		1136.1							1136.1	1430.4			466.4					1896.8					120.3	-2190.3	-1715.4	0	1946	Calendar year total	4002	41.01985493951673	496	3539	36.27417956795345	-463	33
271	1946/47	31st March	3890	1682		190		504	396	624	711	147	-174	3451			39		1235		49		48			1332	1210.5			357.5				0	1568	91	95	0	186	148	-439	65	0	1947	Calendar year total	3419	32.42593390721446	529	3596	34.1046090466052	177	706
272	1947/48	31st March	3447	1277		189		527	482	643	461	139	-82	3644			52		1424		53		52			1529	1139.3			288.7				0	1428	124	130	3	257	172	197	724	0	1948	Calendar year total	3528	30.46369052758829	520	4218	36.42172523961661	690	1210
273	1948/49	31st March	3595	1463		196		520	545	642	313	153	-41	4272			58		1551		57		51			1659	1347.1			278.9				0	1626	167	182	12	361	177.1	677	1197	0	1949	Calendar year total	3790	30.70566312889897	519	4552	36.87920278700478	762	1281
274	1949/50	31st March	3780	1635		201		519	497	651	385	159	-66	4574			53		1524		64		63			1651	1510			297				0	1807	197	214	26	437	189.6	794	1313	0	1950	Calendar year total	3750	29.02476780185759	520	4608	35.6656346749226	858	1378
275	1950/51	31st March	3946	1759		206		531	458	664	383	181	-30	4691			55		1602		79		56			1737	1570.3			267.7				0	1838	201	214	28	443	185.2	745	1276	0	1951	Calendar year total	4579	31.56189688447753	564	4955	34.15357044389302	376	940
276	1951/52	31st March	4687	2102		232		579	438	732	460	238	138	5071			61		1710		104		53			1867	1732.6			315.4				0	2048	208	222	28	458	183	384	963	0	1952	Calendar year total	4974	31.56291642870741	625	5161	32.74953994542801	187	812
277	1952/53	31st March	5031	2436		249		634	385	883	371	283	39	5331			53		1735		79		51			1865	1933.9			379.1				0	2313	225	233	30	488	151.8	300	934	0	1953	Calendar year total	5186	30.68094421108679	658	5226	30.91758859374076	40	698
278	1953/54	31st March	5181	2500	1114.233027522936	242	1143.766972477064	657	357	929	470	284	-16	5339			60		1794		68		56			1918	1924.7			254.3				0	2179	244	252	31	527	164.5	158	815	0	1954	Calendar year total	5174	29.01362642292379	656	5464	30.63982504345876	290	946
279	1954/55	31st March	5225	2542	1178.521100917432	253	1110.478899082568	656	391	918	580	256	-118	5532			73		1837		80		79			1996	1950.7			249.3				0	2200	248	250	33	531	187.9	307	963	0	1955	Calendar year total	5280	27.23334021043945	726	5874	30.29709098411389	594	1320
280	1955/56	31st March	5373	2541	1238.878899082569	265	1037.121100917431	742	332	933	639	267	-81	5929			72		1995		86		77			2158	2083			211				0	2294	292	294	35	621	180	556	1298	0	1956	Calendar year total	5794	27.52232566977009	743	6100	28.97586927607828	306	1049
