## Sheet: A27. Central govt borrowing (continued)
	A	B	C	D	E	F	G	H	I	J	K	L	M	N	O	P	Q	R	S	T	U	V	W	X	Y	Z	AA	AB	AC	AD	AE	AF	AG	AH	AI	AJ	AK	AL	AM	AN	AO	AP	AQ	AR	AS	AT	AU	AV	AW	AX	AY	AZ
89	1765/66	10th October	10.314					5						10.276	2.514	4.879	0.308		7.700999999999999			2.225			0.350000000000001	10.276															-0.03800000000000026	4.962	0	1765	Calendar year total	11.59125	9.42741983558114	4.775	10.765	8.75541244732285	-0.826249999999999	3.948750000000001
90	1766/67	10th October	9.638					4.9						9.868	2.46	4.521	0.31		7.290999999999999			2.174			0.4030000000000009	9.868															0.2300000000000004	5.130000000000001	0	1766	Calendar year total	10.145	8.058728867318735	4.975	10.174	8.081765154864545	0.02899999999999991	5.004
91	1767/68	10th October	9.146					4.8						10.131	2.453	4.746	0.322		7.521			1.895			0.7150000000000003	10.131															0.9849999999999994	5.784999999999999	0	1767	Calendar year total	9.515	7.279419673938892	4.875	9.93375	7.599782993798263	0.4187500000000002	5.29375
92	1768/69	10th October	9.569					4.8						11.13	2.675	4.961	0.32		7.956			1.814			1.36	11.13															1.561	6.361	0	1768	Calendar year total	9.251750000000001	7.253736607667966	4.8	10.38075	8.138917101094304	1.129	5.928999999999999
93	1769/70	10th October	10.524					4.8						11.373	2.841	5.139	0.336		8.316			1.796			1.260999999999999	11.373															0.8490000000000002	5.649	0	1769	Calendar year total	9.80775	7.565038369685285	4.8	11.19075	8.631791505243873	1.383	6.183
94	1770/71	10th October	10.106					4.6						10.987	2.739	4.842	0.339		7.92			1.834			1.233	10.987															0.8810000000000002	5.481	0	1770	Calendar year total	10.4195	8.203255104947567	4.75	11.2765	8.87796978654842	0.8570000000000002	5.606999999999999
95	1771/72	10th October	10.725					4.7						11.033	2.457	4.995	0.336		7.788			2.092			1.152999999999999	11.033															0.3079999999999998	5.008	0	1771	Calendar year total	10.26075	7.587283779223951	4.625	10.9985	8.132811017303279	0.7377500000000001	5.362749999999999
96	1772/73	10th October	9.977					4.6						10.487	2.702	5.141	0.342		8.185			1.843			0.4589999999999996	10.487															0.5099999999999998	5.109999999999999	0	1772	Calendar year total	10.538	7.748198481923632	4.675000000000001	10.8965	8.011790164953583	0.3584999999999998	5.0335
97	1773/74	10th October	9.566					4.6						10.613	2.557	4.922	0.345		7.823999999999999			1.821			0.9680000000000006	10.613															1.046999999999999	5.646999999999998	0	1773	Calendar year total	9.87425	7.128862919218863	4.6	10.5185	7.593988871641248	0.6442499999999995	5.244249999999999
98	1774/75	10th October	10.365					4.7						11.112	2.756	5.106	0.35		8.212			1.756			1.144	11.112															0.7469999999999999	5.447	0	1774	Calendar year total	9.76575	7.084178112504966	4.625	10.73775	7.789277170473358	0.9719999999999991	5.596999999999999
99	1775/76	10th October	14.045					4.6						10.576	2.684	5.383	0.383		8.45			1.875			0.2510000000000012	10.576															-3.468999999999999	1.131	0	1775	Calendar year total	11.285	7.88144237591511	4.675000000000001	10.978	7.667033620097127	-0.3069999999999999	4.368
100	1776/77	10th October	15.259					4.7						11.1	2.411	5.252	0.436		8.099			2.229			0.7719999999999994	11.1															-4.159000000000001	0.5409999999999995	0	1776	Calendar year total	14.3485	9.894684677342314	4.625	10.707	7.383516663087025	-3.6415	0.9835
101	1777/78	10th October	17.94					5						11.436	2.348	5.369	0.442		8.158999999999999			2.497			0.7800000000000011	11.436															-6.504000000000001	-1.504000000000001	0	1777	Calendar year total	15.92925	10.39590572019331	4.775	11.184	7.299013423396704	-4.74525	0.02974999999999928
102	1778/79	10th October	19.714					5.6						11.853	2.523	5.625	0.475		8.623			2.45			0.7800000000000002	11.853															-7.860999999999999	-2.260999999999999	0	1778	Calendar year total	18.3835	12.06193211638248	5.15	11.54025	7.571883053068402	-6.843250000000001	-1.693250000000001
103	1779/80	10th October	22.605					6						12.524	2.774	6.081	0.542		9.397			2.523			0.6039999999999988	12.524															-10.081	-4.081000000000001	0	1779	Calendar year total	20.43675	13.86312529897021	5.699999999999999	12.02075	8.154191025363433	-8.416	-2.716
104	1780/81	10th October	25.81					6.9						13.28	3.019	6.111	0.626		9.755999999999998			2.635			0.8890000000000011	13.28															-12.53	-5.629999999999999	0	1780	Calendar year total	23.40625	15.24672410860183	6.225	12.713	8.281190006628785	-10.69325	-4.468250000000001
105	1781/82	10th October	29.234					7.4						13.765	2.898	6.42	0.656		9.974			2.724			1.067	13.765															-15.469	-8.069	0	1781	Calendar year total	26.666	15.05141567191936	7.025	13.40125	7.5642310160245	-13.26475	-6.239749999999999
106	1782/83	10th October	23.51					8.1						12.677	2.949	5.48	0.855		9.284			2.596			0.7969999999999988	12.677															-10.833	-2.733000000000002	0	1782	Calendar year total	27.803	15.78146820043051	7.575000000000001	13.493	7.658862368392217	-14.31	-6.735000000000001
107	1783/84	10th October	24.245					8.7						13.214	3.026	6.139	0.991		10.156			2.46			0.5980000000000016	13.214															-11.031	-2.331000000000001	0	1783	Calendar year total	23.69375	13.78866802259355	8.25	12.81125	7.455555714247494	-10.8825	-2.632500000000002
108	1784/85	10th October	25.832					9.2						15.527	4.537	6.142	1.217		11.896			2.666			0.9649999999999985	15.527															-10.305	-1.105000000000002	0	1784	Calendar year total	24.64175	14.85702737908827	8.825	13.79225	8.315636505898736	-10.8495	-2.024500000000002
109	1785/86	10th October	16.978					9.5						15.246	3.783	6.413	1.3		11.496			2.774			0.976	15.246															-1.732000000000001	7.767999999999999	0	1785	Calendar year total	23.6185	14.2937599197679	9.274999999999999	15.45675	9.354322824898805	-8.161750000000001	1.113249999999998
110	1786/87	10th October	15.484					9.3						16.453	4.094	7.043	1.196		12.333			2.909			1.210999999999999	16.453															0.9689999999999994	10.269	0	1786	Calendar year total	16.6045	9.343187652325419	9.45	15.54775	8.748564896349937	-1.056750000000001	8.393249999999998
111	1787/88	10th October	16.338					9.4						16.779	3.996	7.257	1.322		12.575			3.013			1.191000000000001	16.779															0.4409999999999989	9.841	0	1787	Calendar year total	15.6975	9.03345486515739	9.325000000000001	16.5345	9.515124030447195	0.8369999999999993	10.162
112	1788/89	10th October	16.018					9.4						16.669	3.647	7.301	1.25		12.198			3.006			1.465	16.669															0.6509999999999998	10.051	0	1788	Calendar year total	16.258	9.69388235932085	9.4	16.7515	9.98813324776499	0.4934999999999992	9.8935
113	1789/90	10th October	16.798					9.4						17.014	3.462	7.698	1.324		12.484			2.993			1.536999999999999	17.014															0.2160000000000011	9.616000000000001	0	1789	Calendar year total	16.213	9.598923011672278	9.4	16.75525	9.91996267139468	0.5422500000000001	9.94225
114	1790/91	10th October	17.996					9.4						18.506	4.018	8.433	1.384		13.835			2.914			1.756999999999999	18.506															0.5100000000000016	9.910000000000002	0	1790	Calendar year total	17.0975	9.177075687264336	9.4	17.387	9.332464686326366	0.2895000000000012	9.689500000000002
115	1791/92	10th October	16.953					9.3						18.607	4.1	8.741	1.463		14.304			3.02			1.283000000000001	18.607															1.654	10.954	0	1791	Calendar year total	17.73525	9.433327005752354	9.375	18.53125	9.856717050808323	0.7960000000000012	10.171
116	1792/93	10th October	19.623					9.1						18.131	3.557	8.559	1.452		13.568			2.952			1.611000000000001	18.131															-1.492000000000001	7.607999999999999	0	1792	Calendar year total	17.6205	8.512175137659924	9.25	18.488	8.931250188420117	0.8674999999999997	10.1175
117	1793/94	10th October	28.706					9.8						18.732	4.348	8.387	1.462		14.197			3.034			1.501	18.732															-9.974	-0.1739999999999995	0	1793	Calendar year total	21.89375	10.86283876893775	9.274999999999999	18.28125	9.070454867011971	-3.612500000000001	5.6625
118	1794/95	10th October	38.996					10.5						19.053	3.419	9.915	1.456		14.79			2.946			1.317000000000002	19.053															-19.943	-9.443000000000001	0	1794	Calendar year total	31.2785	15.88041074969426	9.975000000000001	18.81225	9.551169561389958	-12.46625	-2.49125
119	1795/96	10th October	42.372					11.6						19.391	3.645	9.096	1.785		14.526			3.021			1.843999999999999	19.391															-22.981	-11.381	0	1795	Calendar year total	39.84	16.59234626647579	10.775	19.1375	7.970281794043185	-20.7025	-9.927500000000002
120	1796/97	10th October	57.649					13.6						21.38	3.94	10.303	1.978		16.221			3.365			1.793999999999999	21.38															-36.26900000000001	-22.669	0	1796	Calendar year total	46.19125	18.36684757322951	12.1	19.88825	7.908087705967729	-26.303	-14.203
121	1797/98	10th October	47.422					16						26.946	4.741	11.571	2.273		18.585			4.591			3.770000000000004	26.946															-20.476	-4.475999999999996	0	1797	Calendar year total	55.09225	21.85286796971474	14.2	22.7715	9.032533304999507	-32.32075	-18.12075
122	1798/99	10th October	47.419					16						31.783	7.056	11.862	2.447		21.365			6.446			2.301000000000003	30.112	1.671								1.671						-15.636	0.3640000000000043	0	1798	Calendar year total	47.42125	17.84160478194799	16	28.15525	10.59303251257487	-19.26599999999999	-3.265999999999996
123	1799/00	Bridge: Qtr ending 5th Jan 1800	12.383					3.387						9.674	2.395	3.241	0.763		6.399			1.6			0.6549999999999994	8.654	1.02								1.02						-2.709	0.6780000000000004	0	1799	Calendar year total	47.94725	16.29846145939156	15.387	33.51125	11.39130641655226	-14.436	0.9510000000000036
124	1800/01	5th January	50.991					16.7						31.585	6.785	10.594	2.621		20			5.093			1.979000000000005	27.072	4.513								4.513						-19.406	-2.706	0	1800	Calendar year total	50.991	15.18424862493149	16.7	31.585	9.405473374094667	-19.406	-2.706
125	1801/02	5th January	65.5					19.9						39.1	8.758	11.573	3.2		23.531			4.6			5.169000000000003	33.3	5.8								5.8						-26.4	-6.5	0	1801	Calendar year total	65.5	15.90200079633195	19.9	39.1	9.492644750176781	-26.4	-6.5
126	1802/03	5th January	54.8					20.4						41.2	7.699	15.475	3.4		26.574			5.3			6.026000000000004	37.90000000000001	3.3								3.3						-13.59999999999999	6.800000000000004	0	1802	Calendar year total	54.8	15.22803977745957	20.4	41.2	11.44881822684917	-13.59999999999999	6.800000000000004
127	1803/04	5th January	53					20.7						42.4	8.158	18.795	3.6		30.553			5.8			5.646999999999994	41.99999999999999	0.4								0.4						-10.6	10.1	0	1803	Calendar year total	53	14.89592582878826	20.7	42.4	11.91674066303061	-10.6	10.1
128	1804/05	5th January	62.8					20.7						50.2	9.425	21.451	3.9		34.776			6			5.723999999999999	46.5	3.7								3.7						-12.59999999999999	8.100000000000005	0	1804	Calendar year total	62.8	16.616133246301	20.7	50.2	13.2823230726801	-12.59999999999999	8.100000000000005
129	1805/06	5th January	71.4					22.3						55	10.13	23.156	4.6		37.886			6.3			6.213999999999997	50.4	4.6								4.6						-16.40000000000001	5.899999999999995	0	1805	Calendar year total	71.4	17.34432416412836	22.3	55	13.36047379589719	-16.40000000000001	5.899999999999995
130	1806/07	5th January	72.9					23.2						60.1	10.799	24.053	4.9		39.752			6.4			7.747999999999998	53.9	6.2								6.2						-12.8	10.4	0	1806	Calendar year total	72.9	17.46316051808069	23.2	60.1	14.3969265725192	-12.8	10.4
131	1807/08	5th January	73.3					23.8						64.8	12.648	26.711	5		44.35899999999999			7			3.241000000000003	54.59999999999999	10.2								10.2						-8.5	15.3	0	1807	Calendar year total	73.3	16.45577448366386	23.8	64.8	14.54753324067419	-8.5	15.3
132	1808/09	5th January	78					23.1						68.2	12.607	27.628	5.4		45.635			7.6			3.565000000000005	56.8	11.4								11.4						-9.799999999999997	13.3	0	1808	Calendar year total	78	17.89197712999758	23.1	68.2	15.64401077263892	-9.799999999999997	13.3
133	1809/10	5th January	81.5					24.2						69.2	14.575	24.75	6		45.325			8.4			3.074999999999999	56.8	12.4								12.4						-12.3	11.9	0	1809	Calendar year total	81.5	17.1542123468558	24.2	69.2	14.56529440984566	-12.3	11.9
