## Sheet: A27. Central govt borrowing (continued)
	A	B	C	D	E	F	G	H	I	J	K	L	M	N	O	P	Q	R	S	T	U	V	W	X	Y	Z	AA	AB	AC	AD	AE	AF	AG	AH	AI	AJ	AK	AL	AM	AN	AO	AP	AQ	AR	AS	AT	AU	AV	AW	AX	AY	AZ
46	1722/23	End September	5.671					2.9						5.993	1.604	2.78	0.144		4.528			1.224			0.2409999999999999	5.993															0.3220000000000001	3.222	0	1722	Calendar year total	6.651249999999999	7.83910490401381	2.975	6.110750000000001	7.202076345379052	-0.5404999999999995	2.4345
47	1723/24	End September	5.438					2.9						5.773	1.624	2.633	0.151		4.407999999999999			1.207			0.1580000000000001	5.773															0.335	3.235	0	1723	Calendar year total	5.61275	6.626857785748308	2.9	5.938	7.010873730662056	0.32525	3.22525
48	1724/25	End September	5.516					2.8						5.96	1.711	2.741	0.155		4.607			1.148			0.2049999999999998	5.96															0.444	3.244	0	1724	Calendar year total	5.4575	6.509493696751724	2.875	5.81975	6.941571404795391	0.36225	3.23725
49	1725/26	End September	5.543					2.7						5.518	1.427	2.659	0.151		4.237			1.14			0.1409999999999998	5.518															-0.02500000000000036	2.675	0	1725	Calendar year total	5.52275	6.297827798778959	2.774999999999999	5.8495	6.670434785017886	0.3267499999999999	3.10175
50	1726/27	End September	5.86					2.8						6.103	1.648	2.879	0.157		4.684			1.287			0.1319999999999997	6.103															0.2429999999999994	3.042999999999999	0	1726	Calendar year total	5.62225	6.46892497677297	2.725000000000001	5.664249999999999	6.517249908788526	0.04199999999999959	2.766999999999999
51	1727/28	End September	6.504					2.3						6.741	1.833	2.626	0.162		4.621			1.977			0.143	6.741															0.2370000000000001	2.537	0	1727	Calendar year total	6.021000000000001	7.068940509244493	2.675	6.262499999999999	7.352473001020366	0.2414999999999996	2.916499999999999
52	1728/29	End September	5.711					2.3						6.294	1.669	2.649	0.159		4.476999999999999			1.644			0.1730000000000003	6.294															0.5829999999999993	2.882999999999999	0	1728	Calendar year total	6.30575	6.795270067797202	2.3	6.62925	7.143883613677136	0.3234999999999999	2.6235
53	1729/30	End September	5.574					2.3						6.265	1.601	2.81	0.154		4.565			1.558			0.1420000000000001	6.265															0.6909999999999998	2.991	0	1729	Calendar year total	5.67675	6.619283818088729	2.3	6.28675	7.330564591248391	0.6099999999999994	2.909999999999999
54	1730/31	End September	5.347					2.1						6.08	1.525	2.786	0.163		4.474			1.217			0.3889999999999998	6.08															0.7329999999999997	2.833	0	1730	Calendar year total	5.517250000000001	6.719945919318037	2.25	6.21875	7.57436470809897	0.7014999999999998	2.9515
55	1731/32	End September	4.974					2.2						5.803	1.689	2.712	0.143		4.544			1.129			0.1300000000000003	5.803000000000001															0.8289999999999997	3.029	0	1731	Calendar year total	5.25375	6.563926039815939	2.125	6.010750000000001	7.509706103987372	0.7569999999999997	2.882
56	1732/33	End September	4.595					2.1						5.522	1.521	3.028	0.127		4.675999999999999			0.721			0.125000000000001	5.522															0.9270000000000005	3.027000000000001	0	1732	Calendar year total	4.87925	5.920808689446444	2.175	5.732749999999999	6.956502744156192	0.8534999999999999	3.0285
57	1733/34	End September	6.36					2.1						5.448	1.56	2.918	0.138		4.616			0.71			0.1220000000000008	5.448															-0.9119999999999999	1.188	0	1733	Calendar year total	5.03625	5.929233849790879	2.1	5.503500000000001	6.479332537567458	0.4672500000000004	2.56725
58	1734/35	End September	5.852					2.2						5.652	1.479	2.843	0.137		4.459			1.07			0.1230000000000004	5.652															-0.2000000000000002	2	0	1734	Calendar year total	6.233000000000001	7.339677685278138	2.125	5.499000000000001	6.475354980161156	-0.734	1.391
59	1735/36	End September	5.793					2.1						5.762	1.54	2.837	0.137		4.514000000000001			1.127			0.1209999999999984	5.762															-0.03100000000000058	2.069	0	1735	Calendar year total	5.83725	6.907265986607931	2.175	5.6795	6.72059911275682	-0.1577500000000003	2.01725
60	1736/37	End September	5.129					2.1						6.077	1.722	2.954	0.142		4.818000000000001			1.108			0.1509999999999994	6.077															0.9480000000000004	3.048	0	1736	Calendar year total	5.627000000000001	6.240594823725487	2.1	5.84075	6.477653139625846	0.2137499999999997	2.31375
61	1737/38	End September	4.725					2.1						5.716	1.37	2.921	0.138		4.429			1.145			0.1419999999999999	5.715999999999999															0.9910000000000005	3.091000000000001	0	1737	Calendar year total	5.028	5.977636249272363	2.1	5.986750000000001	7.117464959294218	0.9587500000000004	3.058750000000001
62	1738/39	End September	5.21					2.1						5.82	1.398	3.025	0.135		4.558			1.134			0.1280000000000006	5.82															0.6100000000000003	2.71	0	1738	Calendar year total	4.84625	5.739952965402281	2.1	5.742	6.800889332440527	0.8957500000000005	2.995750000000001
63	1739/40	End September	6.161					2.1						5.745	1.42	2.817	0.133		4.37			1.252			0.123	5.745															-0.4159999999999995	1.684000000000001	0	1739	Calendar year total	5.447749999999999	6.454264838998648	2.1	5.80125	6.873076755952625	0.3535000000000004	2.4535
64	1740/41	End September	7.388					2						6.244	1.435	2.587	0.131		4.153			1.983			0.1079999999999992	6.244															-1.144	0.8559999999999999	0	1740	Calendar year total	6.467749999999999	7.214832715950562	2.075	5.86975	6.547758391163979	-0.5979999999999996	1.477
65	1741/42	End September	8.533					2						6.416	1.28	2.815	0.132		4.226999999999999			2.083			0.1060000000000008	6.416															-2.116999999999999	-0.1169999999999991	0	1741	Calendar year total	7.674250000000001	8.214582890285193	2	6.287	6.72965861565925	-1.38725	0.6127500000000001
66	1742/43	End September	8.979					2.1						6.567	1.278	2.903	0.13		4.311			2.13			0.1260000000000003	6.567															-2.411999999999999	-0.3119999999999989	0	1742	Calendar year total	8.644499999999999	9.260891996342764	2.025	6.45375	6.913931600601205	-2.190749999999999	-0.1657499999999991
67	1743/44	End September	9.398					2.2						6.576	1.141	3.111	0.135		4.387			2.079			0.109999999999999	6.576000000000001															-2.822	-0.6219999999999999	0	1743	Calendar year total	9.083749999999998	10.08599964966914	2.125	6.56925	7.294063927187453	-2.514499999999999	-0.3894999999999992
68	1744/45	End September	8.92					2.3						6.451	1.156	2.921	0.134		4.211			2.117			0.1229999999999993	6.451															-2.469	-0.1690000000000005	0	1744	Calendar year total	9.2785	10.52600948392021	2.225	6.54475	7.424702330105816	-2.733750000000001	-0.50875
69	1745/46	End September	9.804					2.3						6.249	1.017	2.951	0.129		4.097			2.061			0.09100000000000019	6.249															-3.555000000000001	-1.255000000000001	0	1745	Calendar year total	9.141	10.48593032791998	2.3	6.400499999999999	7.342216066497303	-2.7405	-0.4405000000000006
70	1746/47	End September	11.453					2.7						6.961	1.328	3.218	0.132		4.678			2.174			0.1090000000000004	6.961															-4.491999999999999	-1.791999999999999	0	1746	Calendar year total	10.21625	11.05876156275379	2.4	6.427	6.957020488321903	-3.78925	-1.38925
71	1747/48	End September	11.943					2.8						7.199	1.395	3.41	0.136		4.941			2.152			0.1059999999999999	7.199															-4.744	-1.944	0	1747	Calendar year total	11.5755	12.16516568739394	2.725000000000001	7.0205	7.378130163565221	-4.555	-1.829999999999999
72	1748/49	End September	12.544					3						7.494	1.618	3.394	0.132		5.144			2.229			0.1209999999999996	7.494															-5.050000000000001	-2.050000000000001	0	1748	Calendar year total	12.09325	12.6032072792741	2.85	7.27275	7.579432802624662	-4.8205	-1.9705
73	1749/50	End September	7.185					3.2						7.467	1.537	3.454	0.136		5.127			2.212			0.1279999999999997	7.467000000000001															0.282	3.482	0	1749	Calendar year total	11.20425	11.62394378241492	3.05	7.48725	7.767710742342068	-3.717000000000001	-0.6670000000000005
74	1750/51	End September	6.425					3						7.097	1.588	3.468	0.134		5.19			1.769			0.1380000000000001	7.097															0.6720000000000006	3.672000000000001	0	1750	Calendar year total	6.995	7.180390709396007	3.15	7.3745	7.569948718576248	0.3795000000000002	3.529500000000001
75	1751/52	10th October	7.037					2.9						6.992	1.635	3.402	0.135		5.172			1.685			0.1350000000000002	6.991999999999999															-0.04499999999999993	2.855	0	1751	Calendar year total	6.577999999999999	6.867176351140087	2.975	7.07075	7.381588200794128	0.4927500000000005	3.467750000000001
76	1752/53	10th October	5.952					2.8						7.338	1.77	3.582	0.132		5.484			1.728			0.1260000000000001	7.338															1.386	4.186	0	1752	Calendar year total	6.765750000000001	6.557668765777526	2.875	7.0785	6.860800112117093	0.3127500000000001	3.18775
77	1753/54	10th October	6.03					2.8						6.827	1.587	3.692	0.135		5.414			1.288			0.1250000000000002	6.827															0.7969999999999997	3.597	0	1753	Calendar year total	5.971500000000001	5.837932886783637	2.8	7.21025	7.048975231839858	1.23875	4.03875
78	1754/55	10th October	7.119					2.7						6.938	1.782	3.66	0.137		5.579000000000001			1.236			0.1229999999999991	6.938															-0.181	2.519	0	1754	Calendar year total	6.30225	6.390504801830398	2.774999999999999	6.85475	6.950741844634363	0.5524999999999998	3.3275
79	1755/56	10th October	9.589					2.8						7.006	1.699	3.649	0.165		5.513			1.375			0.1180000000000003	7.006															-2.583	0.2169999999999996	0	1755	Calendar year total	7.736499999999999	7.7525795479327	2.725000000000001	6.955	6.969455277693005	-0.7815000000000001	1.9435
80	1756/57	10th October	11.214					2.8						7.969	1.872	3.303	0.239		5.414			2.043			0.5120000000000005	7.969															-3.245	-0.4450000000000003	0	1756	Calendar year total	9.99525	9.722661388186369	2.8	7.24675	7.049117972520905	-2.7485	0.05149999999999966
81	1757/58	10th October	13.2					2.9						7.946	1.918	3.477	0.277		5.672			2.139			0.1350000000000002	7.946															-5.254	-2.354	0	1757	Calendar year total	11.7105	10.08670536165425	2.825	7.96325	6.859054393167944	-3.74725	-0.9222500000000001
82	1758/59	10th October	15.382					3.4						8.155	1.83	3.615	0.282		5.727			2.216			0.2119999999999989	8.155															-7.227	-3.827	0	1758	Calendar year total	13.7455	11.77103304280279	3.025	7.998250000000001	6.849344515266631	-5.747249999999999	-2.72225
83	1759/60	10th October	17.993					3.8						9.207	2.113	4.218	0.289		6.619999999999999			2.407			0.1800000000000015	9.207															-8.785999999999998	-4.985999999999998	0	1759	Calendar year total	16.03475	14.48138590858582	3.5	8.418	7.602507465253615	-7.61675	-4.11675
84	1760/61	10th October	21.112					4.4						9.594	2.191	4.671	0.307		7.169			2.253			0.1719999999999988	9.594															-11.518	-7.117999999999999	0	1760	Calendar year total	18.77275	16.38469626849198	3.95	9.30375	8.12023373815676	-9.468999999999998	-5.518999999999998
85	1761/62	10th October	20.04					4.7						9.459	1.824	4.816	0.289		6.928999999999999			2.386			0.1440000000000001	9.459															-10.581	-5.880999999999999	0	1761	Calendar year total	20.844	17.87219731652293	4.475000000000001	9.56025	8.197211398737688	-11.28375	-6.808749999999999
86	1762/63	10th October	17.723					4.9						9.793	2.283	4.793	0.299		7.375000000000001			2.288			0.1299999999999986	9.793															-7.93	-3.029999999999999	0	1762	Calendar year total	19.46075	16.82802899259648	4.75	9.5425	8.251555909297018	-9.91825	-5.168249999999999
87	1763/64	10th October	10.686					4.8						10.221	2.282	5.027	0.302		7.611			2.316			0.2940000000000005	10.221															-0.4649999999999999	4.335	0	1763	Calendar year total	15.96375	13.13841064029075	4.875	9.899999999999999	8.147851559870233	-6.06375	-1.18875
88	1764/65	10th October	12.017					4.7						10.928	2.324	4.935	0.302		7.560999999999999			2.243			1.124000000000002	10.928															-1.088999999999999	3.611000000000002	0	1764	Calendar year total	11.01875	8.983429939888254	4.774999999999999	10.39775	8.477137484512589	-0.6209999999999996	4.154
