## Sheet: A30a. Nat Debt mkt vals 1727

`data region 1: A1:M294`
	A	B	C	D	E	F	G	H	I	J	K	L	M
1	Back to front page	A30a. Market values of Government Debt 1727-2016											
2		£mn											
3		Great Britain National Debt at Market Values including terminable annuities and Irish debt funded in GB	Irish scaling factor to add in Irish debt funded in Ireland	Market value of UK debt	3% Consol yield, Jan obs to 1855, March obs thereafter	Market value of UK debt	2.5% consol yield, March observation, uncorrected yields used to obtain price	Market value of UK debt	Post-1900 data	Spliced measure of market value of UK central government gross debt	as a % UK nominal GDP	GB debt as a % of GB GDP up to 1830, UK basis  after 1830	Ratio of market to par value
4	FY ending	Clark (2001)									GDP of GB+Ireland up to 1920, GB+NI after 1920		
5	1727	74	1.000954484552181	74.07063185686135						74.07063185686135	75.27231400443233	86.87952128950214	1.294177871668761
6	1728	73.8	1.000952514668237	73.87044095995091						73.87044095995091	69.15603537798496	79.52914895189843	1.299627470259453
7	1729	73.6	1.000954484552181	73.67025006304048						73.67025006304048	74.23881667091342	85.82010640090374	1.305422419899144
8	1730	72.3	1.003918246320025	72.58328920893783						72.58328920893783	76.17426404100972	88.06055371184812	1.305890071319868
9	1731	75.7	1.003877187467254	75.99350309127111						75.99350309127111	81.6996243240362	94.5780064171433	1.360298605395249
10	1732	75	1.006005680463109	75.45042603473321						75.45042603473321	78.91675425921235	91.01002238222746	1.385882302489787
11	1733	75.7	1.006005680463109	76.15463001105739						76.15463001105739	77.51810168640816	89.1224626317537	1.404658309574305
12	1734	70.3	1.005782139613195	70.7064844148076						70.7064844148076	72.14667407018402	82.78186126665379	1.327199747595684
13	1735	71.5	1.005626190581668	71.9022726265893						71.9022726265893	73.87570527583877	84.60653870272252	1.349758085792328
14	1736	74.8	1.00537657909691	75.20216811644883						75.20216811644883	72.78468775557427	82.95654750571643	1.392030241351035
15	1737	75	1.005384391965862	75.40382939743962						75.40382939743962	78.12803788840478	89.16521851539923	1.424303171375852
16	1738	72.1	1.005300676293182	72.48217876073844						72.48217876073844	74.93981893336758	85.39605030807418	1.401782476370063
17	1739	70.8	1.005153442592507	71.16486373554946						71.16486373554946	73.73482682428885	83.88085918059829	1.393495701056557
18	1740	71	1.005060117914675	71.3592683719419						71.3592683719419	69.91855791817639	79.20113220710294	1.387590190857767
19	1741	72.8	1.006555395415872	73.2772327862755						73.2772327862755	69.13812108494028	77.9257431557171	1.39171068818919
20	1742	74.8	1.006733931407862	75.30369806930804						75.30369806930804	71.15157140828968	80.13357872941626	1.363950464926279
21	1743	77.8	1.006640443260162	78.31662648564057						78.31662648564057	76.67756364343607	86.38401241164269	1.365750289287541
22	1744	80.5	1.006188860051907	80.99820323417849						80.99820323417849	81.08942281925492	91.3233565183572	1.334145378672929
23	1745	80.6	1.005951238241505	81.07966980226531						81.07966980226531	82.04761866664367	92.45881024290019	1.269686089490001
24	1746	82	1.005518744083871	82.4525370148774						82.4525370148774	78.91497681097604	88.76235880541405	1.18833823013578
25	1747	87.3	1.005630227487226	87.79151885963485						87.79151885963485	81.69875569752979	91.74713528655278	1.189643301164539
26	1748	92.9	1.005267778753292	93.38937664618088						93.38937664618088	86.20010239750185	96.81747720791051	1.158120142250572
27	1749	95.5	1.005081400394753	95.98527373769896						95.98527373769896	88.22156066241861	99.07728149770176	1.161881067111322
28	1750	101.5	1.004872527502864	101.9945615415407						101.9945615415407	92.50872123084315	104.1900867767969	1.233711431312082
29	1751	99.1	1.003186919772759	99.41582374948038						99.41582374948038	91.3315181571749	103.4565485554853	1.200461687587709
30	1752	102.8	1.003100492431151	103.1187306219223						103.1187306219223	87.94672022258199	99.63837699027154	1.262957890263127
31	1753	101.2	1.001608216008803	101.3627514600909						101.3627514600909	86.90099741418653	98.93641599974947	1.271737446187112
32	1754	99.3	1.001186172616358	99.41778694080435						99.41778694080435	88.10199018097354	100.6905671501065	1.294650185159363
33	1755	95	1.000250759243264	95.02382212811011						95.02382212811011	83.14058015016646	95.1974480777621	1.237717218207468
34	1756	93.2	1.000189737890657	93.21768357140921						93.21768357140921	79.17980026537565	90.6582668146339	1.185702347892397
35	1757	96.5	1.000104177518491	96.51005313053442						96.51005313053442	72.87976229711093	83.11917231541224	1.167264483550263
36	1758	105.9	1.000061128430833	105.9064735008252						105.9064735008252	79.38970017829104	90.6880360287233	1.205542180703868
37	1759	104.7	1.000055994176606	104.7058625902906						104.7058625902906	82.45208464858271	94.55720261487924	1.096686070156895
38	1760	108.6	1.0028977167636	108.9146920405269						108.9146920405269	82.9310411743991	94.78515479928244	1.010279779269128
39	1761	106.6	1.002993465483883	106.9191034205819						106.9191034205819	79.93191120183008	91.40166157845637	0.8694857533322864
40	1762	117.8	1.004184789771978	118.2929682351391						118.2929682351391	88.9906301843052	101.8635877511332	0.8659524815116456
41	1763	148.3	1.004669260700389	148.9924513618677						148.9924513618677	106.6960800642275	122.053170336238	1.03492116887524
42	1764	146.6	1.004415697493625	147.2473412525655						147.2473412525655	104.3552475170605	119.5208920419846	1.015782439073945
43	1765	151.8	1.004221420827214	152.4408116815711						152.4408116815711	107.6507318619649	123.4622953556534	1.053714754004282
44	1766	153.4	1.004809606960144	154.1377937076862						154.1377937076862	106.1894036336827	121.8540175699058	1.068358078425653
45	1767	151.9	1.004707423713837	152.6150576621319						152.6150576621319	101.2191797698043	116.2105988934648	1.055212551726097
46	1768	157.8	1.004556353067251	158.5189925140122						158.5189925140122	107.4391005182466	123.7214188331942	1.104154000228591
47	1769	144.3	1.00472674713856	144.9820696120943						144.9820696120943	96.63740452544803	111.3033098055708	1.028741545737341
48	1770	140	1.005025125628141	140.7035175879397						140.7035175879397	95.48055950805166	110.2217682895206	1.000047338798545
49	1771	140.8	1.005816483994777	141.6189609464646						141.6189609464646	90.34996096071407	104.1141784094469	1.017078977335832
50	1772	149.7	1.006585810644008	150.6858958534079						150.6858958534079	95.45442075310852	110.0688283112514	1.085082155480165
51	1773	143	1.0064	143.9152						143.9152	89.428272916523	103.2409952602271	1.036147061236495
52	1774	142.5	1.006425702811245	143.4156626506024						143.4156626506024	89.38486078034414	103.3710038688229	1.039097036830148
53	1775	143.6	1.006396243219173	144.5185005262732						144.5185005262732	86.77024620796927	100.2902193337536	1.049752321960756
54	1776	144.7	1.006282270569241	145.6090445513692						145.6090445513692	86.2332070212537	99.78470730818084	1.029479751016607
55	1777	136.1	1.006040856479702	136.9221605668875						136.9221605668875	76.85743786211987	88.82293695674996	0.9315770291501421
56	1778	128.1	1.006896247824267	128.9834093462886						128.9834093462886	72.6824042632566	84.05001790239052	0.825058651580784
57	1779	129.3	1.006559048902983	130.1480850231557						130.1480850231557	75.60033385563798	87.70974353343111	0.766150020997205
58	1780	133.4	1.006051778475261	134.2073072485998						134.2073072485998	74.90232020701742	86.89614936555337	0.7165405176437245
59	1781	149.8	1.00757098150136	150.9341330289038						150.9341330289038	73.41132071808666	84.55344137304134	0.7269203889332109
60	1782	153.5	1.005959354148627	154.4147608618143						154.4147608618143	75.38642882357591	87.12927988943936	0.6570314416077967
61	1783	182.6	1.006670135768012	183.8179667912389						183.8179667912389	91.66389285399113	106.2647652197555	0.7197597555252995
62	1784	168.9	1.006203528531832	169.9477759690264						169.9477759690264	87.55381421802741	101.8333488623174	0.6439804571682655
63	1785	177.5	1.005776076297938	178.525253542884						178.525253542884	92.24676067031085	107.4218255079197	0.6686179506662133
64	1786	220.4	1.006140943682132	221.7534639875418						221.7534639875418	106.7633588470143	124.0168965384397	0.8353840910270731
65	1787	222	1.006869612068966	223.5250538793103						223.5250538793103	109.8468950634593	127.7545456324218	0.826302153317084
66	1788	224.6	1.006717094284964	226.108659376403						226.108659376403	114.7652640247251	133.9184387934225	0.8388370922115324
67	1789	226.1	1.006760039895317	227.6284450203312						227.6284450203312	114.6207880495013	133.862733173324	0.8460717846338922
68	1790	231.4	1.006806457981066	232.9750143768186						232.9750143768186	106.7469437285305	124.2038493366263	0.8655462723000875
69	1791	244.4	1.006853517937549	246.074999783937						246.074999783937	111.7029140836343	129.9956369493453	0.9129864054234013
70	1792	253.9	1.006898231512653	255.6514609810625						255.6514609810625	105.7341045454101	122.6549341648565	0.9508879477049973
71	1793	224	1.007127974558614	225.5966663011295						225.5966663011295	95.55136836721823	111.1402059602424	0.8441096067161147
72	1794	213.5	1.008490281429125	215.3126750851183						215.3126750851183	93.08119143446773	108.3961089905118	0.7869515712090547
73	1795	221.4	1.012006090815198	224.0581485064847						224.0581485064847	80.08487270927444	92.2074664507465	0.7642540151711338
74	1796	258.8	1.015025333606786	262.6885563374362						262.6885563374362	89.7391949393494	102.9056401797266	0.7830977785775944
75	1797	245.3	1.01553493989131	249.1107207553384						249.1107207553384	84.89110365103801	97.3005915164297	0.6486531760286477
76	1798	248.2	1.016969483718252	252.4118258588702						252.4118258588702	81.83799954716913	93.38189750121498	0.6021207423942524
77	1799	308.6	1.01995932797605	314.7594486134089						314.7594486134089	92.65429662035166	104.9008067484212	0.6838007372918942
78	1800	350.4	1.023760120723178	358.7255463014017						358.7255463014017	92.8043665872503	104.3431334583749	0.7608545128714903
79	1801	355.3	1.02758205442871	365.0999039385206						365.0999039385206	88.63845745299349	99.14228570815906	0.7328919075713541
80	1802	428.2	1.024445442965443	438.6675386778025						438.6675386778025	121.8986629209099	138.371090722304	0.8015972821663307
81	1803	406.8	1.026147630856052	417.4368562322418						417.4368562322418	117.3228009176986	133.3714499809279	0.7413177243606606
82	1804	385.6	1.02543535947852	395.4078746149172						395.4078746149172	104.6202218350023	118.7767635657719	0.6899426972112784
83	1805	415.2	1.026636418530369	426.2594409738093						426.2594409738093	103.5459652978976	116.9622357938634	0.7147887869253949
84	1806	441	1.024849038294861	451.9584258880337						451.9584258880337	108.2664271437833	122.6084825265763	0.722418857470385
85	1807	456.5	1.027884537181402	469.2292912233099						469.2292912233099	105.341492462486	118.584358902657	0.7257603324167451
86	1808	505.2	1.026919230362257	518.799595179012						518.799595179012	119.004493487114	134.510908122094	0.7871323418960525
87	1809	515.8	1.029741335241795	531.140580717718						531.140580717718	111.7950712596814	125.461416019942	0.792864297689755
88	1810	524.4	1.030808567715974	540.556012910257						540.556012910257	103.5804619142709	115.6243390375633	0.7921039936692762
89	1811	526.4	1.029492513096516	541.924858894006						541.924858894006	108.2608812517891	121.4517695134898	0.7868074979099758
90	1812	506	1.032598294458534	522.494736996018						522.494736996018	102.6348246643031	114.7765463230519	0.7418087733125621
91	1813	537.1	1.032668698572237	554.6463580031486						554.6463580031486	101.5029387641143	113.1535457528161	0.7529651208023671
92	1814	597.5	1.031197343916282	616.1404129899788						616.1404129899788	117.7063414686858	131.9670225778	0.7492702214847298
