## Sheet: A29. The National Debt (continued)
	A	B	C	D	E	F	G	H	I	J	K	L	M	N	O	P	Q	R	S	T	U	V	W	X	Y	Z	AA	AB	AC	AD	AE	AF	AG	AH	AI	AJ	AK	AL	AM	AN	AO	AP	AQ	AR
101	1782/83	10th October	211.39	215.365					25th March		1.41	1.41		212.8	212.8	216.775	211.39	215.365		10th October	19	17.8		231.8	234.575		23.58794768691081	22.94147837495925	23.53866368691081	22.89342637495925		255.3879476869108				255.3879476869108	253.9779476869108	255.3879476869108		1783	257.5164783749593	128.4148839961189	256.7036636869108	149.862695042351
102	1783/84	10th October	227.29	230.0235					25th March		1.41	1.3845		228.7	228.7	231.408	227.29	230.0235		10th October	14.2	12.1		242.9	243.508		21.00207043910459	21.15314593455423	20.95771443910459	21.10807768455423		263.9020704391046				263.9020704391046	262.4920704391046	263.9020704391046		1784	264.6611459345542	136.3483144734263	263.0812144391045	159.5697501732039
103	1784/85	10th October	238.224	238.22725					25th March		1.376	1.44125		239.6	239.6	239.6685	238.224	238.22725		10th October	5.8	5.95		245.4	245.6185		21.60637242090316	21.04250586548044	21.55916742090316	20.99117012535098		267.0063724209032				267.0063724209032	265.6303724209032	267.0063724209032		1785	266.6610058654804	137.7878675426076	265.7364174209031	161.3814762921014
104	1785/86	10th October	238.237	238.1115625					25th March		1.463	1.58975		239.7	239.7	239.7013125	238.237	238.1115625		10th October	6.4	6.45		246.1	246.1513125		19.35090619921227	20.69130241963245	19.28717823869444	20.62766193094394		265.4509061992123				265.4509061992123	263.9879061992123	265.4509061992123		1786	266.8426149196324	128.4715617968471	263.8487407386944	150.1496958554209
105	1786/87	1st Feb	237.568	236.2351666666667					25th March		1.632	1.5975		239.2	239.2	237.8326666666667	237.568	236.2351666666667		10th October	6.6	6.8		245.8	244.6326666666667		24.71249108089299	24.64690442339818	24.64911300769243	24.58385841047216		270.512491080893				270.512491080893	268.880491080893	270.512491080893		1787	269.2795710900648	132.3320329193826	267.6842796743591	154.9625642013723
106	1787/88	1st Feb	236.114	234.739					25th March		1.586	1.586		237.7	237.7	236.325	236.114	234.739		10th October	7.4	7.575		245.1	243.9		24.45014445091374	24.52299012683857	24.38809461881135	24.46154167808742		269.5501444509137				269.5501444509137	267.9641444509137	269.5501444509137		1788	268.4229901268386	136.2426163472611	266.7020946188113	160.0480310509727
107	1788/89	1st Feb	234.614	233.1473333333333					25th March		1.586	1.586		236.2	236.2	234.7333333333333	234.614	233.1473333333333		10th October	8.1	8.425		244.3	243.1583333333333		24.74152715461307	24.84746815038901	24.68188285591563	24.78762344003023		269.041527154613				269.041527154613	267.455527154613	269.041527154613		1789	268.0058014837223	134.9525370836615	266.254216189249	158.6731052318371
108	1789/90	1st Feb	233.014	231.5473333333333					25th March		1.586	1.586		234.6	234.6	233.1333333333333	233.014	231.5473333333333		10th October	9.4	9.575		244	242.7083333333333		25.16529113771685	25.48085879606447	25.10484519237403	25.42127225148021		269.1652911377168				269.1652911377168	267.5792911377168	269.1652911377168		1790	268.1891921293978	122.8817462568443	266.2271785257074	143.9504322080866
109	1790/91	1st Feb	231.414	230.039					25th March		1.586	1.586		233	233	231.625	231.414	230.039		10th October	10.1	10.075		243.1	241.7		26.42756177110735	26.6595479996267	26.37055342879875	26.60262701019081		269.5275617711073				269.5275617711073	267.9415617711073	269.5275617711073		1791	268.3595479996267	121.8187282740862	266.4845534287987	142.7396496466852
110	1791/92	1st Feb	229.914	228.1365833333333					25th March		1.586	1.61525		231.5	231.5	229.7518333333333	229.914	228.1365833333333		10th October	10	10.825		241.5	240.5768333333333		27.35550668518476	26.6066101142752	27.29884775436699	26.54760688143078		268.8555066851848				268.8555066851848	267.2695066851848	268.8555066851848		1792	267.1834434476085	110.5035818449118	266.2604310877003	129.0719482709968
111	1792/93	1st Feb	227.975	231.6920833333333					25th March		1.625	1.88375		229.6	229.6	233.5758333333333	227.975	231.6920833333333		10th October	13.3	13.875		242.9	247.4508333333333		24.3599204015465	24.27080604767486	24.29388426262214	24.18246707055742		267.2599204015465				267.2599204015465	265.6349204015465	267.2599204015465		1793	271.7216393810082	115.087580342091	269.8609675959555	134.8178525208034
112	1793/94	1st Feb	232.03	243.8815833333333					25th March		1.97	2.69825		234	234	246.5798333333333	232.03	243.8815833333333		10th October	15.6	16.6		249.6	263.1798333333334		24.00346298605995	24.42068568223801	23.84821549436326	24.22421672906976		273.6034629860599				273.6034629860599	271.6334629860599	273.6034629860599		1794	287.6005190155714	124.3317373515413	284.3297988276966	146.0176918264152
113	1794/95	1st Feb	244.959	293.0583333333333					25th March		2.941	4.087		247.9	247.9	297.1453333333333	244.959	293.0583333333333		10th October	19.6	16.825		267.5	313.9703333333333		25.67235377077219	25.51625661561009	25.35222043318928	25.1481906331093		293.1723537707722				293.1723537707722	290.2313537707722	293.1723537707722		1795	339.4865899489434	121.3423413689411	335.2355537665226	141.3875264371975
114	1795/96	1st Feb	297.431	342.0653333333333					25th March		4.469	5.15		301.9	301.9	347.2153333333333	297.431	342.0653333333333		10th October	8.5	8.3		310.4	355.5153333333333		25.0479651501238	24.99672735975005	24.53610123286937	24.45140768703133		335.4479651501238				335.4479651501238	330.9789651501238	335.4479651501238		1796	380.5120606930834	129.9898498336063	374.9014345662027	151.3015347825686
115	1796/97	1st Feb	346.123	370.0580833333333					25th March		5.377	6.118749999999999		351.5	351.5	376.1768333333333	346.123	370.0580833333333		10th October	7.7	8.925		359.2	385.1018333333333		24.8430139886288	24.90592746970437	24.1973270495172	24.23949556180936		384.0430139886288				384.0430139886288	378.6660139886288	384.0430139886288		1797	410.0077608030377	139.7210493973282	403.1804103828505	162.6335004177024
116	1797/98	1st Feb	372.234	397.6797500000001		25th March	2.91	5.36475	25th March		6.366	7.671749999999999		378.6	381.51	410.7162500000001	375.1440000000001	403.0445000000001		10th October	12.6	14.075		394.1100000000001	424.79125		25.0946679129311	25.70243330948403	24.36600109868585	24.98761772038501		419.2046679129312				419.2046679129312	412.8386679129312	419.2046679129312		1798	450.4936833094841	146.0609134506149	441.4855010986859	169.4921634155965
117	1798/99	1st Feb	399.9930000000001	401.4431666666667		25th March	6.183	10.4955	25th March		8.107	9.395499999999998		408.1	414.283	421.3341666666667	406.176	411.9386666666667		10th October	18.5	18.708		432.783	440.0421666666667		27.52572949914283	28.60418812570285	26.85246758548249	27.89645800509972		460.3087294991428				460.3087294991428	452.2017294991429	460.3087294991428		1799	468.6463547923695	137.9532800628021	457.4991342521491	159.3045388769487
118	1799/00	1st Feb	401.575	418.73775		25th March	11.933	14.84	25th March		9.825	12.002		411.4	423.333	445.57975	413.508	433.57775		5th January	19.54	23.7		442.873	469.27975		28.60418812570285	27.32337193349982	27.89645800509972	26.66560171005431		471.4771881257029				471.4771881257029	461.6521881257029	471.4771881257029		1800	496.6031219334998	128.4740901546141	485.1742080050997	147.8799253075137
119	1800/01	1st Feb	420.298	462.4115		5th January	14.84	18.922	5th January		12.002	11.86		432.3	447.14	493.1935	435.138	481.3335		5th January	23.7	20.5		470.84	513.6935		27.32337193349982	29.7197988897065	26.66560171005431	29.0578340483863		498.1633719334998				498.1633719334998	486.1613719334998	498.1633719334998		1801	543.4132988897065	131.9291406363585	528.4991017100543	151.6330890406319
120	1801/02	1st Feb	466.24	485.90525		5th January	18.922	21.225	5th January		11.86	13.307		478.1	497.022	520.43725	485.162	507.13025		5th January	20.5	15.4		517.522	535.8372499999999		29.7197988897065	25.47614073186983	29.0578340483863	24.8559917401155		547.2417988897065				547.2417988897065	535.3817988897065	547.2417988897065		1802	561.3133907318697	155.9799752132412	551.5880840483863	181.3861422526941
121	1802/03	1st Feb	487.693	490.905		5th January	21.225	23.952	5th January		13.307	13.103		501	522.225	527.9599999999999	508.918	514.857		5th January	15.4	19.5		537.625	547.4599999999999		25.47614073186983	25.35048548631717	24.8559917401155	24.7520585407745		563.1011407318698				563.1011407318698	549.7941407318698	563.1011407318698		1803	572.8104854863172	160.9913680331392	559.2129917401155	187.7988323834548
122	1803/04	1st Feb	491.197	499.3030833333333		5th January	23.952	31.563	5th January		13.103	14.16		504.3	528.252	545.0260833333333	515.149	530.8660833333333		5th January	19.5	25.3		547.752	570.3260833333333		25.35048548631717	25.28021182811108	24.7520585407745	24.5376967824048		573.1024854863172				573.1024854863172	559.9994854863172	573.1024854863172		1804	595.6062951614443	157.5903433557045	580.9181418741078	183.4652180982268
123	1804/05	1st Feb	500.04	522.0904166666667		5th January	31.563	35.484	5th January		14.16	13.905		514.2	545.763	571.4794166666667	531.6030000000001	557.5744166666667		5th January	25.3	26.3		571.063	597.7794166666666		25.28021182811108	25.83425624348591	24.5376967824048	24.58922456449112		596.3432118281111				596.3432118281111	582.1832118281111	596.3432118281111		1805	623.6136729101526	151.4868024668963	608.4121134490715	175.6725661252275
124	1805/06	1st Feb	524.095	538.5700833333333		5th January	35.484	37.997	5th January		13.905	16.114		538	573.484	592.6810833333333	559.5790000000001	576.5670833333332		5th January	26.3	27.1		599.784	619.7810833333333		25.83425624348591	25.43777224471633	24.58922456449112	24.41754527864573		625.6182562434859				625.6182562434859	611.713256243486	625.6182562434859		1806	645.2188555780497	154.561871663262	628.2563078978244	179.3861786393625
125	1806/07	1st Feb	539.886	543.1319166666667		5th January	37.997	42.511	5th January		16.114	15.773		556	593.997	601.4159166666667	577.8829999999999	585.6429166666667		5th January	27.1	32.1		621.097	633.5159166666667		25.43777224471633	25.2898494573126	24.41754527864573	24.36910286159388		646.5347722447164				646.5347722447164	630.4207722447163	646.5347722447164		1807	658.8057661239793	147.9012157690805	642.1604619453125	171.1370414396186
126	1807/08	1st Feb	543.427	542.4360833333334		5th January	42.511	44.514	5th January		15.773	17.454		559.2	601.711	604.4040833333333	585.938	586.9500833333334		5th January	32.1	39.3		633.811	643.7040833333333		25.2898494573126	26.28699348066685	24.36910286159388	25.46975315625231		659.1008494573126				659.1008494573126	643.3278494573126	659.1008494573126		1808	669.9910768140002	153.6854490212634	650.6191861949272	178.3869916388575
127	1808/09	1st Feb	542.346	548.7434166666667		5th January	44.514	47.1	5th January		17.454	18.375		559.8	604.314	614.2184166666667	586.86	595.8434166666667		5th January	39.3	39.7		643.6139999999999	653.9184166666668		26.28699348066685	27.93061167540703	25.46975315625231	27.12856510676808		669.9009934806668				669.9009934806668	652.4469934806668	669.9009934806668		1809	681.8490283420738	143.5163560819292	661.013169822919	165.8506099410977
128	1809/10	1st Feb	549.325	552.6149166666667		5th January	47.1	53.545	5th January		18.375	17.886		567.7	614.8000000000001	624.0459166666667	596.4250000000001	606.1599166666666		5th January	39.7	37.9		654.5000000000001	661.9459166666667		27.93061167540703	26.51922801452699	27.12856510676808	25.86299516898445		682.4306116754071				682.4306116754071	664.0556116754071	682.4306116754071		1810	688.4651446811936	131.9225686049162	671.1884817734347	151.7988697638509
129	1810/11	1st Feb	552.914	562.4665833333332		5th January	53.545	52.188	5th January		17.886	20.065		570.8	624.3449999999999	634.7195833333333	606.459	614.6545833333332		5th January	37.9	42.6		662.2449999999999	677.3195833333333		26.51922801452699	26.16432878523022	25.86299516898445	25.60430426043347		688.7642280145269				688.7642280145269	670.8782280145269	688.7642280145269		1811	703.4839121185635	140.535697933923	683.1175785023177	162.3088258948934
