## Sheet: A30a. Nat Debt mkt vals 1727 (continued)
	A	B	C	D	E	F	G	H	I	J	K	L	M
193	1915								883.5765000000002	883.5765000000002	29.1237253402149	29.1237253402149	0.7603928571428573
194	1916								2004.48975	2004.48975	57.00912604874396	57.00912604874396	0.9153757192437666
195	1917								3784.897249999999	3784.897249999999	87.00602684704288	87.00602684704288	0.931414816911113
196	1918								5674.883374999999	5674.883374999999	109.9052318731329	109.9052318731329	0.958417080441134
197	1919								7125.30575	7125.30575	128.4956832885139	128.4956832885139	0.9524409177794708
198	1920								7053.057124999999	7053.057124999999	116.1374691928877	115.2580631447567	0.8955580685915993
199	1921								7168.182375	7168.182375	149.3524833656745	149.3524833656745	0.9403238019965631
200	1922								7502.5126875	7502.5126875	172.0178466123532	172.0178466123532	0.9717651301729162
201	1923								7486.744874999999	7486.744874999999	179.8563640136922	179.8563640136922	0.9582910778742031
202	1924								7437.206125000001	7437.206125000001	174.1064042248749	174.1064042248749	0.9649310574116121
203	1925								7298.921749999999	7298.921749999999	165.4856818881182	165.4856818881182	0.952128484587589
204	1926								7261.895375000001	7261.895375000001	170.6601620548433	170.6601620548433	0.9512943100986417
205	1927								7302.906624999999	7302.906624999999	162.2858024397729	162.2858024397729	0.9542915082258547
206	1928								7308.114500000001	7308.114500000001	162.394229821189	162.394229821189	0.9576876556152536
207	1929								7111.179343749999	7111.179343749999	154.9055518253468	154.9055518253468	0.9331154251794407
208	1930								7357.5965	7357.5965	162.9416686372415	162.9416686372415	0.9685890971801691
209	1931								6935.96985	6935.96985	164.2121486877331	164.2121486877331	0.9146856545648764
210	1932								7738.315499999999	7738.315499999999	187.2508585095054	187.2508585095054	1.011809035041841
211	1933								8016.841875	8016.841875	190.5851163109374	190.5851163109374	1.019993368067484
212	1934								8600.315687499999	8600.315687499999	194.5507133504212	194.5507133504212	1.0709697757895
213	1935								8330.6193125	8330.6193125	180.3587886055818	180.3587886055818	1.054188513932476
214	1936								8250.616312500002	8250.616312500002	169.0500445731621	169.0500445731621	1.044170334172826
215	1937								7946.772288964902	7946.772288964902	152.2376032749566	152.2376032749566	1.004661536677443
216	1938								8159.258501752335	8159.258501752335	151.5561789751775	151.5561789751775	1.001258866333579
217	1939								8023.427567528528	8023.427567528528	138.5385064987575	138.5385064987575	0.9665499232063857
218	1940								8983.359151531957	8983.359151531957	127.7897590937115	127.7897590937115	0.9890081856099123
219	1941								11665.07877517011	11665.07877517011	137.7170795244258	137.7170795244258	1.009727490125262
220	1942								14440.63451033404	14440.63451033404	155.5954416329955	155.5954416329955	1.015066075531518
221	1943								17268.59322291667	17268.59322291667	174.8170452171157	174.8170452171157	1.015435239291588
222	1944								19886.70302898681	19886.70302898681	199.591405522823	199.591405522823	1.007283784499076
223	1945								22827.72247606204	22827.72247606204	235.4167567637774	235.4167567637774	1.012706564220433
224	1946								24170.26662368094	24170.26662368094	247.7413370196989	247.7413370196989	1.016672343354727
225	1947								26343.82421812642	26343.82421812642	249.8458914771111	249.8458914771111	1.022243340012511
226	1948								25701.49513307131	25701.49513307131	221.928116165023	221.928116165023	0.9972371980068564
227	1949								25521.69537033693	25521.69537033693	206.7706017203024	206.7706017203024	1.007496323606571
228	1950								25119.48157022908	25119.48157022908	194.4232319677173	194.4232319677173	0.9698716426470119
229	1951								25215.56959285832	25215.56959285832	173.8045877643943	173.8045877643943	0.9727628538692953
230	1952								23815.270243599	23815.270243599	151.1217097759946	151.1217097759946	0.9198281350121276
231	1953								24379.29042859789	24379.29042859789	144.2305533254327	144.2305533254327	0.9358293512186823
232	1954								25429.06582794035	25429.06582794035	142.595557830653	142.595557830653	0.9565912736688994
233	1955								25235.75496842515	25235.75496842515	130.1617235837897	130.1617235837897	0.9369479085329009
234	1956								24045.71452426873	24045.71452426873	114.2205706073947	114.2205706073947	0.8892974786149166
235	1957								24117.73234492365	24117.73234492365	108.0398349008809	108.0398349008809	0.8929847580318293
236	1958								23835.16936091392	23835.16936091392	101.6338451343763	101.6338451343763	0.8752632697162868
237	1959								24577.32776683788	24577.32776683788	99.92002181907502	99.92002181907502	0.8977691323362756
238	1960								24557.47470899147	24557.47470899147	92.97847459106266	92.97847459106266	0.8854965098976479
239	1961								24683.51712781003	24683.51712781003	87.93871220139667	87.93871220139667	0.8736909644559688
240	1962								25111.29300121304	25111.29300121304	85.4881630054233	85.4881630054233	0.8757513078472847
241	1963								26665.65381074218	26665.65381074218	85.38747257594603	85.38747257594603	0.8933815937664896
242	1964								26805.44871669896	26805.44871669896	78.54616203211228	78.54616203211228	0.8868341400350346
243	1965								26413.20451730161	26413.20451730161	71.56886283341898	71.56886283341898	0.8676851784534545
244	1966								27227.26091948698	27227.26091948698	69.06440636046719	69.06440636046719	0.8687425710566662
245	1967								28346.91294614162	28346.91294614162	67.93259429194215	67.93259429194215	0.8862287546470837
246	1968								29770.37356604469	29770.37356604469	64.9880450698437	64.9880450698437	0.8706315016097764
247	1969								28342.19528479565	28342.19528479565	57.04721083047312	57.04721083047312	0.8339864431731301
248	1970								28043.00142879095	28043.00142879095	50.15201629013333	50.15201629013333	0.8477584397590904
249	1971								28272.07059922336	28272.07059922336	45.13421232315351	45.13421232315351	0.8454060941099025
250	1972								31708.75986287702	31708.75986287702	45.10171376556008	45.10171376556008	0.8847310229597382
251	1973								30403.40224030115	30403.40224030115	37.31989914971848	37.31989914971848	0.8242755114626854
252	1974								30106.66034646206	30106.66034646206	32.64408507970775	32.64408507970775	0.7503217531828552
253	1975								37840	37840	33.03620537624082	33.03620537624082	0.9264518656350994
254	1976								45155	45155	33.16026789648386	33.16026789648386	0.8858611421733075
255	1977								57449	57449	36.18014182610558	36.18014182610558	0.9577706645326931
256	1978								69693	69693	37.6941008486081	37.6941008486081	0.9969530512402369
257	1979								77632	77632	35.35814974562646	35.35814974562646	0.9825840421223168
258	1980								79514	79514	30.77036194279655	30.77036194279655	0.9042772173636147
259	1981								96018	96018	33.35695674830641	33.35695674830641	0.9136826880073081
260	1982								104434	104434	32.97589501670361	32.97589501670361	0.9394503665722125
261	1983								126396	126396	36.29117700260995	36.29117700260995	1.024743805941108
262	1984								140352	140352	37.47376740162442	37.47376740162442	1.027640085812399
263	1985								150702	150702	36.56750461030768	36.56750461030768	1.017631051177992
264	1986								176217	176217	39.68556391079041	39.68556391079041	1.076272376915513
265	1987								191567	191567	38.88619363220234	38.88619363220234	1.077611520504022
266	1988								203443	203443	36.87505550933554	36.87505550933554	1.072564701416604
267	1989								194957	194957	31.98774681118473	31.98774681118473	1.051599052812704
268	1990								170497	170497	25.72180734706193	25.72180734706193	0.95514921317849
269	1991								180637	180637	25.87781754001931	25.87781754001931	1.006059627176982
270	1992								195179	195179	27.05389877260221	27.05389877260221	0.9960805728079531
271	1993								251199	251199	33.12026580701303	33.12026580701303	1.056003733021688
272	1994								304459	304459	38.19640993215304	38.19640993215304	1.061283890713125
273	1995								329144	329144	39.3408920857806	39.3408920857806	1.003723435074698
274	1996								367663	367663	41.17627953858215	41.17627953858215	1.005744563864505
275	1997								391032	391032	41.64988203716229	41.64988203716229	1.002900736340763
276	1998								421064	421064	42.95221501813716	42.95221501813716	1.069371604753282
277	1999								445661	445661	43.64069897816795	43.64069897816795	1.124977596926425
278	2000								428259	428259	39.62195023791174	39.62195023791174	1.097090114484359
279	2001								440236	440236	39.28661624612364	39.28661624612364	1.160843586349469
280	2002								424901	424901	36.23419394671224	36.23419394671224	1.125977178412241
281	2003								459141	459141	36.95451483320442	36.95451483320442	1.155702609978277
282	2004								492331	492331	37.73015632160653	37.73015632160653	1.123338086817637
283	2005								546937	546937	39.6487168501809	39.6487168501809	1.113836171872295
284	2006								608274	608274	41.78727765854838	41.78727765854838	1.130473730183805
285	2007								630375	630375	41.17702774203241	41.17702774203241	1.091857166116444
286	2008								690335	690335	44.1319557206895	44.1319557206895	1.115894917544671
287	2009								898952	898952	59.16263617511233	59.16263617511233	1.117808927778724
288	2010								1166540	1166540	74.18666161294651	74.18666161294651	1.102584581358311
289	2011								1307679	1307679	80.31074622575807	80.31074622575807	1.094816096072765
290	2012								1569916	1569916	93.72386635813746	93.72386635813746	1.18074485671609
291	2013								1731089	1731089	99.51286616236376	99.51286616236376	1.232689296377817
292	2014								1736853	1736853	95.30162196567315	95.30162196567315	1.156307836928821
293	2015								2005548	2005548	107.0931279415864	107.0931279415864	1.267740675328353
294	2016								2070854	2070854	106.7650287141357	106.7650287141357	1.271488347961699