## Sheet: A30a. Nat Debt mkt vals 1727 (continued)
	A	B	C	D	E	F	G	H	I	J	K	L	M
93	1815	644.8	1.034291946203245	666.9114469118524						666.9114469118524	123.5515891989077	137.9749683093464	0.7896944046163413
94	1816	617.8	1.030509956985221	636.6490514254693						636.6490514254693	131.9491931238565	149.0435860514412	0.7130381897015312
95	1817	702.2	1.030168252210965	723.3841467025399						723.3841467025399	144.6342222289381	163.1422529663375	0.8180195015046854
96	1818	745.6	1.030168252210965	768.0934488484957						768.0934488484957	147.9205490903703	166.6951598921006	0.8738188525292021
97	1819	718.5	1.030168252210965	740.1758892135784						740.1758892135784	152.0411974178945	172.3002535125948	0.8430408272223456
98	1820	669.6	1.030168252210965	689.8006616804623						689.8006616804623	139.6473736062243	158.3202899602083	0.7900321403513408
99	1821	714.6	1.030168252210965	736.1582330299558						736.1582330299558	155.1230283395344	176.5485450134432	0.8430057691055134
100	1822	758.8	1.030168252210965	781.6916697776803						781.6916697776803	172.560513159747	197.005985407341	0.9007349442181207
101	1823	744.9	1.030168252210965	767.372331071948						767.372331071948	162.4790134405455	184.8747215403272	0.8728241052752284
102	1824	828.9	1.030168252210965	853.906464257669						853.906464257669	168.7297003282874	191.1067113041835	0.9675214407220667
103	1825	789.6	1.030168252210965	813.4208519457782						813.4208519457782	146.1726703556943	164.5023781921257	0.9319188976630844
104	1826	726	1.030168252210965	747.9021511051608						747.9021511051608	152.3340754401402	172.9612519816338	0.8697515964282311
105	1827	744.2	1.030168252210965	766.6512132954003						766.6512132954003	150.3875896248628	170.3321942776672	0.8912606278741744
106	1828	758	1.030168252210965	780.8675351759116						780.8675351759116	153.2296048959209	173.6263048719685	0.911282970052424
107	1829	786.7	1.030168252210965	810.4333640143664						810.4333640143664	164.1402663033046	186.4088208420081	0.9515635789411191
108	1830	772.7	1.030168252210965	796.0110084834129	3.245839915175384	791.3369782022818				791.3369782022818	154.7367113060988	154.7367113060988	0.9311449443023408
109	1831	701.9	1.030168252210965	723.0750962268764	3.729766019345053	691.9323100607669				691.9323100607669	137.5577875571211	137.5577875571211	0.8233185710691986
110	1832	716	1.030168252210965	737.6004685830511	3.649901452660778	703.3088110500286				703.3088110500286	139.9386960782351	139.9386960782351	0.8391702865525711
111	1833	745.3	1.030168252210965	767.7843983728324	3.464843389078814	736.7731580412121				736.7731580412121	149.839573337244	149.839573337244	0.8790527151838488
112	1834	764.4	1.030168252210965	787.4606119900618	3.383713061132416	752.8344083665842				752.8344083665842	145.1826801430446	145.1826801430446	0.8981053906342646
113	1835	764.4	1.030168252210965	787.4606119900618	3.254925787692041	775.8367124752563				775.8367124752563	142.2490617009132	142.2490617009132	0.9300272193226456
114	1836	769.8	1.030168252210965	793.023520552001	3.303891984758045	776.1676060000001				776.1676060000001	131.9615563370494	131.9615563370494	0.9173473655596266
115	1837	767.4	1.030168252210965	790.5511167466947	3.354091432532451	764.928976				764.928976	133.5643559336065	133.5643559336065	0.9047060626848019
116	1838	779.6	1.030168252210965	803.1191694236685	3.262607258213614	780.437836				780.437836	130.1813944519643	130.1813944519643	0.9269958854970899
117	1839				3.249074013906037	781.9237519999999				781.9237519999999	125.7730563965653	125.7730563965653	0.9304185530699666
118	1840				3.290880968835357	771.11648				771.11648	128.7097689758431	128.7097689758431	0.9190899642431466
119	1841				3.359424866462862	756.6423789999999				756.6423789999999	129.5342757688702	129.5342757688702	0.9020533845970433
120	1842				3.41650628067738	746.4050869999999				746.4050869999999	134.5462390983318	134.5462390983318	0.8877320254519504
121	1843				3.172320446662719	796.607432				796.607432	142.6270867955739	142.6270867955739	0.949812128293788
122	1844				3.086356247813831	816.64348				816.64348	136.2772895189979	136.2772895189979	0.9741661457712036
123	1845				3.006463897379366	832.142135				832.142135	130.237650262641	130.237650262641	0.9980116754617415
124	1846				3.168969451134491	788.8075839999999				788.8075839999999	121.5422425629107	121.5422425629107	0.9505996432875391
125	1847				3.285834766322384	759.396068				759.396068	112.0097677209192	112.0097677209192	0.9192544098777388
126	1848				3.359086328518643	748.78457				748.78457	115.6041656086924	115.6041656086924	0.9004143458393459
127	1849				3.289437615815616	763.0757649999999				763.0757649999999	115.5599960380171	115.5599960380171	0.9178202610055328
128	1850				3.126335205660751	797.5539630000001				797.5539630000001	130.6328655022033	130.6328655022033	0.9621835722041261
129	1851				3.111710403485116	795.9852				795.9852	126.783073547731	126.783073547731	0.9663532839626077
130	1852				3.1195083654816	788.5817509999999				788.5817509999999	121.2760456959521	121.2760456959521	0.9640363704156478
131	1853				3.017076653860852	809.17293				809.17293	111.3017890407241	111.3017890407241	0.9946809219422249
132	1854				3.312428230721668	732.067712				732.067712	93.56703183510638	93.56703183510638	0.910985206570433
133	1855				3.23	752.895665634675				752.895665634675	95.47556908644394	95.47556908644394	0.9333031680112495
134	1856				3.26	771.539263803681				771.539263803681	93.00035776820552	93.00035776820552	0.9254399229982979
135	1857				3.21	785.5102803738317				785.5102803738317	95.69952988478308	95.69952988478308	0.9387073140222655
136	1858				3.1	805.9451612903225				805.9451612903225	102.7334929274576	102.7334929274576	0.9696164115619856
137	1859				3.13	795.867731629393				795.867731629393	94.83039193856209	94.83039193856209	0.9603809962946699
138	1860				3.17	780.4501577287067				780.4501577287067	91.11681732714494	91.11681732714494	0.9485296034622104
139	1861				3.27	756.8532110091743				756.8532110091743	85.20554851138083	85.20554851138083	0.9207459987946159
140	1862				3.2	772.0375				772.0375	86.64607958846025	86.64607958846025	0.940018872519177
141	1863				3.24	763.174074074074				763.174074074074	79.1510708941355	79.1510708941355	0.9290006988120195
142	1864				3.28	750.4695121951221				750.4695121951221	74.14044137816707	74.14044137816707	0.9183425259362727
143	1865				3.37	727.0400593471811				727.0400593471811	70.70227555152623	70.70227555152623	0.8945983257624968
144	1866				3.45	702.4565217391304				702.4565217391304	66.19294020392293	66.19294020392293	0.874354644932948
145	1867				3.3	730.8818181818183				730.8818181818183	69.36017851394072	69.36017851394072	0.9125756251489803
146	1868				3.22	747.11801242236				747.11801242236	70.22709436088387	70.22709436088387	0.9364728157713212
147	1869				3.23	745.028173374613				745.028173374613	68.47529454246569	68.47529454246569	0.9338533133299235
148	1870				3.23	739.2996904024768				739.2996904024768	63.73830509896913	63.73830509896913	0.9321645320923929
149	1871				3.26	728.0196319018405				728.0196319018405	58.57433973610278	58.57433973610278	0.9247042193596349
150	1872				3.23	731.1904024767802				731.1904024767802	55.7352845949985	55.73528459499851	0.9324029615873248
151	1873				3.24	722.7185185185184				722.7185185185184	52.71859884404883	52.71859884404883	0.9295415029177085
152	1874				3.26	712.5975460122701				712.5975460122701	52.13243768191293	52.13243768191293	0.9240113407835452
153	1875				3.23	715.5009287925695				715.5009287925695	53.47945980232338	53.47945980232338	0.9324917617523388
154	1876				3.18	728.2018867924529				728.2018867924529	55.12928111600277	55.12928111600277	0.946454232898951
155	1877				3.11	742.6954983922831				742.6954983922831	56.87237236844283	56.87237236844283	0.9661708057659464
156	1878				3.15	736.2523809523809				736.2523809523809	57.47936622608456	57.47936622608456	0.955055624532859
157	1879				3.1	748.116129032258				748.116129032258	60.67945460134501	60.67945460134501	0.9693134607829205
158	1880				3.07	753.699674267101				753.699674267101	57.27642620304232	57.27642620304232	0.9780686144135752
159	1881				3.01	762.1441860465117				762.1441860465117	57.09378991508432	57.09378991508432	0.9960065160043278
160	1882				2.97	766.3666666666666				766.3666666666666	55.78043987456668	55.78043987456668	1.00850989165241
161	1883				2.94	767.7448979591837				767.7448979591837	55.63777757021486	55.63777757021486	1.018364369225605
162	1884				2.94	757.9734693877551				757.9734693877551	56.52727845668074	56.52727845668074	1.016595318384865
163	1885				3.07	724.7026058631922				724.7026058631922	55.24074967026763	55.24074967026763	0.9794602052482663
164	1886				2.98	745.6879194630872				745.6879194630872	56.49585017441027	56.49585017441027	1.004970241863999
165	1887				2.96	744.2162162162163				744.2162162162163	54.28674532425629	54.28674532425629	1.010888639250497
166	1888				2.95	714.3338983050847	2.706	722.5138211382114		722.5138211382114	50.8133164749722	50.8133164749722	1.02542410039485
167	1889						2.716	711.8999263622976		711.8999263622976	47.62195508704153	47.62195508704153	1.020498747652376
168	1890						2.824	680.4444759206798		680.4444759206798	44.47644363840489	44.47644363840489	0.9874393787849075
169	1891						2.846	670.4525650035137		670.4525650035137	43.73756864457373	43.73756864457373	0.9809108485786593
170	1892						2.865	660.8033158813262		660.8033158813262	44.14482907661215	44.14482907661215	0.9759316435996547
171	1893						2.792	669.2321633237824		669.2321633237824	44.73780348688638	44.73780348688638	0.9972167535744038
172	1894						2.764	669.9237337192475		669.9237337192475	42.59166775385028	42.59166775385028	1.00393186530683
173	1895						2.628	691.5039573820395		691.5039573820395	43.00669019785434	43.00669019785434	1.049323152324794
174	1896						2.503	715.5333200159807		715.5333200159807	43.1330361160993	43.1330361160993	1.09693901581478
175	1897						2.461	720.4147501015849		720.4147501015849	42.37986678376816	42.37986678376816	1.11657586810537
176	1898						2.466	714.5643957826438		714.5643957826438	39.92206078724711	39.92206078724711	1.118604251381722
177	1899						2.483	703.4122029802658		703.4122029802658	37.12136435818775	37.12136435818775	1.107038405697617
178	1900						2.719	619.9003310040458	626.353375	626.353375	31.81237388436205	31.81237388436205	0.980362145875724
179	1901						2.876	649.2514603616133	672.01425	672.01425	33.87341770498692	33.87341770498692	0.9522661895989796
180	1902						2.906	722.1754301445285	725.9420000000001	725.9420000000001	36.40817092410607	36.40817092410607	0.9447449245184801
181	1903						3.047	729.2075812274367	722.3512499999998	722.3512499999998	36.66946412447702	36.66946412447702	0.9048618940248025
182	1904						2.899	762.1292514660229	722.3364999999999	722.3364999999999	36.61295671250032	36.61295671250033	0.9091711768407802
183	1905						2.738	793.1861212563915	730.19	730.19	35.79540719167652	35.79540719167652	0.9165181373164303
184	1906						2.759	780.9318593693367	700.792	700.792	33.08902557462333	33.08902557462333	0.8882027883396705
185	1907						2.915	737.2320754716981	672.7745000000001	672.7745000000001	30.65173528773962	30.65173528773962	0.8634169661190966
186	1908						2.853	736.3143708377145	661.8974999999999	661.8974999999999	31.53546860040393	31.53546860040393	0.8682900432900432
187	1909						2.95	718.0440677966102	650.0104375000001	650.0104375000001	30.38996080187946	30.38996080187946	0.861968488927198
188	1910						3.086	703.1504212572908	638.184	638.184	28.69663248814386	28.69663248814386	0.8369626229508196
189	1911						3.058	678.8309352517986	596.0365000000002	596.0365000000002	25.7812564669962	25.7812564669962	0.8130357386441143
190	1912						3.19	637.3379310344827	572.1982500000001	572.1982500000001	23.77325977723135	23.77325977723135	0.7964897689309579
191	1913						3.361	599.4069622136269	546.5350000000001	546.5350000000001	21.83608262045891	21.83608262045891	0.7683607479263322
192	1914						3.289	607.151839464883	525.0440000000001	525.0440000000001	20.73121069884221	20.73121069884221	0.7434777683375815
