## Sheet: A29. The National Debt (continued)
	A	B	C	D	E	F	G	H	I	J	K	L	M	N	O	P	Q	R	S	T	U	V	W	X	Y	Z	AA	AB	AC	AD	AE	AF	AG	AH	AI	AJ	AK	AL	AM	AN	AO	AP	AQ	AR
69	1750/51	End September	72.17	71.94725					25th March		0.23	0.22325		72.4	72.4	72.17049999999999	72.17	71.94725		End September	5.7	5.65		78.10000000000001	77.8205		4.714657708280039	4.698140712435626	4.714657708280039	4.698140712435626		82.81465770828005				82.81465770828005	82.58465770828005	82.81465770828005		1751	82.51864071243563	75.8083818882263	82.31190770828005	86.14625388091571
70	1751/52	10th October	71.279	71.18074999999999					25th March		0.221	0.14075		71.5	71.5	71.32149999999999	71.279	71.18074999999999		10th October	5.5	5.15		77	76.47149999999999		4.648589724902386	4.637479653824093	4.648589724902386	4.637479653824093		81.64858972490238				81.64858972490238	81.42758972490238	81.64858972490238		1752	81.10897965382408	69.17529626414427	80.97933972490237	78.61446587591428
71	1752/53	10th October	70.886	70.8685					25th March		0.114	0.0915		71	71	70.96	70.886	70.8685		10th October	4.1	3.399999999999999		75.1	74.36		4.604149440589218	4.600920894057195	4.604149440589218	4.600920894057195		79.70414944058922				79.70414944058922	79.59014944058922	79.70414944058922		1753	78.9609208940572	67.69530901238325	78.87264944058921	77.19476795748767
72	1753/54	10th October	70.816	71.0575					25th March		0.084	0.0345		70.9	70.9	71.092	70.816	71.0575		10th October	1.3	1.15		72.2	72.242		4.591235254461124	4.511789175535963	4.591235254461124	4.511789175535963		76.79123525446113				76.79123525446113	76.70723525446112	76.79123525446113		1754	76.75378917553597	68.0176232882948	76.79873525446114	77.82862601212909
73	1754/55	10th October	71.782	72.283					25th March		0.018	0.015		71.8	71.8	72.298	71.782	72.283		10th October	0.7	0.725		72.5	73.023		4.273450938760478	4.209616960192209	4.273450938760478	4.209616960192209		76.77345093876048				76.77345093876048	76.75545093876048	76.77345093876048		1755	77.2326169601922	67.57426124081832	77.28145093876047	77.3931372945009
74	1755/56	10th October	73.786	74.5375					25th March		0.014	0.0095		73.8	73.8	74.547	73.786	74.5375		10th October	0.8	0.875		74.6	75.422		4.018115024487404	4.20872026340427	4.018115024487404	4.20872026340427		78.6181150244874				78.6181150244874	78.6041150244874	78.6181150244874		1756	79.63072026340427	67.63893162625425	79.4306150244874	77.45904596868218
75	1756/57	10th October	76.792	78.04275					25th March		0.008	0.00575		76.8	76.8	78.0485	76.792	78.04275		10th October	1.1	1.175		77.89999999999999	79.2235		4.780535980154868	4.747817567910333	4.780535980154868	4.747817567910333		82.68053598015486				82.68053598015486	82.67253598015486	82.68053598015486		1757	83.97131756791033	63.41111071451995	83.99828598015486	72.32773486507091
76	1757/58	10th October	81.795	83.67					25th March		0.005	0.005		81.8	81.8	83.675	81.795	83.67		10th October	1.4	1.525		83.2	85.2		4.649662331176732	4.555942047692571	4.649662331176732	4.555942047692571		87.84966233117673				87.84966233117673	87.84466233117674	87.84966233117673		1758	89.75594204769257	67.28292513989575	89.84466233117674	76.8629849500769
77	1758/59	10th October	89.295	91.30075					25th March		0.005	0.21275		89.3	89.3	91.5135	89.295	91.30075		10th October	1.9	2.475		91.2	93.98849999999999		4.274781197240088	4.70770224110772	4.274781197240088	4.70770224110772		95.47478119724009				95.47478119724009	95.4697811972401	95.47478119724009		1759	98.69620224110771	77.7196942020328	98.05053119724008	89.1350218971492
78	1759/60	10th October	97.318	100.3815					25th March		0.282	0.3165		97.6	97.6	100.698	97.318	100.3815		10th October	4.2	4.25		101.8	104.948		6.006465372710615	6.671900584379209	6.006465372710615	6.671900584379209		107.8064653727106				107.8064653727106	107.5244653727106	107.8064653727106		1760	111.6199005843792	84.99087127566838	110.6379653727106	97.42089830175784
79	1760/61	10th October	109.572	112.527					25th March		0.328	0.463		109.9	109.9	112.99	109.572	112.527		10th October	4.4	4.475000000000001		114.3	117.465		8.66820621938499	9.002268830942402	8.66820621938499	9.002268830942402		122.968206219385				122.968206219385	122.640206219385	122.968206219385		1761	126.4672688309424	94.5459714749808	125.670206219385	108.4363837376873
80	1761/62	10th October	121.392	123.169					25th March		0.508	0.577		121.9	121.9	123.746	121.392	123.169		10th October	4.7	4.425		126.6	128.171		10.00445666561464	10.31959860710222	10.00445666561464	10.31959860710222		136.6044566656146				136.6044566656146	136.0964566656146	136.6044566656146		1762	138.4905986071022	104.1851077753811	137.5984566656146	119.7550869602846
81	1762/63	10th October	128.5	128.533					25th March		0.6	0.576		129.1	129.1	129.109	128.5	128.533		10th October	3.6	3.95		132.7	133.059		11.26502443156497	11.13864991357549	11.26502443156497	11.13864991357549		143.965024431565				143.965024431565	143.365024431565	143.965024431565		1763	144.1976499135754	103.2624395371881	143.7480244315649	118.6768734119139
82	1763/64	10th October	128.632	128.98675					25th March		0.568	0.55375		129.2	129.2	129.5405	128.632	128.98675		10th October	5	4.5		134.2	134.0405		10.75952635960704	10.83712062174967	10.75952635960704	10.83712062174967		144.959526359607				144.959526359607	144.391526359607	144.959526359607		1764	144.8776206217497	102.6758094988833	144.246276359607	118.1166606659737
83	1764/65	10th October	130.051	130.18125					25th March		0.549	0.60825		130.6	130.6	130.7895	130.051	130.18125		10th October	3	2.775		133.6	133.5645		11.06990340817758	11.04627863245626	11.06990340817758	11.04627863245626		144.6699034081776				144.6699034081776	144.1209034081776	144.6699034081776		1765	144.6107786324562	102.1213150414791	144.0261534081775	117.615142708375
84	1765/66	10th October	130.572	130.7495					25th March		0.628	0.6205		131.2	131.2	131.37	130.572	130.7495		10th October	2.1	2.05		133.3	133.42		10.97540430529231	10.93897417048642	10.97540430529231	10.93897417048642		144.2754043052923				144.2754043052923	143.6474043052923	144.2754043052923		1766	144.3589741704864	99.4525288548343	143.7749043052923	114.6722358210171
85	1766/67	10th October	131.282	130.88875					25th March		0.618	0.59775		131.9	131.9	131.4865	131.282	130.88875		10th October	1.9	2		133.8	133.4865		10.82968376606876	10.8637671983061	10.82968376606876	10.8637671983061		144.6296837660688				144.6296837660688	144.0116837660688	144.6296837660688		1767	144.3502671983061	95.73770681076137	143.7184337660688	110.4347004710127
86	1767/68	10th October	129.709	129.2805					25th March		0.591	0.6014999999999999		130.3	130.3	129.882	129.709	129.2805		10th October	2.3	2.15		132.6	132.032		10.96601749501811	10.88238337250334	10.96601749501811	10.88238337250334		143.5660174950181				143.5660174950181	142.9750174950181	143.5660174950181		1768	142.9143833725033	96.86279578962353	142.3965174950181	112.0505087611988
87	1768/69	10th October	127.995	127.9855					25th March		0.605	0.6335		128.6	128.6	128.619	127.995	127.9855		10th October	1.7	1.8		130.3	130.419		10.63148100495904	10.47282504565986	10.63148100495904	10.47282504565986		140.931481004959				140.931481004959	140.326481004959	140.931481004959		1769	140.8918250456599	93.91106312452791	140.416981004959	108.6744729877294
88	1769/70	10th October	127.957	127.559					25th March		0.643	0.712		128.6	128.6	128.271	127.957	127.559		10th October	2.1	2.025		130.7	130.296		9.996857167762313	10.08286019970784	9.996857167762313	10.08286019970784		140.6968571677623				140.6968571677623	140.0538571677623	140.6968571677623		1770	140.3788601997078	95.26024895997011	139.5808571677623	110.5200442977086
89	1770/71	10th October	126.365	126.167					25th March		0.735	0.8039999999999999		127.1	127.1	126.971	126.365	126.167		10th October	1.8	1.9		128.9	128.871		10.34086929554442	10.32327567700973	10.34086929554442	10.32327567700973		139.2408692955444				139.2408692955444	138.5058692955444	139.2408692955444		1771	139.1942756770097	88.80306202872656	138.4078692955444	102.9268299105819
90	1771/72	10th October	125.573	125.42975					25th March		0.827	0.8067500000000001		126.4	126.4	126.2365	125.573	125.42975		10th October	2.2	2.425		128.6	128.6615		10.27049482140568	10.20151348885061	10.27049482140568	10.20151348885061		138.8704948214057				138.8704948214057	138.0434948214057	138.8704948214057		1772	138.8630134888506	87.96502447385194	138.1252448214057	102.1007961956399
91	1772/73	10th October	125	124.875					25th March		0.8	0.8		125.8	125.8	125.675	125	124.875		10th October	3.1	2.925		128.9	128.6		9.99456949118543	10.0758043260327	9.99456949118543	10.0758043260327		138.8945694911855				138.8945694911855	138.0945694911854	138.8945694911855		1773	138.6758043260327	86.17253546662752	137.7945694911854	100.1190773226023
92	1773/74	10th October	124.5	124.2525					25th March		0.8	0.7925		125.3	125.3	125.045	124.5	124.2525		10th October	2.4	2.575		127.7	127.62		10.3195088305745	10.30691689655084	10.3195088305745	10.30366239655084		138.0195088305745				138.0195088305745	137.2195088305745	138.0195088305745		1774	137.9269168965508	85.9639598409547	137.1470088305745	100.0536411237065
93	1774/75	10th October	123.51	123.911					25th March		0.79	0.787		124.3	124.3	124.698	123.51	123.911		10th October	3.1	3.65		127.4	128.348		10.26914109447985	10.26171705357981	10.25612309447986	10.24822330357981		137.6691410944798				137.6691410944798	136.8791410944798	137.6691410944798		1775	138.6097170535798	83.22255788537991	137.8171230944799	96.80500644215219
94	1775/76	10th October	125.114	126.364					25th March		0.786	0.786		125.9	125.9	127.15	125.114	126.364		10th October	5.3	5.4		131.2	132.55		10.23944493087969	10.27430696913787	10.22452393087969	10.25724896913787		141.4394449308797				141.4394449308797	140.6534449308797	141.4394449308797		1776	142.8243069691379	84.58401789863916	141.9885239308797	98.49123474367104
95	1776/77	10th October	130.114	131.62575					25th March		0.786	0.9007499999999999		130.9	130.9	132.5265	130.114	131.62575		10th October	5.7	5.775		136.6	138.3015		10.3788930839124	11.09227290480566	10.3554240839124	11.06861540480566		146.9788930839124				146.9788930839124	146.1928930839124	146.9788930839124		1777	149.3937729048057	83.85802977750777	147.7561740839124	97.49885137732971
96	1777/78	10th October	136.161	137.911					25th March		0.939	0.939		137.1	137.1	138.85	136.161	137.911		10th October	6	6.85		143.1	145.7		13.23241236748543	14.01752093661413	13.20818936748543	13.98969593661412		156.3324123674854				156.3324123674854	155.3934123674854	156.3324123674854		1778	159.7175209366141	90.00113645216005	157.9691893674854	104.7951638879614
97	1778/79	10th October	143.161	146.161					25th March		0.939	0.939		144.1	144.1	147.1	143.161	146.161		10th October	9.4	9.85		153.5	156.95		16.37284664400021	17.27937969175991	16.33421564400021	17.23959994175991		169.8728466440002				169.8728466440002	168.9338466440002	169.8728466440002		1779	174.2293796917599	101.2062472514617	172.3452156440002	118.1872715294126
98	1779/80	10th October	155.161	160.3875					25th March		0.939	1.2345		156.1	156.1	161.622	155.161	160.3875		10th October	11.2	11.375		167.3	172.997		19.99897883503901	19.58299034180052	19.95575283503901	19.53994184180052		187.298978835039				187.298978835039	186.359978835039	187.298978835039		1780	192.5799903418005	107.4806461568161	191.718252835039	125.4457241795946
99	1780/81	10th October	176.067	181.13275					25th March		1.333	1.21075		177.4	177.4	182.3435	176.067	181.13275		10th October	11.9	13.125		189.3	195.4685		18.33502486208505	18.93097621579052	18.29250886208504	18.88829596579052		207.6350248620851				207.6350248620851	206.3020248620851	207.6350248620851		1781	214.3994762157905	104.2795847063508	212.5502588620851	121.0161117665061
100	1781/82	10th October	196.33	200.095					25th March		1.17	1.35		197.5	197.5	201.445	196.33	200.095		10th October	16.8	17.35		214.3	218.795		20.71883027690694	21.4361096294079	20.67565727690693	21.3914088794079		235.018830276907				235.018830276907	233.848830276907	235.018830276907		1782	240.2311096294079	117.2826052782143	238.120657276907	136.3593719156435
