## Sheet: A29. The National Debt (continued)
	A	B	C	D	E	F	G	H	I	J	K	L	M	N	O	P	Q	R	S	T	U	V	W	X	Y	Z	AA	AB	AC	AD	AE	AF	AG	AH	AI	AJ	AK	AL	AM	AN	AO	AP	AQ	AR
130	1811/12	1st Feb	563.3349999999999	584.51275		5th January	52.188	58.277	5th January		20.065	21.062		583.4	635.588	663.85175	615.5229999999999	642.78975		5th January	42.6	44.8		678.188	708.65175		26.16432878523022	26.03926904060573	25.60430426043347	25.55645865067075		704.3523287852302				704.3523287852302	684.2873287852301	704.3523287852302		1812	734.6910190406057	144.3170209812955	713.1940542604334	166.6507861265698
131	1812/13	1st Feb	586.438	649.2736666666667		5th January	58.277	66.678	5th January		21.062	22.514		607.5	665.777	738.4656666666667	644.715	715.9516666666667		5th January	44.8	48.1		710.577	786.5656666666667		26.03926904060573	30.04269995929473	25.55645865067075	29.58144821414609		736.6162690406057				736.6162690406057	715.5542690406057	736.6162690406057		1813	816.6083666259615	149.4432404285757	789.6081253173375	172.0389725845152
132	1813/14	1st Feb	654.986	659.1311666666667		5th January	66.678	72.209	5th January		22.514	25.092		677.5	744.178	756.4321666666667	721.664	731.3401666666666		5th January	48.1	60.3		792.278	816.7321666666667		30.04269995929473	27.40938966221262	29.58144821414609	27.0953710404167		822.3206999592948				822.3206999592948	799.8066999592947	822.3206999592948		1814	844.1415563288793	161.263264318244	821.2216148808127	186.4415863144979
133	1814/15	1st Feb	659.508	705.1699166666667		5th January	72.209	86.452	5th January		25.092	24.279		684.6	756.8090000000001	815.9009166666667	731.7170000000001	791.6219166666667		5th January	60.3	44.7		817.109	860.6009166666668		27.40938966221262	28.11609685742439	27.0953710404167	27.93764521890053		844.5183896622127				844.5183896622127	819.4263896622127	844.5183896622127		1815	888.7170135240912	164.6431469686882	863.4172877070835	190.1685821603032
134	1815/16	1st Feb	709.321	694.2363333333334		5th January	86.452	83.945	5th January		24.279	23.435		733.6	820.052	801.6163333333334	795.773	778.1813333333334		5th January	44.7	49.8		864.7520000000001	851.4163333333333		28.11609685742439	34.26661527558847	27.93764521890053	34.22220427558847		892.8680968574245				892.8680968574245	868.5890968574245	892.8680968574245		1816	885.6829486089218	183.5629067079296	855.918978552234	213.6700595100162
135	1816/17	1st Feb	692.865			5th January	83.945		5th January		23.435			716.3	800.2449999999999	780.6	776.81			5th January	49.8	62.6		850.0449999999998	843.2		34.26661527558847	35.80764171579459	34.22220427558847			884.3116152755883				884.3116152755883	860.8766152755884	884.3116152755883		1817	879.0076417157946	175.7497550539155	879.0076417157946	175.7497550539155
136	1817/18	5th January												780.6	780.6	795.6				5th January	62.6	48.7		843.2	844.3000000000001		35.80764171579459	33.68344435145913				879.0076417157946				879.0076417157946	879.0076417157946	879.0076417157946		1818	877.9834443514592	169.0833236182689	877.9834443514592	169.0833236182689
137	1818/19	5th January												795.6	795.6	798.5				5th January	48.7	41.6		844.3000000000001	840.1		33.68344435145913	33.02987212608352				877.9834443514592				877.9834443514592	877.9834443514592	877.9834443514592		1819	873.1298721260836	179.3515746648121	873.1298721260836	179.3515746648121
138	1819/20	5th January												798.5	798.5	804.9				5th January	41.6	33.3		840.1	838.1999999999999		33.02987212608352	35.05408675562201				873.1298721260836				873.1298721260836	873.1298721260836	873.1298721260836		1820	873.254086755622	176.7867827340742	873.254086755622	176.7867827340742
139	1820/21	5th January												804.9	804.9	798.5				5th January	33.3	32.7		838.1999999999999	831.2		35.05408675562201	36.63761948552413				873.254086755622				873.254086755622	873.254086755622	873.254086755622		1821	867.8376194855242	182.8704667031674	867.8376194855242	182.8704667031674
140	1821/22	5th January												798.5	798.5	797.4				5th January	32.7	38.7		831.2	836.1		36.63761948552413	43.08324715604847				867.8376194855242				867.8376194855242	867.8376194855242	867.8376194855242		1822	879.1832471560485	194.082037913809	879.1832471560485	194.082037913809
141	1822/23	5th January												797.4	797.4	792.9				5th January	38.7	35.8		836.1	828.6999999999999		43.08324715604847	53.87110211469205				879.1832471560485				879.1832471560485	879.1832471560485	879.1832471560485		1823	882.5711021146919	186.870540096767	882.5711021146919	186.870540096767
142	1823/24	5th January												792.9	792.9	782.3				5th January	35.8	37.9		828.6999999999999	820.1999999999999		53.87110211469205	52.64510914581033				882.5711021146919				882.5711021146919	882.5711021146919	882.5711021146919		1824	872.8451091458103	172.4719273875215	872.8451091458103	172.4719273875215
143	1824/25	5th January												782.3	782.3	779.3				5th January	37.9	31.7		820.1999999999999	811		52.64510914581033	48.90316565848939				872.8451091458103				872.8451091458103	872.8451091458103	872.8451091458103		1825	859.9031656584893	154.5255960318005	859.9031656584893	154.5255960318005
144	1825/26	5th January												779.3	779.3	785				5th January	31.7	25		811	810		48.90316565848939	50.18745731426386				859.9031656584893				859.9031656584893	859.9031656584893	859.9031656584893		1826	860.1874573142638	175.2045515867875	860.1874573142638	175.2045515867875
145	1826/27	5th January												785	785	778.7				5th January	25	27.6		810	806.3000000000001		50.18745731426386	50.58810263950184				860.1874573142638				860.1874573142638	860.1874573142638	860.1874573142638		1827	856.8881026395019	168.0886093954739	856.8881026395019	168.0886093954739
146	1827/28	5th January												778.7	778.7	773.6				5th January	27.6	27.7		806.3000000000001	801.3000000000001		50.58810263950184	50.38598499345712				856.8881026395019				856.8881026395019	856.8881026395019	856.8881026395019		1828	851.6859849934572	167.1263064439491	851.6859849934572	167.1263064439491
147	1828/29	5th January												773.6	773.6	772.6				5th January	27.7	25.5		801.3000000000001	798.1		50.38598499345712	51.75370220228169				851.6859849934572				851.6859849934572	851.6859849934572	851.6859849934572		1829	849.8537022022817	172.1242229063253	849.8537022022817	172.1242229063253
148	1829/30	5th January												772.6	772.6	758.9				5th January	25.5	27.3		798.1	786.1999999999999		51.75370220228169	54.21868406076705				849.8537022022817				849.8537022022817	849.8537022022817	849.8537022022817		1830	840.418684060767	164.3340661107342	840.418684060767	164.3340661107342
149	1830/31	5th January												758.9	758.9	757				5th January	27.3	27.2		786.1999999999999	784.2		54.21868406076705	53.90023105002852				840.418684060767				840.418684060767	840.418684060767	840.418684060767		1831	838.1002310500286	166.6163176051559	838.1002310500286	166.6163176051559
150	1831/32	5th January												757	757	755.6				5th January	27.2	27.4		784.2	783		53.90023105002852	55.14445404121215				838.1002310500286				838.1002310500286	838.1002310500286	838.1002310500286		1832	838.1444540412122	166.7672012364257	838.1444540412122	166.7672012364257
151	1832/33	5th January												755.6	755.6	753.2				5th January	27.4	28.1		783	781.3000000000001		55.14445404121215	56.94728836658413				838.1444540412122				838.1444540412122	838.1444540412122	838.1444540412122		1833	838.2472883665841	170.4766449063892	838.2472883665841	170.4766449063892
152	1833/34	5th January												753.2	753.2	745.3				5th January	28.1	29.6		781.3000000000001	774.9		56.94728836658413	59.30860847525639				838.2472883665841				838.2472883665841	838.2472883665841	838.2472883665841		1834	834.2086084752564	160.8755394690502	834.2086084752564	160.8755394690502
153	1834/35	5th January												745.3	745.3	760.3				5th January	29.6	30.1		774.9	790.4		59.30860847525639	55.70000000000005				834.2086084752564				834.2086084752564	834.2086084752564	834.2086084752564		1835	846.1	155.131781172293	846.1	155.131781172293
154	1835/36	5th January												760.3	760.3	763.2				5th January	30.1	27.7		790.4	790.9000000000001		55.70000000000005	54.59999999999991				846.1				846.1	846.1	846.1		1836	845.5	143.7492302184217	845.5	143.7492302184217
155	1836/37	5th January												763.2	763.2	763.6				5th January	27.7	25.3		790.9000000000001	788.9		54.59999999999991	53				845.5				845.5	845.5	845.5		1837	841.9	147.004277244824	841.9	147.004277244824
156	1837/38	5th January												763.6	763.6	762.8				5th January	25.3	25.5		788.9	788.3		53	52.10000000000002				841.9				841.9	841.9	841.9		1838	840.4	140.183418654027	840.4	140.183418654027
157	1838/39	5th January												762.8	762.8	768				5th January	25.5	20.6		788.3	788.6		52.10000000000002	50.39999999999998				840.4				840.4	840.4	840.4		1839	839	134.9538162088191	839	134.9538162088191
158	1839/40	5th January												768	768	767.9				5th January	20.6	22.2		788.6	790.1		50.39999999999998	48.69999999999993				839				839	839	839		1840	838.8	140.0070638056357	838.8	140.0070638056357
159	1840/41	5th January												767.9	767.9	774.3				5th January	22.2	19.6		790.1	793.9		48.69999999999993	46.89999999999998				838.8				838.8	838.8	838.8		1841	840.8	143.9417379851335	840.8	143.9417379851335
160	1841/42	5th January												774.3	774.3	774.9				5th January	19.6	18.7		793.9	793.6		46.89999999999998	45.10000000000002				840.8				840.8	840.8	840.8		1842	838.7	151.1832283798073	838.7	151.1832283798073
161	1842/43	5th January												774.9	774.9	774				5th January	18.7	20.5		793.6	794.5		45.10000000000002	43.79999999999995				838.7				838.7	838.7	838.7		1843	838.3	150.0918546046525	838.3	150.0918546046525
162	1843/44	5th January												774	774	771.1				5th January	20.5	18.8		794.5	789.9		43.79999999999995	43.89999999999998				838.3				838.3	838.3	838.3		1844	833.8	139.1402818778893	833.8	139.1402818778893
163	1844/45	5th January												771.1	771.1	768.8				5th January	18.8	18.4		789.9	787.1999999999999		43.89999999999998	42.60000000000002				833.8				833.8	833.8	833.8		1845	829.8	129.8710852899421	829.8	129.8710852899421
164	1845/46	5th January												768.8	768.8	766.8				5th January	18.4	18.4		787.1999999999999	785.1999999999999		42.60000000000002	40.90000000000009				829.8				829.8	829.8	829.8		1846	826.1	127.2883889782943	826.1	127.2883889782943
165	1846/47	5th January												766.8	766.8	774.7				5th January	18.4	18		785.1999999999999	792.7		40.90000000000009	38.89999999999998				826.1				826.1	826.1	826.1		1847	831.6	122.6597381285314	831.6	122.6597381285314
166	1847/48	5th January												774.7	774.7	776.5				5th January	18	17.8		792.7	794.3		38.89999999999998	37.10000000000002				831.6				831.6	831.6	831.6		1848	831.4	128.3590863618715	831.4	128.3590863618715
167	1848/49	5th January												776.5	776.5	775.7				5th January	17.8	17.8		794.3	793.5		37.10000000000002	35.39999999999998				831.4				831.4	831.4	831.4		1849	828.9	125.5284011226754	828.9	125.5284011226754
168	1849/50	5th January												775.7	775.7	772				5th January	17.8	17.8		793.5	789.8		35.39999999999998	33.90000000000009				828.9				828.9	828.9	828.9		1850	823.7	134.9153741389721	823.7	134.9153741389721
169	1850/51	5th January												772	772	767.9				5th January	17.8	17.7		789.8	785.6		33.90000000000009	32.39999999999998				823.7				823.7	823.7	823.7		1851	818	130.2895508133116	818	130.2895508133116
170	1851/52	5th January												767.9	767.9	764.5				5th January	17.7	17.7		785.6	782.2		32.39999999999998	31.29999999999995				818				818	818	818		1852	813.5	125.1082250490185	813.5	125.1082250490185
171	1852/53	5th January												764.5	764.5	758.4				5th January	17.7	16		782.2	774.4		31.29999999999995	29.20000000000005				813.5				813.5	813.5	813.5		1853	803.6	110.5352321575141	803.6	110.5352321575141
172	1853/54	5th January												758.4	758.4	756.16				5th January	16	22.56		774.4	778.7199999999999		29.20000000000005	27.35999999999999				803.6				803.6	803.6	803.6		1854	806.0799999999999	103.0266897246283	806.0799999999999	103.0266897246283
