## Sheet: A31. Interest rates & asset ps (continued)
	A	B	C	D	E	F	G	H	I	J	K	L	M	N	O	P	Q	R	S	T	U	V	W	X	Y	Z	AA	AB	AC	AD	AE	AF	AG	AH	AI	AJ	AK
250	1930	3	3.408219178082192	1.268	2.332166666666667	2.297	2.456083333333333				5 to 5.5	5.82	5.25	4.48	1.375	-2.799999999999997	6.208219178082189	5.138219178082192	4.31	4.44775	5.513333333333332	1.065583333333332	39.50896946345748	39.50896946345748	-2.26363608179261	-1.73		-2.26363608179261	6.57363608179261								
251	1931	6	3.96986301369863	5.511	3.238333333333333	5.625	3.825916666666667				5 to 5.5	5.87	5.25	4.705	2.25	-4.300000000000011	8.269863013698641	7.139863013698635	4.85	4.397416666666667	5.815833333333334	1.418416666666667	30.24019856823285	30.24019856823285	-1.94882426103644	-3.170000000000006		-1.94882426103644	6.798824261036439								
252	1932	2	3.002732240437159	0.968	1.457	1.094	1.6695				5 to 5.5	5.87	5.25	4.49	1.125	-2.600000000000009	5.602732240437167	6.152732240437166	3.67	3.752416666666667	5.223333333333334	1.470916666666667	31.94058459577405	31.94058459577405	-1.44948608406971	-3.150000000000007		-1.44948608406971	5.11948608406971								
253	1933	2	2	0.967	0.5993333333333334	1.094	0.6644166666666667				5 to 5.5	5.57	5.25	4.025	0.5	-2.099999999999994	4.099999999999994	4.690000000000002	3.45	3.379999999999999	4.34	0.96	36.14153831087586	36.14153831087586	-0.782263918990735	-2.690000000000002		-0.782263918990735	4.232263918990736								
254	1934	2	2	0.325	0.7079999999999999	0.5	0.7973333333333333				5 to 5.5	5.44	5.25	4.105	0.5	0	2	3.15	3.13	3.076841666666666	3.994166666666667	0.9173249999999998	37.84192433841706	37.84192433841706	0.0246947269429065	-1.15		0.0246947269429065	3.105305273057093								
255	1935	2	2	0.568	0.5160833333333333	0.719	0.5888333333333333				4.5 to 5	5.21	4.75	3.96	0.5	0.6999999999999886	1.300000000000011	2.070000000000005	2.740416666666667	2.904416666666667	3.969166666666667	1.06475	40.04242390347038	40.04242390347038	0.930064985663514	-0.07000000000000456		0.930064985663514	1.810351681003152								
256	1936	2	2	0.649	0.5532499999999999	0.657	0.5837499999999999				4.5 to 5	4.97	4.75	3.975	0.5	0.6999999999999886	1.300000000000011	1.440000000000009	2.734166666666667	2.94125	3.9475	1.00625	45.91042274361259	45.91042274361259	1.89227504183396	0.559999999999991		1.89227504183396	0.8418916248327069								
257	1937	2	2	0.548	0.5415833333333334	0.657	0.5783333333333333				4.5 to 5	4.87	4.75	3.965	0.5	3.40000000000002	-1.40000000000002	-0.05000000000000426	3.099583333333333	3.299166666666667	4.039166666666667	0.7400000000000001	38.50874238843323	38.50874238843323	2.8674524302605	2.050000000000004		2.8674524302605	0.2321309030728336								
258	1938	2	2	0.687	0.6320833333333333	0.625	0.6758333333333333				4.5 to 5	4.82	4.75	3.77	0.5	1.600000000000023	0.3999999999999773	0.03999999999998494	3.001944444444444	3.407166666666667	4.104166666666666	0.6970000000000001	34.80790221084356	34.80790221084356	3.79980193533102	1.960000000000015		3.79980193533102	-0.7978574908865759								
259	1939	2	2.268493150684932	1.219	1.241	1.235	1.319416666666667					4.79	5.375	3.82	0.6666666666666666	2.800000000000011	-0.5315068493150799	-0.291506849315085	3.463888888888889	3.72925	4.439166666666667	0.7099166666666669	33.60762972081448	33.60762972081448	4.63885381713083	2.560000000000016		4.63885381713083	-1.174964928241941								
260	1940	2	2	1.006	1.027833333333333	1.031	1.035					4.76	5	3.535	0.5	16.80000000000001	-14.80000000000001	-7.560000000000013	3.031805555555555	3.384583333333333	4.446666666666666	1.062083333333333	31.1737438382555	31.1737438382555	5.31214031639192	9.560000000000013		5.31214031639192	-2.280334760836365								
261	1941	2	2	1.009	1.006333333333333	1.031	1.031					4.74	5	3.45	0.5	10.80000000000003	-8.800000000000026	-9.000000000000018	2.720833333333333	3.115916666666667	4.263333333333333	1.147416666666667	33.20753889080481	33.20753889080481	5.72880513567496	11.00000000000002		5.72880513567496	-3.007971802341626								
262	1942	2	2	1.103	1.011333333333333	1.031	1.031					4.77	5	3.483333333333333	0.5	7.09999999999998	-5.09999999999998	-8.15	2.62625	3.023166666666667	4.034999999999999	1.011833333333333	35.54140206586136	35.54140206586136	5.91287057437671	10.15		5.91287057437671	-3.28662057437671								
263	1943	2	2	1.009	1.003666666666667	1.031	1.031					4.8	5	3.326666666666667	0.5	3.400000000000006	-1.400000000000006	-3.990000000000002	2.725555555555556	3.098333333333333	3.908333333333333	0.8100000000000002	37.84192433841711	37.84192433841711	5.93907088053719	5.990000000000002		5.93907088053719	-3.213515324981634								
264	1944	2	2	1.003	1.00435	1.031	1.031					4.71	5	3.393333333333333	0.5	2.699999999999989	-0.6999999999999886	-1.789999999999992	2.69375	3.134666666666666	3.85	0.7153333333333335	39.97574209846882	39.97574209846882	5.89401159645265	3.789999999999992		5.89401159645265	-3.20026159645265								
265	1945	2	2	0.502	0.8770000000000001	0.531	0.9060000000000001					4.68	4.666666666666667	3.405	0.5	2.799999999999997	-0.7999999999999972	-0.8899999999999961	2.640555555555556	2.89175	3.7925	0.9007499999999999	41.80949173601326	41.80949173601326	5.83890755561396	2.889999999999996		5.83890755561396	-3.198352000058404								
266	1946	2	2	0.501	0.5065833333333333	0.531	0.7810000000000001					4.35	4	3.24	0.5	3.099999999999994	-1.099999999999994	-0.9299999999999939	2.30625	2.590833333333333	3.684166666666666	1.135833333333333	43.40985505605204	43.40985505605204	5.80303347554746	2.929999999999994		5.80303347554746	-3.49678347554746								
267	1947	2	2	0.511	0.5089166666666667	0.531	0.5309999999999999					4.29	4	3.286666666666667	0.5	7	-5	-2.989999999999998	2.408333333333333	2.769166666666667	3.683333333333334	0.98	41.07599188099548	41.07599188099548	5.78527499822336	4.989999999999998		5.78527499822336	-3.376941664890027								
268	1948	2	2	0.52	0.5097499999999999	0.563	0.5603333333333331					4.24	4	3.286666666666667	0.5	7.700000000000003	-5.700000000000003	-4.57	2.52125	3.2075	3.773333333333333	0.9891666666666667	40.54253744098255	40.54253744098255	5.75748743085641	6.57		5.75748743085641	-3.236237430856411								
269	1949	2	2	0.521	0.5226666666666667	0.688	0.6340833333333332					4.2	4	3.163333333333334	0.5	2.800000000000011	-0.8000000000000114	-3.110000000000007	2.500416666666667	3.299999999999999	3.873333333333334	0.9949999999999998	38.97551502344457	38.97551502344457	5.7036733306791	5.110000000000007		5.7036733306791	-3.203256664012434								
270	1950	2	2	0.515	0.5155	0.688	0.6879999999999998					4.18	4	3.19	0.5	3.918495297805634	-1.918495297805634	-2.339247648902822	2.622083333333333	3.545833333333333	4.071666666666667	1.071666666666666	40.52385342399121	40.52385342399121	5.62726038061536	4.339247648902822		5.62726038061536	-3.005177047282027								
271	1951	2.5	2.073972602739726	0.967	0.59075	1.5	0.9273333333333333					4.19	4	3.366666666666667	0.5416666666666666	9.049773755656133	-6.975801152916407	-4.186462864430033	3.240416666666667	3.7475	4.274999999999999	0.6341666666666665	41.50380436027548	41.50380436027548	5.50263953028235	6.260435467169759		5.50263953028235	-2.262222863615683								
272	1952	4	3.713114754098361	2.418	2.182083333333333	3	2.75					4.32	4.416666666666667	3.933333333333334	1.791666666666667	10.65006915629323	-6.936954402194867	-5.11055101030622	3.946666666666667	4.234999999999999	5.135833333333333	0.8783333333333333	39.40234591165392	39.40234591165392	5.28712912549107	8.82366576440458		5.28712912549107	-1.340462458824403								
273	1953	3.5	3.854794520547945	2.131	2.288166666666667	2.168	2.725166666666667					4.55	4.5	4.006666666666666	1.916666666666667	3.625000000000028	0.2297945205479168	-2.962680977471264	3.504166666666666	4.0825	4.903333333333333	0.9625	45.70672125751857	45.70672125751857	4.97352111674968	6.817475498019209		4.97352111674968	-1.469354450083014								
274	1954	3	3.180821917808219	1.866	1.794166666666667	1.875	1.830833333333333					4.58	4.5	3.81	1.166666666666667	2.29191797346202	0.888903944346199	-1.182650900181444	3.199583333333333	3.755833333333333	4.572499999999999	1.021666666666667	61.46765962218016	61.46765962218016	4.60823616331146	4.363472817989663		4.60823616331146	-1.408652829978127								
275	1955	4.5	4.316438356164384	4.073	3.836666666666666	4.188	3.877833333333334					4.66	4.791666666666667	4.45	2.416666666666667	5.070754716981128	-0.7543163608167438	0.3684856056352084	4.144583333333333	4.175833333333334	5.005	0.6850000000000002	62.43756352154398	62.43756352154398	4.22425971326217	3.947952750529176		4.22425971326217	-0.07967637992883692								
276	1956	5.5	5.37431693989071	4.858	5.01175	4.938	5.057583333333334					5.32	5.666666666666667	5.100000000000001	3.416666666666667	5.162738496071867	0.2115784438188433	0.8133376820680347	5.129166666666666	4.739166666666667	5.679166666666667	0.5216666666666667	56.82020343772869	56.82020343772869	3.83139485305447	4.560979257822676		3.83139485305447	1.297771813612196								
277	1957	7	5.620547945205479	6.375	4.87475	6.5	5.2215					5.98	6	5.273333333333333	3.708333333333333	3.842049092849521	1.778498852355958	1.136550906562933	5.276666666666666	5.004999999999999	6.124166666666667	0.6341666666666667	54.92080830147459	54.92080830147459	3.44790207200839	4.483997038642547		3.44790207200839	1.828764594658276								
278	1958	4	5.389041095890411	3.152	4.4615	3.25	4.573166666666666					6.13	6	4.98	3.25	2.877697841726629	2.511343254163782	1.765029747957866	5.44	4.983333333333333	6.163333333333333	0.6891666666666665	73.15451665756416	73.15451665756416	3.10532791091342	3.624011347932544		3.10532791091342	2.33467208908658								
279	1959	4	4	3.687	3.392	3.781	3.502666666666666					5.98	5.75	4.336666666666667	2	0	4	4	5.125833333333333	4.825	5.983333333333333	0.7916666666666666	104.8987438558165	104.8987438558165	2.83913988983897	1.931419470788184		2.83913988983897	2.286693443494364								
280	1960	5	5.346994535519126	4.35	4.949416666666666	4.5	5.088666666666667					5.89	5.833333333333333	5.373333333333334	3.416666666666667	1.5	3.846994535519126	3.846994535519126	5.815	5.45775	6.295000000000001	0.5225000000000002	99.9558711086838	99.9558711086838	2.68255224974529	1.152579211919243		2.68255224974529	3.13244775025471								
281	1961	6	5.668493150684932	5.4	5.242500000000001	5.625	5.411666666666666					6.28	6.333333333333333	5.666666666666667	3.791666666666667	2	3.668493150684932	3.668493150684932	6.260833333333334	6.269500000000001	7.069166666666665	0.7858333333333333	97.42951392681596	97.42951392681596	2.64638783269427	1.983827561679145		2.64638783269427	3.614445500639064								
282	1962	4.5	4.857534246575343	3.72	4.126666666666666	3.875	4.307583333333334					6.61	6.5	5.14	2.791666666666667	1.5	3.357534246575343	3.357534246575343	5.810416666666666	5.979083333333333	7.020833333333333	1.124166666666667	94.95	94.95	2.72254395825034	3.233493884850955		2.72254395825034	3.087872708416326								
283	1963	4	4.002739726027397	3.72	3.673333333333334	3.875	3.810083333333333					6.27	6.041666666666667	4.5	2	2	2.002739726027397	2.002739726027397	5.082916666666667	5.588333333333334	6.080000000000001	0.7799999999999999	107.86	107.86	2.90895406765098	2.9629018432651		2.90895406765098	2.173962599015687								
284	1964	7	5.057377049180328	6.63	4.785833333333334	6.813	4.958583333333334					6.16	6	5.56	3.25	2	3.057377049180328	3.057377049180328	5.601666666666667	6.06	6.506666666666668	0.7074999999999999	97.43	97.43	3.21832616255117	3.085912564141434		3.21832616255117	2.383340504115496								
285	1965	6	6.419178082191781	5.52	5.904166666666668	5.875	6.252833333333334					6.63	6.6875	6.92	4.416666666666667	1.585886156122188	4.833291926069593	4.833291926069593	6.55	6.433333333333334	7.072500000000001	0.6449999999999999	103.52	103.52	3.65537870392938	3.518439126855277		3.65537870392938	2.89462129607062								
286	1966	7	6.468493150684932	6.53	6.139166666666667	6.875	6.43					6.95	7	6.97	4.5	1.744325733326084	4.724167417358847	4.724167417358847	6.880833333333332	6.817500000000002	7.697499999999999	0.7899999999999997	92.48	92.48	4.22494689113859	3.922890214397324		4.22494689113859	2.655886442194743								
