## Sheet: A30a. Nat Debt mkt vals 1727 (continued)
	A	B	C	D	E	F	G	H	I	J	K	L	M


`data region 2: HE5:HF15`
	HE	HF
5	0	0
6	0	0
7	0	0
8	0	0
9	0	0
10	0	0
11	0	0
12	0	0
13	0	0
14	0	0
15	0	0

`data region 3: HJ5:HJ62`
	HJ
5	8655.2
6	10040
7	12298.1
8	15202.9
9	17914.8
10	20693.9
11	23514.8
12	25450
13	26172.5
14	27406.4
15	26696.6
16	25605.6
17	24514.6
18	23423
19	24035
20	25200
21	24885
22	23379
23	23489
24	23094
25	23951
26	23845
27	23938
28	24337
29	26326
30	26456
31	25995
32	26790
33	28000
34	29355
35	27842
36	27551
37	28017
38	31500
39	30128
40	29702
41	37182
42	46800
43	61624
44	73946
45	82479
46	82121
47	103731
48	108371
49	128889
50	146012
51	157530
52	180934
53	194587
54	205780
55	200735
56	184495
57	201211
58	217422
59	270436
60	328985
61	360495
62	420982

