## Sheet: A31. Interest rates & asset ps (continued)
	A	B	C	D	E	F	G	H	I	J	K	L	M	N	O	P	Q	R	S	T	U	V	W	X	Y	Z	AA	AB	AC	AD	AE	AF	AG	AH	AI	AJ	AK
40	1720	5	5			5.04	4.958333333333334			5						5.154639175257742	-0.1546391752577421	1.55341046330491		4			2.416042139659973	3.499658940574552	-0.459681853837672	3.44658953669509		-0.459681853837672	4.459681853837671		213.8999930546239						
41	1721	5	5			5.01	4.9875			4.5						-1.960784313725483	6.960784313725483	3.573785350521976		5			1.02560366537646	2.544133830485783	-0.412679089664723	1.426214649478024		-0.412679089664723	5.412679089664723		90.7999961174916						
42	1722	5	5			4.96	4.991666666666666			4.5						-8	13	8.557307459066097		3			0.8279377897731771	2.448863941783519	-0.34320456058387	-3.557307459066096		-0.34320456058387	3.34320456058387		73.29999943919323						
43	1723	5	5			4.91	4.924166666666665			4.5						-3.260869565217391	8.26086956521739	9.422591645353792		3			0.8595643154077302	2.710735921387853	-0.223164697537827	-4.422591645353792		-0.223164697537827	3.223164697537827		76.09999762735598						
44	1724	5	5			4.91	4.907499999999999			4.5						5.617977528089881	-0.6179775280898809	4.769272105520277		3			0.9341126318783138	2.850784907552517	-0.101033885863468	0.2307278944797231		-0.101033885863468	3.101033885863468		82.70000021569491						
45	1725	5	5			3.94	4.000833333333333			4.5						3.191489361702139	1.808510638297861	2.371035973765444		3			1.102410993567419	2.832643127647591	-0.0556548639222909	2.628964026234556		-0.0556548639222909	3.055654863922291		97.59999629004754						
46	1726	5	5			4.97	4.871666666666667			4.5						5.154639175257742	-0.1546391752577421	0.3416380982425107		3			1.024474185341224	2.417722905373155	-0.108660031217157	4.658361901757489		-0.108660031217157	3.108660031217156		90.69999961174918						
47	1727	5	5			4.84	4.878333333333334			4.5						-5.88235294117645	10.88235294117645	5.756486845670475		3.569999999999999			1.067395924527353	2.770810751138735	-0.249225238611706	-0.7564868456704744		-0.249225238611706	3.819225238611705		94.49999943919323						
48	1728	5	5			3.87	3.915833333333333			4.5						3.125000000000014	1.874999999999986	4.17127804730138		3.404999999999999			1.114835738804133	2.724834883484588	-0.413939736657405	0.8287219526986207		-0.413939736657405	3.818939736657404		98.69999900780341						
49	1729	5	5			3.81	3.830000000000001			4.5						5.050505050505052	-0.05050505050505194	2.71371806298276		3.24			1.093374843386118	2.970665489627994	-0.595700523519605	2.28628193701724		-0.595700523519605	3.835700523519605		96.79999680771533						
50	1730	5	5			3.78	3.7925			4.5						-8.65384615384616	13.65384615384616	7.186771561771562		3.299999999999999			1.140814657662898	3.014996791969121	-0.751965199997083	-2.186771561771562		-0.751965199997083	4.051965199997082		100.9999963763255						
51	1731	5	5			3.74	3.768333333333333			4						-7.368421052631589	12.36842105263159	10.27026336236863		3.12			1.174700246667727	2.987866146186185	-0.783734361653417	-5.270263362368633		-0.783734361653417	3.903734361653417		103.9999967214374						
52	1732	5	5			3.8	3.7925			4						1.136363636363626	3.863636363636374	8.373113728376897		3.029999999999999			1.181477385128653	2.879314656746273	-0.670988952052219	-3.373113728376896		-0.670988952052219	3.700988952052218		104.5999986195526						
53	1733	5	5			3.46	3.398333333333333			4						-4.494382022471896	9.494382022471896	8.379966130853179		3.09			1.147591796123824	2.452215178023768	-0.459572571140563	-3.379966130853179		-0.459572571140563	3.549572571140563		101.5999982744407						
54	1734	5	5			3.37	3.4125			4						3.529411764705884	1.470588235294116	4.356335997115901		3.19			1.048194092479614	2.573227888549527	-0.177218929345003	0.6436640028840984		-0.177218929345003	3.367218929345003		92.79999939605425						
55	1735	5	5			3.31	3.342500000000001			4						1.13636363636364	3.86363636363636	4.271871056900794		3.19			1.091115831665744	2.835506479566925	0.108033988619312	0.728128943099206		0.108033988619312	3.081966011380687		96.59999922349833						
56	1736	5	5			3.3	3.290833333333333			4						-2.247191011235941	7.247191011235941	5.076804061767701		2.86			1.217621985853857	2.968573986726818	0.365220387330687	-0.0768040617677016		0.365220387330687	2.494779612669313		107.7999965488814						
57	1737	5	5			2.81	2.975833333333334			4						6.896551724137936	-1.896551724137936	1.998608714029086		2.83			1.241341892992247	2.940481862806264	0.573694131481231	3.001391285970914		0.573694131481231	2.256305868518769		109.8999963331865						
58	1738	5	5			2.81	2.809999999999999			4						-2.150537634408593	7.150537634408593	4.455741502210104		2.86			1.226658136035157	2.940058580076898	0.686656881889746	0.544258497789896		0.686656881889746	2.173343118110254		108.5999960312136						
59	1739	5	5			2.87	2.870000000000001			4						-2.197802197802204	7.197802197802204	5.364752044396093		3.06			1.128389964076085	2.771316910866708	0.720573358060221	-0.3647520443960928		0.720573358060221	2.33942664193978		99.89999823130174						
60	1740	5	5			2.89	2.878333333333333			4						12.35955056179776	-7.359550561797761	-0.09032709467650069		3			1.094504375071256	2.764724352961023	0.663541710677751	5.090327094676501		0.663541710677751	2.336458289322249		96.89999788618988						
61	1741	5	5			2.89	2.879999999999999			4						8	-3	-2.268304728978888		3.03			1.102410993567419	2.816664586149169	0.474454356846825	7.268304728978888		0.474454356846825	2.555545643153175		97.59999629004754						
62	1742	5	5			2.87	2.879166666666666			4						-8.333333333333343	13.33333333333334	4.294756554307119		3			1.112576675433858	3.059972765651074	0.229168296565158	0.7052434456928807		0.229168296565158	2.770831703434843		98.4999968508543						
63	1743	5	5			2.86	2.865833333333333			4						-5.050505050505052	10.05050505050505	8.425252525252528		2.970000000000001			1.149850807844199	3.206872058415115	0.0787959862619931	-3.425252525252529		0.0787959862619931	2.891204013738008		101.7999958586577						
64	1744	5	5			2.93	2.931666666666667			4.25						-10.63829787234042	15.63829787234042	13.50096711798839		3.240000000000001			1.120483345579922	3.105694461936698	0.0888581994009246	-8.500967117988392		0.0888581994009246	3.151141800599076		99.19999982744407						
65	1745	5	5			3.11	2.9975			4.25						1.190476190476176	3.809523809523824	8.606352276565048		3.529999999999999			1.110317663713483	2.65956822732536	0.273587749582925	-3.606352276565048		0.273587749582925	3.256412250417074		98.2999992666373						
66	1746	5	5			3.91	3.610833333333333			4.25						9.411764705882348	-4.411764705882348	2.064634364384057		3.41			1.028992260431874	2.9066504677125	0.539928868414961	2.935365635615943		0.539928868414961	2.870071131585039		91.09999935291528						
67	1747	5	5			3.96	3.943333333333333			4.25						-3.225806451612911	8.225806451612911	3.551278575946516		3.660000000000001			1.014308503474785	2.719084812504684	0.803989910008166	1.448721424053484		0.803989910008166	2.856010089991835		89.79999905094239						
68	1748	5	5			3.96	3.9625			4.25						4.444444444444443	0.5555555555555571	1.863166772085182		3.41			1.014308503474785	2.882821831950807	1.07057993978952	3.136833227914818		1.07057993978952	2.33942006021048		89.79999905094239						
69	1749	5	5			3.92	3.888333333333334			4.25						2.127659574468083	2.872340425531917	3.247998169755208		2.97			1.084338693204817	3.046529298488832	1.30416812408594	1.752001830244792		1.30416812408594	1.66583187591406		95.9999973253831						
70	1750	5	5			2.87	3.217500000000001			4.25						-1.041666666666671	6.041666666666671	3.993646572104022		3			1.129519495761222	3.09306491649283	1.50291782982642	1.006353427895978		1.50291782982642	1.49708217017358		99.99999930977629						
71	1751	5	5			2.84	2.855			4.25						2.631578947368425	2.368421052631575	3.571178611422172		3.03			1.154368882934849	3.194277285710899	1.67325074269912	1.428821388577828		1.67325074269912	1.35674925730088		102.1999955998238						
72	1752	5	5			2.79	2.809166666666667			4.25						6.410256410256437	-1.410256410256437	1.213731443994588		2.859999999999999			1.201808748861531	3.301497145223468	1.79615937009391	3.786268556005412		1.79615937009391	1.063840629906089		106.3999997411661						
73	1753	5	5			2.82	2.81			4.25						-1.204819277108442	6.204819277108442	3.153016926003605		2.871551971115587			1.215362974133482	3.205410064657698	1.8622037119737	1.846983073996395		1.8622037119737	1.009348259141887		107.5999989646644						
74	1754	5	5			2.85	2.8325			4.25						-1.219512195121951	6.219512195121951	4.68915059864222		2.898700824472682			1.180347853443515	3.099602351818637	1.90808217460044	0.3108494013577798		1.90808217460044	0.9906186498722425		104.499997541078						
75	1755	5	5			2.95	2.929166666666667			4.25						-4.938271604938279	9.93827160493828	8.075953316427412		3.134095961966654			1.097892918476769	2.711871839961332	1.93987112711633	-3.075953316427413		1.93987112711633	1.194224834850324		97.19999654888143						
76	1756	5	5			2.95	2.945			4.25						7.792207792207805	-2.792207792207805	2.829280024401971		3.364648330771146			1.010919908419372	2.540064941173874	1.93236611691761	2.170719975598029		1.93236611691761	1.432282213853536		89.49999581551874						
77	1757	5	5			2.93	2.926666666666667			4.25						27.71084337349397	-22.71084337349397	-10.20542970342167		3.344175692653101			1.026733197061599	2.597833807173218	1.79156398012931	15.20542970342167		1.79156398012931	1.552611712523791		90.89999719596618						
78	1758	5	5			2.97	2.936666666666667			4.25						-5.660377358490578	10.66037735849058	-2.041505891244463		3.247981973031045			1.038028410613175	2.556682768151426	1.48203789170731	7.041505891244463		1.48203789170731	1.765944081323735		91.8999988352475						
79	1759	5	5			4	3.669166666666667			4.25						-13	18	7.655944532848379		3.630410654234559			0.9476668571502653	2.538897447494341	1.22754538680619	-2.655944532848379		1.22754538680619	2.402865267428369		83.89999943919324						
80	1760	5	5			4.01	3.991666666666667			4.25						-8.045977011494259	13.04597701149426	14.05506397744525		3.680056571528462			0.9375011752838267	2.418758565767761	1.18042362166345	-9.055063977445245		1.18042362166345	2.499632949865012		82.99999887838648						
81	1761	5	5			4.99	4.613333333333333			4.25						-1.25	6.25	10.63879310344828		3.919992407224912			0.9024860545938599	2.127730760272276	1.35073429864854	-5.638793103448277		1.35073429864854	2.569258108576371		79.89999745480004						
82	1762	5	5			4.84	4.915			4.25						3.797468354430393	1.202531645569607	5.085461225083655		3.972056411977526			0.856175772002218	2.76225531050226	1.65623488391426	-0.08546122508365528		1.65623488391426	2.315821528063266		75.79999896466444						
83	1763	5	5			3.99	4.710833333333333			3.5						2.439024390243901	2.560975609756099	2.891247298548932		3.35946924529922			1.061748317751565	2.639614755011998	1.98867550062696	2.108752701451068		1.98867550062696	1.37079374467226		93.99999861955257						
84	1764	5	5			3.9	3.95			3.5						9.523809523809533	-4.523809523809533	-1.253105749864016		3.5254298067485			0.9838114578754689	2.74467241200638	2.2612439231138	6.253105749864016		2.2612439231138	1.2641858836347		87.0999973685221						
85	1765	5	5			3.94	4.126666666666667			3.5						5.43478260869567	-0.4347826086956701	-1.062339039539475		3.368013936830307			1.093374843386118	2.949184525090442	2.39164117069569	6.062339039539475		2.39164117069569	0.9763727661346175		96.79999680771533						
86	1766	5	5			2.97	3.290833333333333			3.5						0	5	1.464803312629392		3.356882543111652			1.146462264438687	3.272237087171112	2.37015582346242	3.535196687370608		2.37015582346242	0.9867267196492322		101.4999971959662						
87	1767	5	5			2.99	2.985833333333334			3.5						15.46391752577321	-10.46391752577321	-3.81891528462574		3.365915347170243			1.241341892992247	3.716119076649548	2.2174600497968	8.81891528462574		2.2174600497968	1.148455297373443		109.8999963331865						
88	1768	5	5			2.95	2.970833333333334			3.5						-2.678571428571431	7.678571428571431	1.700110456553752		3.297956268595375			1.303465464226116	3.745907351195262	1.93052445984702	3.299889543446248		1.93052445984702	1.367431808748355		115.3999962037696						
