## Sheet: A31. Interest rates & asset ps (continued)
	A	B	C	D	E	F	G	H	I	J	K	L	M	N	O	P	Q	R	S	T	U	V	W	X	Y	Z	AA	AB	AC	AD	AE	AF	AG	AH	AI	AJ	AK
89	1769	5	5			2.95	2.9475			3.5						-13.76146788990826	18.76146788990826	9.591521868370917		3.394925124423238			1.258284713319612	3.385865454032832	1.6387450632633	-4.591521868370917		1.6387450632633	1.756180061159938		111.3999987921085						
90	1770	5	5			2.96	2.954166666666667			3.5						4.255319148936167	0.7446808510638334	7.53649507821868		3.617475490765912			1.165664096486426	2.933737179085005	1.42541262509741	-2.53649507821868		1.42541262509741	2.192062865668502		103.1999972391051						
91	1771	5	5			2.93	2.9325			3.5						5.965292841648591	-0.9652928416485906	3.493051412476507		3.44035597937563			1.187124991904442	3.390406755959212	1.21983045976847	1.506948587523493		1.21983045976847	2.22052551960716		105.0999994391932						
92	1772	5	5			2.99	2.9575			3.5						4.810644831115653	0.1893551688843473	-0.04597409783963702		3.389262608930096			1.211974379078069	2.957604893040549	0.979647755444625	5.045974097839637		0.979647755444625	2.409614853485471		107.2999957292408						
93	1773	5	5			2.97	2.986666666666667			4.5						0.3906249999999858	4.609375000000014	2.168435482335593		3.448850197590621			1.121612825615159	2.78938563792836	0.710015395696333	2.831564517664407		0.710015395696333	2.738834801894288		99.29999633318653						
94	1774	5	5			2.92	2.934166666666667			4.5						-1.459143968871601	6.459143968871601	4.650255518212674		3.395364915268303			1.145332732753549	2.941802828685088	0.454387786539615	0.349744481787326		0.454387786539615	2.940977128728688		101.3999961174916						
95	1775	5	5			2.9	2.911666666666667			4.5						-0.8884501480750231	5.888450148075023	5.803843264698995		3.380883962477165			1.180347853443516	3.005719064939515	0.253019180033527	-0.8038432646989946		0.253019180033527	3.127864782443639		104.499997541078						
96	1776	5	5			2.95	2.938333333333334			4.5						-6.374501992031867	11.37450199203187	8.74561483421276		3.561286078032392			1.178088841723141	2.947656859923655	0.127019950371726	-3.74561483421276		0.127019950371726	3.434266127660666		104.299999956861						
97	1777	5	5			3	2.990833333333333			4.5						4.361702127659555	0.6382978723404449	4.909189563394787		3.827544554454923			1.137426114257386	2.694118163098121	0.0860702799475364	0.09081043660521287		0.0860702799475364	3.741474274507386		100.6999977136339						
98	1778	5	5			3.91	3.621666666666666			4.5						1.529051987767588	3.470948012232412	4.201863766224713		4.715358174698879			0.9860705212457446	2.317642188610275	0.0748801516505631	0.7981362337752866		0.0748801516505631	4.640478023048315		87.29999952547121						
99	1779	5	5			3.95	3.959166666666667			4.5						-5.120481927710841	10.12048192771084	6.229184941993234		4.882164548960789			0.9544439439612906	2.38309863147955	0.0808988455709371	-1.229184941993233		0.0808988455709371	4.801265703389852		84.49999676457635						
100	1780	5	5			3.98	3.967499999999999			4.5						1.05820105820105	3.94179894179895	5.70123365165921		4.897965891623678			0.8753776040499572	2.391519350121969	0.106126840282283	-0.7012336516592099		0.106126840282283	4.791839051341396		77.4999990078034						
101	1781	5	5			3.98	3.985			4.5						9.842931937172793	-4.842931937172793	0.7851700994954571		5.189694782237876			0.8482691535060548	2.276283370680381	0.100555625902517	4.214829900504543		0.100555625902517	5.089139156335358		75.10000056080678						
102	1782	5	5			4.03	3.995833333333334			4.5						0.6673021925643496	4.33269780743565	1.501829110925778		5.154108997547555			0.8290673214583152	2.425869716034339	0.0237154241467316	3.498170889074222		0.0237154241467316	5.130393573400823		73.40000051766779						
103	1783	5	5			5.12	4.709166666666666			4.5						0.2840909090909065	4.715909090909093	2.689177500250683		4.717022999059876			0.9024860545938598	2.257388883648824	-0.0674690995290057	2.310822499749317		-0.0674690995290057	4.784492098588881		79.89999745480004						
104	1784	5	5			5.02	5.035833333333333			4.5						-5.004721435316341	10.00472143531634	7.283673006418029		5.285330980956401			0.7917931373980727	2.276943688708215	-0.109610433910094	-2.283673006418029		-0.109610433910094	5.394941414866494		70.09999693713226						
105	1785	5	5			4.94	4.979166666666667			4.5						-4.37375745526839	9.37375745526839	8.631476976410916		5.007286638911865			0.8844137542312582	2.787534694116244	-0.0358463767866453	-3.631476976410916		-0.0358463767866453	5.043133015698511		78.29999849013564						
106	1786	5	5			4.82	4.842499999999999			4.5						-0.6237006237006284	5.623700623700628	7.624921835494099		4.074831305357429			1.024474185341224	2.953182063900558	0.171781378390333	-2.624921835494099		0.171781378390333	3.903049926967096		90.69999961174918						
107	1787	5	5			3.85	4.208333333333333			4.5						1.778242677824267	3.221757322175733	5.172740339251733		4.012257640233432			1.059489254381289	3.092144335485101	0.4878896019377	-0.1727403392517333		0.4878896019377	3.524368038295731		93.79999646260346						
108	1788	5	5			3.85	3.855			4.5						1.541623843782105	3.458376156217895	3.820455399501793		4.005297480284047			1.109188132028345	3.073469595868028	0.879177250388408	1.179544600498207		0.879177250388408	3.126120229895639		98.19999818816275						
109	1789	5	5			3.8	3.829166666666666			4.5						-0.3036437246963573	5.303643724696357	4.333686173648694		3.907244371918546			1.13516705088711	3.262330841212278	1.32526438425603	0.6663138263513062		1.32526438425603	2.581979987662516		100.4999955566849						
110	1790	5	5			3.81	3.839166666666667			4.5						6.497461928934015	-1.497461928934015	1.534037384185479		3.892623843385038			1.139685177627661	3.271376746399	1.81237929155027	3.465962615814521		1.81237929155027	2.080244551834768		100.8999998705831						
111	1791	5	5			3.83	3.840833333333334			4.5						-1.143946615824603	6.143946615824603	3.683463474171369		3.577835703843812			1.217621985853856	3.549094093320438	2.31049761643826	1.316536525828631		2.31049761643826	1.267338087405552		107.7999965488814						
112	1792	5	5			3.98	3.83			4.5						-2.314368370298936	7.314368370298936	5.200875784110046		3.328128915601418			1.346387203412245	3.296255389861823	2.83647121017161	-0.2008757841100459		2.83647121017161	0.4916577054298079		119.1999960312137						
113	1793	5	5			3.96	3.991666666666667			4.5						6.120434353405713	-1.120434353405713	2.862882657551745		3.961365647574969			1.172441234947352	3.420910375277824	3.37264694783759	2.137117342448255		3.37264694783759	0.5887186997373788		103.7999991372204						
114	1794	5	5			3.99	3.9775			4.5						3.069767441860463	1.930232558139537	2.091859647107842		4.447187473593154			1.076432074708654	3.163423058930053	3.84990699242171	2.908140352892158		3.84990699242171	0.5972804811714445		95.29999892152544						
115	1795	5	5			4.02	4.0075			5						15.70397111913357	-10.70397111913357	-4.997002662806066		4.521009429620968			1.056100710975777	3.591162266319031	4.22660703743113	9.997002662806066		4.22660703743113	0.2944023921898378		93.49999779991191						
116	1796	5	5			5.04	4.43			5						2.41809672386897	2.58190327613103	-1.534193186046648		4.882841733091397			1.071913999618004	2.83802973818776	4.45330370644879	6.534193186046648		4.45330370644879	0.4295380266426072		94.89999918035934						
117	1797	5	5			5.03	5.028333333333333			5						-9.977151561309995	14.97715156131	6.122352539667593		5.906600656808311			0.8618233787780059	2.464152743280565	4.59528755268331	-1.122352539667593		4.59528755268331	1.311313104125001		76.29999978430507						
118	1798	5	5			4.9	5.029166666666662			5						1.353637901861248	3.646362098138752	6.832707172688581		5.931449171845078			0.8403624833599908	2.782766071223697	4.69751609227883	-1.83270717268858		4.69751609227883	1.233933079566248		74.399997584217						
119	1799	5	5			4.57333333333333	4.727499999999996			5						20.95158597662774	-15.95158597662774	-3.886454046610247		5.08889366855458			0.9826819261903309	3.247276476684182	4.65919396585265	8.886454046610247		4.65919396585265	0.4296997027019298		86.99999629004753						
120	1800	5	5			4.75333333333333	4.584166666666664			5						30.0207039337474	-25.0207039337474	-16.56655534023427		4.702937332726915			1.104670056937695	3.3683488982593	4.34605065309929	21.56655534023427		4.34605065309929	0.3568866796276247		97.79999844699665						
121	1801	5	5			4.80666666666666	4.846666666666663			5						-5.414012738853529	10.41401273885353	-5.489522006023003		4.90085857628691			1.105799588622832	3.752545585503794	3.78672369405473	10.489522006023		3.78672369405473	1.11413488223218		97.8999995254712						
122	1802	5	5			4.7	4.743333333333331			5						-22.83950617283951	27.83950617283951	12.03981612132633		4.225476146669907			1.214233442448344	3.738137354572873	3.26659012222398	-7.039816121326331		3.26659012222398	0.9588860244459267		107.4999978861899						
123	1803	5	5			4.92333333333333	4.768749999999994			5						-1.38181818181819	6.38181818181819	13.62556349053165		5.144703628123838			1.031251272152249	2.941240942544336	2.97905973417147	-8.625563490531652		2.97905973417147	2.165643893952368		91.29999693713228						
124	1804	5	5			5.26333333333333	5.114166666666663			5						6.932153392330392	-1.932153392330392	6.516369992948162		5.253947330648836			1.005272353293484	3.28111828170919	2.85647642523942	-1.516369992948162		2.85647642523942	2.397470905409416		88.99999956861018						
125	1805	5	5			5.41	5.371666666666663			5						12.27586206896552	-7.275862068965523	-2.941213415818241		5.069307022046012			1.097892918476768	3.602638552368959	2.78759349342833	7.941213415818241		2.78759349342833	2.281713528617682		97.19999654888143						
126	1806	5	5			5.35666666666666	5.399999999999996			5						-3.808353808353814	8.808353808353814	1.834987605021172		4.887436381493852			1.183736396849027	3.637662322479415	2.70189947248629	3.165012394978828		2.70189947248629	2.185536909007562		104.7999962037696						
127	1807	5	5			5.13999999999999	5.25708333333333			5						-0.8301404853128957	5.830140485312896	4.102403971369487		4.765769001373733			1.23004673109057	3.743038772507291	2.62380696122713	0.8975960286305127		2.62380696122713	2.141962040146603		108.8999992666373						
128	1808	5	5			4.71	4.933749999999997			5						5.344494526722471	-0.3444945267224711	3.338465643903396		4.522149516007191			1.261673256725124	3.905884578589371	2.5126095637398	1.661534356096604		2.5126095637398	2.009539952267391		111.6999974548001						
129	1809	5	5			4.56666666666666	4.571249999999996			5						8.985330073349644	-3.985330073349644	-0.929985297628984		4.384041092304964			1.349775798467659	4.353485670112436	2.29306281450099	5.929985297628984		2.29306281450099	2.090978277803974		119.4999992666373						
130	1810	5	5			4.21333333333333	4.44083333333333			5						1.177790241166591	3.822209758833409	0.6466069520673177		4.408540849465871			1.358811948648959	3.95877900063503	1.91819615234998	4.353393047932682		1.91819615234998	2.490344697115892		120.2999987489695						
131	1811	5	5			4.61	4.270416666666665			5						1.607538802660756	3.392461197339244	2.045827511649716		4.674168462066746			1.277486545367351	3.381099215532883	1.40800838798105	2.954172488350284		1.40800838798105	3.266160074085696		113.0999988352475						
132	1812	5	5			5.06666666666666	4.926249999999997			5						11.02018548827058	-6.020185488270585	-1.227912433166837		5.01296375033446			1.169052686181944	3.130647421789706	0.775116370564986	6.227912433166837		0.775116370564986	4.237847379769473		103.5						
133	1813	5	5			5.01666666666666	5.089583333333329			5						0.6388206388206328	4.361179361179367	1.053026273576357		5.113227864662373			1.105799593982727	3.121371429428846	0.0341568653927481	3.946973726423643		0.0341568653927481	5.079070999269625		97.9						
134	1814	5	5			4.91666666666666	4.945833333333329			5						-10.15625000000001	15.15625000000001	7.682441710699701		4.522026389627191			1.161146049657042	3.195579368315713	-0.697784525950341	-2.6824417106997		-0.697784525950341	5.219810915577533		102.8						
