## Sheet: A31. Interest rates & asset ps (continued)
	A	B	C	D	E	F	G	H	I	J	K	L	M	N	O	P	Q	R	S	T	U	V	W	X	Y	Z	AA	AB	AC	AD	AE	AF	AG	AH	AI	AJ	AK
215	1895	2	2			1.25	0.844				4 to 5	4.5	4.5		0.5	-1.368421052631561	3.368421052631561	3.865300401923323		2.4065	2.597499999999997	0.1909999999999976	25.24976848531673	36.44097270546135	-0.161449327455935	-1.865300401923324		-0.161449327455935	2.567949327455935						223.7112567405551	176.8148994130518	150.022560788432
216	1896	4	2.483606557377049			3.625	1.53925				4 to 5	4.5	4.5		1.083333333333333	-0.2134471718249813	2.697053729202031	3.533643344324909		2.301333333333333	2.489166666666664	0.1878333333333307	27.39599880656865	43.71068492734543	-0.027245846481912	-1.05003678694786		-0.027245846481912	2.328579179815244						242.7267135635023	189.7223870702046	171.9858636878585
217	1897	3	2.632876712328767			2.938	1.885416666666667				4 to 5	4.5	4.5		1.125	2.032085561497325	0.6007911508314416	1.954552293653911		2.263666666666666	2.512499999999998	0.2488333333333316	28.48635955907008	45.99017096302096	0.102963031579514	0.6783244186748562		0.102963031579514	2.160703635087152						252.3872367633297	193.9911407792842	176.5778862483243
218	1898	4	3.249315068493151			2.938	2.607166666666667				4 to 5	4.5	4.5		1.791666666666667	1.781970649895158	1.467344418597993	1.791393509461371		2.289166666666667	2.57958333333333	0.2904166666666633	28.9392926760593	46.14419028975578	0.202945571059519	1.45792155903178		0.202945571059519	2.086221095607148						256.4001938278667	185.8047146383984	177.6373535658142
219	1899	6	3.758904109589041			5.75	3.273666666666667				4 to 5	4.5	4.5		2.25	-1.029866117404737	4.788770226993778	3.332828861023397		2.378166666666667	2.700833333333331	0.3226666666666642	29.35601849059455	45.15846659865285	0.26574040597348	0.4260752485656439		0.26574040597348	2.112426260693187						260.092356618988	188.9633947872512	188.5265233393986
220	1900	4	3.958904109589041			4.125	3.664416666666666				4 to 5	4.5	4.5		2.458333333333333	4.058272632674303	-0.0993685230852619	1.882333498494279		2.547416666666666	2.819999999999997	0.2725833333333301	31.23186807214354	44.81962407983623	0.300156714626183	2.076570611094762		0.300156714626183	2.247259952040483						276.7122582069413	197.6557109474647	188.7716078197399
221	1901	4	3.749315068493151			3.282	3.197916666666667				4 to 5	4.5	4.5		2.25	-0.3000000000000114	4.049315068493162	2.887806502171813		2.690666666666667	2.881666666666663	0.1909999999999966	31.77217938979162	42.60174577485464	0.302046271262677	0.8615085663213377		0.302046271262677	2.38862039540399						281.4993802739214	183.6221554701947	183.5426342831331
222	1902	4	3.328767123287671			3.563	3.013250000000001				4 to 5	4.5	4.5		1.791666666666667	0	3.328767123287671	2.607112596752814		2.6755	2.90333333333333	0.22783333333333	32.61731936156008	42.66335350554859	0.304859282981749	0.7216545265348572		0.304859282981749	2.37064071701825						288.9872637892077	179.5273814032094	181.4686025157337
223	1903	4	3.750684931506849			3.375	3.375333333333333				4 to 5	4.5	4.5		2.208333333333333	1.103309929789361	2.647375001717488	3.259029966612171		2.786999999999999	2.999166666666664	0.2121666666666633	32.02042241724353	39.70618243223981	0.336025494169559	0.4916549648946784		0.336025494169559	2.450974505830441						283.6987968618652	176.8703761584419	178.2566082512052
224	1904	3	3.293715846994536			2.625	2.646				4 to 5	4.5	4.5		1.75	-0.3968253968253777	3.690541243819913	3.161135566470416		2.860249999999999	3.11833333333333	0.2580833333333299	34.39953980284473	40.69190612334275	0.41992605638245	0.1325802805241196		0.41992605638245	2.440323943617549						304.7776174687018	191.0376932887331	184.3886355750467
225	1905	4	3.010958904109589			4	2.655				4 to 5	4.5	4.5		1.583333333333333	0.3984063745019881	2.612552529607601	2.710141349948336		2.810500000000001	3.08333333333333	0.2728333333333299	36.84190712884671	43.21782308179402	0.588581866235071	0.3008175541612531		0.588581866235071	2.221918133764929						326.4168283089796	221.7565543695614	193.2761678097639
226	1906	6	4.273972602739726			5.688	4.060166666666666				4 to 5	4.5	4.5		2.708333333333333	-0.09920634920634086	4.373178951946067	4.283418944357376		2.8585	3.172499999999998	0.3139999999999983	39.16663146867693	43.03299988971222	0.865814559778242	-0.009446341617649526		0.865814559778242	1.992685440221758						347.0137301752762	253.9334304085848	194.1265829481269
227	1907	7	4.927397260273972			5.625	4.489916666666667				4 to 5	4.5	4.5		3.416666666666667	1.588877855014886	3.338519405259087	4.083038962628034		2.999083333333334	3.299999999999996	0.3009166666666625	37.45504967349575	40.19904427779132	1.27355995440043	0.8443582976459383		1.27355995440043	1.725523378932904						331.8492301666167	237.2246106876999	176.4028259249629
228	1908	2.5	3			2.282	2.206083333333333				4 to 5	4.5	4.5		1.333333333333333	1.270772238514184	1.729227761485816	1.907791794079711		2.925083333333333	3.296666666666664	0.3715833333333308	39.13678140383571	38.90528193321873	1.82409572189234	1.092208205920289		1.82409572189234	1.100987611440993						346.7492606010978	219.6225445746726	178.8371849227274
229	1909	4.5	3.105479452054794			3.375	2.304083333333333				4 to 5	4.5	4.5		1.708333333333333	0.1930501930501975	2.912429259004597	2.309947112972464		3.01525	3.406666666666663	0.3914166666666634	42.11117679052723	39.95261335501558	2.53286393450065	0.795532339082331		2.53286393450065	0.4823860654993499						373.1022044067813	241.1016294340755	186.9742768367115
230	1910	4.5	3.723287671232877			3.469	3.17475				4 to 5	4.5	4.5		2.333333333333333	2.119460500963385	1.603827170269492	2.351487915133288		3.119666666666667	3.547499999999997	0.42783333333333	42.78495561917566	43.49505786991673	3.40976570725312	1.371799756099588		3.40976570725312	-0.290099040586453						379.0718396772897	240.185443242226	189.4797321463234
231	1911	4	3.468493150684932			3.719	3.0185				4 to 5	4.5	4.5		1.958333333333333	0.2830188679245111	3.185474282760421	2.652535527823621		3.186833333333333	3.609999999999997	0.4231666666666634	42.52396738989869	44.60399702240752	4.4412735158325	0.8159576228613105		4.4412735158325	-1.254440182499167						376.7595014552583	233.9886588065766	191.4313733874306
232	1912	5	3.777322404371585			4.782	3.6175				4.5 to 5	4.75	4.75		2.375	2.822201317027279	0.9551210873443057	1.857423985287915		3.319916666666666	3.744999999999994	0.4250833333333282	43.41697070508656	44.26515450359088	5.60096217884901	1.91989841908367		5.60096217884901	-2.281045512182344						384.6714509858186	240.8913242413706	198.9354832242178
233	1913	5	4.771232876712329			4.75	4.364833333333333				4.5 to 5	4.75	4.75		3.25	0.6404391582799605	4.130793718432368	3.547749128879263		3.4275	3.88833333333333	0.4608333333333299	42.20129552534413	42.20129552534413	6.82079377975455	1.223483747833066		6.82079377975455	-3.39329377975455						373.9006503582157	230.5570864314158	185.4277639132934
234	1914	5	4.043835616438356			2.438	2.950916666666667				4.5 to 5	4.75	4.75		1.833333333333333	2.545454545454561	1.498381070983795	2.014536332821632		3.482333333333334	3.929287532708403	0.4469541993750688	42.78105507503938	42.78105507503938	8.00492078021254	2.029299283616724		8.00492078021254	-4.522587446879207								
235	1915	5	5			5.156	3.721416666666666				4.5 to 5	4.75	4.75		2.666666666666667	12.5	-7.5	-2.14172419529236		3.858000000000001	4.091317681833545	0.2333176818335454	32.22524810567158	32.22524810567158	8.99568770408882	7.14172419529236		8.99568770408882	-5.137687704088819								
236	1916	6	5.469945355191257			5.438	5.211000000000001				5	5	5		3.791666666666667	18.10000000000002	-12.63005464480877	-7.839145553899666		4.3165	4.660521322078947	0.344021322078946	35.87257978207914	35.87257978207914	9.58088986744716	13.30909090909092		9.58088986744716	-5.264389867447161								
237	1917	5	5.152054794520548			4.062	4.736916666666667				5	5	5		4	25.19999999999999	-20.04794520547944	-15.37794520547945		4.582249999999999	5.203402517336214	0.6211525173362146	38.87626469206185	38.87626469206185	9.5833657093104	20.53		9.5833657093104	-5.0011157093104								
238	1918	5	5			3.156	3.541583333333333				5 to 5.5	5.25	5.25		3.041916666666667	22	-17	-17.18		4.428666666666666	5.230406993610593	0.8017403269439262	43.5105214103209	43.5105214103209	8.91114477002693	22.18		8.91114477002693	-4.482478103360264								
239	1919	6	5.153424657534247			5.75	3.997416666666667				5 to 5.5	5.25	5.25		3.208333333333333	10.09999999999999	-4.946575342465747	-11.53657534246575		4.637166666666667	5.464928759985773	0.8277620933191071	45.9992889071637	45.9992889071637	7.62842293285205	16.68999999999999		7.62842293285205	-2.991256266185383								
240	1920	7	6.713114754098361			6.625	6.430083333333333				6 to 6.5	6.25	6.25		4.791666666666667	15.39999999999998	-8.686885245901617	-8.416885245901625		5.366	6.273049745565486	0.9070497455654859	32.48270681224154	32.48270681224154	5.93028463334078	15.12999999999999		5.93028463334078	-0.5642846333407805								
241	1921	5	6.091780821917808			3.625	5.083666666666666				6.5 to 7	6.75	6.75		4.041666666666667	-8.600000000000009	14.69178082191782	3.751780821917821		5.19975	6.159287461039046	0.9595374610390461	33.34090250080803	33.34090250080803	4.03653007771961	2.339999999999988		4.03653007771961	1.16321992228039								
242	1922	3	3.693150684931507			2.625	2.595083333333334				5.5 to 6.5	6.525	6.525	4.265000000000001	1.625	-14	17.69315068493151	10.19315068493151		4.391583333333334	5.14756726858849	0.7559839352551555	39.20890134095025	39.20890134095025	2.26165662588165	-6.500000000000006		2.26165662588165	2.129926707451684								
243	1923	4	3.493150684931507	3.213	2.711166666666667	3.313	2.698333333333334				5 to 6	6.3	6.3	4.1	1.5	-5.999999999999986	9.493150684931493	12.4131506849315		4.296166666666667	4.911192581796366	0.6150259151297	38.64210599843651	38.64210599843651	0.793796336942771	-8.919999999999995		0.793796336942771	3.502370329723896								
244	1924	4	4	3.772	3.414333333333333	3.75	3.492666666666667				5 to 5.5	6.075	6.075	4.315	2	-0.700000000000017	4.700000000000017	8.950000000000005		4.373333333333334	5.09665176027409	0.7233184269407561	42.30960527352538	42.30960527352538	-0.34153529623994	-4.950000000000005		-0.34153529623994	4.714868629573274								
245	1925	5	4.578082191780822	4.902	4.20825	4.844	4.159250000000001				5 to 5.5	5.85	5.85	4.69	2.583333333333333	0.2999999999999972	4.278082191780824	5.838082191780826		4.439333333333333	5.147807656318498	0.708474322985165	44.17669581357062	44.17669581357062	-1.18676074417883	-1.260000000000004		-1.18676074417883	5.626094077512163								
246	1926	5	5	4.478	4.428166666666667	4.5	4.435166666666666				5 to 5.5	5.83	5.25	4.855	3	-0.7999999999999972	5.799999999999997	5.450000000000003		4.524916666666667	5.299511054407698	0.7745943877410305	45.24360469359648	45.24360469359648	-1.78788712442386	-0.4500000000000028		-1.78788712442386	6.312803791090527								
247	1927	4.5	4.650684931506849	4.267	4.354083333333334	4.313	4.258166666666668				5 to 5.5	5.81	5.25	4.69	2.625	-2.40000000000002	7.050684931506869	6.030684931506859		4.558083333333333	5.304801706360947	0.7467183730276133	48.97778577368698	48.97778577368698	-2.17605394708318	-1.38000000000001		-2.17605394708318	6.734137280416514								
248	1928	4.5	4.5	4.795	4.256583333333333	4.36	4.171				5 to 5.5	5.79	5.25	4.775	2.5	-0.2999999999999972	4.799999999999997	5.530000000000004		4.465416666666667	5.253538033953578	0.7881213672869111	52.94535317128313	52.94535317128313	-2.37252185102072	-1.030000000000004		-2.37252185102072	6.837938517687387								
249	1929	5	5.495890410958904	4.603	5.259333333333333	4.532	5.258333333333334				5 to 5.5	5.77	5.25	5.53	3.625	-0.9000000000000057	6.39589041095891	6.51589041095891	4.76	4.5675	5.425833333333331	0.8583333333333316	49.04446757868858	49.04446757868858	-2.40079093562957	-1.020000000000006		-2.40079093562957	7.16079093562957								
