## Sheet: A31. Interest rates & asset ps (continued)
	A	B	C	D	E	F	G	H	I	J	K	L	M	N	O	P	Q	R	S	T	U	V	W	X	Y	Z	AA	AB	AC	AD	AE	AF	AG	AH	AI	AJ	AK
320	2000	6	5.96448087431694	5.6113	5.804166666666667	5.79	5.960833333333334	5.979166666666667	6.106416666666667			7.0925	6.950641666666669	7.689166666666667	2.9275	1.450164707535834	4.514316166781105	4.514316166781105	5.310833333333333	4.912916666666667	6.905472034004642	1.515148613463831	2989.69	2989.69	1.58341301922242	1.108320792420898	1.988866703267771	1.988866703267771	3.321966630065562								
321	2001	4	5.117808219178082	3.8333	4.731883333333332	3.92	4.805833333333333	5.083333333333333	4.971741666666666			6.43666666666667	6.065166666666667	6.928333333333332	2.548333333333333	1.080452685473188	4.037355533704893	4.037355533704893	4.935833333333334	5.054333333333333	6.5096038647343	1.55071102327624	2507.59	2507.59	1.56984639183857	1.121434976864017	1.488866703267772	1.488866703267772	3.446966630065562								
322	2002	4	4	3.8427	3.8575	3.9	3.926666666666667	4	3.993358333333333			5.39	5.049633333333333	5.870833333333334	1.7875	1.353974224671371	2.646025775328629	2.646025775328629	4.905	5.04675	6.335908377250767	1.491908510571554	1900.53	1900.53	1.61865525189865	1.158801356565611	1.288866703267773	1.288866703267773	3.616133296732228								
323	2003	3.75	3.693150684931507	3.739	3.561775	3.93	3.635	3.6875	3.665491666666666			4.96	4.850766666666667	5.589166666666667	1.741666666666667	1.477712486731335	2.215438198200172	2.215438198200172	4.521622479097111	4.884833333333334	5.629451188907711	1.170759159922203	2168.867574163532	2168.867574163532	1.72123410630249	1.305172618179053	1.288866703267772	1.288866703267772	3.232755775829339								
324	2004	4.75	4.381830601092896	4.691	4.462625	4.76	4.558333333333333	4.395833333333333	4.570316666666666			5.28083333333333	5.279066666666666	6.018333333333334	2.620833333333333	2.347239687848384	2.034590913244513	2.034590913244513	4.835279658211693	4.773583333333333	5.786202082941213	0.9279531338226992	2372.413597066874	2372.413597066874	1.86539090943096	1.332021910907611	1.688866703267772	1.688866703267772	3.146412954943921								
325	2005	4.5	4.647260273972603	4.4271	4.5394	4.6	4.673333333333334	4.645833333333333	4.696733333333333			5.465	5.303616666666668	6.151666666666666	2.980833333333333	2.144732441471572	2.502527832501031	2.502527832501031	4.369764271433131	4.43875	5.339774860405296	0.8924318338666165	2805.81025418533	2805.81025418533	2.0353212746019	1.703847326725662	1.688866703267773	1.688866703267773	2.680897568165358								
326	2006	5	4.63972602739726	5.108	4.669808333333333	5.27	4.836666666666666	4.645833333333333	4.7982			5.35416666666667	5.319741666666666	6.215833333333332	2.770833333333334	2.3	2.33972602739726	2.33972602739726	4.430626508274798	4.241083333333333	5.424665490306796	0.8791245294560514	3189.6443098409	3189.6443098409	2.20996690603881	2.050143970120813	1.788866703267773	1.788866703267773	2.641759805007026								
327	2007	5.5	5.510273972602739	5.2388	5.522416666666666	5.99	5.984999999999999	5.520833333333333	5.955666666666667			5.79	6.098775	6.988333333333334	3.291666666666667	2.4	3.11027397260274	3.11027397260274	4.916544990583399	4.632083333333333	6.070957988267772	1.00255955517912	3267.132322065504	3267.132322065504	2.36851629521922	2.271423304235772	1.988866703267773	1.988866703267773	2.927678287315627								
328	2008	2	4.671448087431694	1.242	4.232891666666666	2.9	5.440833333333334	4.625	5.489924999999999			5.70083333333333	6.088325000000001	6.690833333333334	2.939166666666667	2.8	1.871448087431694	1.871448087431694	4.578849764224345	4.591416666666666	6.9877481570362	2.447612483530962	2128.799894365071	2128.799894365071	2.49135826456024	2.963552746750814	2.188866703267773	2.188866703267773	2.389983060956572								
329	2009	0.5	0.6438356164383562	0.4911	0.5302333333333333	0.53	1.109166666666666	0.625	1.198841666666667			3.70833333333333	3.968908333333333	3.060833333333333	0.795	1.7	-1.056164383561644	-1.056164383561644	3.744213078371828	4.544999999999999	6.131810731538994	2.75759081498212	2708.093153645159	2708.093153645159	2.55839647352679	2.627803210189845	1.888866703267773	1.888866703267773	1.855346375104056								
330	2010	0.5	0.5	0.5007	0.4977416666666667	0.74	0.6695833333333333	0.5	0.6899583333333333			3.60083333333333	3.638416666666667	2.859999999999999	0.8125000000000001	2.2	-1.7	-1.7	3.746896196103251	4.638583333333333	4.76326314386097	1.523965665976536	3039.818418513638	3039.818418513638	2.56062099893819	3.01906502984412	2.088866703267773	2.088866703267773	1.658029492835478								
331	2011	0.5	0.5	0.2407	0.4804666666666668	1.02	0.8691666666666666	0.5	0.8876249999999999			3.43333333333333	3.31715	2.978333333333333	0.9475000000000001	3	-2.5	-2.5	3.229658210607629	4.361603443906075	4.550486683606249	1.784373188405797	2814.190266891152	2814.190266891152	2.48513795287849	3.654362209986422	2.088866703267773	2.088866703267773	1.140791507339856								
332	2012	0.5	0.5	0.309	0.319975	0.52	0.7658333333333331	0.5	0.8387083333333334			3.375	3.609433333333333	3.185	1.039166666666667	2.5	-2	-2	1.95991085842378	3.770413501379515	3.771697267708138	2.005869227994228	3099.078383050647	3099.078383050647	2.32644723744236	3.412863352922011	2.088866703267773	2.088866703267773	-0.1289558448439931								
333	2013	0.5	0.5	0.257	0.313	0.4885	0.46435	0.5	0.4930333333333333			3.32666666666667	3.349508333333334	3.111666666666667	0.9241666666666667	2.6	-2.1	-2.1	2.463807270450357	4.221772015149717	3.571022256728778	1.424341465901249	3514.579828825755	3514.579828825755	2.0987973751957	3.023610699308023	2.088866703267773	2.088866703267773	0.3749405671825841								
334	2014	0.5	0.5	0.3884	0.3901583333333333	0.485	0.494116666666667	0.5	0.5391166666666667			3.22083333333333	2.878375	3.133333333333333	0.7658333333333335	2.2	-1.7	-1.7	2.615497316270126	4.066958145227855	3.555135728402033	1.196037016123973	3511.379133496653	3511.379133496653	1.82147241632997	2.065603770695446	1.888866703267773	1.888866703267773	0.7266306130023539								
335	2015	0.5	0.5	0.4511	0.4500416666666667	0.5250000000000002	0.5075416666666669	0.5	0.5525416666666668			3.08166666666667	2.597775	3.135833333333333	0.7658333333333331	1.6	-1.1	-1.1	1.896425256272903	2.691225074066678	3.093538647342995	1.338061907898864	3401.179442601736	3401.179442601736	1.51836843728467	0.9713188734979497	1.688866703267773	1.688866703267773	0.20755855300513								
336	2016	0.25	0.3975409836065574	0.0106	0.309675	0.3325000000000006	0.4461166666666672		0.4911166666666666			2.84	2.328875	3.070833333333334	0.6391666666666665	1.6	-1.202459016393443	-1.202459016393443	1.303054149598148	1.987649052691134	2.645	1.4275	3779.296730191014	3779.296730191014	1.20976679033601	0.634069152164058	1.588866703267773	1.588866703267773	-0.2858125536696252								