## Sheet: M10. Mthly long-term rates (continued)
	A	B	C	D	E	F	G	H	I	J	K	L	M	N	O	P	Q	R	S	T	U	V	W	X	Y	Z	AA	AB	AC	AD	AE
1158	1848	Dec		3.389256058295204	3.436081391099053	3.41					3.389256058295204																				
1159	1849	Jan		3.289437615815616	3.3454485868317	3.32					3.289437615815616																				
1160	1849	Feb		3.235582782385487	3.250358187194033	3.23					3.235582782385487																				
1161	1849	Mar		3.281234619212722	3.297930651880601	3.28					3.281234619212722																				
1162	1849	Apr		3.294096978215038	3.286390013787348	3.25					3.294096978215038																				
1163	1849	May		3.334630133940977	3.315506179420174	3.27					3.334630133940977																				
1164	1849	Jun		3.275430992128048	3.298971356094947	3.26					3.275430992128048																				
1165	1849	Jul		3.227680588728939	3.234572988542181	3.23					3.227680588728939																				
1166	1849	Aug		3.259629488781442	3.247673636794674	3.23					3.259629488781442																				
1167	1849	Sep		3.263281555932646	3.264686379573858	3.24					3.263281555932646																				
1168	1849	Oct		3.27139492279508	3.279546698224892	3.24					3.27139492279508																				
1169	1849	Nov		3.177360249105043	3.231100174233402	3.18					3.177360249105043																				
1170	1849	Dec		3.12966189219358	3.137457797460915	3.1					3.12966189219358																				
1171	1850	Jan		3.126335205660751	3.1070653030363	3.09			3.126		3.126																				
1172	1850	Feb		3.16699568232922	3.153828284604989	3.14			3.172		3.172																				
1173	1850	Mar		3.147293327738145	3.1511719215765	3.14			3.155		3.155																				
1174	1850	Apr		3.159391290611342	3.153397068067909	3.12			3.159		3.159																				
1175	1850	May		3.152419481952398	3.168575821645782	3.12			3.15		3.15																				
1176	1850	Jun		3.127182512795388	3.130469440272388	3.09			3.127		3.127																				
1177	1850	Jul		3.102250165453342	3.102516805030838	3.1			3.106		3.106																				
1178	1850	Aug		3.123600887102652	3.118268887399075	3.1			3.126		3.126																				
1179	1850	Sep		3.126954346466542	3.129264233148315	3.11			3.13		3.13																				
1180	1850	Oct		3.123763510277182	3.118677058046262	3.09			3.118		3.118																				
1181	1850	Nov		3.139651707970529	3.133842469673193	3.09			3.142		3.142																				
1182	1850	Dec		3.109130479842471	3.101719005278918	3.06			3.107		3.107																				
1183	1851	Jan		3.111710403485116	3.106938441746985	3.1			3.109		3.109																				
1184	1851	Feb		3.127378110438146	3.125556190914415	3.11			3.134		3.134																				
1185	1851	Mar		3.134960029259627	3.128038064459041	3.1			3.13		3.13																				
1186	1851	Apr		3.122138040129881	3.118236549219124	3.09			3.126		3.126																				
1187	1851	May		3.107262708704479	3.116459693973467	3.08			3.102		3.102																				
1188	1851	Jun		3.105332891685989	3.105887753967771	3.06			3.091		3.091																				
1189	1851	Jul		3.110032966349443	3.09993646372495	3.1			3.106		3.106																				
1190	1851	Aug		3.139651707970529	3.11964674280834	3.11			3.142		3.142																				
1191	1851	Sep		3.130772361541593	3.13718528899982	3.11			3.134		3.134																				
1192	1851	Oct		3.103565997330934	3.114405848745153	3.08			3.101		3.101																				
1193	1851	Nov		3.075030750307503	3.079255620662942	3.05			3.078		3.078																				
1194	1851	Dec		3.091508656224237	3.11127089786563	3.06			3.091		3.091																				
1195	1852	Jan		3.1195083654816	3.108098215754061	3.1	3.11		3.118		3.118																				
1196	1852	Feb		3.098757398283288	3.103010376389626	3.1	3.1		3.104		3.104																				
1197	1852	Mar		3.062568269751013	3.079541500588772	3.06	3.06		3.062		3.062																				
1198	1852	Apr		3.044325377496347	3.043076708197025	3.02	3.02		3.046		3.046																				
1199	1852	May		3.03988326848249	3.042028930623016	3	3.01		3.039		3.039																				
1200	1852	Jun		2.975245953665503	3.006323385407056	2.98	2.99		2.976		2.976																				
1201	1852	Jul		3.002371873780286	2.995210388229991	2.98	2.99		2.997		2.997																				
1202	1852	Aug		3.013016230114093	3.02373753227067	3.01	3.01		3.012		3.012																				
1203	1852	Sep		3.01993154821824	3.016390278121595	3	3		3.02		3.02																				
1204	1852	Oct		3.021026343349714	3.019069844380299	2.99	2.99		3.02		3.02																				
1205	1852	Nov		2.997721731484072	3.011157577962923	2.97	2.98		2.997		2.997																				
1206	1852	Dec		2.985104329396313	2.989469537364809	2.96	2.96		2.983		2.983																				
1207	1853	Jan		3.017076653860852	3.001824929178849		3.01		3.023		3.023																				
1208	1853	Feb		3.024132577972218	3.024344033326829		3.02		3.023		3.023																				
1209	1853	Mar		3.027123022279625	3.022774800222329		3.01		3.031		3.031																				
1210	1853	Apr		3.005861429788086	3.011430718219422		2.98		3.008		3.008																				
1211	1853	May		3.020448435911118	3.012133217584634		2.98		3.02		3.02																				
1212	1853	Jun		3.028803925329887	3.039568424909147		3		3.067		3.067																				
1213	1853	Jul		3.059538621575866	3.057038952228531		3.06		3.062		3.062																				
1214	1853	Aug		3.074526522915471	3.076804722158478		3.06		3.074		3.074																				
1215	1853	Sep		3.237433362829949	3.165263169019235		3.15		3.238		3.238																				
1216	1853	Oct		3.3034917908229	3.297059563091767		3.26		3.302		3.302																				
1217	1853	Nov		3.171783811215427	3.196446119788778		3.16		3.175		3.175																				
1218	1853	Dec		3.205436420168606	3.185037225466863		3.14		3.196		3.196																				
1219	1854	Jan		3.312428230721668	3.264610938197282		3.26		3.314		3.314																				
1220	1854	Feb		3.284575632828239	3.289334125412732		3.28		3.288		3.288																				
1221	1854	Mar		3.527502763210498	3.376301127224936		3.34		3.515		3.515																				
1222	1854	Apr		3.470655606844133	3.455880163349003		3.43		3.474		3.474																				
1223	1854	May		3.381958379365544	3.439480935158673		3.38		3.386		3.386																				
1224	1854	Jun		3.205710438861759	3.268009301723437		3.25		3.196		3.196																				
1225	1854	Jul		3.249813135744695	3.25573458193992		3.25		3.253		3.253																				
1226	1854	Aug		3.201400078967869	3.219008720155609		3.2		3.205		3.205																				
1227	1854	Sep		3.17295793715428	3.170820079468116		3.15		3.18		3.18																				
1228	1854	Oct		3.197578367316486	3.189388058989064		3.16		3.205		3.205																				
1229	1854	Nov		3.297899238185276	3.264159756545301		3.24		3.297		3.297																				
1230	1854	Dec		3.273679615888258	3.276242716639433		3.24		3.286		3.286																				
1231	1855	Jan		3.298479400996141	3.288710007956989		3.29		3.302		3.302																				
1232	1855	Feb		3.316053012634162	3.306094341869242		3.3		3.316		3.316																				
1233	1855	Mar		3.24573456382737	3.255865358039085		3.23		3.253		3.253																				
1234	1855	Apr		3.411145348903317	3.33987939562863		3.31		3.415		3.415																				
1235	1855	May		3.334630133940977	3.388156713072406		3.33		3.33		3.33																				
1236	1855	Jun		3.26797385620915	3.272800652822236		3.25		3.295		3.295																				
1237	1855	Jul		3.307753373908441	3.296718661084346		3.3		3.311		3.311																				
1238	1855	Aug		3.309066843150232	3.303083763220471		3.3		3.311		3.311																				
1239	1855	Sep		3.421454802582058	3.358748547474309		3.33		3.42		3.42																				
1240	1855	Oct		3.440209164717215	3.459197836916446		3.42		3.444		3.444																				
1241	1855	Nov		3.402595045821613	3.429353044074669		3.4		3.41		3.41																				
1242	1855	Dec		3.401746229731262	3.385302559695566		3.34		3.397		3.397																				
1243	1856	Jan		3.320971937787126	3.401474936427282		3.38		3.325		3.325																				
1244	1856	Feb		3.304073923147241	3.315439002468301		3.3		3.307		3.307																				
1245	1856	Mar		3.262962117009821	3.275468175658531		3.26		3.266		3.266																				
1246	1856	Apr		3.253443227415682	3.251492797214503		3.23		3.271		3.271																				
1247	1856	May		3.206944102964286	3.242220127168862		3.2		3.209		3.209																				
1248	1856	Jun		3.151558445651375	3.182266293138735		3.18		3.156		3.156																				
1249	1856	Jul		3.13876479142908	3.136795897562877		3.14		3.142		3.142																				
1250	1856	Aug		3.168668208751861	3.159045625237679		3.16		3.172		3.172																				
1251	1856	Sep		3.240685729100278	3.211957294062389		3.19		3.24		3.24																				
1252	1856	Oct		3.268401098182769	3.280562332236912		3.26		3.271		3.271																				
1253	1856	Nov		3.223726627981947	3.255889780114527		3.22		3.22		3.22																				
1254	1856	Dec		3.194377894904967	3.201777516037198		3.18		3.185		3.185																				
1255	1857	Jan		3.233002489411917	3.209452054039262		3.2		3.235		3.235																				
1256	1857	Feb		3.219367716180542	3.218562778980836		3.21		3.218		3.218																				
1257	1857	Mar		3.231748699221149	3.233073963317902		3.21		3.24		3.24																				
1258	1857	Apr		3.272536870582075	3.257946656739535		3.23		3.258		3.258																				
1259	1857	May		3.245629219317985	3.238213934679307		3.2		3.244		3.244																				
1260	1857	Jun		3.226118656644192	3.229968457449723		3.2		3.219		3.219																				
1261	1857	Jul		3.327307210274725	3.274184899474194		3.27		3.33		3.33																				
1262	1857	Aug		3.335742480680491	3.323360446475599		3.31		3.339		3.339																				
1263	1857	Sep		3.358259078493709	3.346881074915581		3.32		3.358		3.358																				
1264	1857	Oct		3.388069478011429	3.387668836738229		3.37		3.42		3.42																				
1265	1857	Nov		3.340087732971119	3.386668125856831		3.35		3.334		3.334																				
1266	1857	Dec		3.225320919431483	3.280712217277979		3.29		3.219		3.219																				
1267	1858	Jan		3.156200355598573	3.167996944573499		3.17		3.159		3.159																				
1268	1858	Feb		3.114650276684766	3.115972428621691		3.12		3.11		3.11																				
1269	1858	Mar		3.106008054914222	3.11328246429643		3.1		3.106		3.106																				
1270	1858	Apr		3.115361849278794	3.126235277317772		3.1		3.11		3.11																				
1271	1858	May		3.106715683736343	3.107965225113706		3.09		3.106		3.106																				
1272	1858	Jun		3.129074315514993	3.121520604123027		3.07		3.135		3.135																				
1273	1858	Jul		3.127573732550745	3.139957740156484		3.14		3.134		3.134																				
1274	1858	Aug		3.110645666352146	3.11900933948754		3.11		3.114		3.114																				
1275	1858	Sep		3.10189732719847	3.108205369968919		3.09		3.106		3.106																				
1276	1858	Oct		3.079165340914923	3.075556183672933		3.05		3.082		3.082																				
1277	1858	Nov		3.098341354594841	3.093615344069522		3.06		3.098		3.098																				
1278	1858	Dec		3.09017119548423	3.090774505409512		3.06		3.103		3.103																				
1279	1859	Jan		3.139421718519449	3.101827253211499		3.13		3.142		3.142																				
1280	1859	Feb		3.15949111129834	3.160766361396087		3.14		3.163		3.163																				
1281	1859	Mar		3.146468089569458	3.149798264000336		3.13		3.146		3.146																				
1282	1859	Apr		3.39731612026499	3.219639113537593		3.18		3.398		3.398																				
1283	1859	May		3.28954582337332	3.316101723106792		3.28		3.3		3.3																				
1284	1859	Jun		3.253231543333044	3.249115647290341		3.21		3.254		3.254																				
1285	1859	Jul		3.164423442048859	3.175009660103222		3.16		3.167		3.167																				
1286	1859	Aug		3.155370440489714	3.155649287042494		3.15		3.165		3.165																				
1287	1859	Sep		3.160689451725736	3.161057265226803		3.14		3.159		3.159																				
1288	1859	Oct		3.159957024584465	3.156079144638399		3.12		3.157		3.157																				
