## Sheet: M10. Mthly long-term rates (continued)
	A	B	C	D	E	F	G	H	I	J	K	L	M	N	O	P	Q	R	S	T	U	V	W	X	Y	Z	AA	AB	AC	AD	AE
604	1802	Oct	4.395604395604395								4.395604395604395																				
605	1802	Nov	4.452690166975881								4.452690166975881																				
606	1802	Dec	4.088586030664395								4.088586030664395																				
607	1803	Jan	4.240282685512367								4.240282685512367																				
608	1803	Feb	4.21792618629174								4.21792618629174																				
609	1803	Mar	4.828973843058351								4.828973843058351																				
610	1803	Apr	4.752475247524753								4.752475247524753																				
611	1803	May	5								5																				
612	1803	Jun	5.240174672489083								5.240174672489083																				
613	1803	Jul	5.755395683453237								5.755395683453237																				
614	1803	Aug	5.542725173210162								5.542725173210162																				
615	1803	Sep	5.714285714285714								5.714285714285714																				
616	1803	Oct	5.594405594405594								5.594405594405594																				
617	1803	Nov	5.504587155963304								5.504587155963304																				
618	1803	Dec	5.34521158129176								5.34521158129176																				
619	1804	Jan	5.381165919282512								5.381165919282512																				
620	1804	Feb	5.393258426966292								5.393258426966292																				
621	1804	Mar	5.309734513274337								5.309734513274337																				
622	1804	Apr	5.357142857142858								5.357142857142858																				
623	1804	May	5.357142857142858								5.357142857142858																				
624	1804	Jun	5.25164113785558								5.25164113785558																				
625	1804	Jul	5.117270788912579								5.117270788912579																				
626	1804	Aug	5.263157894736842								5.263157894736842																				
627	1804	Sep	5.240174672489083								5.240174672489083																				
628	1804	Oct	5.217391304347826								5.217391304347826																				
629	1804	Nov	5.117270788912579								5.117270788912579																				
630	1804	Dec	5.042016806722689								5.042016806722689																				
631	1805	Jan	4.918032786885246								4.918032786885246																				
632	1805	Feb	5.172413793103448								5.172413793103448																				
633	1805	Mar	5.161290322580645								5.161290322580645																				
634	1805	Apr	5.161290322580645								5.161290322580645																				
635	1805	May	5.063291139240507								5.063291139240507																				
636	1805	Jun	5.02092050209205								5.02092050209205																				
637	1805	Jul	5.117270788912579								5.117270788912579																				
638	1805	Aug	5.150214592274678								5.150214592274678																				
639	1805	Sep	5.106382978723405								5.106382978723405																				
640	1805	Oct	5.063291139240507								5.063291139240507																				
641	1805	Nov	4.918032786885246								4.918032786885246																				
642	1805	Dec	4.979253112033195								4.979253112033195																				
643	1806	Jan	4.928131416837783								4.928131416837783																				
644	1806	Feb	5.010438413361169								5.010438413361169																				
645	1806	Mar	4.948453608247423								4.948453608247423																				
646	1806	Apr	4.98960498960499								4.98960498960499																				
647	1806	May	4.887983706720978								4.887983706720978																				
648	1806	Jun	4.743083003952569								4.743083003952569																				
649	1806	Jul	4.6875								4.6875																				
650	1806	Aug	4.771371769383698								4.771371769383698																				
651	1806	Sep	4.752475247524753								4.752475247524753																				
652	1806	Oct	4.897959183673469								4.897959183673469																				
653	1806	Nov	5.063291139240507								5.063291139240507																				
654	1806	Dec	4.968944099378882								4.968944099378882																				
655	1807	Jan	4.838709677419354								4.838709677419354																				
656	1807	Feb	4.809619238476954								4.809619238476954																				
657	1807	Mar	4.828973843058351								4.828973843058351																				
658	1807	Apr	4.733727810650888								4.733727810650888																				
659	1807	May	4.715127701375245								4.715127701375245																				
660	1807	Jun	4.696673189823874								4.696673189823874																				
661	1807	Jul	4.838709677419354								4.838709677419354																				
662	1807	Aug	4.800000000000001								4.800000000000001																				
663	1807	Sep	4.780876494023904								4.780876494023904																				
664	1807	Oct	4.780876494023904								4.780876494023904																				
665	1807	Nov	4.696673189823874								4.696673189823874																				
666	1807	Dec	4.669260700389105								4.669260700389105																				
667	1808	Jan	4.724409448818898								4.724409448818898																				
668	1808	Feb	4.696673189823874								4.696673189823874																				
669	1808	Mar	4.642166344294004								4.642166344294004																				
670	1808	Apr	4.50281425891182								4.50281425891182																				
671	1808	May	4.403669724770642								4.403669724770642																				
672	1808	Jun	4.301075268817204								4.301075268817204																				
673	1808	Jul	4.411764705882353								4.411764705882353																				
674	1808	Aug	4.562737642585551								4.562737642585551																				
675	1808	Sep	4.545454545454545								4.545454545454545																				
676	1808	Oct	4.46927374301676								4.46927374301676																				
677	1808	Nov	4.519774011299435								4.519774011299435																				
678	1808	Dec	4.485981308411215								4.485981308411215																				
679	1809	Jan	4.50281425891182								4.50281425891182																				
680	1809	Feb	4.428044280442805								4.428044280442805																				
681	1809	Mar	4.452690166975881								4.452690166975881																				
682	1809	Apr	4.428044280442805								4.428044280442805																				
683	1809	May	4.403669724770642								4.403669724770642																				
684	1809	Jun	4.332129963898917								4.332129963898917																				
685	1809	Jul	4.411764705882353								4.411764705882353																				
686	1809	Aug	4.395604395604395								4.395604395604395																				
687	1809	Sep	4.395604395604395								4.395604395604395																				
688	1809	Oct	4.332129963898917								4.332129963898917																				
689	1809	Nov	4.285714285714286								4.285714285714286																				
690	1809	Dec	4.240282685512367								4.240282685512367																				
691	1810	Jan	4.419889502762431								4.419889502762431																				
692	1810	Feb	4.419889502762431								4.419889502762431																				
693	1810	Mar	4.355716878402903								4.355716878402903																				
694	1810	Apr	4.278074866310161								4.278074866310161																				
695	1810	May	4.262877442273535								4.262877442273535																				
696	1810	Jun	4.210526315789473								4.210526315789473																				
697	1810	Jul	4.363636363636363								4.363636363636363																				
698	1810	Aug	4.403669724770642								4.403669724770642																				
699	1810	Sep	4.6875								4.6875																				
700	1810	Oct	4.545454545454545								4.545454545454545																				
701	1810	Nov	4.485981308411215								4.485981308411215																				
702	1810	Dec	4.46927374301676								4.46927374301676																				
703	1811	Jan	4.554079696394687								4.554079696394687																				
704	1811	Feb	4.562737642585551								4.562737642585551																				
705	1811	Mar	4.624277456647399								4.624277456647399																				
706	1811	Apr	4.633204633204633								4.633204633204633																				
707	1811	May	4.660194174757281								4.660194174757281																				
708	1811	Jun	4.705882352941177								4.705882352941177																				
709	1811	Jul	4.828973843058351								4.828973843058351																				
710	1811	Aug	4.678362573099415								4.678362573099415																				
711	1811	Sep	4.715127701375245								4.715127701375245																				
712	1811	Oct	4.678362573099415								4.678362573099415																				
713	1811	Nov	4.724409448818898								4.724409448818898																				
714	1811	Dec	4.724409448818898								4.724409448818898																				
715	1812	Jan	4.780876494023904								4.780876494023904																				
716	1812	Feb	4.878048780487805								4.878048780487805																				
717	1812	Mar	4.828973843058351								4.828973843058351																				
718	1812	Apr	4.958677685950414								4.958677685950414																				
719	1812	May	4.897959183673469								4.897959183673469																				
720	1812	Jun	4.907975460122699								4.907975460122699																				
721	1812	Jul	5.298013245033112								5.298013245033112																				
722	1812	Aug	5.084745762711864								5.084745762711864																				
723	1812	Sep	5.274725274725275								5.274725274725275																				
724	1812	Oct	5.106382978723405								5.106382978723405																				
725	1812	Nov	5.139186295503212								5.139186295503212																				
726	1812	Dec	5								5																				
727	1813	Jan	5.063291139240507								5.063291139240507																				
728	1813	Feb	5.128205128205128								5.128205128205128																				
729	1813	Mar	5.084745762711864								5.084745762711864																				
730	1813	Apr	5.02092050209205								5.02092050209205																				
731	1813	May	5.139186295503212								5.139186295503212																				
732	1813	Jun	5.194805194805195								5.194805194805195																				
733	1813	Jul	5.194805194805195								5.194805194805195																				
734	1813	Aug	5.274725274725275								5.274725274725275																				
735	1813	Sep	5.106382978723405								5.106382978723405																				
736	1813	Oct	5.172413793103448								5.172413793103448																				
737	1813	Nov	5								5																				
738	1813	Dec	4.979253112033195								4.979253112033195																				
739	1814	Jan	4.479283314669653								4.479283314669653																				
740	1814	Feb	4.262877442273535								4.262877442273535																				
741	1814	Mar	4.780876494023904								4.780876494023904																				
742	1814	Apr	4.444444444444445								4.444444444444445																				
743	1814	May	4.444444444444445								4.444444444444445																				
744	1814	Jun	4.444444444444445								4.444444444444445																				
745	1814	Jul	4.46096654275093								4.46096654275093																				
746	1814	Aug	4.597701149425287								4.597701149425287																				
747	1814	Sep	4.597701149425287								4.597701149425287																				
748	1814	Oct	4.669260700389105								4.669260700389105																				
749	1814	Nov	4.545454545454545								4.545454545454545																				
750	1814	Dec	4.536862003780718								4.536862003780718																				
751	1815	Jan	4.597701149425287								4.597701149425287																				
752	1815	Feb	4.696673189823874								4.696673189823874																				
753	1815	Mar	5.150214592274678								5.150214592274678																				
754	1815	Apr	5.25164113785558								5.25164113785558																				
755	1815	May	5.052631578947368								5.052631578947368																				
756	1815	Jun	5.084745762711864								5.084745762711864																				
757	1815	Jul	5.286343612334802								5.286343612334802																				
758	1815	Aug	5.321507760532151								5.321507760532151																				
759	1815	Sep	5.25164113785558								5.25164113785558																				
760	1815	Oct	4.918032786885246								4.918032786885246																				
761	1815	Nov	4.907975460122699								4.907975460122699																				
762	1815	Dec	4.907975460122699								4.907975460122699																				
763	1816	Jan	4.8582995951417								4.8582995951417																				
