## Sheet: M10. Mthly long-term rates (continued)
	A	B	C	D	E	F	G	H	I	J	K	L	M	N	O	P	Q	R	S	T	U	V	W	X	Y	Z	AA	AB	AC	AD	AE
906	1827	Dec		3.63901018922853	3.642194929294918						3.63901018922853																				
907	1828	Jan		3.50050173858253	3.565019140937043						3.50050173858253																				
908	1828	Feb		3.617857745833434	3.550172901187924						3.617857745833434																				
909	1828	Mar		3.633456870866943	3.628489137213154						3.633456870866943																				
910	1828	Apr		3.536276301054989	3.5855863485624						3.536276301054989																				
911	1828	May		3.537861009233817	3.554026531262067						3.537861009233817																				
912	1828	Jun		3.42434480869327	3.454360254480521						3.42434480869327																				
913	1828	Jul		3.484522910738138	3.462278873515586						3.484522910738138																				
914	1828	Aug		3.44621605477186	3.451677440450246						3.44621605477186																				
915	1828	Sep		3.435520996759159	3.428479733970438						3.435520996759159																				
916	1828	Oct		3.512345895823821	3.512838736162805						3.512345895823821																				
917	1828	Nov		3.501196242049367	3.506671042534149						3.501196242049367																				
918	1828	Dec		3.497237182625726	3.501169149377465						3.497237182625726																				
919	1829	Jan		3.451211375192693	3.481270647369624						3.451211375192693																				
920	1829	Feb		3.465764027679902	3.458571426237054						3.465764027679902																				
921	1829	Mar		3.46004797933198	3.467842496981342						3.46004797933198																				
922	1829	Apr		3.439499208915182	3.45082963240541						3.439499208915182																				
923	1829	May		3.441077286595857	3.466388010123588						3.441077286595857																				
924	1829	Jun		3.450258769407705	3.449287252654204						3.450258769407705																				
925	1829	Jul		3.388375612731257	3.418822270395014						3.388375612731257																				
926	1829	Aug		3.426222019186843	3.404738768647137						3.426222019186843																				
927	1829	Sep		3.377161383285303	3.395427162153323						3.377161383285303																				
928	1829	Oct		3.331630499966683	3.357432637914107						3.331630499966683																				
929	1829	Nov		3.232131698592946	3.289251299049098						3.232131698592946																				
930	1829	Dec		3.21236976517577	3.215076070719519						3.21236976517577																				
931	1830	Jan		3.245839915175384	3.212107670705495						3.245839915175384																				
932	1830	Feb		3.294205492538624	3.274271948429576						3.294205492538624																				
933	1830	Mar		3.266657229656892	3.272470592349381						3.266657229656892																				
934	1830	Apr		3.281485856795957	3.26217251555663						3.281485856795957																				
935	1830	May		3.27636105498826	3.272169615210589						3.27636105498826																				
936	1830	Jun		3.302764413814363	3.296230572970432						3.302764413814363																				
937	1830	Jul		3.313233052812935	3.264307841508167						3.313233052812935																				
938	1830	Aug		3.30330991653637	3.290042254085899						3.30330991653637																				
939	1830	Sep		3.429943405933802	3.422956673223833						3.429943405933802																				
940	1830	Oct		3.61755236407047	3.537849634297185						3.61755236407047																				
941	1830	Nov		3.688857192041906	3.67456780205388						3.688857192041906																				
942	1830	Dec		3.711401425178148	3.710775485920434						3.711401425178148																				
943	1831	Jan		3.729766019345053	3.708508967458338						3.729766019345053																				
944	1831	Feb		3.860904481223135	3.790174274282021						3.860904481223135																				
945	1831	Mar		3.83533623114293	3.944036250598677						3.83533623114293																				
946	1831	Apr		3.843443725578118	3.850316294888283						3.843443725578118																				
947	1831	May		3.633148850108389	3.690122437266352						3.633148850108389																				
948	1831	Jun		3.690082288835041	3.657104148101745						3.690082288835041																				
949	1831	Jul		3.639495808513994	3.659431014830611						3.639495808513994																				
950	1831	Aug		3.677552221241542	3.685015398469377						3.677552221241542																				
951	1831	Sep		3.719039000322317	3.68874302889086						3.719039000322317																				
952	1831	Oct		3.666898903597228	3.718936297412692						3.666898903597228																				
953	1831	Nov		3.649235485165858	3.67910718074938						3.649235485165858																				
954	1831	Dec		3.639716587401727	3.650210705036367						3.639716587401727																				
955	1832	Jan		3.649901452660778	3.635368885043476						3.649901452660778																				
956	1832	Feb		3.654614559984407	3.656346949982335						3.654614559984407																				
957	1832	Mar		3.634205138766066	3.63135432541167						3.634205138766066																				
958	1832	Apr		3.568497305784534	3.592953450311978						3.568497305784534																				
959	1832	May		3.562395354636458	3.59627468719264						3.562395354636458																				
960	1832	Jun		3.608675255313774	3.599400176272977						3.608675255313774																				
961	1832	Jul		3.611368588316019	3.609042318153532						3.611368588316019																				
962	1832	Aug		3.580593184937638	3.58955421687009						3.580593184937638																				
963	1832	Sep		3.601137959595232	3.578749067687489						3.601137959595232																				
964	1832	Oct		3.611020835590222	3.603270675901364						3.611020835590222																				
965	1832	Nov		3.667795532625041	3.637264508266837						3.667795532625041																				
966	1832	Dec		3.565104754661375	3.607215547166667						3.565104754661375																				
967	1833	Jan		3.464843389078814	3.47558657561079						3.464843389078814																				
968	1833	Feb		3.434380437769026	3.433566170559286						3.434380437769026																				
969	1833	Mar		3.465723989741457	3.442284093623559						3.465723989741457																				
970	1833	Apr		3.455027064378671	3.457718717125827						3.455027064378671																				
971	1833	May		3.407542026351658	3.451172051658027						3.407542026351658																				
972	1833	Jun		3.410059676044331	3.412961465367375						3.410059676044331																				
973	1833	Jul		3.382034632034632	3.399001871179261						3.382034632034632																				
974	1833	Aug		3.412581048799909	3.399259541362868						3.412581048799909																				
975	1833	Sep		3.43092406221409	3.421475424548831						3.43092406221409																				
976	1833	Oct		3.479793996195425	3.47029180309844						3.479793996195425																				
977	1833	Nov		3.441274648129667	3.450633530367302						3.441274648129667																				
978	1833	Dec		3.430610191199341	3.430933046388362						3.430610191199341																				
979	1834	Jan		3.383713061132416	3.406312990393343						3.383713061132416																				
980	1834	Feb		3.317593196722218	3.342328042404961						3.317593196722218																				
981	1834	Mar		3.321192529530937	3.310250460214344						3.321192529530937																				
982	1834	Apr		3.32086165290354	3.334989377190164						3.32086165290354																				
983	1834	May		3.290447829949656	3.28268477219245						3.290447829949656																				
984	1834	Jun		3.297319279425827	3.293042887993006						3.297319279425827																				
985	1834	Jul		3.302618976848641	3.296963740792505						3.302618976848641																				
986	1834	Aug		3.368818218568926	3.334695045790776						3.368818218568926																				
987	1834	Sep		3.34455617739526	3.34368401493861						3.34455617739526																				
988	1834	Oct		3.30895734753979	3.332400694711878						3.30895734753979																				
989	1834	Nov		3.340385257766396	3.322230867408808						3.340385257766396																				
990	1834	Dec		3.314990386527879	3.311863348153689						3.314990386527879																				
991	1835	Jan		3.254925787692041	3.298960263480749						3.254925787692041																				
992	1835	Feb		3.312684268062411	3.281342992789596						3.312684268062411																				
993	1835	Mar		3.298370604921169	3.283988155520477						3.298370604921169																				
994	1835	Apr		3.266301566735985	3.283259150538706						3.266301566735985																				
995	1835	May		3.34982190113559	3.306966814934529						3.34982190113559																				
996	1835	Jun		3.339827442248817	3.329713690852854						3.339827442248817																				
997	1835	Jul		3.341203724328418	3.327728104756249						3.341203724328418																				
998	1835	Aug		3.359086328518643	3.350034413768096						3.359086328518643																				
999	1835	Sep		3.316492919287617	3.330630050836541						3.316492919287617																				
1000	1835	Oct		3.32240630814211	3.328357750243408						3.32240630814211																				
1001	1835	Nov		3.326200481190337	3.319609829781176						3.326200481190337																				
1002	1835	Dec		3.331260548991739	3.335267901346304						3.331260548991739																				
1003	1836	Jan		3.303891984758045	3.308284051671274						3.303891984758045																				
1004	1836	Feb		3.285115143285772	3.298930623315273						3.285115143285772																				
1005	1836	Mar		3.299749219059352	3.297611005659273						3.299749219059352																				
1006	1836	Apr		3.303891984758045	3.299621466550884						3.303891984758045																				
1007	1836	May		3.307753373908441	3.304594521881997						3.307753373908441																				
1008	1836	Jun		3.313123281317297	3.312245720794667						3.313123281317297																				
1009	1836	Jul		3.299277458236646	3.294557630224196						3.299277458236646																				
1010	1836	Aug		3.316712916385668	3.305609417120893						3.316712916385668																				
1011	1836	Sep		3.393051031487514	3.360729959252716						3.393051031487514																				
1012	1836	Oct		3.41635065423115	3.417907866602284						3.41635065423115																				
1013	1836	Nov		3.490035947370258	3.465422776053705						3.490035947370258																				
1014	1836	Dec		3.413668327985253	3.436672393020755						3.413668327985253																				
1015	1837	Jan		3.354091432532451	3.355622444450409						3.354091432532451																				
1016	1837	Feb		3.353416572584702	3.347845287077292						3.353416572584702																				
1017	1837	Mar		3.350233399593505	3.353341651022984						3.350233399593505																				
1018	1837	Apr		3.344891792750505	3.343982165112607						3.344891792750505																				
1019	1837	May		3.339604368202513	3.335201752775335						3.339604368202513																				
1020	1837	Jun		3.32719650422554	3.346154660406787						3.32719650422554																				
1021	1837	Jul		3.280911655985476	3.295883356611058						3.280911655985476																				
1022	1837	Aug		3.289149097128573	3.281584452531611						3.289149097128573																				
1023	1837	Sep		3.290411740189089	3.290816049772944						3.290411740189089																				
1024	1837	Oct		3.262784677963152	3.270877912335182						3.262784677963152																				
1025	1837	Nov		3.253196265330688	3.253499503260983						3.253196265330688																				
1026	1837	Dec		3.303710066404572	3.263811665749421						3.303710066404572																				
1027	1838	Jan		3.262607258213614	3.293192778393705						3.262607258213614																				
1028	1838	Feb		3.25754120789628	3.264460054271658						3.25754120789628																				
1029	1838	Mar		3.24573456382737	3.241673315309305						3.24573456382737																				
1030	1838	Apr		3.240720736291751	3.236518544587983						3.240720736291751																				
1031	1838	May		3.218366142788178	3.228356186950848						3.218366142788178																				
1032	1838	Jun		3.205436420168606	3.207754360970459						3.205436420168606																				
1033	1838	Jul		3.201844262295082	3.197871742959858						3.201844262295082																				
1034	1838	Aug		3.207355535361095	3.204295543943324						3.207355535361095																				
