## Sheet: M10. Mthly long-term rates (continued)
	A	B	C	D	E	F	G	H	I	J	K	L	M	N	O	P	Q	R	S	T	U	V	W	X	Y	Z	AA	AB	AC	AD	AE
285	1776	Mar	3.488372093023256								3.488372093023256																				
286	1776	Apr	3.508771929824561								3.508771929824561																				
287	1776	May	3.545051698670606								3.545051698670606																				
288	1776	Jun	3.539823008849558								3.539823008849558																				
289	1776	Jul	3.566121842496285								3.566121842496285																				
290	1776	Aug	3.582089552238806								3.582089552238806																				
291	1776	Sep	3.587443946188341								3.587443946188341																				
292	1776	Oct	3.66412213740458								3.66412213740458																				
293	1776	Nov	3.65296803652968								3.65296803652968																				
294	1776	Dec	3.66412213740458								3.66412213740458																				
295	1777	Jan	3.720930232558139								3.720930232558139																				
296	1777	Feb	3.779527559055118								3.779527559055118																				
297	1777	Mar	3.815580286168522								3.815580286168522																				
298	1777	Apr	3.767660910518053								3.767660910518053																				
299	1777	May	3.785488958990536								3.785488958990536																				
300	1777	Jun	3.79746835443038								3.79746835443038																				
301	1777	Jul	3.934426229508197								3.934426229508197																				
302	1777	Aug	3.864734299516908								3.864734299516908																				
303	1777	Sep	3.846153846153847								3.846153846153847																				
304	1777	Oct	3.79746835443038								3.79746835443038																				
305	1777	Nov	3.827751196172249								3.827751196172249																				
306	1777	Dec	3.993344425956739								3.993344425956739																				
307	1778	Jan	4.195804195804196								4.195804195804196																				
308	1778	Feb	4.339963833634719								4.339963833634719																				
309	1778	Mar	4.979253112033195								4.979253112033195																				
310	1778	Apr	4.938271604938272								4.938271604938272																				
311	1778	May	4.878048780487805								4.878048780487805																				
312	1778	Jun	4.8582995951417								4.8582995951417																				
313	1778	Jul	4.86815415821501								4.86815415821501																				
314	1778	Aug	4.696673189823874								4.696673189823874																				
315	1778	Sep	4.554079696394687								4.554079696394687																				
316	1778	Oct	4.597701149425287								4.597701149425287																				
317	1778	Nov	4.800000000000001								4.800000000000001																				
318	1778	Dec	4.878048780487805								4.878048780487805																				
319	1779	Jan	4.8582995951417								4.8582995951417																				
320	1779	Feb	5.063291139240507								5.063291139240507																				
321	1779	Mar	4.838709677419354								4.838709677419354																				
322	1779	Apr	4.715127701375245								4.715127701375245																				
323	1779	May	4.771371769383698								4.771371769383698																				
324	1779	Jun	4.938271604938272								4.938271604938272																				
325	1779	Jul	5								5																				
326	1779	Aug	4.907975460122699								4.907975460122699																				
327	1779	Sep	4.897959183673469								4.897959183673469																				
328	1779	Oct	4.8582995951417								4.8582995951417																				
329	1779	Nov	4.897959183673469								4.897959183673469																				
330	1779	Dec	4.838709677419354								4.838709677419354																				
331	1780	Jan	4.938271604938272								4.938271604938272																				
332	1780	Feb	4.948453608247423								4.948453608247423																				
333	1780	Mar	4.938271604938272								4.938271604938272																				
334	1780	Apr	4.938271604938272								4.938271604938272																				
335	1780	May	4.887983706720978								4.887983706720978																				
336	1780	Jun	4.733727810650888								4.733727810650888																				
337	1780	Jul	4.819277108433734								4.819277108433734																				
338	1780	Aug	4.86815415821501								4.86815415821501																				
339	1780	Sep	4.907975460122699								4.907975460122699																				
340	1780	Oct	4.907975460122699								4.907975460122699																				
341	1780	Nov	4.907975460122699								4.907975460122699																				
342	1780	Dec	4.979253112033195								4.979253112033195																				
343	1781	Jan	5.161290322580645								5.161290322580645																				
344	1781	Feb	5.095541401273886								5.095541401273886																				
345	1781	Mar	5.139186295503212								5.139186295503212																				
346	1781	Apr	5.117270788912579								5.117270788912579																				
347	1781	May	5.106382978723405								5.106382978723405																				
348	1781	Jun	5.073995771670191								5.073995771670191																				
349	1781	Jul	5.240174672489083								5.240174672489083																				
350	1781	Aug	5.263157894736842								5.263157894736842																				
351	1781	Sep	5.298013245033112								5.298013245033112																				
352	1781	Oct	5.369127516778523								5.369127516778523																				
353	1781	Nov	5.217391304347826								5.217391304347826																				
354	1781	Dec	5.194805194805195								5.194805194805195																				
355	1782	Jan	5.381165919282512								5.381165919282512																				
356	1782	Feb	5.517241379310345								5.517241379310345																				
357	1782	Mar	5.393258426966292								5.393258426966292																				
358	1782	Apr	5.042016806722689								5.042016806722689																				
359	1782	May	5.02092050209205								5.02092050209205																				
360	1782	Jun	5.010438413361169								5.010438413361169																				
361	1782	Jul	5.183585313174946								5.183585313174946																				
362	1782	Aug	5.298013245033112								5.298013245033112																				
363	1782	Sep	5.194805194805195								5.194805194805195																				
364	1782	Oct	5.183585313174946								5.183585313174946																				
365	1782	Nov	5								5																				
366	1782	Dec	4.624277456647399								4.624277456647399																				
367	1783	Jan	4.411764705882353								4.411764705882353																				
368	1783	Feb	4.403669724770642								4.403669724770642																				
369	1783	Mar	4.419889502762431								4.419889502762431																				
370	1783	Apr	4.419889502762431								4.419889502762431																				
371	1783	May	4.452690166975881								4.452690166975881																				
372	1783	Jun	4.511278195488721								4.511278195488721																				
373	1783	Jul	4.771371769383698								4.771371769383698																				
374	1783	Aug	4.651162790697675								4.651162790697675																				
375	1783	Sep	5.031446540880503								5.031446540880503																				
376	1783	Oct	5.095541401273886								5.095541401273886																				
377	1783	Nov	5.172413793103448								5.172413793103448																				
378	1783	Dec	5.263157894736842								5.263157894736842																				
379	1784	Jan	5.357142857142858								5.357142857142858																				
380	1784	Feb	5.240174672489083								5.240174672489083																				
381	1784	Mar	5.172413793103448								5.172413793103448																				
382	1784	Apr	5.161290322580645								5.161290322580645																				
383	1784	May	5.161290322580645								5.161290322580645																				
384	1784	Jun	5.084745762711864								5.084745762711864																				
385	1784	Jul	5.240174672489083								5.240174672489083																				
386	1784	Aug	5.369127516778523								5.369127516778523																				
387	1784	Sep	5.491990846681922								5.491990846681922																				
388	1784	Oct	5.466970387243736								5.466970387243736																				
389	1784	Nov	5.357142857142858								5.357142857142858																				
390	1784	Dec	5.321507760532151								5.321507760532151																				
391	1785	Jan	5.333333333333333								5.333333333333333																				
392	1785	Feb	5.417607223476298								5.417607223476298																				
393	1785	Mar	5.454545454545454								5.454545454545454																				
394	1785	Apr	5.217391304347826								5.217391304347826																				
395	1785	May	5.206073752711497								5.206073752711497																				
396	1785	Jun	5.117270788912579								5.117270788912579																				
397	1785	Jul	5.161290322580645								5.161290322580645																				
398	1785	Aug	5.106382978723405								5.106382978723405																				
399	1785	Sep	5.010438413361169								5.010438413361169																				
400	1785	Oct	4.588910133843212								4.588910133843212																				
401	1785	Nov	4.285714285714286								4.285714285714286																				
402	1785	Dec	4.18848167539267								4.18848167539267																				
403	1786	Jan	4.25531914893617								4.25531914893617																				
404	1786	Feb	4.278074866310161								4.278074866310161																				
405	1786	Mar	4.332129963898917								4.332129963898917																				
406	1786	Apr	4.293381037567084								4.293381037567084																				
407	1786	May	4.040404040404041								4.040404040404041																				
408	1786	Jun	4.033613445378151								4.033613445378151																				
409	1786	Jul	3.953871499176277								3.953871499176277																				
410	1786	Aug	3.858520900321543								3.858520900321543																				
411	1786	Sep	3.877221324717286								3.877221324717286																				
412	1786	Oct	3.934426229508197								3.934426229508197																				
413	1786	Nov	4.060913705583756								4.060913705583756																				
414	1786	Dec	3.980099502487562								3.980099502487562																				
415	1787	Jan	4.067796610169491								4.067796610169491																				
416	1787	Feb	4								4																				
417	1787	Mar	3.934426229508197								3.934426229508197																				
418	1787	Apr	3.883495145631068								3.883495145631068																				
419	1787	May	3.902439024390244								3.902439024390244																				
420	1787	Jun	4.067796610169491								4.067796610169491																				
421	1787	Jul	4.247787610619469								4.247787610619469																				
422	1787	Aug	4.137931034482759								4.137931034482759																				
423	1787	Sep	4.152249134948097								4.152249134948097																				
424	1787	Oct	3.973509933774835								3.973509933774835																				
425	1787	Nov	3.902439024390244								3.902439024390244																				
426	1787	Dec	3.877221324717286								3.877221324717286																				
427	1788	Jan	3.973509933774835								3.973509933774835																				
428	1788	Feb	3.98671096345515								3.98671096345515																				
429	1788	Mar	3.966942148760331								3.966942148760331																				
430	1788	Apr	3.993344425956739								3.993344425956739																				
431	1788	May	3.973509933774835								3.973509933774835																				
432	1788	Jun	3.98671096345515								3.98671096345515																				
433	1788	Jul	4.033613445378151								4.033613445378151																				
434	1788	Aug	4.047217537942664								4.047217537942664																				
435	1788	Sep	4.020100502512563								4.020100502512563																				
436	1788	Oct	3.966942148760331								3.966942148760331																				
437	1788	Nov	4.060913705583756								4.060913705583756																				
438	1788	Dec	4.054054054054054								4.054054054054054																				
439	1789	Jan	4.181184668989547								4.181184668989547																				
440	1789	Feb	4.054054054054054								4.054054054054054																				
441	1789	Mar	4.040404040404041								4.040404040404041																				
442	1789	Apr	4								4																				
443	1789	May	3.940886699507389								3.940886699507389																				
444	1789	Jun	3.889789303079417								3.889789303079417																				
