## Sheet: M10. Mthly long-term rates (continued)
	A	B	C	D	E	F	G	H	I	J	K	L	M	N	O	P	Q	R	S	T	U	V	W	X	Y	Z	AA	AB	AC	AD	AE
764	1816	Feb	4.8582995951417								4.8582995951417																				
765	1816	Mar	4.98960498960499								4.98960498960499																				
766	1816	Apr	4.809619238476954								4.809619238476954																				
767	1816	May	4.669260700389105								4.669260700389105																				
768	1816	Jun	4.669260700389105								4.669260700389105																				
769	1816	Jul	4.743083003952569								4.743083003952569																				
770	1816	Aug	4.86815415821501								4.86815415821501																				
771	1816	Sep	4.878048780487805								4.878048780487805																				
772	1816	Oct	4.848484848484849								4.848484848484849																				
773	1816	Nov	4.761904761904762								4.761904761904762																				
774	1816	Dec	4.761904761904762								4.761904761904762																				
775	1817	Jan	4.724409448818898								4.724409448818898																				
776	1817	Feb	4.452690166975881								4.452690166975881																				
777	1817	Mar	4.18848167539267								4.18848167539267																				
778	1817	Apr	4.15944540727903								4.15944540727903																				
779	1817	May	4.102564102564102								4.102564102564102																				
780	1817	Jun	4.10958904109589								4.10958904109589																				
781	1817	Jul	3.858520900321543								3.858520900321543																				
782	1817	Aug	3.79746835443038								3.79746835443038																				
783	1817	Sep	3.703703703703703								3.703703703703703																				
784	1817	Oct	3.641881638846737								3.641881638846737																				
785	1817	Nov	3.598200899550225								3.598200899550225																				
786	1817	Dec	3.598200899550225								3.598200899550225																				
787	1818	Jan	3.803486529318542								3.803486529318542																				
788	1818	Feb	3.761755485893417								3.761755485893417																				
789	1818	Mar	3.809523809523809								3.809523809523809																				
790	1818	Apr	3.773584905660377								3.773584905660377																				
791	1818	May	3.79746835443038								3.79746835443038																				
792	1818	Jun	3.79746835443038								3.79746835443038																				
793	1818	Jul	3.883495145631068								3.883495145631068																				
794	1818	Aug	4.054054054054054								4.054054054054054																				
795	1818	Sep	4.020100502512563								4.020100502512563																				
796	1818	Oct	3.864734299516908								3.864734299516908																				
797	1818	Nov	3.833865814696486								3.833865814696486																				
798	1818	Dec	3.791469194312796								3.791469194312796																				
799	1819	Jan	3.821656050955414								3.821656050955414																				
800	1819	Feb	4.10958904109589								4.10958904109589																				
801	1819	Mar	4.040404040404041								4.040404040404041																				
802	1819	Apr	4.166666666666666								4.166666666666666																				
803	1819	May	4.46927374301676								4.46927374301676																				
804	1819	Jun	4.528301886792454								4.528301886792454																				
805	1819	Jul	4.203152364273205								4.203152364273205																				
806	1819	Aug	4.18848167539267								4.18848167539267																				
807	1819	Sep	4.316546762589928								4.316546762589928																				
808	1819	Oct	4.511278195488721								4.511278195488721																				
809	1819	Nov	4.436229205175601								4.436229205175601																				
810	1819	Dec	4.477611940298508								4.477611940298508																				
811	1820	Jan	4.419889502762431								4.419889502762431																				
812	1820	Feb	4.395604395604395								4.395604395604395																				
813	1820	Mar	4.371584699453551								4.371584699453551																				
814	1820	Apr	4.316546762589928								4.316546762589928																				
815	1820	May	4.308797127468582								4.308797127468582																				
816	1820	Jun	4.293381037567084								4.293381037567084																				
817	1820	Jul	4.37956204379562								4.37956204379562																				
818	1820	Aug	4.444444444444445								4.444444444444445																				
819	1820	Sep	4.528301886792454								4.528301886792454																				
820	1820	Oct	4.419889502762431								4.419889502762431																				
821	1820	Nov	4.324324324324325								4.324324324324325																				
822	1820	Dec	4.308797127468582								4.308797127468582																				
823	1821	Jan	4.195804195804196								4.195804195804196																				
824	1821	Feb	4.11663807890223								4.11663807890223																				
825	1821	Mar	4.173913043478261								4.173913043478261																				
826	1821	Apr	4.145077720207254								4.145077720207254																				
827	1821	May	3.908794788273616								3.908794788273616																				
828	1821	Jun	3.915171288743883								3.915171288743883																				
829	1821	Jul	4.033613445378151								4.033613445378151																				
830	1821	Aug	3.947368421052632								3.947368421052632																				
831	1821	Sep	3.927986906710311								3.927986906710311																				
832	1821	Oct	3.870967741935484								3.870967741935484																				
833	1821	Nov	3.870967741935484								3.870967741935484																				
834	1821	Dec	3.883495145631068								3.883495145631068																				
835	1822	Jan	3.940886699507389								3.940886699507389																				
836	1822	Feb	3.815580286168522								3.815580286168522																				
837	1822	Mar	3.773584905660377								3.773584905660377																				
838	1822	Apr	3.821656050955414								3.821656050955414																				
839	1822	May	3.779527559055118								3.779527559055118																				
840	1822	Jun	3.773584905660377								3.773584905660377																				
841	1822	Jul	3.732503888024883								3.732503888024883																				
842	1822	Aug	3.732503888024883								3.732503888024883																				
843	1822	Sep	3.686635944700461								3.686635944700461																				
844	1822	Oct	3.641881638846737								3.641881638846737																				
845	1822	Nov	3.697996918335901								3.697996918335901																				
846	1822	Dec	3.767660910518053								3.767660910518053																				
847	1823	Jan	3.902439024390244	4.004805766920304	3.872741082979116						4.004805766920304																				
848	1823	Feb	4.10958904109589	4.12785337864799	4.060666980940882						4.12785337864799																				
849	1823	Mar	4.033613445378151	4.084188743975822	4.095500822281763						4.084188743975822																				
850	1823	Apr	3.877221324717286	3.910680067263697	3.989925166293927						3.910680067263697																				
851	1823	May	3.715170278637771	3.765391035859074	3.819018943033738						3.765391035859074																				
852	1823	Jun	3.709428129829984	3.735245779172269	3.753121425861458						3.735245779172269																				
853	1823	Jul	3.715170278637771	3.638039339332056	3.669154643637386						3.638039339332056																				
854	1823	Aug	3.619909502262443	3.650656509728999	3.659039586763166						3.650656509728999																				
855	1823	Sep	3.609022556390977	3.63865709295556	3.643171045761644						3.63865709295556																				
856	1823	Oct	3.64741641337386	3.673634326439146	3.639694382388981						3.673634326439146																				
857	1823	Nov	3.560830860534124	3.611846857693234	3.634141180755853						3.611846857693234																				
858	1823	Dec	3.566121842496285	3.521870817778404	3.551564248837						3.521870817778404																				
859	1824	Jan		3.317886727347128	3.395234452674403						3.317886727347128																				
860	1824	Feb		3.263068589701756	3.291381983697702						3.263068589701756																				
861	1824	Mar		3.192949966474026	3.215769102891589						3.192949966474026																				
862	1824	Apr		3.16058955530505	3.155051411267468						3.16058955530505																				
863	1824	May		3.202117667150542	3.16555722595445						3.202117667150542																				
864	1824	Jun		3.184476737397433	3.189996441324675						3.184476737397433																				
865	1824	Jul		3.26811625778901	3.23613842473089						3.26811625778901																				
866	1824	Aug		3.227784771311449	3.228143241905151						3.227784771311449																				
867	1824	Sep		3.18420633657061	3.201527694339768						3.18420633657061																				
868	1824	Oct		3.156100742735708	3.153986954499158						3.156100742735708																				
869	1824	Nov		3.193153878085385	3.169263041234641						3.193153878085385																				
870	1824	Dec		3.184476737397433	3.186816674607702						3.184476737397433																				
871	1825	Jan		3.215123943028004	3.203599039167975						3.215123943028004																				
872	1825	Feb		3.205915983628456	3.211513551461416						3.205915983628456																				
873	1825	Mar		3.246015515954166	3.233504520098491						3.246015515954166																				
874	1825	Apr		3.290195218249616	3.27034961478655						3.290195218249616																				
875	1825	May		3.406265257229798	3.361467504698322						3.406265257229798																				
876	1825	Jun		3.325057634332328	3.342935637263126						3.325057634332328																				
877	1825	Jul		3.349934117962347	3.329970367243632						3.349934117962347																				
878	1825	Aug		3.377389503073425	3.355362911201999						3.377389503073425																				
879	1825	Sep		3.436780424098704	3.427625072941548						3.436780424098704																				
880	1825	Oct		3.460367260311894	3.446081430688546						3.460367260311894																				
881	1825	Nov		3.616244168806278	3.53104532223557						3.616244168806278																				
882	1825	Dec		3.716735219782943	3.705904157132393						3.716735219782943																				
883	1826	Jan		3.740974898058434	3.713921198189031						3.740974898058434																				
884	1826	Feb		3.923568878251658	3.896791684524464						3.923568878251658																				
885	1826	Mar		3.789266271740915	3.874798801164822						3.789266271740915																				
886	1826	Apr		3.849164089865151	3.829568369524052						3.849164089865151																				
887	1826	May		3.84216390671226	3.881451216477457						3.84216390671226																				
888	1826	Jun		3.889789303079417	3.839402783866203						3.889789303079417																				
889	1826	Jul		3.874066995531909	3.890215156129631						3.874066995531909																				
890	1826	Aug		3.84201629014907	3.830201119050204						3.84201629014907																				
891	1826	Sep		3.776815389263773	3.801770862319511						3.776815389263773																				
892	1826	Oct		3.706174486694834	3.748865635495447						3.706174486694834																				
893	1826	Nov		3.643341186757669	3.670538001827836						3.643341186757669																				
894	1826	Dec		3.812816146005439	3.752923565097114						3.812816146005439																				
895	1827	Jan		3.805850861390912	3.82150062976795						3.805850861390912																				
896	1827	Feb		3.648791641834613	3.68169583540021						3.648791641834613																				
897	1827	Mar		3.656128890730495	3.667753232919245						3.656128890730495																				
898	1827	Apr		3.644226330749982	3.648614670979903						3.644226330749982																				
899	1827	May		3.654525520769886	3.668900160875042						3.654525520769886																				
900	1827	Jun		3.523566789208489	3.569647536462165						3.523566789208489																				
901	1827	Jul		3.460367260311894	3.478389888563406						3.460367260311894																				
902	1827	Aug		3.466805338880222	3.429907136381015						3.466805338880222																				
903	1827	Sep		3.486061563847218	3.468734004862486						3.486061563847218																				
904	1827	Oct		3.430374825622613	3.470565777030873						3.430374825622613																				
905	1827	Nov		3.601743243729965	3.538188332089318						3.601743243729965																				
