## Sheet: M10. Mthly long-term rates (continued)
	A	B	C	D	E	F	G	H	I	J	K	L	M	N	O	P	Q	R	S	T	U	V	W	X	Y	Z	AA	AB	AC	AD	AE
1035	1838	Sep		3.223830555466005	3.213343036503522						3.223830555466005																				
1036	1838	Oct		3.21874597656753	3.221198893137124						3.21874597656753																				
1037	1838	Nov		3.241736273948327	3.231627340308349						3.241736273948327																				
1038	1838	Dec		3.249742728700645	3.253344208485686						3.249742728700645																				
1039	1839	Jan		3.249074013906037	3.241638699353955						3.249074013906037																				
1040	1839	Feb		3.248440748440748	3.254213610192904						3.248440748440748																				
1041	1839	Mar		3.26726203441516	3.251900362709433						3.26726203441516																				
1042	1839	Apr		3.253619651862697	3.263830266535863						3.253619651862697																				
1043	1839	May		3.246226261970459	3.251827454850084						3.246226261970459																				
1044	1839	Jun		3.269184665344463	3.267993371530473						3.269184665344463																				
1045	1839	Jul		3.27139492279508	3.266505879151425						3.27139492279508																				
1046	1839	Aug		3.313342831582784	3.288345768146629						3.313342831582784																				
1047	1839	Sep		3.358898281363713	3.331332918909045						3.358898281363713																				
1048	1839	Oct		3.350532734704818	3.345603506293982						3.350532734704818																				
1049	1839	Nov		3.354691536113254	3.356188179530331						3.354691536113254																				
1050	1839	Dec		3.315283456735551	3.320175214058702						3.315283456735551																				
1051	1840	Jan		3.290880968835357	3.298192136440672	3.29					3.290880968835357																				
1052	1840	Feb		3.331297540391982	3.321208044499587	3.3					3.331297540391982																				
1053	1840	Mar		3.339864624153901	3.333176494867718	3.31					3.339864624153901																				
1054	1840	Apr		3.340980466400873	3.33226468243157	3.3					3.340980466400873																				
1055	1840	May		3.281198731269824	3.303055421001031	3.26					3.281198731269824																				
1056	1840	Jun		3.283497143357485	3.284883459300825	3.24					3.283497143357485																				
1057	1840	Jul		3.345861726687708	3.286676617764309	3.28					3.345861726687708																				
1058	1840	Aug		3.363794360038123	3.344285306694506	3.31					3.363794360038123																				
1059	1840	Sep		3.435166949113727	3.424836988328619	3.39					3.435166949113727																				
1060	1840	Oct		3.456380478363058	3.469868805582718	3.43					3.456380478363058																				
1061	1840	Nov		3.368213050702834	3.397253949672553	3.36					3.368213050702834																				
1062	1840	Dec		3.400473799349376	3.382106543838396	3.32					3.400473799349376																				
1063	1841	Jan		3.359424866462862	3.361928477667507	3.34					3.359424866462862																				
1064	1841	Feb		3.406419966162895	3.4006589461327	3.37					3.406419966162895																				
1065	1841	Mar		3.410563652486301	3.420594072348146	3.39					3.410563652486301																				
1066	1841	Apr		3.364284753061499	3.359861138879835	3.33					3.364284753061499																				
1067	1841	May		3.377807802736025	3.381641428056327	3.33					3.377807802736025																				
1068	1841	Jun		3.358221485901067	3.372660625933991	3.33					3.358221485901067																				
1069	1841	Jul		3.359612972585558	3.351578536859972	3.34					3.359612972585558																				
1070	1841	Aug		3.368213050702834	3.366164977306905	3.35					3.368213050702834																				
1071	1841	Sep		3.381615284901088	3.372444213447043	3.35					3.381615284901088																				
1072	1841	Oct		3.446136880556895	3.43286966562508	3.39					3.446136880556895																				
1073	1841	Nov		3.410990210458096	3.413747404715672	3.38					3.410990210458096																				
1074	1841	Dec		3.364511136531862	3.379195790630446	3.36					3.364511136531862																				
1075	1842	Jan		3.41650628067738	3.388052720497503	3.36					3.41650628067738																				
1076	1842	Feb		3.382110888142319	3.372879823584051	3.36					3.382110888142319																				
1077	1842	Mar		3.371582058688005	3.391305428870089	3.35					3.371582058688005																				
1078	1842	Apr		3.272251308900523	3.317124036616336	3.27					3.272251308900523																				
1079	1842	May		3.285043198318058	3.281922783262388	3.26					3.285043198318058																				
1080	1842	Jun		3.287383023954065	3.279776100958053	3.24					3.287383023954065																				
1081	1842	Jul		3.299277458236646	3.303031105162575	3.29					3.299277458236646																				
1082	1842	Aug		3.253760805197341	3.276318253726636	3.25					3.253760805197341																				
1083	1842	Sep		3.259416998946122	3.255388739782357	3.23					3.259416998946122																				
1084	1842	Oct		3.23230581922791	3.238060839707896	3.21					3.23230581922791																				
1085	1842	Nov		3.20996372740988	3.219955126633963	3.18					3.20996372740988																				
1086	1842	Dec		3.188402716519115	3.195580128281646	3.18					3.188402716519115																				
1087	1843	Jan		3.172320446662719	3.177815333588325	3.18					3.172320446662719																				
1088	1843	Feb		3.146765125451036	3.164657808333438	3.16					3.146765125451036																				
1089	1843	Mar		3.119443491281155	3.12466368868474	3.12					3.119443491281155																				
1090	1843	Apr		3.139257460968566	3.128183252151081	3.1					3.139257460968566																				
1091	1843	May		3.167697928325555	3.159749792277666	3.11					3.167697928325555																				
1092	1843	Jun		3.191489361702128	3.210703845991044	3.17					3.191489361702128																				
1093	1843	Jul		3.206395690604192	3.198142209458527	3.19					3.206395690604192																				
1094	1843	Aug		3.201400078967869	3.19531019560874	3.19					3.201400078967869																				
1095	1843	Sep		3.181369897878026	3.176692782679142	3.15					3.181369897878026																				
1096	1843	Oct		3.168032440652192	3.179903340926694	3.14					3.168032440652192																				
1097	1843	Nov		3.167330046348596	3.159256989501723	3.12					3.167330046348596																				
1098	1843	Dec		3.101608701046276	3.129835774796535	3.1					3.101608701046276																				
1099	1844	Jan		3.086356247813831	3.094240883634647	3.08					3.086356247813831																				
1100	1844	Feb		3.093708428292995	3.092936639889875	3.08					3.093708428292995																				
1101	1844	Mar		3.059413816312794	3.069958527757621	3.05					3.059413816312794																				
1102	1844	Apr		3.035607678063687	3.030077626563668	3.01					3.035607678063687																				
1103	1844	May		3.052254598730262	3.049454647896019	3.01					3.052254598730262																				
1104	1844	Jun		3.043892936139126	3.047043506883814	3					3.043892936139126																				
1105	1844	Jul		3.020265984757724	3.026238206617264	3.02					3.020265984757724																				
1106	1844	Aug		3.063788067566739	3.043953368291491	3.03					3.063788067566739																				
1107	1844	Sep		3.020691738408095	3.02857401377807	3.01					3.020691738408095																				
1108	1844	Oct		3.029140329974354	3.0167765256392	2.99					3.029140329974354																				
1109	1844	Nov		3.009721400122395	3.017546427235399	2.99					3.009721400122395																				
1110	1844	Dec		2.990341197930684	2.995241713038002	2.97					2.990341197930684																				
1111	1845	Jan		3.006463897379366	2.998490334754195	2.99					3.006463897379366																				
1112	1845	Feb		3.024894884902749	3.021278985802847	3.01					3.024894884902749																				
1113	1845	Mar		3.024345985180705	3.02258124300847	3					3.024345985180705																				
1114	1845	Apr		3.058478101296795	3.052863890109072	3.01					3.058478101296795																				
1115	1845	May		3.048068032878494	3.061591613596787	3.03					3.048068032878494																				
1116	1845	Jun		3.033367037411526	3.030703594710915	3.01					3.033367037411526																				
1117	1845	Jul		3.035300545342331	3.031082654603878	3.03					3.035300545342331																				
1118	1845	Aug		3.051819901934854	3.04288743673621	3.03					3.051819901934854																				
1119	1845	Sep		3.078564978244808	3.065070240437707	3.05					3.078564978244808																				
1120	1845	Oct		3.123763510277182	3.10005024090433	3.07					3.123763510277182																				
1121	1845	Nov		3.223726627981947	3.180431824741986	3.12					3.223726627981947																				
1122	1845	Dec		3.155171325802991	3.219412868393043	3.16					3.155171325802991																				
1123	1846	Jan		3.168969451134491	3.171848098159318	3.17					3.168969451134491																				
1124	1846	Feb		3.131164480070138	3.118227520836029	3.13					3.131164480070138																				
1125	1846	Mar		3.146996192134608	3.147280949403289	3.13					3.146996192134608																				
1126	1846	Apr		3.148052929263251	3.148532785176126	3.12					3.148052929263251																				
1127	1846	May		3.147722622682489	3.145892194042049	3.12					3.147722622682489																				
1128	1846	Jun		3.17490554655999	3.157777380060909	3.12					3.17490554655999																				
1129	1846	Jul		3.131916315196058	3.137752604517457	3.12					3.131916315196058																				
1130	1846	Aug		3.139388865634157	3.144808236777441	3.13					3.139388865634157																				
1131	1846	Sep		3.171850880717261	3.152387165212926	3.13					3.171850880717261																				
1132	1846	Oct		3.215571943062939	3.184460483976131	3.15					3.215571943062939																				
1133	1846	Nov		3.197680615660108	3.205445555461188	3.19					3.197680615660108																				
1134	1846	Dec		3.183935981660529	3.187600069626276	3.15					3.183935981660529																				
1135	1847	Jan		3.285834766322384	3.244977934525561	3.26					3.285834766322384																				
1136	1847	Feb		3.344705331460298	3.32188425344347	3.3					3.344705331460298																				
1137	1847	Mar		3.381729641987555	3.394219082901017	3.34					3.381729641987555																				
1138	1847	Apr		3.476366501732389	3.479972573562694	3.44					3.476366501732389																				
1139	1847	May		3.450655624568668	3.481044564294757	3.44					3.450655624568668																				
1140	1847	Jun		3.397854820989682	3.424089530687795	3.39					3.397854820989682																				
1141	1847	Jul		3.392859162416168	3.384061347281637	3.38					3.392859162416168																				
1142	1847	Aug		3.460487005871293	3.460824938040543	3.44					3.460487005871293																				
1143	1847	Sep		3.505082369435681	3.487868560703134	3.46					3.505082369435681																				
1144	1847	Oct		3.747470457441227	3.696006643349007	3.64					3.747470457441227																				
1145	1847	Nov		3.573513120749009	3.611771304403261	3.57					3.573513120749009																				
1146	1847	Dec		3.532279144246506	3.540897152494548	3.49					3.532279144246506																				
1147	1848	Jan		3.359086328518643	3.428382786098092	3.41					3.359086328518643																				
1148	1848	Feb		3.435245620061834	3.401700369624326	3.47					3.435245620061834																				
1149	1848	Mar		3.707548568886252	3.691414266201316	3.64					3.707548568886252																				
1150	1848	Apr		3.683919690550746	3.701511516737805	3.67					3.683919690550746																				
1151	1848	May		3.610977371208474	3.62635876100302	3.57					3.610977371208474																				
1152	1848	Jun		3.541578127213486	3.58531015380509	3.56					3.541578127213486																				
1153	1848	Jul		3.495973803502966	3.456237243387083	3.42					3.495973803502966																				
1154	1848	Aug		3.479915090071802	3.485433582716097	3.43					3.479915090071802																				
1155	1848	Sep		3.522201610820203	3.514408144372724	3.48					3.522201610820203																				
1156	1848	Oct		3.54731527355713	3.551791452963556	3.51					3.54731527355713																				
1157	1848	Nov		3.479592191795122	3.50541065179199	3.45					3.479592191795122																				
