## Sheet: M10. Mthly long-term rates (continued)
	A	B	C	D	E	F	G	H	I	J	K	L	M	N	O	P	Q	R	S	T	U	V	W	X	Y	Z	AA	AB	AC	AD	AE
2473	1958	Jul						4.95			4.95							4.57	5.34	5.46	5.26										5.359999999999999
2474	1958	Aug						4.89			4.89							4.59	5.4	5.49	5.26										5.37
2475	1958	Sep						4.87			4.87							4.54	5.33	5.36	5.18										5.365
2476	1958	Oct						4.77			4.77							4.54	5.31	5.35	5.18										5.32
2477	1958	Nov						4.89			4.89							4.58	5.36	5.36	5.28										5.335
2478	1958	Dec						4.89			4.89							4.52	5.27	5.36	5.32										5.315
2479	1959	Jan						4.73			4.73							4.38	4.99	5.2	5.25										5.13
2480	1959	Feb						4.72			4.72							4.38	5.03	5.2	5.27										5.01
2481	1959	Mar						4.82			4.82							4.41	5.11	5.24	5.29										5.07
2482	1959	Apr						4.83			4.83							4.4	5.08	5.22	5.24										5.095000000000001
2483	1959	May						4.87			4.87							4.53	5.28	5.28	5.39										5.18
2484	1959	Jun						4.83			4.83							4.58	5.22	5.18	5.25										5.25
2485	1959	Jul						4.74			4.74							4.62	5.14	5.13	5.28										5.18
2486	1959	Aug						4.76			4.76							4.64	5.18	5.21	5.39										5.16
2487	1959	Sep						4.85			4.85							4.69	5.31	5.33	5.5										5.244999999999999
2488	1959	Oct						4.93			4.93							4.51	4.98	5.06	5.13										5.145
2489	1959	Nov						4.83			4.83							4.57	4.96	5.04	5.22										4.970000000000001
2490	1959	Dec						4.99			4.99							4.73	5.19	5.21	5.39										5.075
2491	1960	Jan						5.188			5.188							4.88	5.33	5.34	5.56										5.26
2492	1960	Feb						5.263			5.263							5.05	5.4	5.43	5.66										5.365
2493	1960	Mar						5.3			5.3							5.26	5.59	5.53	5.69										5.495
2494	1960	Apr						5.371			5.371							5.38	5.67	5.59	5.67										5.63
2495	1960	May						5.371			5.371							5.32	5.69	5.62	5.65										5.68
2496	1960	Jun						5.675			5.675							6.03	6.04	5.92	5.86										5.865
2497	1960	Jul						5.658			5.658							6.1	6.01	5.97	5.89										6.025
2498	1960	Aug						5.525			5.525							6.01	6.03	5.95	5.9										6.02
2499	1960	Sep						5.517			5.517							6.03	6.1	5.97	5.82										6.065
2500	1960	Oct						5.458			5.458							5.79	6.1	5.97	5.74										6.1
2501	1960	Nov						5.471			5.471							5.66	6.14	5.97	5.78										6.119999999999999
2502	1960	Dec						5.696			5.696							5.72	6.17	6.01	5.94										6.154999999999999
2503	1961	Jan						5.813			5.813							5.64	6.15	6.01	6.09										6.16
2504	1961	Feb						5.821			5.821							5.7	6	6.04	6.2										6.075
2505	1961	Mar						5.95			5.95							5.71	6.06	6.05	6.17										6.029999999999999
2506	1961	Apr						5.908			5.908							5.61	6.03	6.01	6.16										6.045
2507	1961	May						6.079			6.079							5.67	6.09	6.08	6.31										6.06
2508	1961	Jun						6.463			6.463							5.96	6.34	6.33	6.62										6.215
2509	1961	Jul						6.588			6.588							6.52	6.56	6.52	6.73										6.449999999999999
2510	1961	Aug						6.621			6.621							6.53	6.69	6.63	6.66										6.625
2511	1961	Sep						6.533			6.533							6.51	6.68	6.65	6.76										6.685
2512	1961	Oct						6.358			6.358							5.81	6.11	6.33	6.63										6.395
2513	1961	Nov						6.533			6.533							6.03	6.21	6.34	6.77										6.16
2514	1961	Dec						6.567			6.567							6.02	6.25	6.41	6.76										6.23
2515	1962	Jan						6.533			6.533							5.98	6.2	6.35	6.64										6.225
2516	1962	Feb						6.258			6.258							5.9	6.27	6.26	6.45										6.234999999999999
2517	1962	Mar						6.229			6.229							5.77	6.27	6.25	6.38										6.27
2518	1962	Apr						6.104			6.104							5.69	6.28	6.24	6.25										6.275
2519	1962	May						6.15			6.15							5.58	6.28	6.25	6.33										6.28
2520	1962	Jun						6.171			6.171							5.46	6.19	6.24	6.31										6.235
2521	1962	Jul						5.958			5.958							5.28	5.81	5.98	6.1										6
2522	1962	Aug						5.704			5.704							5.14	5.62	5.77	5.85										5.715
2523	1962	Sep						5.525			5.525							4.52	4.89	5.27	5.71										5.255
2524	1962	Oct						5.842			5.842							4.86	5.05	5.37	5.78										4.97
2525	1962	Nov						5.671			5.671							4.82	5.17	5.42	5.81										5.109999999999999
2526	1962	Dec						5.604			5.604							4.73	5.14	5.36	5.73										5.154999999999999
2527	1963	Jan						5.74		5.74	5.74							4.79	5.23	5.54	5.9		5.05	5.34							5.185
2528	1963	Feb						5.92		5.92	5.92							5.01	5.43	5.74	6.13		5.2	5.5							5.33
2529	1963	Mar						5.81		5.81	5.81							5.07	5.45	5.69	5.94		5.36	5.63							5.44
2530	1963	Apr						5.63		5.63	5.63							5.09	5.29	5.5	5.79		5.32	5.47							5.37
2531	1963	May						5.4		5.4	5.4							4.95	5.17	5.31	5.59		5.17	5.31							5.17
2532	1963	Jun						5.39		5.39	5.39							4.81	5.08	5.28	5.54		5.04	5.2							5.04
2533	1963	Jul						5.43		5.43	5.43							4.8	5.06	5.2	5.57		4.98	5.11							4.98
2534	1963	Aug						5.37		5.37	5.37							4.68	4.96	5.22	5.52		4.83	5.07							4.83
2535	1963	Sep						5.43		5.43	5.43							4.52	4.9	5.21	5.6		4.82	5.05							4.82
2536	1963	Oct						5.41		5.41	5.41							4.58	4.97	5.26	5.6		4.77	5.08							4.77
2537	1963	Nov						5.7		5.7	5.7							4.77	5.21	5.51	5.86		4.98	5.32							4.98
2538	1963	Dec						5.83		5.83	5.83							4.88	5.24	5.63	5.96		5.08	5.52							5.08
2539	1964	Jan						5.86		5.86	5.86							4.92	5.27	5.64	6.01		5.23	5.53							5.23
2540	1964	Feb						6.06		6.06	6.06							5.36	5.45	5.85	6.23		5.31	5.66							5.31
2541	1964	Mar						5.9		5.9	5.9							5.2	5.46	5.76	6.01		5.42	5.68							5.42
2542	1964	Apr						6.04		6.04	6.04							5.31	5.49	5.93	6.17		5.42	5.7							5.42
2543	1964	May						6.05		6.05	6.05							5.33	5.55	5.9	6.19		5.44	5.79							5.44
2544	1964	Jun						6.07		6.07	6.07							5.38	5.64	5.97	6.23		5.51	5.83							5.51
2545	1964	Jul						6.06		6.06	6.06							5.58	5.76	6.02	6.23		5.63	5.8							5.63
2546	1964	Aug						6.08		6.08	6.08							5.57	5.75	6	6.24		5.68	5.84							5.68
2547	1964	Sep						6.04		6.04	6.04							5.56	5.77	6	6.2		5.69	5.84							5.69
2548	1964	Oct						6.05		6.05	6.05							5.59	5.84	6.06	6.17		5.77	5.87							5.77
2549	1964	Nov						6.19		6.19	6.19							6.08	6.07	6.23	6.3		5.86	5.9							5.86
2550	1964	Dec						6.32		6.32	6.32							6.54	6.38	6.41	6.46		6.26	6.15							6.26
2551	1965	Jan						6.27		6.27	6.27							6.45	6.35	6.41	6.4		6.43	6.18							6.43
2552	1965	Feb						6.3		6.3	6.3							6.41	6.36	6.43	6.47		6.33	6.21							6.33
2553	1965	Mar						6.4		6.4	6.4							6.57	6.52	6.53	6.52		6.4	6.28							6.4
2554	1965	Apr						6.48		6.48	6.48							6.63	6.6	6.61	6.55		6.56	6.48							6.56
2555	1965	May						6.69		6.69	6.69							6.72	6.69	6.76	6.8		6.6	6.68							6.6
2556	1965	Jun						6.68		6.68	6.68							6.7	6.73	6.78	6.79		6.69	6.69							6.69
2557	1965	Jul						6.66		6.66	6.66							6.77	6.79	6.8	6.81		6.77	6.71							6.77
2558	1965	Aug						6.45		6.45	6.45							6.73	6.68	6.65	6.65		6.8	6.6							6.8
2559	1965	Sep						6.25		6.25	6.25							6.59	6.47	6.35	6.33		6.55	6.26							6.55
2560	1965	Oct						6.26		6.26	6.26							6.39	6.43	6.37	6.37		6.46	6.25							6.46
2561	1965	Nov						6.3		6.3	6.3							6.38	6.41	6.4	6.48		6.47	6.32							6.47
2562	1965	Dec						6.46		6.46	6.46							6.53	6.59	6.59	6.6		6.54	6.47							6.54
2563	1966	Jan						6.43		6.43	6.43							6.22	6.42	6.52	6.57		6.56	6.53							6.56
2564	1966	Feb						6.58		6.58	6.58							6.45	6.55	6.61	6.69		6.52	6.56							6.52
2565	1966	Mar						6.73		6.73	6.73							6.71	6.73	6.77	6.75		6.69	6.7							6.69
2566	1966	Apr						6.74		6.74	6.74							6.57	6.7	6.78	6.82		6.78	6.73							6.78
2567	1966	May						6.71		6.71	6.71							6.62	6.76	6.82	6.81		6.82	6.78							6.82
2568	1966	Jun						6.89		6.89	6.89							6.8	7	7.03	7.01		6.96	6.89							6.96
2569	1966	Jul						7.13		7.13	7.13							7.11	7.34	7.29	7.2		7.34	7.29							7.34
2570	1966	Aug						7.24		7.24	7.24							7.25	7.49	7.41	7.32		7.49	7.41							7.49
2571	1966	Sep						7.03		7.03	7.03							6.96	7	7.29	7.14		7	7.29							7
2572	1966	Oct						6.85		6.85	6.85							6.91	6.92	6.96	6.93		6.92	6.96							6.92
2573	1966	Nov						6.83		6.83	6.83							6.88	6.86	6.97	6.95		6.86	6.97							6.86
2574	1966	Dec						6.65		6.65	6.65							6.73	6.63	6.78	6.8		6.63	6.78							6.63
2575	1967	Jan						6.55		6.55	6.55							6.56	6.51	6.58	6.57		6.57	6.73							6.57
2576	1967	Feb						6.41		6.41	6.41							6.49	6.39	6.49	6.52		6.4	6.5							6.4
2577	1967	Mar						6.41		6.41	6.41							6.46	6.45	6.5	6.5		6.43	6.49							6.43
2578	1967	Apr						6.37		6.37	6.37							6.27	6.35	6.46	6.46		6.37	6.42							6.37
2579	1967	May						6.6		6.6	6.6							6.36	6.54	6.65	6.62		6.42	6.57							6.42
2580	1967	Jun						6.83		6.83	6.83							6.45	6.73	6.86	6.87		6.64	6.75							6.64
2581	1967	Jul						6.86		6.86	6.86							6.67	6.79	6.92	6.89		6.81	6.94							6.81
2582	1967	Aug						6.8		6.8	6.8							6.55	6.72	6.9	6.85		6.71	6.9							6.71
2583	1967	Sep						6.87		6.87	6.87							6.77	6.89	6.98	6.95		6.74	6.91							6.74
2584	1967	Oct						6.91		6.91	6.91							6.89	6.95	7	6.96		6.9	7							6.9
2585	1967	Nov						7.09		7.09	7.09							7.38	7.25	7.22	7.13		7.1	7.14							7.1
2586	1967	Dec						7.06		7.06	7.06							7.49	7.25	7.2	7.14		7.31	7.26							7.31
2587	1968	Jan						7.18		7.18	7.18							7.5	7.34	7.28	7.2		7.3	7.26							7.3
2588	1968	Feb						7.19		7.19	7.19							7.47	7.31	7.28	7.23		7.27	7.25							7.27
2589	1968	Mar						7.18		7.18	7.18							7.43	7.26	7.29	7.23		7.3	7.29							7.3
2590	1968	Apr						7.24		7.24	7.24							7.5	7.35	7.34	7.26		7.27	7.28							7.27
2591	1968	May						7.36		7.36	7.36							7.73	7.53	7.5	7.4		7.36	7.36							7.36
2592	1968	Jun						7.75		7.75	7.75							7.93	7.86	7.87	7.78		7.61	7.6							7.61
2593	1968	Jul						7.47		7.47	7.47							7.72	7.63	7.63	7.52		7.69	7.7							7.69
2594	1968	Aug						7.45		7.45	7.45							7.61	7.53	7.63	7.58		7.55	7.62							7.55
2595	1968	Sep						7.45		7.45	7.45							7.48	7.5	7.64	7.6		7.5	7.63							7.5
2596	1968	Oct						7.43		7.43	7.43							7.49	7.6	7.7	7.6		7.52	7.63							7.52
2597	1968	Nov						7.76		7.76	7.76							7.71	7.86	7.93	7.85		7.73	7.83							7.73
2598	1968	Dec						8.05		8.05	8.05							8.03	8.14	8.17	8.03		8.01	8.09							8.01
2599	1969	Jan						8.39		8.39	8.39							8.08	8.32	8.47	8.43		8.26	8.36							8.26
2600	1969	Feb						8.45		8.45	8.45							8.32	8.39	8.61	8.51		8.4	8.57							8.4
2601	1969	Mar						8.69		8.69	8.69							8.56	8.67	8.81	8.75		8.66	8.77							8.66
2602	1969	Apr						8.94		8.94	8.94							8.56	8.66	8.9	8.91		8.65	8.85							8.65
2603	1969	May						9.45		9.45	9.45							9.32	9.26	9.46	9.5		8.97	9.15							8.97
2604	1969	Jun						9.25		9.25	9.25							9.06	9.02	9.31	9.31		9.29	9.55							9.29
2605	1969	Jul						8.94		8.94	8.94							9.04	8.92	9.19	9.12		8.98	9.27							8.98
2606	1969	Aug						9.4		9.4	9.4							9.17	9.13	9.49	9.5		9.02	9.34							9.02
2607	1969	Sep						9.12		9.12	9.12							9.13	8.98	9.21	9.1		9.06	9.37							9.06
2608	1969	Oct						9.68		8.68	8.68							8.9	8.76	8.95	8.75		8.84	9.03							8.84
2609	1969	Nov						9.1		9.1	9.1							9.02	9.08	9.29	9.15		8.92	9.13							8.92
2610	1969	Dec						8.88		8.88	8.88							8.8	8.88	9.04	8.85		8.91	9.15							8.91
2611	1970	Jan						8.83		8.83	8.83												8.89	9.03			8.279691142295267		8.818168648184527		8.89
2612	1970	Feb						8.41		8.41	8.41												8.68	8.79		8.049073710901228	8.049073710901228	8.52333299023072	8.52333299023072		8.68
2613	1970	Mar						8.54		8.54	8.54												8.54	8.75		7.845220419352662	7.845220419352662	8.58531615753956	8.58531615753956		8.54
2614	1970	Apr						9.15		9.15	9.15												8.55	8.94		8.041601540095353	8.041601540095353	9.551404064606363	9.551404064606363		8.55
2615	1970	May						9.53		9.53	9.53												8.8	9.4		7.630167814446961	7.630167814446961	9.778926607815935	9.778926607815935		8.8
2616	1970	Jun						9.42		9.42	9.42												8.85	9.58		7.3736542169438	7.3736542169438	9.93482267773429	9.93482267773429		8.85
2617	1970	Jul						9.08		9.08	9.08												8.5	9.33		7.559915137644211	7.559915137644211	9.497815383102099	9.497815383102099		8.5
2618	1970	Aug						9.31		9.31	9.31												8.33	9.19		7.67810240648266	7.67810240648266	9.852151409480507	9.852151409480507		8.33
