## Sheet: M10. Mthly long-term rates (continued)
	A	B	C	D	E	F	G	H	I	J	K	L	M	N	O	P	Q	R	S	T	U	V	W	X	Y	Z	AA	AB	AC	AD	AE
2619	1970	Sep						9.33		9.33	9.33												8.43	9.28		7.614256164434745	7.614256164434745	9.529217179609168	9.529217179609168		8.43
2620	1970	Oct						9.64		9.64	9.64												8.42	9.15		7.764319844872846	7.764319844872846	10.0802602259944	10.0802602259944		8.42
2621	1970	Nov						9.91		9.91	9.91												8.69	9.51		8.012313425954975	8.012313425954975	10.23013252981535	10.23013252981535		8.69
2622	1970	Dec						9.65		9.65	9.65												8.93	9.62		7.868071157704153	7.868071157704153	10.08686855292995	10.08686855292995		8.93
2623	1971	Jan						9.64		9.64	9.64												8.8	9.51		8.408105366280797	8.408105366280797	9.998172618298536	9.998172618298536		8.8
2624	1971	Feb						9.18		9.18	9.18												8.59	9.35		8.343629491303505	8.343629491303505	10.52430789065389	10.52430789065389		8.59
2625	1971	Mar						9		9	9												8.34	9.07		7.987169110763968	7.987169110763968	9.522834083373088	9.522834083373088		8.34
2626	1971	Apr						9.16		9.16	9.16												8.21	9.07		7.941404326972941	7.941404326972941	9.916588520953729	9.916588520953729		8.21
2627	1971	May						9.4		9.4	9.4												8.09	9.03		8.478093162268568	8.478093162268568	10.03092891088921	10.03092891088921		8.09
2628	1971	Jun						9.33		9.33	9.33												8.14	9.08		8.007948101792989	8.007948101792989	9.671750395234035	9.671750395234035		8.14
2629	1971	Jul						9.33		9.33	9.33												8.5	9.22		8.215772143584697	8.215772143584697	9.829373853830742	9.829373853830742		8.5
2630	1971	Aug						9.14		9.14	9.14												8.03	8.96		8.009420787979469	8.009420787979469	9.627856019553025	9.627856019553025		8.03
2631	1971	Sep						8.64		8.64	8.64												7.82	8.5		7.43901460657151	7.43901460657151	8.952496431842244	8.952496431842244		7.82
2632	1971	Oct						8.72		8.72	8.72												7.65	8.51		7.27780446443185	7.27780446443185	9.257242201240956	9.257242201240956		7.65
2633	1971	Nov						8.48		8.48	8.48												7.24	7.79		6.951382568718825	6.951382568718825	8.868071967393034	8.868071967393034		7.24
2634	1971	Dec						8.47		8.47	8.47												7.32	8.1		7.35979416337551	7.35979416337551	8.521002000485044	8.521002000485044		7.32
2635	1972	Jan						8.28		8.28	8.28												7.03	7.93		6.628667318570568	6.628667318570568	8.404963847173667	8.404963847173667		7.03
2636	1972	Feb						8.37		8.37	8.37												7.05	7.9		6.826997037194505	6.826997037194505	8.589287911235111	8.589287911235111		7.05
2637	1972	Mar						8.77		8.77	8.77												7.39	8.16		7.30256962247487	7.30256962247487	8.967947997493138	8.967947997493138		7.39
2638	1972	Apr						8.68		8.68	8.68												7.44	8.26		7.30861504841535	7.30861504841535	8.962299721465897	8.962299721465897		7.44
2639	1972	May						9.22		9.22	9.22												7.85	8.6		8.421004687329527	8.421004687329527	9.546252284124147	9.546252284124147		7.85
2640	1972	Jun						9.39		9.39	9.39												8.95	9.32		8.410275010579097	8.410275010579097	9.274427001268803	9.274427001268803		8.95
2641	1972	Jul						9.5		9.5	9.5												8.9	9.23		8.795338985043845	8.795338985043845	9.22411758087639	9.22411758087639		8.9
2642	1972	Aug						9.48		9.48	9.48												9.05	9.36		9.298332334266751	9.298332334266751	9.382851424690175	9.382851424690175		9.05
2643	1972	Sep						9.52		9.52	9.52												9.29	9.54		9.068399006017128	9.068399006017128	9.250984019092076	9.250984019092076		9.29
2644	1972	Oct						9.66		9.66	9.66												9.1	9.46		9.170025404922923	9.170025404922923	9.39145394408484	9.39145394408484		9.1
2645	1972	Nov						9.66		9.66	9.66												9.09	9.45		9.280704547594373	9.280704547594373	9.336843742578216	9.336843742578216		9.09
2646	1972	Dec						9.85		9.85	9.85												9.36	9.62		9.382489852868746	9.382489852868746	9.325928175828146	9.325928175828146		9.36
2647	1973	Jan						9.77		9.77	9.77												9.17	9.56		9.454429807472984	9.454429807472984	9.406830109032702	9.406830109032702		9.17
2648	1973	Feb						9.9		9.9	9.9												9.33	9.65		9.608590719412122	9.608590719412122	9.519266222273323	9.519266222273323		9.33
2649	1973	Mar						10.25		10.25	10.25												9.78	10.01		9.805770915916073	9.805770915916073	9.670167683568817	9.670167683568817		9.78
2650	1973	Apr						10.28		10.28	10.28												9.66	9.93		9.847998153183303	9.847998153183303	9.850833327841212	9.850833327841212		9.66
2651	1973	May						10.36		10.36	10.36												9.74	10.02		9.49867363983609	9.49867363983609	9.935494884938917	9.935494884938917		9.74
2652	1973	Jun						10.47		10.47	10.47												9.88	10.15		9.693714651846168	9.693714651846168	10.15054895378022	10.15054895378022		9.88
2653	1973	Jul						11.2		11.2	11.2												10.43	10.6		10.37367835425177	10.37367835425177	10.66086637537471	10.66086637537471		10.43
2654	1973	Aug						11.38		11.38	11.38												11.22	11.3		10.8423346966967	10.8423346966967	10.96209314774198	10.96209314774198		11.22
2655	1973	Sep						11.48		11.48	11.48												11.48	11.55		11.0596621419406	11.0596621419406	10.82971346546905	10.82971346546905		11.48
2656	1973	Oct						11.32		11.32	11.32												11.29	11.28		11.0677011443908	11.0677011443908	10.75839043235466	10.75839043235466		11.29
2657	1973	Nov						12.25		12.25	12.25												12.08	12		12.01060339855038	12.01060339855038	11.12383360201688	11.12383360201688		12.08
2658	1973	Dec						12.25		12.26	12.26												12.64	12.5		11.940442091288	11.940442091288	11.55601835039008	11.55601835039008		12.64
2659	1974	Jan						13.1		13.1	13.1												13	12.89		12.69005063213732	12.69005063213732	12.9267346112539	12.9267346112539		13
2660	1974	Feb						13.59		13.59	13.59												13.46	13.5		12.62410364412022	12.62410364412022	13.24823412913464	13.24823412913464		13.46
2661	1974	Mar						14.8		14.8	14.8												13.51	13.68		13.11020900730381	13.11020900730381	14.47326039444799	14.47326039444799		13.51
2662	1974	Apr						14.75		14.75	14.75												13.82	14.21		13.04102537316272	13.04102537316272	14.95770947830968	14.95770947830968		13.82
2663	1974	May						13.82		13.82	13.82												13.33	13.8		12.84178955023721	12.84178955023721	13.68071357911629	13.68071357911629		13.33
2664	1974	Jun						15.6		15.6	15.6												13.81	14.38		13.51945655432906	13.51945655432906	15.65247419637591	15.65247419637591		13.81
2665	1974	Jul						15.19		15.19	15.19												14.17	14.88		13.30711134033345	13.30711134033345	16.1156815216529	16.1156815216529		14.17
2666	1974	Aug						15.78		15.78	15.78												14.52	15.29		14.3102092860411	14.3102092860411	15.58297593103419	15.58297593103419		14.52
2667	1974	Sep						15.13		15.13	15.13												14.17	14.95		13.73812835973338	13.73812835973338	15.03177166283707	15.03177166283707		14.17
2668	1974	Oct						16.44		16.44	16.44												14.61	15.68		14.89101152085908	14.89101152085908	19.67891521305805	19.67891521305805		14.61
2669	1974	Nov						16.83		16.83	16.83												15.76	16.75		15.43663241699087	15.43663241699087	19.74162155113947	19.74162155113947		15.76
2670	1974	Dec						17.05		17.05	17.05												16.32	17.18		15.9307162085	15.9307162085	21.41609507368818	21.41609507368818		16.32
2671	1975	Jan						15.23		15.23	15.23												15.07	16.02		13.01730585250679	13.01730585250679	18.50566333376375	18.50566333376375		15.07
2672	1975	Feb						14.73		14.73	14.73												13.33	14.58		13.04156914235615	13.04156914235615	15.76601322143113	15.76601322143113		13.33
2673	1975	Mar						14.07		14.07	14.07												12.24	13.43		11.96245615890451	11.96245615890451	14.42510955090717	14.42510955090717		12.24
2674	1975	Apr						15.19		15.19	15.19												12.42	13.89		13.10292444485977	13.10292444485977	18.01451443676718	18.01451443676718		12.42
2675	1975	May						14.84		14.84	14.84												13.11	14.53		12.88449113916041	12.88449113916041	17.06722115050602	17.06722115050602		13.11
2676	1975	Jun						14.58		14.58	14.58												12.99	14.41		12.78462275826207	12.78462275826207	18.08234365604543	18.08234365604543		12.99
2677	1975	Jul						13.92		13.92	13.92												12.75	13.93		12.23099176863221	12.23099176863221	16.15047661988294	16.15047661988294		12.75
2678	1975	Aug						14		14	14												12.77	13.87		12.99091451228394	12.99091451228394	14.4709346468876	14.4709346468876		12.77
2679	1975	Sep						14.26		14.26	14.26												12.76	13.79		13.03314488624994	13.03314488624994	14.74899566327917	14.74899566327917		12.76
2680	1975	Oct						14.89		14.89	14.89												13.51	14.66		13.62819836131667	13.62819836131667	16.60886251516157	16.60886251516157		13.51
2681	1975	Nov						14.72		14.72	14.72												13.66	14.81		13.43318111249463	13.43318111249463	16.4196988941494	16.4196988941494		13.66
2682	1975	Dec						14.78		14.78	14.78												13.57	14.79		13.28071357679986	13.28071357679986	18.3033405197063	18.3033405197063		13.57
2683	1976	Jan						13.12		13.12	13.12												12.64	13.79		11.87102123397284	11.87102123397284	14.52573690765129	14.52573690765129		12.64
2684	1976	Feb						13.53		13.53	13.53												12.13	13.46		12.6344511864081	12.6344511864081	14.90439391899519	14.90439391899519		12.13
2685	1976	Mar						13.95		13.95	13.95												12.55	13.88		12.72699943102005	12.72699943102005	14.90312609282382	14.90312609282382		12.55
2686	1976	Apr						13.85		13.85	13.85												12.47	13.77		12.44556371148328	12.44556371148328	15.25555226629693	15.25555226629693		12.47
2687	1976	May						14.1		14.1	14.1												12.37	13.59		12.61492287509051	12.61492287509051	14.72100325436524	14.72100325436524		12.37
2688	1976	Jun						13.95		13.95	13.95												13.45	14.09		13.02656264530599	13.02656264530599	15.94814170221381	15.94814170221381		13.45
2689	1976	Jul						14.14		14.14	14.14												13.56	14.16		13.0946413243815	13.0946413243815	16.02607448385283	16.02607448385283		13.56
2690	1976	Aug						14.3		14.3	14.3												13.67	14.33		13.40716260331324	13.40716260331324	14.95430867643267	14.95430867643267		13.67
2691	1976	Sep						14.56		14.56	14.56												14.18	14.79		13.88074198173566	13.88074198173566	15.51576167059015	15.51576167059015		14.18
2692	1976	Oct						15.69		15.69	15.69												15.67	16.03		14.65906822916549	14.65906822916549	16.66316074573999	16.66316074573999		15.67
2693	1976	Nov						15.05		15.05	15.05												15.46	15.79		14.01598480742378	14.01598480742378	16.26682315136261	16.26682315136261		15.46
2694	1976	Dec						14.49		14.49	14.49												15.17	15.48		14.12648843725165	14.12648843725165	15.20605224501184	15.20605224501184		15.17
2695	1977	Jan						13.2		13.2	13.2												14.07	14.48		12.90040765139893	12.90040765139893	14.94942925644695	14.94942925644695		14.07
2696	1977	Feb						13.61		13.61	13.61												13.34	13.93		13.03482912900029	13.03482912900029	15.47356356545445	15.47356356545445		13.34
2697	1977	Mar						12.63		12.63	12.63												12.44	13.25		11.39816626609359	11.39816626609359	14.12169521963306	14.12169521963306		12.44
2698	1977	Apr						12.54		12.54	12.54												12.18	13.05		11.94164782461968	11.94164782461968	15.7446195053813	15.7446195053813		12.18
2699	1977	May						12.58		12.58	12.58												11.86	12.69		11.99805334970877	11.99805334970877	15.01170035558461	15.01170035558461		11.86
2700	1977	Jun						12.95		12.95	12.95												12.52	13.26		12.60737839719231	12.60737839719231	14.64625329330081	14.64625329330081		12.52
2701	1977	Jul						13.03		13.03	13.03												12.87	13.62		12.72311466893372	12.72311466893372	15.16521439924294	15.16521439924294		12.87
2702	1977	Aug						12.67		12.67	12.67												12.29	13.12		10.28565461203792	10.28565461203792	11.15207393640252	11.15207393640252		12.29
2703	1977	Sep						10.41		10.41	10.41												11.03	11.88		10.27923848249108	10.27923848249108	11.14546935676211	11.14546935676211		11.03
2704	1977	Oct						10.78		10.78	10.78												10.28	10.98		10.30634882035795	10.30634882035795	11.99149689784588	11.99149689784588		10.28
2705	1977	Nov						11.43		11.43	11.43												10.68	11.28		10.92991213419199	10.92991213419199	12.66933574956601	12.66933574956601		10.68
