## Sheet: M10. Mthly long-term rates (continued)
	A	B	C	D	E	F	G	H	I	J	K	L	M	N	O	P	Q	R	S	T	U	V	W	X	Y	Z	AA	AB	AC	AD	AE
2112	1928	Jun						4.464			4.464																				
2113	1928	Jul						4.494			4.494																				
2114	1928	Aug						4.454			4.454																				
2115	1928	Sep						4.484			4.484																				
2116	1928	Oct						4.484			4.484																				
2117	1928	Nov						4.425			4.425																				
2118	1928	Dec						4.444			4.444																				
2119	1929	Jan						4.425			4.425																				
2120	1929	Feb						4.525			4.525																				
2121	1929	Mar						4.505			4.505																				
2122	1929	Apr						4.551			4.551																				
2123	1929	May						4.561			4.561																				
2124	1929	Jun						4.598			4.598																				
2125	1929	Jul						4.635			4.635																				
2126	1929	Aug						4.63			4.63																				
2127	1929	Sep						4.756			4.756																				
2128	1929	Oct						4.584			4.584																				
2129	1929	Nov						4.711			4.711																				
2130	1929	Dec						4.329			4.329		4.76																		
2131	1930	Jan						4.329			4.329																				
2132	1930	Feb						4.63			4.63																				
2133	1930	Mar						4.386			4.386																				
2134	1930	Apr						4.567			4.567																				
2135	1930	May						4.454			4.454																				
2136	1930	Jun						4.525			4.525																				
2137	1930	Jul						4.525			4.525																				
2138	1930	Aug						4.494			4.494																				
2139	1930	Sep						4.484			4.484																				
2140	1930	Oct						4.348			4.348																				
2141	1930	Nov						4.283			4.283																				
2142	1930	Dec						4.348			4.348		4.31																		
2143	1931	Jan						4.31			4.31																				
2144	1931	Feb						4.425			4.425																				
2145	1931	Mar						4.386			4.386																				
2146	1931	Apr						4.274			4.274																				
2147	1931	May						4.158			4.158																				
2148	1931	Jun						4.132			4.132																				
2149	1931	Jul						4.31			4.31																				
2150	1931	Aug						4.348			4.348																				
2151	1931	Sep						4.717			4.717																				
2152	1931	Oct						4.425			4.425																				
2153	1931	Nov						4.739			4.739																				
2154	1931	Dec						4.545			4.545		4.85																		
2155	1932	Jan						4.425			4.425																				
2156	1932	Feb						4.292			4.292																				
2157	1932	Mar						4.132			4.132																				
2158	1932	Apr						4.09			4.09																				
2159	1932	May						3.937			3.937																				
2160	1932	Jun						3.788			3.788																				
2161	1932	Jul						3.425			3.425																				
2162	1932	Aug						3.472			3.472																				
2163	1932	Sep						3.401			3.401																				
2164	1932	Oct						3.241			3.241																				
2165	1932	Nov						3.448			3.448																				
2166	1932	Dec						3.378			3.378		3.67																		
2167	1933	Jan						3.367			3.367		3.51																		
2168	1933	Feb						3.378			3.378		3.53																		
2169	1933	Mar						3.257			3.257		3.42																		
2170	1933	Apr						3.328			3.328		3.45																		
2171	1933	May						3.425			3.425		3.54																		
2172	1933	Jun						3.448			3.448		3.55																		
2173	1933	Jul						3.448			3.448		3.55																		
2174	1933	Aug						3.39			3.39		3.54																		
2175	1933	Sep						3.378			3.378		3.49																		
2176	1933	Oct						3.39			3.39		3.48																		
2177	1933	Nov						3.378			3.378		3.48																		
2178	1933	Dec						3.373			3.373		3.45																		
2179	1934	Jan						3.3001			3.3001		3.43																		
2180	1934	Feb						3.185			3.185		3.37																		
2181	1934	Mar						3.096			3.096		3.34																		
2182	1934	Apr						3.16			3.16		3.33																		
2183	1934	May						3.205			3.205		3.37																		
2184	1934	Jun						3.135			3.135		3.34																		
2185	1934	Jul						3.135			3.135		3.32																		
2186	1934	Aug						3.096			3.096		3.31																		
2187	1934	Sep						3.063			3.063		3.26																		
2188	1934	Oct						3.021			3.021		3.23																		
2189	1934	Nov						2.809			2.809		3.19																		
2190	1934	Dec						2.717			2.717		3.13																		
2191	1935	Jan						2.725			2.725																				2.67
2192	1935	Feb						2.825			2.825				2.37	2.97	3														2.67
2193	1935	Mar						2.905			2.905																				2.67
2194	1935	Apr						2.857			2.857																				2.67
2195	1935	May						2.874			2.874				2.34	3	3.136														2.67
2196	1935	Jun						2.915			2.915																				2.706666666666667
2197	1935	Jul						2.924			2.924																				2.743333333333333
2198	1935	Aug						2.985			2.985				2.5	3.06	3.12														2.78
2199	1935	Sep						3.044			3.044																				2.806666666666667
2200	1935	Oct						2.994			2.994																				2.833333333333333
2201	1935	Nov						2.915			2.915				2.63	3.09	3.15														2.86
2202	1935	Dec						2.89			2.89																				2.805
2203	1936	Jan						2.915			2.915																				2.75
2204	1936	Feb						2.928			2.928				2.39	3	3.06														2.695
2205	1936	Mar						2.941			2.941																				2.71
2206	1936	Apr						2.946			2.946																				2.725000000000001
2207	1936	May						2.967			2.967				2.48	3	3.04														2.74
2208	1936	Jun						2.924			2.924																				2.738333333333334
2209	1936	Jul						2.941			2.941																				2.736666666666667
2210	1936	Aug						2.946			2.946				2.48	2.99	3.02														2.735
2211	1936	Sep						2.941			2.941																				2.728333333333333
2212	1936	Oct						2.928			2.928																				2.721666666666667
2213	1936	Nov						2.959			2.959				2.44	2.99	3.01														2.715
2214	1936	Dec						2.959			2.959																				2.815
2215	1937	Jan						3.026			3.026																				2.915
2216	1937	Feb						3.268			3.268				2.79	3.24	3.28														3.015
2217	1937	Mar						3.279			3.279																				3.061666666666667
2218	1937	Apr						3.247			3.247																				3.108333333333334
2219	1937	May						3.284			3.284				2.96	3.35	3.37														3.155
2220	1937	Jun						3.356			3.356																				3.186666666666667
2221	1937	Jul						3.356			3.356																				3.218333333333334
2222	1937	Aug						3.356			3.356				3.09	3.41	3.52														3.25
2223	1937	Sep						3.39			3.39																				3.175
2224	1937	Oct						3.344			3.344																				3.1
2225	1937	Nov						3.311			3.311				2.77	3.28	3.41														3.025
2226	1937	Dec						3.373			3.373																				2.985
2227	1938	Jan						3.252			3.252																				2.945
2228	1938	Feb						3.221			3.221				2.61	3.2	3.35														2.905
2229	1938	Mar						3.401			3.401																				2.903333333333334
2230	1938	Apr						3.35			3.35																				2.901666666666667
2231	1938	May						3.356			3.356				2.62	3.18	3.36														2.9
2232	1938	Jun						3.367			3.367																				2.921666666666667
2233	1938	Jul						3.306			3.306																				2.943333333333333
2234	1938	Aug						3.356			3.356				2.67	3.26	3.41														2.965
2235	1938	Sep						3.731			3.731																				3.046666666666666
2236	1938	Oct						3.478			3.478																				3.128333333333333
2237	1938	Nov						3.497			3.497				2.99	3.43	3.53														3.21
2238	1938	Dec						3.571			3.571																				3.253333333333333
2239	1939	Jan						3.571			3.571																				3.296666666666667
2240	1939	Feb						3.571			3.571				3.13	3.55	3.62														3.34
2241	1939	Mar						3.704			3.704																				3.381666666666666
2242	1939	Apr						3.781			3.781																				3.423333333333333
2243	1939	May						3.571			3.571				3.32	3.61	3.74														3.465
2244	1939	Jun						3.731			3.731																				3.515
2245	1939	Jul						3.788			3.788																				3.565
2246	1939	Aug						4			4				3.45	3.78	3.98														3.615
2247	1939	Sep						4.032			4.032																				3.578333333333334
2248	1939	Oct						3.676			3.676																				3.541666666666667
2249	1939	Nov						3.663			3.663				3.3	3.71	3.94														3.505
2250	1939	Dec						3.663			3.663																				3.34
2251	1940	Jan						3.378			3.378																				3.175
2252	1940	Feb						3.356			3.356				2.7	3.32	3.59														3.01
2253	1940	Mar						3.454			3.454																				3.041666666666667
2254	1940	Apr						3.425			3.425																				3.073333333333333
2255	1940	May						3.401			3.401				2.88	3.33	3.55														3.105
2256	1940	Jun						3.472			3.472																				3.086666666666666
2257	1940	Jul						3.436			3.436																				3.068333333333333
2258	1940	Aug						3.39			3.39				2.82	3.28	3.52														3.05
2259	1940	Sep						3.381			3.381																				3.01
2260	1940	Oct						3.333			3.333																				2.97
2261	1940	Nov						3.342			3.342				2.73	3.13	3.32														2.93
2262	1940	Dec						3.247			3.247																				2.861666666666666
2263	1941	Jan						3.226			3.226																				2.793333333333333
2264	1941	Feb						3.236			3.236				2.48	2.97	3.19														2.725
2265	1941	Mar						3.205			3.205																				2.728333333333333
2266	1941	Apr						3.236			3.236																				2.731666666666667
2267	1941	May						3.18			3.18				2.49	2.98	3.13														2.735
2268	1941	Jun						3.067			3.067																				2.726666666666667
2269	1941	Jul						3.058			3.058																				2.718333333333334
2270	1941	Aug						3.067			3.067				2.47	2.95	3.02														2.71
2271	1941	Sep						3.03			3.03																				2.701666666666667
2272	1941	Oct						3.03			3.03																				2.693333333333333
2273	1941	Nov						3.035			3.035				2.46	2.91	2.99														2.685
2274	1941	Dec						3.021			3.021																				2.701666666666667
2275	1942	Jan						3.017			3.017																				2.718333333333333
2276	1942	Feb						2.994			2.994				2.51	2.96	3														2.735
2277	1942	Mar						3.005			3.005																				2.715
2278	1942	Apr						3.021			3.021																				2.695
2279	1942	May						3.021			3.021				2.42	2.93	2.95														2.675
2280	1942	Jun						3.03			3.03																				2.65
2281	1942	Jul						3.021			3.021																				2.625
2282	1942	Aug						3.012			3.012				2.25	2.95	2.91														2.6
2283	1942	Sep						3.03			3.03																				2.556666666666667
2284	1942	Oct						3.03			3.03																				2.513333333333333
2285	1942	Nov						3.067			3.067				2.1	2.84	2.97														2.47
2286	1942	Dec						3.03			3.03																				2.561666666666667
2287	1943	Jan						3.026			3.026																				2.653333333333333
2288	1943	Feb						3.035			3.035				2.49	3	2.94														2.745
2289	1943	Mar						3.04			3.04																				2.755
2290	1943	Apr						3.067			3.067																				2.765
2291	1943	May						3.086			3.086				2.52	3.03	3.04														2.775
2292	1943	Jun						3.106			3.106																				2.748333333333333
2293	1943	Jul						3.11			3.11																				2.721666666666666
2294	1943	Aug						3.155			3.155				2.38	3.01	3.11														2.695
2295	1943	Sep						3.155			3.155																				2.701666666666667
2296	1943	Oct						3.13			3.13																				2.708333333333333
2297	1943	Nov						3.125			3.125				2.4	3.03	3.07														2.715
2298	1943	Dec						3.145			3.145																				2.723333333333333
2299	1944	Jan						3.135			3.135																				2.731666666666666
2300	1944	Feb						3.145			3.145				2.47	3.01	3.09														2.74
2301	1944	Mar						3.165			3.165																				2.74
2302	1944	Apr						3.165			3.165																				2.74
2303	1944	May						3.145			3.145				2.45	3.03	3.07														2.74
2304	1944	Jun						3.165			3.165																				2.711666666666667
2305	1944	Jul						3.145			3.145																				2.683333333333334
