## Sheet: M10. Mthly long-term rates (continued)
	A	B	C	D	E	F	G	H	I	J	K	L	M	N	O	P	Q	R	S	T	U	V	W	X	Y	Z	AA	AB	AC	AD	AE
1486	1876	Apr					3.16	3.143	3.175		3.175																				
1487	1876	May					3.12	3.135	3.184		3.184																				
1488	1876	Jun					3.18	3.196	3.198		3.198																				
1489	1876	Jul					3.15	3.109	3.106		3.106																				
1490	1876	Aug					3.11	3.123	3.128		3.128																				
1491	1876	Sep					3.13	3.129	3.146		3.146																				
1492	1876	Oct					3.14	3.139	3.175		3.175																				
1493	1876	Nov					3.13	3.143	3.182		3.182																				
1494	1876	Dec					3.19	3.187	3.187		3.187																				
1495	1877	Jan					3.15	3.127	3.134		3.134																				
1496	1877	Feb					3.13	3.115	3.134		3.134																				
1497	1877	Mar					3.11	3.105	3.134		3.134																				
1498	1877	Apr					3.15	3.194	3.227		3.227																				
1499	1877	May					3.18	3.148	3.195		3.195																				
1500	1877	Jun					3.17	3.177	3.177		3.177																				
1501	1877	Jul					3.17	3.175	3.18		3.18																				
1502	1877	Aug					3.15	3.152	3.167		3.167																				
1503	1877	Sep					3.14	3.135	3.161		3.161																				
1504	1877	Oct					3.13	3.113	3.146		3.146																				
1505	1877	Nov					3.1	3.085	3.124		3.124																				
1506	1877	Dec					3.15	3.162	3.168		3.168																				
1507	1878	Jan					3.15	3.143	3.159		3.159																				
1508	1878	Feb					3.14	3.15	3.159		3.159																				
1509	1878	Mar					3.15	3.172	3.203		3.203																				
1510	1878	Apr					3.16	3.172	3.197		3.197																				
1511	1878	May					3.12	3.077	3.116		3.116																				
1512	1878	Jun					3.13	3.127	3.131		3.131																				
1513	1878	Jul					3.14	3.164	3.155		3.155																				
1514	1878	Aug					3.16	3.17	3.188		3.188																				
1515	1878	Sep					3.16	3.164	3.192		3.192																				
1516	1878	Oct					3.18	3.172	3.223		3.223																				
1517	1878	Nov					3.14	3.121	3.163		3.163																				
1518	1878	Dec					3.18	3.168	3.168		3.168																				
1519	1879	Jan					3.13	3.115	3.122		3.122																				
1520	1879	Feb					3.12	3.115	3.13		3.13																				
1521	1879	Mar					3.1	3.089	3.114		3.114																				
1522	1879	Apr					3.06	3.032	3.062		3.062																				
1523	1879	May					3.04	3.026	3.066		3.066																				
1524	1879	Jun					3.08	3.079	3.079		3.079																				
1525	1879	Jul					3.07	3.057	3.066		3.066																				
1526	1879	Aug					3.07	3.075	3.09		3.09																				
1527	1879	Sep					3.07	3.071	3.094		3.094																				
1528	1879	Oct					3.06	3.063	3.098		3.098																				
1529	1879	Nov					3.05	3.04	3.078		3.078																				
1530	1879	Dec					3.08	3.075	3.083		3.083																				
1531	1880	Jan					3.07	3.051	3.05		3.05																				
1532	1880	Feb					3.06	3.063	3.076		3.076																				
1533	1880	Mar					3.07	3.057	3.082		3.082																				
1534	1880	Apr					3.04	3.03	3.058		3.058																				
1535	1880	May					3.02	3.015	3.058		3.058																				
1536	1880	Jun					3.05	3.042	3.044		3.044																				
1537	1880	Jul					3.05	3.059	3.066		3.066																				
1538	1880	Aug					3.08	3.071	3.086		3.086																				
1539	1880	Sep					3.07	3.069	3.09		3.09																				
1540	1880	Oct					3.04	3.013	3.046		3.046																				
1541	1880	Nov					3	2.993	3.016		3.016																				
1542	1880	Dec					3.04	3.032	3.032		3.032																				
1543	1881	Jan					3.04	3.04	3.043		3.043																				
1544	1881	Feb					3.03	3.025	3.035		3.035																				
1545	1881	Mar					3.01	3	3.016		3.016																				
1546	1881	Apr					2.98	2.948	2.987		2.987																				
1547	1881	May					2.93	2.936	2.809		2.809																				
1548	1881	Jun					2.99	2.972	2.841		2.841																				
1549	1881	Jul					2.97	2.967	2.855		2.855																				
1550	1881	Aug					2.99	3.036	2.861		2.861																				
1551	1881	Sep					3.03	3.026	2.927		2.927																				
1552	1881	Oct					3.03	3.013	2.926		2.926																				
1553	1881	Nov					2.99	2.983	2.899		2.899																				
1554	1881	Dec					3.02	3.013	2.907		2.907																				
1555	1882	Jan					3	3.021	2.913		2.913																				
1556	1882	Feb					3	2.996	2.937		2.937																				
1557	1882	Mar					2.97	2.961	2.927		2.927																				
1558	1882	Apr					2.95	2.95	2.934		2.934																				
1559	1882	May					2.94	2.936	2.924		2.924																				
1560	1882	Jun					2.99	3.013	2.941		2.941																				
1561	1882	Jul					3.01	3.006	2.956		2.956																				
1562	1882	Aug					3.01	3.009	3.008		3.008																				
1563	1882	Sep					3	2.994	3.007		3.007																				
1564	1882	Oct					2.96	2.93	2.926		2.926																				
1565	1882	Nov					2.94	2.932	2.903		2.903																				
1566	1882	Dec					2.98	2.972	2.907		2.907																				
1567	1883	Jan					2.96	2.938	2.876		2.876																				
1568	1883	Feb					2.93	2.936	2.874		2.874																				
1569	1883	Mar					2.94	2.932	2.877		2.877																				
1570	1883	Apr					2.93	2.939	2.851		2.851																				
1571	1883	May					2.94	2.939	2.866		2.866																				
1572	1883	Jun					2.98	2.994	2.841		2.841																				
1573	1883	Jul					3.01	3.012	2.871		2.871																				
1574	1883	Aug					3	2.994	2.866		2.866																				
1575	1883	Sep					2.98	2.967	2.856		2.856																				
1576	1883	Oct					2.96	2.965	2.851		2.851																				
1577	1883	Nov					2.95	2.945	2.801		2.801																				
1578	1883	Dec					2.98	2.978	2.786		2.786																				
1579	1884	Jan					2.95	2.961	2.764		2.764																				
1580	1884	Feb					2.96	2.95	2.767		2.767																				
1581	1884	Mar					2.94	2.936	2.769		2.769																				
1582	1884	Apr					2.93	2.954	2.719		2.719																				
1583	1884	May					2.96	2.957	2.725		2.725																				
1584	1884	Jun					3	3.008	2.721		2.721																				
1585	1884	Jul					2.99	2.976	2.701		2.701																				
1586	1884	Aug					2.98	2.978	2.694		2.694																				
1587	1884	Sep					2.97	2.945	2.705		2.705																				
1588	1884	Oct					2.97	2.983	2.734		2.734																				
1589	1884	Nov					2.99	2.981	2.747		2.747																				
1590	1884	Dec					3.02	3.03	2.762		2.762																				
1591	1885	Jan					3.01	2.998	2.76		2.76																				
1592	1885	Feb					3.02	3.053	2.899		2.899																				
1593	1885	Mar					3.07	3.065	2.963		2.963																				
1594	1885	Apr					3.12	3.154	2.969		2.969																				
1595	1885	May					3.02	2.967	2.882		2.882																				
1596	1885	Jun					3.01	3.021	2.797		2.797																				
1597	1885	Jul					3	3.011	2.826		2.826																				
1598	1885	Aug					3	2.991	2.833		2.833																				
1599	1885	Sep					3	3.004	2.853		2.853																				
1600	1885	Oct					2.99	2.991	2.867		2.867																				
1601	1885	Nov					2.99	2.976	2.857		2.857																				
1602	1885	Dec					3	3.017	2.853		2.853																				
1603	1886	Jan					3.01	2.994	2.851		2.851																				
1604	1886	Feb					2.98	2.961	2.809		2.809																				
1605	1886	Mar					2.98	2.993	2.845		2.845																				
1606	1886	Apr					2.98	2.972	2.842		2.842																				
1607	1886	May					2.96	2.938	2.841		2.841																				
1608	1886	Jun					2.97	2.965	2.805		2.805																				
1609	1886	Jul					2.96	2.957	2.811		2.811																				
1610	1886	Aug					2.97	2.97	2.825		2.825																				
1611	1886	Sep					2.97	2.97	2.821		2.821																				
1612	1886	Oct					2.98	2.97	2.842		2.842																				
1613	1886	Nov					2.95	2.936	2.841		2.841																				
1614	1886	Dec					2.98	2.976	2.837		2.837																				
1615	1887	Jan					2.98	2.976	2.851		2.851																				
1616	1887	Feb					2.98	2.976	2.857		2.857																				
1617	1887	Mar					2.96	2.947	2.829		2.829																				
1618	1887	Apr					2.93	2.921	2.772		2.772																				
1619	1887	May					2.91	2.895	2.725		2.725																				
1620	1887	Jun					2.95	2.959	2.728		2.728																				
1621	1887	Jul					2.95	2.95	2.711		2.711																				
1622	1887	Aug					2.96	2.957	2.71		2.71																				
1623	1887	Sep					2.96	2.954	2.728		2.728																				
1624	1887	Oct					2.93	2.914	2.704		2.704																				
1625	1887	Nov					2.91	2.902	2.699		2.699																				
1626	1887	Dec					2.95	2.941	2.67		2.67																				
1627	1888	Jan					2.92	2.916	2.633		2.633																				
1628	1888	Feb					2.93	2.932	2.639		2.639																				
1629	1888	Mar					2.95	2.706	2.601		2.601																				
1630	1888	Apr					2.97	2.716	2.619		2.619																				
1631	1888	May					2.96	2.709	2.639		2.639																				
1632	1888	Jun					2.98	2.73	2.628		2.628																				
1633	1888	Jul					2.98	2.74	2.626		2.626																				
1634	1888	Aug					2.99	2.743	2.639		2.639																				
1635	1888	Sep					2.99	2.743	2.663		2.663																				
1636	1888	Oct					2.99	2.723	2.675		2.675																				
1637	1888	Nov					2.97	2.73	2.696		2.696																				
1638	1888	Dec					3.01	2.757	2.663		2.663																				
1639	1889	Jan						2.743	2.628		2.628																				
1640	1889	Feb						2.73	2.627		2.627																				
1641	1889	Mar						2.716	2.637		2.637																				
1642	1889	Apr						2.716	2.635		2.635																				
1643	1889	May						2.716	2.626		2.626																				
1644	1889	Jun						2.797	2.639		2.639																				
1645	1889	Jul						2.767	2.625		2.625																				
1646	1889	Aug						2.813	2.648		2.648																				
1647	1889	Sep						2.846	2.676		2.676																				
1648	1889	Oct						2.837	2.673		2.673																				
1649	1889	Nov						2.824	2.664		2.664																				
1650	1889	Dec						2.839	2.668		2.668																				
1651	1890	Jan						2.828	2.668		2.668																				
1652	1890	Feb						2.824	2.671		2.671																				
1653	1890	Mar						2.824	2.663		2.663																				
1654	1890	Apr						2.806	2.646		2.646																				
1655	1890	May						2.79	2.635		2.635																				
1656	1890	Jun						2.846	2.679		2.679																				
1657	1890	Jul						2.876	2.694		2.694																				
1658	1890	Aug						2.853	2.697		2.697																				
1659	1890	Sep						2.914	2.737		2.737																				
1660	1890	Oct						2.911	2.744		2.744																				
1661	1890	Nov						2.85	2.692		2.692																				
1662	1890	Dec						2.868	2.713		2.713																				
1663	1891	Jan						2.824	2.663		2.663																				
1664	1891	Feb						2.839	2.681		2.681																				
1665	1891	Mar						2.846	2.674		2.674																				
1666	1891	Apr						2.88	2.701		2.701																				
1667	1891	May						2.876	2.715		2.715																				
1668	1891	Jun						2.88	2.71		2.71																				
1669	1891	Jul						2.872	2.704		2.704																				
1670	1891	Aug						2.868	2.707		2.707																				
1671	1891	Sep						2.91	2.731		2.731																				
1672	1891	Oct						2.85	2.724		2.724																				
1673	1891	Nov						2.881	2.724		2.724																				
1674	1891	Dec						2.887	2.711		2.711																				
1675	1892	Jan						2.878	2.705		2.705																				
1676	1892	Feb						2.863	2.697		2.697																				
1677	1892	Mar						2.865	2.695		2.695																				
1678	1892	Apr						2.85	2.674		2.674																				
1679	1892	May						2.874	2.651		2.651																				
1680	1892	Jun						2.842	2.671		2.671																				
1681	1892	Jul						2.839	2.666		2.666																				
1682	1892	Aug						2.826	2.665		2.665																				
