## Sheet: M10. Mthly long-term rates (continued)
	A	B	C	D	E	F	G	H	I	J	K	L	M	N	O	P	Q	R	S	T	U	V	W	X	Y	Z	AA	AB	AC	AD	AE
2306	1944	Aug						3.145			3.145				2.29	3.02	3.06														2.655
2307	1944	Sep						3.165			3.165																				2.65
2308	1944	Oct						3.125			3.125																				2.645
2309	1944	Nov						3.049			3.049				2.26	3.02	2.96														2.64
2310	1944	Dec						3.067			3.067																				2.648333333333333
2311	1945	Jan						3.03			3.03							2.4	2.68	2.98	3.36										2.656666666666666
2312	1945	Feb						3.012			3.012				2.4	2.99	2.91	2.37	2.65	2.98	3.36										2.665
2313	1945	Mar						3.012			3.012							2.36	2.59	2.98	3.36										2.62
2314	1945	Apr						2.976			2.976							2.41	2.6	3	3.36										2.595
2315	1945	May						3.012			3.012				2.44	3	2.92	2.5	2.63	3.03	3.37										2.615
2316	1945	Jun						3.003			3.003							2.48	2.64	3	3.38										2.635
2317	1945	Jul						2.829			2.829							2.41	2.64	2.96	3.38										2.64
2318	1945	Aug						2.82			2.82				2.43	2.97	2.95	2.39	2.66	2.95	3.37										2.65
2319	1945	Sep						2.82			2.82							2.45	2.63	2.98	3.38										2.645
2320	1945	Oct						2.699			2.699							2.55	2.62	2.98	3.37										2.625
2321	1945	Nov						2.756			2.756				2.52	2.99	2.99	2.56	2.68	2.99	3.4										2.65
2322	1945	Dec						2.732			2.732							2.54	2.7	2.97	3.4										2.69
2323	1946	Jan						2.71			2.71							2.34	2.55	2.78	3.36										2.625
2324	1946	Feb						2.7			2.7				2.32	2.76	2.81	2.24	2.5	2.68	3.35										2.525
2325	1946	Mar						2.67			2.67							2.28	2.4	2.69	3.35										2.45
2326	1946	Apr						2.6			2.6							1.96	2.17	2.51	3.29										2.285
2327	1946	May						2.5			2.5				2.08	2.58	2.51	2.13	2.38	2.62	3.3										2.275
2328	1946	Jun						2.57			2.57							2.15	2.39	2.6	3.3										2.385
2329	1946	Jul						2.58			2.58							2.09	2.36	2.53	3.3										2.375
2330	1946	Aug						2.59			2.59				2.09	2.52	2.41	2.04	2.33	2.52	3.29										2.345
2331	1946	Sep						2.56			2.56							2.05	2.23	2.48	3.28										2.28
2332	1946	Oct						2.54			2.54							1.88	2.05	2.28	3.24										2.14
2333	1946	Nov						2.53			2.53				1.86	2.32	2.16	1.78	1.97	2.27	3.25										2.01
2334	1946	Dec						2.54			2.54							1.73	1.99	2.29	3.25										1.98
2335	1947	Jan						2.54			2.54							1.55	1.91	2.22	3.25										1.95
2336	1947	Feb						2.58			2.58							1.74	2.04	2.36	3.27										1.975
2337	1947	Mar						2.64			2.64							1.9	2.23	2.52	3.33										2.135
2338	1947	Apr						2.63			2.63							1.97	2.19	2.48	3.3										2.21
2339	1947	May						2.62			2.62							1.92	2.16	2.47	3.3										2.175
2340	1947	Jun						2.68			2.68							2.08	2.35	2.66	3.34										2.255
2341	1947	Jul						2.78			2.78							2.53	2.75	3	3.45										2.55
2342	1947	Aug						2.99			2.99							2.6	2.69	2.97	3.42										2.72
2343	1947	Sep						2.99			2.99							2.69	2.78	2.99	3.43										2.735
2344	1947	Oct						2.9			2.9							2.41	2.59	2.79	3.38										2.685
2345	1947	Nov						2.87			2.87							2.42	2.76	2.98	3.39										2.675
2346	1947	Dec						3.01			3.01							2.54	2.91	3	3.41										2.835
2347	1948	Jan						3.08			3.08							2.35	2.68	2.88	3.4										2.795
2348	1948	Feb						3.15			3.15							2.15	2.65	2.86	3.4										2.665
2349	1948	Mar						3.22			3.22							2.16	2.62	2.87	3.41										2.635
2350	1948	Apr						3.28			3.28							2.07	2.66	2.88	3.42										2.64
2351	1948	May						3.25			3.25							2.07	2.56	2.9	3.4										2.61
2352	1948	Jun						3.27			3.27							1.95	2.5	2.82	3.42										2.53
2353	1948	Jul						3.28			3.28							1.86	2.52	2.8	3.42										2.51
2354	1948	Aug						3.26			3.26							1.9	2.5	2.76	3.4										2.51
2355	1948	Sep						3.22			3.22							1.87	2.47	2.73	3.41										2.485
2356	1948	Oct						3.18			3.18							1.83	2.25	2.69	3.38										2.36
2357	1948	Nov						3.16			3.16							1.73	2.25	2.6	3.38										2.25
2358	1948	Dec						3.14			3.14							1.72	2.28	2.62	3.4										2.265
2359	1949	Jan						3.12			3.12							1.93	2.25	2.6	3.4										2.265
2360	1949	Feb						3			3							1.6	2.25	2.61	3.4										2.25
2361	1949	Mar						3.11			3.11							1.58	2.25	2.58	3.4										2.25
2362	1949	Apr						3.1			3.1							1.76	2.2	2.53	3.89										2.225
2363	1949	May						3.08			3.08							1.76	2.25	2.59	3.42										2.225
2364	1949	Jun						3.21			3.21							2.26	2.65	2.88	3.5										2.45
2365	1949	Jul						3.36			3.36							2.44	2.83	3.31	3.61										2.74
2366	1949	Aug						3.48			3.48							2.5	2.79	3.2	3.72										2.81
2367	1949	Sep						3.45			3.45							2.05	2.62	3.02	3.69										2.705
2368	1949	Oct						3.56			3.56							2.22	2.8	3.23	3.88										2.71
2369	1949	Nov						3.62			3.62							1.82	2.59	2.94	3.72										2.695
2370	1949	Dec						3.51			3.51							1.86	2.77	3.05	3.8										2.68
2371	1950	Jan						3.59			3.59							2.23	2.64	3.04	3.84										2.705
2372	1950	Feb						3.56			3.56							2.23	2.73	3.23	3.87										2.685
2373	1950	Mar						3.62			3.62							2.22	2.68	3.1	3.85										2.705
2374	1950	Apr						3.62			3.62							2.19	2.58	3.05	3.83										2.63
2375	1950	May						3.61			3.61							2.04	2.55	2.91	3.79										2.565
2376	1950	Jun						3.55			3.55							2.06	2.68	3.05	3.81										2.615
2377	1950	Jul						3.61			3.61							2.09	2.66	3.05	3.8										2.67
2378	1950	Aug						3.55			3.55							1.87	2.62	2.96	3.73										2.64
2379	1950	Sep						3.48			3.48							1.82	2.54	2.89	3.69										2.58
2380	1950	Oct						3.4			3.4							1.74	2.54	2.83	3.62										2.54
2381	1950	Nov						3.44			3.44							1.83	2.57	2.94	3.72										2.555
2382	1950	Dec						3.52			3.52							1.84	2.58	2.95	3.72										2.575
2383	1951	Jan						3.53			3.53							1.74	3.05	3.33	3.79										2.815
2384	1951	Feb						3.64			3.64							1.73	3.06	3.42	3.84										3.055
2385	1951	Mar						3.67			3.67							1.79	3.11	3.43	3.85										3.085
2386	1951	Apr						3.73			3.73							1.85	3.14	3.5	3.9										3.125
2387	1951	May						3.81			3.81							1.95	3.28	3.62	3.97										3.21
2388	1951	Jun						3.84			3.84							2	3.34	3.69	4.01										3.31
2389	1951	Jul						3.8			3.8							1.87	3.24	3.63	4.04										3.29
2390	1951	Aug						3.81			3.81							1.76	3.2	3.65	4.05										3.22
2391	1951	Sep						3.33			3.33							1.73	3.26	3.68	4.09										3.23
2392	1951	Oct						3.81			3.81							1.79	3.34	3.71	4.08										3.3
2393	1951	Nov						3.95			3.95							2.16	3.62	3.87	4.26										3.48
2394	1951	Dec						4.05			4.05							2.43	3.91	4.16	4.36										3.765
2395	1952	Jan						4.09			4.09							2.36	3.8	4.11	4.37										3.855
2396	1952	Feb						4.12			4.12							2.44	3.87	4.26	4.49										3.835
2397	1952	Mar						4.21			4.21							3.15	4	4.33	4.58										3.935
2398	1952	Apr						4.15			4.15							3.17	3.9	4.23	4.5										3.95
2399	1952	May						4.27			4.27							3.42	4.17	4.36	4.72										4.035
2400	1952	Jun						4.42			4.42							3.66	4.37	4.57	4.8										4.27
2401	1952	Jul						4.43			4.43							3.46	4.12	4.36	4.78										4.245
2402	1952	Aug						4.3			4.3							3.08	3.79	4.11	4.49										3.955
2403	1952	Sep						4.19			4.19							2.97	3.83	4.2	4.6										3.81
2404	1952	Oct						4.27			4.27							2.95	3.83	4.19	4.48										3.83
2405	1952	Nov						4.16			4.16							2.88	3.79	4.15	4.47										3.81
2406	1952	Dec						4.21			4.21							2.97	3.87	4.22	4.53										3.83
2407	1953	Jan						4.26			4.26							3.33	3.67	4.13	4.5										3.77
2408	1953	Feb						4.25			4.25							3.28	3.67	4.1	4.49										3.67
2409	1953	Mar						4.17			4.17							3.12	3.6	4.04	4.44										3.635
2410	1953	Apr						4.16			4.16							3.08	3.55	3.94	4.34										3.575
2411	1953	May						4.12			4.12							2.99	3.49	3.95	4.3										3.52
2412	1953	Jun						4.08			4.08							3.04	3.56	4.02	4.34										3.525
2413	1953	Jul						4.13			4.13							2.97	3.43	3.98	4.35										3.495
2414	1953	Aug						4.12			4.12							2.9	3.39	3.94	4.3										3.41
2415	1953	Sep						4			4							2.76	3.33	3.78	4.15										3.36
2416	1953	Oct						3.93			3.93							2.89	3.35	3.8	4.15										3.34
2417	1953	Nov						3.88			3.88							2.85	3.36	3.78	4.1										3.355
2418	1953	Dec						3.89			3.89							2.91	3.43	3.83	4.15										3.395
2419	1954	Jan						3.9			3.9							2.93	3.36	3.79	4.17										3.395
2420	1954	Feb						3.91			3.91							2.93	3.38	3.79	4.14										3.37
2421	1954	Mar						3.89			3.89							2.88	3.38	3.76	4.18										3.38
2422	1954	Apr						3.8			3.8							2.74	3.38	3.71	4.01										3.38
2423	1954	May						3.72			3.72							2.56	3.15	3.65	4.05										3.265
2424	1954	Jun						3.78			3.78							2.22	3.12	3.61	4.01										3.135
2425	1954	Jul						3.69			3.69							2.01	3.08	3.35	3.9										3.1
2426	1954	Aug						3.66			3.66							2.28	3.08	3.36	3.91										3.08
2427	1954	Sep						3.66			3.66							2.33	3.05	3.35	3.9										3.065
2428	1954	Oct						3.66			3.66							2.3	3.05	3.35	3.87										3.05
2429	1954	Nov						3.64			3.64							2.28	3.08	3.38	3.93										3.065
2430	1954	Dec						3.76			3.76							2.63	3.14	3.51	4.03										3.11
2431	1955	Jan						3.83			3.83							2.45	3.13	3.64	4.09										3.135
2432	1955	Feb						3.98			3.98							2.75	3.5	3.85	4.25										3.315
2433	1955	Mar						3.99			3.99							3.08	3.6	3.83	4.14										3.55
2434	1955	Apr						3.98			3.98							3.43	3.96	4.15	4.3										3.78
2435	1955	May						4.11			4.11							3.96	4.14	4.21	4.33										4.05
2436	1955	Jun						4.15			4.15							4.02	4.2	4.33	4.4										4.17
2437	1955	Jul						4.18			4.18							4.44	4.45	4.47	4.47										4.325
2438	1955	Aug						4.34			4.34							4.65	4.95	4.84	4.69										4.7
2439	1955	Sep						4.48			4.48							4.47	4.72	4.68	4.65										4.835
2440	1955	Oct						4.3			4.3							4.38	4.46	4.5	4.49										4.59
2441	1955	Nov						4.38			4.38							4.55	4.68	4.64	4.55										4.57
2442	1955	Dec						4.39			4.39							4.61	4.75	4.7	4.58										4.715
2443	1956	Jan						4.53			4.53							4.52	4.91	4.84	4.74										4.83
2444	1956	Feb						4.61			4.61							4.89	4.88	4.87	4.74										4.895
2445	1956	Mar						4.65			4.65							4.9	5.08	5.02	4.81										4.98
2446	1956	Apr						4.61			4.61							4.48	4.87	4.85	4.78										4.975
2447	1956	May						4.66			4.66							4.48	5.14	5.12	4.94										5.005
2448	1956	Jun						4.74			4.74							4.7	5.35	5.25	4.95										5.244999999999999
2449	1956	Jul						4.79			4.79							4.52	5.4	5.27	5.04										5.375
2450	1956	Aug						4.8			4.8							4.53	5.18	5.2	4.99										5.29
2451	1956	Sep						4.86			4.86							4.75	5.28	5.35	5.05										5.23
2452	1956	Oct						4.79			4.79							4.7	5.11	5.33	5										5.195
2453	1956	Nov						4.93			4.93							4.9	5.41	5.5	5.13										5.26
2454	1956	Dec						4.9			4.9							4.93	5.13	5.29	4.99										5.27
2455	1957	Jan						4.6			4.6							4.51	4.65	4.91	4.71										4.890000000000001
2456	1957	Feb						4.58			4.58							4.5	4.69	4.93	4.75										4.67
2457	1957	Mar						4.63			4.63							4.74	4.97	5.08	4.84										4.83
2458	1957	Apr						4.68			4.68							4.68	5.04	5.11	4.85										5.005
2459	1957	May						4.83			4.83							4.62	5.39	5.43	5.02										5.215
2460	1957	Jun						4.94			4.94							4.8	5.42	5.55	5.1										5.404999999999999
2461	1957	Jul						5.06			5.06							4.2	5.12	5.6	5.22										5.27
2462	1957	Aug						5.09			5.09							4.42	5.33	5.75	5.38										5.225
2463	1957	Sep						5.32			5.32							5.55	5.68	5.98	5.68										5.505
2464	1957	Oct						5.44			5.44							5.4	5.75	5.84	5.7										5.715
2465	1957	Nov						5.48			5.48							5.34	5.82	5.89	5.71										5.785
2466	1957	Dec						5.41			5.41							5.37	5.79	5.81	5.59										5.805
2467	1958	Jan						5.27			5.27							5.29	5.67	5.66	5.45										5.73
2468	1958	Feb						5.18			5.18							5.03	5.59	5.65	5.51										5.63
2469	1958	Mar						5.13			5.13							4.9	5.58	5.64	5.46										5.585
2470	1958	Apr						4.96			4.96							4.54	5.39	5.45	5.24										5.484999999999999
2471	1958	May						5.03			5.03							4.71	5.4	5.46	5.28										5.395
2472	1958	Jun						4.97			4.97							4.61	5.38	5.45	5.27										5.390000000000001
