## Sheet: M10. Mthly long-term rates (continued)
	A	B	C	D	E	F	G	H	I	J	K	L	M	N	O	P	Q	R	S	T	U	V	W	X	Y	Z	AA	AB	AC	AD	AE
2811	1986	Sep								10.15	10.15												10.28	9.98		10.07496996510508	10.76943920882452	9.203189267679129	9.38906119299848		10.28
2812	1986	Oct								10.23	10.23												10.92	10.46		10.73552523869719	10.73196024829312	9.518982958760722	9.529882215777773		10.92
2813	1986	Nov								10.34	10.34												11.08	10.58		10.9318072708666	11.00031794417015	9.68401317911646	9.752178232672245		11.08
2814	1986	Dec								10.13	10.13												10.98	10.54		10.78140221816999	10.33792227496914	9.591941781742387	9.331363188847922		10.98
2815	1987	Jan								9.83	9.83												10.27	10.05		10.08474889702717	10.09274174016071	9.195925365595219	9.233028971139182		10.27
2816	1987	Feb								9.41	9.41												9.97	9.84		9.857554739361237	9.6048978602804	9.0917804078946	8.919839182159304		9.97
2817	1987	Mar								9.03	9.03												9.11	9.16		9.15037115468675	9.180133271374654	8.64223567398767	8.637207991480517		9.11
2818	1987	Apr								8.83	8.83												9.14	9.11		9.129690987544967	8.934368453334736	8.58871275619922	8.35449436506955		9.14
2819	1987	May								8.75	8.75												8.8	8.82		8.884384753146373	8.83652311202247	8.362640405485608	8.2837436332965		8.8
2820	1987	Jun								8.99	8.99												8.93	8.9		9.002465736538431	9.218630384358663	8.351770848397443	8.550761302456374		8.93
2821	1987	Jul								9.57	9.57												9.29	9.23		9.308605176876439	9.826777949656812	8.63267347677165	8.989155134008984		9.29
2822	1987	Aug								9.83	9.83												10.13	9.92		10.01832648391587	10.23080186469054	9.074364946556488	9.194828167479349		10.13
2823	1987	Sep								9.95	9.95												10.21	9.98		10.09129446198451	10.1393661745745	9.125138785968504	9.10883860523381		10.21
2824	1987	Oct								9.13	9.13												10.14	9.88		10.03309256823053	9.424600790919396	9.058327397126746	8.70920447667907		10.14
2825	1987	Nov								9.07	9.07												9.23	9.2		9.251898713574418	9.371528194635333	8.706307790597856	8.771080769957575		9.23
2826	1987	Dec								9.39	9.39												9.63	9.57		9.679689951851858	9.661390829350376	8.965993289879936	8.875927074628137		9.63
2827	1988	Jan								9.09	9.09												9.71	9.57		9.729858622844691	9.393771203943555	8.893765786721374	8.703168441873418		9.71
2828	1988	Feb								9.01	9.01												9.52	9.38		9.501049685705407	9.244589630726047	8.715488876097442	8.517940785792618		9.52
2829	1988	Mar								8.97	8.97												9.22	9.12		9.229188511939466	9.134108292543583	8.512723290759368	8.419173886105302		9.22
2830	1988	Apr								9.11	9.11												9.2	9.12		9.244695373110128	9.38843803881501	8.527217378467352	8.582060742591343		9.2
2831	1988	May								9.05	9.05												9.41	9.27		9.436756911183334	9.478869848637446	8.631989409244257	8.630489586806757		9.41
2832	1988	Jun								9.3	9.3												9.51	9.32		9.477194172592274	9.703891044804504	8.61041905846537	8.726353599284991		9.51
2833	1988	Jul								9.26	9.26												9.84	9.51		9.685746137706378	9.636843411245469	8.61006881240596	8.556781506024205		9.84
2834	1988	Aug								9.3	9.3												9.91	9.47		9.70437971477907	9.936099828252289	8.47787508705531	8.637595656768658		9.91
2835	1988	Sep								9.17	9.17												10.1	9.6		9.840064889597818	9.669015552065947	8.551969778497966	8.369037208569978		10.1
2836	1988	Oct								8.99	8.99												9.69	9.23		9.472598530174643	9.374286431837685	8.24554146693968	8.156212518940595		9.69
2837	1988	Nov								9.1	9.1												9.86	9.3		9.564674375220331	9.785144278138391	8.208226166882852	8.181105372859601		9.86
2838	1988	Dec								9.13	9.13												10.14	9.45		9.794043024236093	9.785383042309707	8.239358669983677	8.24837874927054		10.14
2839	1989	Jan								8.93	8.93												9.96	9.35		9.639292545027844	9.423699191280981	8.22221821751603	8.214470967727369		9.96
2840	1989	Feb								8.75	8.75												9.72	9.15		9.395744417612018	9.598788085571766	8.096856096618842	8.096610357758513		9.72
2841	1989	Mar								8.77	8.77												9.88	9.26		9.537553355192903	9.646361119336369	8.113832550014129	8.206325629636849		9.88
2842	1989	Apr								8.85	8.85												10.18	9.52		9.7800650014319	9.702261470720725	8.301213206203634	8.235977648389957		10.18
2843	1989	May								9.12	9.12												10.17	9.52		9.787666636536944	10.01896391969423	8.29078887619229	8.5156578475481		10.17
2844	1989	Jun								9.41	9.41												10.55	9.88		10.12096972142334	9.973895148826582	8.582972334216855	8.463070747126274		10.55
2845	1989	Jul								9.22	9.22												10.15	9.53		9.76980196695984	9.536800050300148	8.343757037606725	8.213893639938949		10.15
2846	1989	Aug								9.22	9.22												9.91	9.37		9.562166159251897	9.648476389760171	8.257186287972148	8.315094655233638		9.91
2847	1989	Sep								9.5	9.5												10.21	9.62		9.797712250356238	9.976730024259524	8.43117837781501	8.53503098560704		10.21
2848	1989	Oct								9.8	9.8												10.45	9.81		9.979764421097986	9.980046782341368	8.565068637730878	8.664361831568682		10.45
2849	1989	Nov								9.9	9.9												10.55	9.99		10.0888550457868	10.2193871418798	8.757749202926961	8.902715236996631		10.55
2850	1989	Dec								9.66	9.66												10.56	9.96		10.06850969893704	9.933203751818192	8.716966225067619	8.652041336298602		10.56
2851	1990	Jan								10.2	10.2												10.89	10.28		10.3528284338945	10.56528751746915	8.943143804829377	9.080974282579088		10.89
2852	1990	Feb								10.58	10.58												11.33	10.72		10.76476249171886	11.0352674041445	9.255420428543033	9.497939585005899		11.33
2853	1990	Mar								11.3	11.3												12.42	11.46		11.5913925061177	11.68886641922629	9.88698826724629	10.03034499725153		12.42
2854	1990	Apr								11.91	11.91												12.74	11.77		11.88873815704602	12.36810894678647	10.15765760138029	10.44230708792589		12.74
2855	1990	May								10.75	10.75												12.41	11.49		11.67221363670438	11.47216766372669	9.930588628590298	9.840632733950521		12.41
2856	1990	Jun								10.65	10.65												11.8	11.01		11.15411307690519	11.01109252026079	9.685220145150092	9.590381983607617		11.8
2857	1990	Jul								10.72	10.72												11.84	11.03		11.20367907446702	11.15976510754114	9.69748875579109	9.657316618685396		11.84
2858	1990	Aug								11.05	11.05												12.15	11.41		11.59967580590883	11.50792523836555	10.04490361736867	9.894883522902186		12.15
2859	1990	Sep								11.2	11.2												12.1	11.32		11.5586483369964	11.57592630050385	9.896732793717055	9.92103185051157		12.1
2860	1990	Oct								11.05	11.05												11.74	11.12		11.28099488197546	11.10518720872066	9.91575249802057	9.939594796877348		11.74
2861	1990	Nov								10.7	10.7												11.37	10.94		11.003505136836	10.55439548633217	9.938996131728432	9.59146520792175		11.37
2862	1990	Dec								10.44	10.44												10.84	10.42		10.42938681344815	10.6048507431701	9.426288901405018	9.515289534813924		10.84
2863	1991	Jan								10.13	10.13												10.59	10.22		10.18706369831624	9.876311903376166	9.282083030113483	9.149911562994003		10.59
2864	1991	Feb								9.95	9.95												10.13	9.89		9.839349753425642	9.96304517725603	9.102975687379825	9.145884759295964		10.13
2865	1991	Mar								10.02	10.02												10.29	10.06		10.0514149272804	9.917483198486583	9.215893300538275	9.153048777678539		10.29
2866	1991	Apr								10.13	10.13												10.19	9.99		9.946616439529432	10.03698579963794	9.149418603431835	9.20991083684559		10.19
2867	1991	May								10.28	10.28												10.38	10.15		10.1319447694297	10.23712731948124	9.302924118994754	9.37649886675968		10.38
2868	1991	Jun								10.26	10.26												10.58	10.34		10.31196095811	10.27050739923044	9.46734465518984	9.445278027621745		10.58
2869	1991	Jul								10.1	10.1												10.28	10.1		10.00231134997875	9.913201805690447	9.350205024066286	9.308870731268794		10.28
2870	1991	Aug								9.8	9.8												10.03	9.89		9.766451814160424	9.699965643756572				10.03
2871	1991	Sep								9.66	9.66												9.64	9.54		9.431350685939895	9.378827762222368				9.64
2872	1991	Oct								9.85	9.85												9.72	9.62		9.499468836297595	9.464567297101635				9.72
2873	1991	Nov								9.93	9.93												9.77	9.68		9.532401318047821	9.609408363387598				9.77
2874	1991	Dec								9.76	9.76												9.66	9.56		9.407932705700528	9.44361647614335				9.66
2875	1992	Jan								9.56	9.56												9.46	9.33		9.20905066379869	9.162286125237085				9.46
2876	1992	Feb								9.26	9.26												9.3	9.21		9.08101655225682	9.044366619537088	8.665366591367873	8.67472147322432		9.3
2877	1992	Mar								9.95	9.95												9.68	9.54		9.396162951731815	9.553510919896063	8.936784281133013	9.072181928043456		9.68
2878	1992	Apr								9.39	9.39												9.43	9.33		9.148770835865534	8.93767423301057	8.812434387005972	8.670828388301441		9.43
2879	1992	May								9.23	9.23												9.02	8.99		8.815113425181094	8.686370467784052	8.574152016595827	8.414174956688042		9.02
2880	1992	Jun								9.26	9.26												9.12	9.02		8.903452809349766	8.894569989933991	8.613424192284793	8.557748243273995		9.12
2881	1992	Jul								9.17	9.17												9.05	8.9		8.79381941160968	9.005773000010583	8.42530924090922	8.536287944959097		9.05
2882	1992	Aug								9.3	9.3												9.35	9.13		9.042960848158748	9.314994818420399	8.54895830039769	8.707850623476029		9.35
2883	1992	Sep								9.3	9.3												9.19	9.12		8.985406589737254	8.967903317632935	8.72296878588826	9.370751137323973		9.19
2884	1992	Oct								8.44	8.44												8.65	9.24		8.779199777839152	8.281596504370677	9.368152303146983	9.064392637885934		8.65
2885	1992	Nov								8.55	8.55												8.19	8.84		8.4152896991184	8.65726234453342	9.093977529754225	9.192216864717691		8.19
2886	1992	Dec								8.55	8.55												8.32	8.84		8.459404722224136	8.324830488727972	9.002326357890217	8.949711868527519		8.32
2887	1993	Jan								8.5	8.5												8.29	8.91		8.50626946864304	8.37518132977716	9.187070403505185	9.174658016517858		8.29
2888	1993	Feb								8.2	8.2												7.95	8.63		8.24707170967225	8.090552239093284	8.96982265375427	8.792579388959174		7.95
2889	1993	Mar								8.18	8.18												7.72	8.33		7.954004572895403	7.980234188988105	8.674087051050396	8.632986912129038		7.72
2890	1993	Apr								8.28	8.28												7.89	8.39		8.063841952250895	8.329336723463332	8.628105488767947	8.745358146556267		7.89
2891	1993	May								8.4	8.4												8.15	8.6		8.318290557837035	8.364576122088113	8.738241984357245	8.792371038791616		8.15
2892	1993	Jun								8	8												7.96	8.39		8.114775207313746	7.86286629120396	8.514730231131054	8.221104737264547		7.96
2893	1993	Jul								7.6	7.6												7.62	7.96		7.74253359344904	7.577794849912908	8.12383968352039	7.938939418486034		7.62
2894	1993	Aug								7.26	7.26												7.07	7.39		7.233531724958415	6.994325505244706	7.56480604722324	7.343942213110867		7.07
2895	1993	Sep								7.23	7.23												6.96	7.18		7.094540136064494	7.092956342611416	7.369114622645532	7.334338035033589		6.96
2896	1993	Oct								7.12	7.12												6.87	7.09		6.998216150322973	7.047791172480572	7.265929501842756	7.280398059714318		6.87
2897	1993	Nov								6.92	6.92												6.85	7.06		6.974083703834431	6.788065677655102	7.20080958798651	6.903370314119085		6.85
2898	1993	Dec								6.56	6.56												6.28	6.46		6.452131101402146	6.249294615402706	6.632126171050543	6.484899531298408		6.28
2899	1994	Jan								6.69	6.69												6.24	6.41		6.392604098510263	6.369416285872903	6.572494940799142	6.527481577105053		6.24
2900	1994	Feb								7.42	7.42												6.72	6.83		6.783962011985182	7.063555732165526	6.877262034310238	7.086205574732828		6.72
2901	1994	Mar								8.03	8.03												7.4	7.47		7.429626966252369	7.604683565837496	7.452259346318364	7.60136737385136		7.4
2902	1994	Apr								8	8												7.86	7.83		7.792126045564884	7.941915359258715	7.685744154782569	7.704572193014703		7.86
2903	1994	May								8.62	8.62												8.36	8.23		8.244922997251143	8.636400056149148	7.984869428564871	8.326950028678677		8.36
