## Sheet: M10. Mthly long-term rates (continued)
	A	B	C	D	E	F	G	H	I	J	K	L	M	N	O	P	Q	R	S	T	U	V	W	X	Y	Z	AA	AB	AC	AD	AE
1289	1859	Nov		3.155104959824997	3.153308903260863		3.12		3.159		3.159																				
1290	1859	Dec		3.135648138470222	3.132741464207048		3.09		3.135		3.135																				
1291	1860	Jan		3.176485536402524	3.156940419678008		3.16		3.184		3.184																				
1292	1860	Feb		3.171649680720599	3.181363528272826		3.17		3.174		3.174																				
1293	1860	Mar		3.215468547358492	3.198670969888645		3.17		3.218		3.218																				
1294	1860	Apr		3.189148391074637	3.196791357130997		3.17		3.192		3.192																				
1295	1860	May		3.19699908352693	3.194081317628128		3.17		3.197		3.197																				
1296	1860	Jun		3.215468547358492	3.205488933063346		3.16		3.215		3.215																				
1297	1860	Jul		3.223345617861633	3.218256250157167		3.22		3.222		3.222																				
1298	1860	Aug		3.237642995898986	3.232808996530656		3.22		3.235		3.235																				
1299	1860	Sep		3.250024375182814	3.241545194902227		3.22		3.244		3.244																				
1300	1860	Oct		3.262500815625204	3.255081395508312		3.23		3.262		3.262																				
1301	1860	Nov		3.250517374015364	3.255302861499679		3.21		3.249		3.249																				
1302	1860	Dec		3.242401971380398	3.239064255083023		3.2		3.245		3.245																				
1303	1861	Jan					3.28		3.289		3.289																				
1304	1861	Feb					3.27		3.297		3.297																				
1305	1861	Mar					3.27		3.298		3.298																				
1306	1861	Apr					3.27		3.302		3.302																				
1307	1861	May					3.27		3.311		3.311																				
1308	1861	Jun					3.35		3.359		3.359																				
1309	1861	Jul					3.34		3.348		3.348																				
1310	1861	Aug					3.3		3.249		3.249																				
1311	1861	Sep					3.22		3.244		3.244																				
1312	1861	Oct					3.23		3.253		3.253																				
1313	1861	Nov					3.2		3.282		3.282																				
1314	1861	Dec					3.31		3.239		3.239																				
1315	1862	Jan					3.23		3.24		3.24																				
1316	1862	Feb					3.23		3.227		3.227																				
1317	1862	Mar					3.2		3.222		3.222																				
1318	1862	Apr					3.2		3.231		3.231																				
1319	1862	May					3.2		3.244		3.244																				
1320	1862	Jun					3.27		3.272		3.272																				
1321	1862	Jul					3.23		3.214		3.214																				
1322	1862	Aug					3.21		3.231		3.231																				
1323	1862	Sep					3.21		3.235		3.235																				
1324	1862	Oct					3.2		3.24		3.24																				
1325	1862	Nov					3.2		3.24		3.24																				
1326	1862	Dec					3.25		3.241		3.241																				
1327	1863	Jan					3.24		3.262		3.262																				
1328	1863	Feb					3.24		3.262		3.262																				
1329	1863	Mar					3.24		3.275		3.275																				
1330	1863	Apr					3.24		3.266		3.266																				
1331	1863	May					3.21		3.249		3.249																				
1332	1863	Jun					3.26		3.263		3.263																				
1333	1863	Jul					3.23		3.227		3.227																				
1334	1863	Aug					3.23		3.227		3.227																				
1335	1863	Sep					3.21		3.24		3.24																				
1336	1863	Oct					3.23		3.253		3.253																				
1337	1863	Nov					3.24		3.284		3.284																				
1338	1863	Dec					3.3		3.281		3.281																				
1339	1864	Jan					3.3		3.325		3.325																				
1340	1864	Feb					3.3		3.302		3.302																				
1341	1864	Mar					3.28		3.307		3.307																				
1342	1864	Apr					3.28		3.319		3.319																				
1343	1864	May					3.29		3.311		3.311																				
1344	1864	Jun					3.33		3.345		3.345																				
1345	1864	Jul					3.32		3.343		3.343																				
1346	1864	Aug					3.37		3.391		3.391																				
1347	1864	Sep					3.41		3.44		3.44																				
1348	1864	Oct					3.39		3.391		3.391																				
1349	1864	Nov					3.31		3.343		3.343																				
1350	1864	Dec					3.36		3.35		3.35																				
1351	1865	Jan					3.35		3.353		3.353																				
1352	1865	Feb					3.36		3.381		3.381																				
1353	1865	Mar					3.37		3.367		3.367																				
1354	1865	Apr					3.3		3.334		3.334																				
1355	1865	May					3.32		3.343		3.343																				
1356	1865	Jun					3.36		3.331		3.331																				
1357	1865	Jul					3.33		3.334		3.334																				
1358	1865	Aug					3.34		3.358		3.358																				
1359	1865	Sep					3.34		3.391		3.391																				
1360	1865	Oct					3.38		3.415		3.415																				
1361	1865	Nov					3.36		3.386		3.386																				
1362	1865	Dec					3.43		3.441		3.441																				
1363	1866	Jan					3.43		3.459		3.459																				
1364	1866	Feb					3.44		3.444		3.444																				
1365	1866	Mar					3.45		3.465		3.465																				
1366	1866	Apr					3.46		3.489		3.489																				
1367	1866	May					3.48		3.513		3.513																				
1368	1866	Jun					3.48		3.461		3.461																				
1369	1866	Jul					3.42		3.405		3.405																				
1370	1866	Aug					3.4		3.4		3.4																				
1371	1866	Sep					3.36		3.386		3.386																				
1372	1866	Oct					3.36		3.391		3.391																				
1373	1866	Nov					3.34		3.386		3.386																				
1374	1866	Dec					3.37		3.326		3.326																				
1375	1867	Jan					3.31		3.316		3.316																				
1376	1867	Feb					3.3		3.316		3.316																				
1377	1867	Mar					3.3		3.321		3.321																				
1378	1867	Apr					3.31		3.334		3.334																				
1379	1867	May					3.24		3.171		3.171																				
1380	1867	Jun					3.17		3.173		3.173																				
1381	1867	Jul					3.17		3.197		3.197																				
1382	1867	Aug					3.17		3.188		3.188																				
1383	1867	Sep					3.17		3.201		3.201																				
1384	1867	Oct					3.19		3.214		3.214																				
1385	1867	Nov					3.17		3.207		3.207																				
1386	1867	Dec					3.23		3.25		3.25																				
1387	1868	Jan					3.24		3.214		3.214																				
1388	1868	Feb					3.22		3.244		3.244																				
1389	1868	Mar					3.22		3.249		3.249																				
1390	1868	Apr					3.21		3.24		3.24																				
1391	1868	May					3.17		3.222		3.222																				
1392	1868	Jun					3.16		3.164		3.164																				
1393	1868	Jul					3.17		3.184		3.184																				
1394	1868	Aug					3.19		3.209		3.209																				
1395	1868	Sep					3.19		3.205		3.205																				
1396	1868	Oct					3.17		3.209		3.209																				
1397	1868	Nov					3.19		3.231		3.231																				
1398	1868	Dec					3.25		3.25		3.25																				
1399	1869	Jan					3.23		3.231		3.231																				
1400	1869	Feb					3.23		3.235		3.235																				
1401	1869	Mar					3.23		3.244		3.244																				
1402	1869	Apr					3.22		3.24		3.24																				
1403	1869	May					3.23		3.284		3.284																				
1404	1869	Jun					3.24		3.233		3.233																				
1405	1869	Jul					3.23		3.227		3.227																				
1406	1869	Aug					3.23		3.24		3.24																				
1407	1869	Sep					3.23		3.262		3.262																				
1408	1869	Oct					3.21		3.24		3.24																				
1409	1869	Nov					3.2		3.24		3.24																				
1410	1869	Dec					3.26		3.259		3.259																				
1411	1870	Jan					3.25	3.25	3.257		3.257																				
1412	1870	Feb					3.24	3.241	3.257		3.257																				
1413	1870	Mar					3.23	3.2	3.24		3.24																				
1414	1870	Apr					3.2	3.228	3.227		3.227																				
1415	1870	May					3.19	3.175	3.218		3.218																				
1416	1870	Jun					3.23	3.241	3.237		3.237																				
1417	1870	Jul					3.29	3.357	3.365		3.365																				
1418	1870	Aug					3.31	3.274	3.3		3.3																				
1419	1870	Sep					3.26	3.265	3.293		3.293																				
1420	1870	Oct					3.25	3.239	3.28		3.28																				
1421	1870	Nov					3.23	3.224	3.291		3.291																				
1422	1870	Dec					3.27	3.263	3.27		3.27																				
1423	1871	Jan					3.25	3.263	3.249		3.249																				
1424	1871	Feb					3.28	3.265	3.284		3.284																				
1425	1871	Mar					3.26	3.228	3.257		3.257																				
1426	1871	Apr					3.23	3.221	3.253		3.253																				
1427	1871	May					3.21	3.259	3.253		3.253																				
1428	1871	Jun					3.24	3.254	3.254		3.254																				
1429	1871	Jul					3.22	3.209	3.207		3.207																				
1430	1871	Aug					3.21	3.206	3.222		3.222																				
1431	1871	Sep					3.22	3.237	3.262		3.262																				
1432	1871	Oct					3.23	3.228	3.266		3.266																				
1433	1871	Nov					3.22	3.206	3.253		3.253																				
1434	1871	Dec					3.25	3.243	3.241		3.241																				
1435	1872	Jan					3.24	3.248	3.249		3.249																				
1436	1872	Feb					3.25	3.245	3.266		3.266																				
1437	1872	Mar					3.23	3.225	3.253		3.253																				
1438	1872	Apr					3.23	3.217	3.258		3.258																				
1439	1872	May					3.22	3.213	3.255		3.255																				
1440	1872	Jun					3.25	3.243	3.245		3.245																				
1441	1872	Jul					3.24	3.239	3.249		3.249																				
1442	1872	Aug					3.24	3.241	3.257		3.257																				
1443	1872	Sep					3.25	3.254	3.275		3.275																				
1444	1872	Oct					3.25	3.243	3.289		3.289																				
1445	1872	Nov					3.25	3.228	3.275		3.275																				
1446	1872	Dec					3.27	3.27	3.268		3.268																				
1447	1873	Jan					3.26	3.25	3.262		3.262																				
1448	1873	Feb					3.23	3.239	3.257		3.257																				
1449	1873	Mar					3.24	3.237	3.262		3.262																				
1450	1873	Apr					3.22	3.204	3.24		3.24																				
1451	1873	May					3.21	3.196	3.24		3.24																				
1452	1873	Jun					3.25	3.25	3.25		3.25																				
1453	1873	Jul					3.24	3.241	3.244		3.244																				
1454	1873	Aug					3.23	3.239	3.253		3.253																				
1455	1873	Sep					3.24	3.248	3.275		3.275																				
1456	1873	Oct					3.24	3.243	3.28		3.28																				
1457	1873	Nov					3.24	3.211	3.255		3.255																				
1458	1873	Dec					3.26	3.263	3.263		3.263																				
1459	1874	Jan					3.26	3.254	3.262		3.262																				
1460	1874	Feb					3.26	3.254	3.27		3.27																				
1461	1874	Mar					3.26	3.264	3.289		3.289																				
1462	1874	Apr					3.24	3.233	3.266		3.266																				
1463	1874	May					3.22	3.206	3.249		3.249																				
1464	1874	Jun					3.24	3.243	3.245		3.245																				
1465	1874	Jul					3.24	3.241	3.249		3.249																				
1466	1874	Aug					3.24	3.237	3.253		3.253																				
1467	1874	Sep					3.24	3.245	3.271		3.271																				
1468	1874	Oct					3.23	3.228	3.262		3.262																				
1469	1874	Nov					3.22	3.224	3.262		3.262																				
1470	1874	Dec					3.27	3.27	3.272		3.272																				
1471	1875	Jan					3.25	3.237	3.244		3.244																				
1472	1875	Feb					3.23	3.224	3.24		3.24																				
1473	1875	Mar					3.23	3.228	3.253		3.253																				
1474	1875	Apr					3.21	3.194	3.223		3.223																				
1475	1875	May					3.19	3.198	3.235		3.235																				
1476	1875	Jun					3.23	3.209	3.215		3.215																				
1477	1875	Jul					3.18	3.168	3.175		3.175																				
1478	1875	Aug					3.17	3.17	3.186		3.186																				
1479	1875	Sep					3.18	3.202	3.209		3.209																				
1480	1875	Oct					3.19	3.164	3.197		3.197																				
1481	1875	Nov					3.17	3.148	3.205		3.205																				
1482	1875	Dec					3.2	3.196	3.196		3.196																				
1483	1876	Jan					3.2	3.189	3.197		3.197																				
1484	1876	Feb					3.18	3.179	3.192		3.192																				
1485	1876	Mar					3.18	3.183	3.209		3.209																				
