## Sheet: M10. Mthly long-term rates (continued)
	A	B	C	D	E	F	G	H	I	J	K	L	M	N	O	P	Q	R	S	T	U	V	W	X	Y	Z	AA	AB	AC	AD	AE
2904	1994	Jun								8.37	8.37												8.82	8.55		8.651018844958928	8.731165801985158	8.176257687662067	8.255938921464285		8.82
2905	1994	Jul								8.4	8.4												8.61	8.41		8.469545257509678	8.550946956322663	8.08075217621493	8.10415979446539		8.61
2906	1994	Aug								8.37	8.37												8.74	8.52		8.544690331985581	8.494811949195464	8.154841990530697	8.104438947602183		8.74
2907	1994	Sep								8.66	8.66												9.01	8.72		8.772819019361062	8.742038165728449	8.290709587324443	8.28640316824286		9.01
2908	1994	Oct								8.51	8.51												8.87	8.63		8.640643621100603	8.653832451559506	8.23453971886036	8.208832474523735		8.87
2909	1994	Nov								8.52	8.52												8.71	8.53		8.506716882160262	8.361341401290494	8.177990225333447	8.072999710372404		8.71
2910	1994	Dec								8.54	8.54												8.65	8.44		8.426498431062496	8.589144347659055	8.083293658541953	8.203714047941702		8.65
2911	1995	Jan								8.45	8.45												8.82	8.61		8.573548776929206	8.468611096256778	8.22848933691359	8.149100834119778		8.82
2912	1995	Feb								8.52	8.52												8.72	8.52		8.50122247718523	8.535839570300855	8.160343786417572	8.175735810749776		8.72
2913	1995	Mar								8.43	8.43												8.66	8.5		8.45014843118054	8.41251771494606	8.153547180638807	8.19008836206361		8.66
2914	1995	Apr								8.35	8.35												8.49	8.39		8.310652745689426	8.353928669942857	8.089113142090131	8.11638668041929		8.49
2915	1995	May								7.95	7.95												8.24	8.18		8.069075387646405	7.876562030452549	7.921492276803072	7.788640984890101		8.24
2916	1995	Jun								8.38	8.38												8.15	8.16		8.038909344924134	8.402279218877975	7.981618778396831	8.299603995385855		8.15
2917	1995	Jul								8.36	8.36												8.3	8.36		8.199582776122186	8.174996389104482	8.23637963141968	8.198065087930397		8.3
2918	1995	Aug								8.23	8.23												8.15	8.24		8.072741089336311	8.07860125738157	8.138320228401312	8.154750213116115		8.15
2919	1995	Sep								8.26	8.26												7.96	8.09		7.928470736956545	8.137894718257016	8.053905436279353	8.29198576913345		7.96
2920	1995	Oct								8.35	8.35												8.12	8.29		8.09215466281512	7.95234648093395	8.297246330985207	8.168106736485198		8.12
2921	1995	Nov								7.89	7.89												7.79	7.97		7.784465815668929	7.605374038438723	7.980803595471408	7.855277700002608		7.79
2922	1995	Dec								7.75	7.75												7.5	7.75		7.518481289493125	7.467235964607435	7.799486892880477	7.786465668593206		7.5
2923	1996	Jan								7.81	7.81												7.45	7.79		7.462774442174075	7.545600737917243	7.887588275034496	7.966653060114164		7.45
2924	1996	Feb								8.13	8.13												7.78	8.1		7.802910265092496	8.052828003267978	8.19467592419238	8.380398472538449		7.78
2925	1996	Mar								8.33	8.33												8.07	8.34		8.08372670412648	8.191766906189587	8.3669423570704	8.42687847724643		8.07
2926	1996	Apr								8.23	8.23												8.07	8.3		8.064925261299404	8.064869952219496	8.30296779599357	8.330723812000794		8.07
2927	1996	May								8.33	8.33												8.1	8.35		8.099911951784856	8.166554684999607	8.380174426230539	8.426444213761863		8.1
2928	1996	Jun								8.18	8.18												8.06	8.36		8.085191274895053	7.934943326939075	8.40904663518003	8.32882237037745		8.06
2929	1996	Jul								8.16	8.16												7.93	8.25		7.955603212281492	7.94301337727776	8.336728221656813	8.315819949605334		7.93
2930	1996	Aug								8.23	8.23												7.85	8.16		7.864015618195845	7.967362629888252	8.26259612664368	8.372918562718375		7.85
2931	1996	Sep								7.95	7.95												7.83	8.16		7.856849189598933	7.715167323766513	8.270529089137776	8.136479219859156		7.83
2932	1996	Oct								7.84	7.84												7.56	7.88		7.555580698285022	7.643045650967748	7.9752389807217	7.954154080014963		7.56
2933	1996	Nov								7.53	7.53												7.61	7.81		7.555262357400558	7.320167466945496	7.812124347096953	7.539754952648669		7.61
2934	1996	Dec								7.67	7.67												7.56	7.71		7.52100529065537	7.472847726103394	7.668408405923314	7.596974684457621		7.56
2935	1997	Jan								7.63	7.63												7.55	7.74		7.516349626467158	7.397324522286699	7.7358086787836	7.649890724190816		7.55
2936	1997	Feb								7.47	7.47												7.2	7.39		7.15361960769983	7.227527196077931	7.387152499390897	7.446833670295334		7.2
2937	1997	Mar								7.81	7.81												7.47	7.62		7.409742757209968	7.600687973009284	7.591545480832963	7.729370871733354		7.47
2938	1997	Apr								7.85	7.85												7.65	7.77		7.58179847030156	7.420158684689509	7.728750928014863	7.592834314978622		7.65
2939	1997	May								7.36	7.36												7.16	7.23		7.082625970661554	7.141370895439553	7.157161603414951	7.201779232666921		7.16
2940	1997	Jun								7.16	7.16												7.14	7.18		7.03969910715183	7.016759684126347	7.082121707124219	7.035287919624056		7.14
2941	1997	Jul								6.95	6.95												7.05	6.97		6.920461521534516	6.862797118333039	6.80121611664898	6.714684375301476		7.05
2942	1997	Aug								7.09	7.09												7.09	7.02		6.965544716790523	6.982467344434484	6.861732421677091	6.872417840604183		7.09
2943	1997	Sep								6.64	6.64												6.81	6.79		6.699962506523175	6.356179075414561	6.641890003001222	6.501499503661606		6.81
2944	1997	Oct								6.62	6.62												6.51	6.48		6.37323786336682	6.44164443559126	6.361729854127356	6.359535552919843		6.51
2945	1997	Nov								6.53	6.53												6.61	6.54		6.464940504779674	6.345193854657718	6.37221679019475	6.251066546546824		6.61
2946	1997	Dec								6.4	6.4												6.36	6.31		6.219725920578159	6.176631893412805	6.170867544441316	6.123413944359365		6.36
2947	1998	Jan								6.2	6.2												6.09	6.07		5.956854116126725	5.944258222146703	5.944594993805799	5.945409310478253		6.09
2948	1998	Feb								6.15	6.15												6.03	5.99		5.912761783006042	5.979147574485931	5.884075630622709	5.896754615061839		6.03
2949	1998	Mar								6.02	6.02												5.95	5.87		5.850340935712959	5.776567580799286	5.778216478960491	5.671099143833255		5.95
2950	1998	Apr								5.97	5.97												5.79	5.7		5.689028840791139	5.723038705291033	5.613697528127648	5.66905507899221		5.79
2951	1998	May								5.84	5.84												5.83	5.75		5.731165628516491	5.586845281397212	5.671567669104691	5.532195578084337		5.83
2952	1998	Jun								5.77	5.77												5.73	5.54		5.602834384076699	5.654791988250351	5.421178793163553	5.429834971263312		5.73
2953	1998	Jul								5.71	5.71												5.76	5.56		5.652317544744267	5.578391900257409	5.452892933241737	5.398346196699207		5.76
2954	1998	Aug								5.36	5.36												5.54	5.46		5.413364333324331	5.197621750266184	5.297655721873507	5.112281528797502		5.54
2955	1998	Sep								4.86	4.86												5.13	5.06		5.026153472484396	4.792033844613989	4.913597337016916	4.657396144231243		5.13
2956	1998	Oct								5.14	5.14												5	4.98		4.934547841616906	4.995095462473162	4.865638295424559	4.938487757402306		5
2957	1998	Nov								4.793	4.793												4.91	4.85		4.848435324877485	4.599176501581152	4.74577989131252	4.484798453707151		4.91
2958	1998	Dec								4.578	4.578												4.5	4.54		4.451736196184822	4.320396978128343	4.466330449031592	4.379982182399512		4.5
2959	1999	Jan								4.439	4.439												4.29	4.4		4.226545799365463	4.126419149986382	4.365301137152046	4.293512474963969		4.29
2960	1999	Feb								4.76	4.76												4.45	4.49		4.369111896110461	4.562447210685379	4.440676782172281	4.541324695716196		4.45
2961	1999	Mar								4.713	4.713												4.67	4.66		4.587432876975764	4.53230682235492	4.571950152643377	4.547246341596156		4.67
2962	1999	Apr								4.771	4.771												4.6	4.59		4.518321503745489	4.629124221041785	4.505075180336421	4.542710333791217		4.6
2963	1999	May								5.003	5.003												4.91	4.84		4.829483988528781	4.918340985249321	4.725947526097413	4.768352255645893		4.91
2964	1999	Jun								5.03	5.03												5.17	4.91		5.076081210894864	5.101204158950024	4.75842802329679	4.579977788982275		5.17
2965	1999	Jul								5.017	5.017												5.34	4.89		5.269200600237089	5.364934513393957	4.654647127047692	4.606630440769619		5.34
2966	1999	Aug								4.784	4.784												5.39	4.8		5.285607997264997	5.167977870554433	4.530103082115582	4.419432679162361		5.39
2967	1999	Sep								5.194	5.194												5.65	4.94		5.534293992830901	5.626915419541816	4.636738717686012	4.654541999267429		5.65
2968	1999	Oct								4.803	4.803												5.84	4.93		5.701182254405196	5.378969962830142	4.577110284993299	4.2997625430417		5.84
2969	1999	Nov								4.709	4.709												5.28	4.4		5.126991168988775	5.153161506371053	4.084040463293575	4.107011990638895		5.28
2970	1999	Dec								4.93	4.93												5.39	4.51		5.205605006999599	5.375622351237639	4.213826912180387	4.364737091079053		5.39
2971	2000	Jan								5.25	5.25												5.82	4.82		5.622090919854493	5.613887411230072	4.468017952706999	4.47898509029019		5.82
2972	2000	Feb								4.831	4.831												5.63	4.71		5.437873695382081	5.334981696535275	4.381140812120074	4.363222408539107		5.63
2973	2000	Mar								4.914	4.914												5.36	4.56		5.181565482620326	5.147788590901799	4.252435873351543	4.349528569152391		5.36
2974	2000	Apr								4.783	4.783												5.31	4.63		5.140899610465064	5.097727079486093	4.351008950390036	4.262275990376191		5.31
2975	2000	May								4.847	4.847												5.4	4.69		5.230622372465899	5.051331542337303	4.396621192154544	4.304463187667202		5.4
2976	2000	Jun								4.879	4.879												5.2	4.63		5.04880668712662	5.073053459023567	4.370621653260534	4.379719302470187		5.2
2977	2000	Jul								4.98	4.98												5.21	4.64		5.087871497934144	5.135726990091003	4.382829816944688	4.436321161361172		5.21
2978	2000	Aug								5.009	5.009												5.29	4.74		5.180362862845423	5.249072592896915	4.48589112073546	4.568298271357182		5.29
2979	2000	Sep								4.993	4.993												5.35	4.86		5.246721399070728	5.136670812644608	4.631897479774203	4.619913790877819		5.35
2980	2000	Oct								5.035	5.035												5.19	4.81		5.087852678182866	5.087404511080363	4.60955612985473	4.51683555884752		5.19
2981	2000	Nov								4.72	4.72												5.07	4.59		4.976530730615483	4.78913927496488	4.386412427036137	4.261835575268125		5.07
2982	2000	Dec								4.714	4.714												4.9	4.49		4.799423718045805	4.780946478345161	4.295468640771348	4.291040747154396		4.9
2983	2001	Jan								4.708	4.708												4.86	4.51		4.742311098336582	4.67176509700724	4.334492888589374	4.369359730907296		4.86
2984	2001	Feb								4.877	4.877												4.85	4.57		4.72399340821866	4.7079241144928	4.417266709824252	4.3780224300704		4.85
2985	2001	Mar								4.94	4.94												4.73	4.56		4.615089352237303	4.721793996902942	4.43680033010676	4.598393288686453		4.73
2986	2001	Apr								5.268	5.268												4.96	4.86		4.877195593685809	5.065021829916046	4.739446122856889	4.887231236881323		4.96
2987	2001	May								5.365	5.365												5.13	4.99		5.038779608815938	5.16269102010875	4.851765675271341	5.019719808222316		5.13
2988	2001	Jun								5.39	5.39												5.2	5.07		5.105262562385342	5.232899118385839	4.980772421564855	5.007792327053475		5.2
2989	2001	Jul								5.157	5.157												5.19	5.03		5.110633288438238	5.000247339409385	4.887329801106998	4.765253654763736		5.19
2990	2001	Aug								5.022	5.022												4.97	4.81		4.906277830333559	4.865184429925749	4.68947754418547	4.681967939686326		4.97
2991	2001	Sep								5.115	5.115												4.98	4.93		4.937434820955937	4.917191909347848	4.875739543101779	4.85588264279033		4.98
2992	2001	Oct								4.895	4.895												4.83	4.8		4.780699707483839	4.536766216963986	4.752922069968309	4.457584298762456		4.83
2993	2001	Nov								4.795	4.795												4.63	4.51		4.587617637878623	4.647876107865514	4.473782376206195	4.50893726389588		4.63
2994	2001	Dec								5.12	5.12												4.9	4.75		4.839184864447851	5.032639018916309	4.644267240850088	4.782023705322748		4.9
