## Sheet: M10. Mthly long-term rates (continued)
	A	B	C	D	E	F	G	H	I	J	K	L	M	N	O	P	Q	R	S	T	U	V	W	X	Y	Z	AA	AB	AC	AD	AE
3158	2015	Aug									2.599777913887136															1.961953922604002	1.966852493993218	2.539285389137512	2.599777913887136		1.961953922604002
3159	2015	Sep									2.511827526814781															1.866307504998991	1.791862584908529	2.549474431072466	2.511827526814781		1.866307504998991
3160	2015	Oct									2.650174610679746															1.837990056879073	1.945741679456507	2.587080285013056	2.650174610679746		1.837990056879073
3161	2015	Nov									2.594622783873141															1.981583840996651	1.874132666815745	2.68766293648911	2.594622783873141		1.981583840996651
3162	2015	Dec									2.709248561258382															1.920171328454835	2.009682997882162	2.625681612254968	2.709248561258382		1.920171328454835
3163	2016	Jan									2.385812749441651															1.783726947784626	1.635541824319433	2.536519289767362	2.385812749441651		1.783726947784626
3164	2016	Feb									2.306127143759744															1.509260333004105	1.409562574045278	2.331477092562175	2.306127143759744		1.509260333004105
3165	2016	Mar									2.318771877087063															1.553443214766446	1.504136741895292	2.351602901462619	2.318771877087063		1.553443214766446
3166	2016	Apr									2.44760782644367															1.580791590270273	1.694744736479954	2.377151646130246	2.44760782644367		1.580791590270273
3167	2016	May									2.28176162954097															1.541092601488619	1.54739952902487	2.330688847532789	2.28176162954097		1.541092601488619
3168	2016	Jun									1.790519301794849															1.298464112383908	1.026317119239775	2.079963899470539	1.790519301794849		1.298464112383908
3169	2016	Jul									1.566987358482227															0.9088272280951253	0.7997628839075099	1.687633665758524	1.566987358482227		0.9088272280951253
3170	2016	Aug									1.279289773312248															0.7121520674760016	0.6614599762829099	1.368823580060189	1.279289773312248		0.7121520674760016
3171	2016	Sep									1.521080431963945															0.8040694135676243	0.7968316403691794	1.47464252047507	1.521080431963945		0.8040694135676243
3172	2016	Oct									1.920453594729888															1.085006075325475	1.287735922292838	1.745480454080309	1.920453594729888		1.085006075325475
3173	2016	Nov									2.102626791072896															1.40379519895225	1.476462430663926	2.047850875726985	2.102626791072896		1.40379519895225
3174	2016	Dec									1.930750154664456															1.456021012063315	1.295547291997346	2.095912970184685	1.930750154664456		1.456021012063315
3175	2017	Jan									2.107840083974357															1.442640372189977	1.485827870336325	2.08432137682878	2.107840083974357		1.442640372189977
3176	2017	Feb									1.854647649697347															1.32266618796248	1.130317825898068	2.018058208326999	1.854647649697347		1.32266618796248
3177	2017	Mar									1.828513037646716															1.205707417212261	1.134269026345019	1.917578175457054	1.828513037646716		1.205707417212261
3178																										1.085032566095005	1.106688160525665	1.791323245688377	1.827096118210929		1.085032566095005