## Sheet: M10. Mthly long-term rates (continued)
	A	B	C	D	E	F	G	H	I	J	K	L	M	N	O	P	Q	R	S	T	U	V	W	X	Y	Z	AA	AB	AC	AD	AE
2995	2002	Jan								5.16	5.16												4.94	4.81		4.85966728675871	4.813837289794662	4.715233691303934	4.66891083114386		4.94
2996	2002	Feb								5.021	5.021												4.97	4.83		4.866569621789986	4.923035343814345	4.726596641775645	4.792785728054352		4.97
2997	2002	Mar								5.417	5.417												5.25	5.11		5.155612080629038	5.245557590511242	4.989663784428123	5.082268190548477		5.25
2998	2002	Apr								5.262	5.262												5.26	5.13		5.172747103124469	5.155331152372096	5.021490174761992	5.02573658203765		5.26
2999	2002	May								5.449	5.449												5.29	5.18		5.211613756032942	5.228151520579974	5.082706485945185	5.136430228162238		5.29
3000	2002	Jun								5.174	5.174												5.12	5.02		5.042399240974453	4.971465038793058	4.941133767392817	4.816415810202107		5.12
3001	2002	Jul								5.042	5.042												5.01	4.9		4.960524955715472	4.920054026322227	4.822563081384732	4.801546867204391		5.01
3002	2002	Aug								4.789	4.789												4.71	4.64		4.724265966872523	4.63938909362632	4.579291479086018	4.485656689077031		4.71
3003	2002	Sep								4.688	4.688												4.49	4.45		4.481243885035289	4.411979103367663	4.393343872692535	4.379711123383851		4.49
3004	2002	Oct								4.865	4.865												4.61	4.59		4.605490755526529	4.599208999375167	4.545060852491212	4.546557108741075		4.61
3005	2002	Nov								4.925	4.925												4.64	4.64		4.626269252599204	4.689801758756109	4.604310884153435	4.654900842089893		4.64
3006	2002	Dec								4.769	4.769												4.57	4.62		4.550593831527148	4.396748765397435	4.570030085814158	4.460733569662461		4.57
3007	2003	Jan								4.584	4.584													4.44		4.382233130136433	4.280682597798609	4.447460988926488	4.37402380229689		4.382233130136433
3008	2003	Feb								4.602	4.602													4.39		4.220936616878295	4.22701335037476	4.394246533952434	4.468678832088496		4.220936616878295
3009	2003	Mar								4.803	4.803													4.54		4.338609011087091	4.354893922073453	4.556748510316489	4.593082692018703		4.338609011087091
3010	2003	Apr								4.838	4.838													4.67		4.47920355785937	4.420163571605515	4.682274156793167	4.649061495144176		4.47920355785937
3011	2003	May								4.611	4.611													4.46		4.231007755803987	4.157879535284745	4.489774572999581	4.432250377533537		4.231007755803987
3012	2003	Jun								4.852	4.852													4.39		4.126778752503227	4.269754441290532	4.455022103755431	4.60149402489748		4.126778752503227
3013	2003	Jul								4.883	4.883													4.65		4.42836539473339	4.607493284379589	4.710834824328512	4.834444197616006		4.42836539473339
3014	2003	Aug								4.987	4.987													4.68		4.593575404445513	4.65624239008754	4.687954358911783	4.698778915040801		4.593575404445513
3015	2003	Sep								4.949	4.949													4.76		4.683427954010702	4.584362097859985	4.742279808049323	4.673629662098731		4.683427954010702
3016	2003	Oct								5.261	5.261													4.88		4.878451010421894	5.009304709018594	4.82130793886221	4.859037448339256		4.878451010421894
3017	2003	Nov								5.229	5.229													4.95		5.029593778566255	5.047253025742235	4.875831621328156	4.8908874677426		5.029593778566255
3018	2003	Dec								5.019	5.019													4.83		4.867488318743581	4.77332459399135	4.764912079387125	4.703420788391719		4.867488318743581
3019	2004	Jan								4.946	4.946													4.75		4.758706099955097	4.857201065207978	4.69855341765814	4.748463079869965		4.758706099955097
3020	2004	Feb								4.826	4.826													4.78		4.776484938533533	4.734972825801295	4.730279563339781	4.723153605111923		4.776484938533533
3021	2004	Mar								4.721	4.721													4.67		4.673957456488488	4.718369155602915	4.629820938744739	4.645271916797623		4.673957456488488
3022	2004	Apr								4.913	4.913													4.87		4.918028128126697	4.95644545458465	4.805639215699506	4.838987579399816		4.918028128126697
3023	2004	May								4.964	4.964													4.98		5.059638007977431	5.106180584719904	4.906989576629702	4.891727877102356		5.059638007977431
3024	2004	Jun								4.901	4.901													5		5.134226342383551	5.058658615355333	4.888295534427275	4.839953591876861		5.134226342383551
3025	2004	Jul								4.864	4.864													4.92		5.043462338561871	5.051767799238315	4.816758347214127	4.793288919191967		5.043462338561871
3026	2004	Aug								4.769	4.769													4.81		4.945241507044686	4.881019340498369	4.701491690482041	4.654702194098359		4.945241507044686
3027	2004	Sep								4.693	4.693													4.76		4.856188202530714	4.787753026169939	4.650943380855204	4.631154901102585		4.856188202530714
3028	2004	Oct								4.677	4.677													4.68		4.72343457952551	4.700229070714833	4.590930655026727	4.569329604297957		4.72343457952551
3029	2004	Nov								4.491	4.491													4.58		4.645522343050775	4.560561421970108	4.499090286812581	4.445317035199612		4.645522343050775
3030	2004	Dec								4.518	4.518													4.44		4.48846595436197	4.487160753719023	4.396320990986031	4.409677555403463		4.48846595436197
3031	2005	Jan								4.603	4.603													4.44		4.500409903995235	4.541874059214447	4.429554856026425	4.481136451710522		4.500409903995235
3032	2005	Feb								4.642	4.642													4.53		4.536656471062128	4.651412225035761	4.435851016367247	4.524895297406575		4.536656471062128
3033	2005	Mar								4.805	4.805													4.74		4.741925785911196	4.638161162141587	4.658392543436091	4.567198405321117		4.741925785911196
3034	2005	Apr								4.554	4.554													4.6		4.575274585339654	4.474917423936461	4.536641936039277	4.431712526111689		4.575274585339654
3035	2005	May								4.496	4.496													4.41		4.374766601104495	4.281122254559016	4.368340652089884	4.333123097676997		4.374766601104495
3036	2005	Jun								4.355	4.355													4.29		4.246579624140598	4.150849440093071	4.27528275669237	4.208102678116795		4.246579624140598
3037	2005	Jul								4.421	4.421													4.33		4.268114357845565	4.288368679886303	4.315131669637524	4.318947164175745		4.268114357845565
3038	2005	Aug								4.347	4.347													4.34		4.285579822317175	4.123798599211315	4.309329762163572	4.171178262502082		4.285579822317175
3039	2005	Sep								4.355	4.355													4.26		4.170903046974445	4.246411174919908	4.186675383681839	4.23464329244045		4.170903046974445
3040	2005	Oct								4.372	4.372													4.36		4.307155187002791	4.282256049509478	4.279020934907114	4.238330248828135		4.307155187002791
3041	2005	Nov								4.219	4.219													4.25		4.262601015518169	4.166546328720981	4.182531959847497	4.085902762865425		4.262601015518169
3042	2005	Dec								4.096	4.096													4.14		4.167204855986125	4.04761584090467	4.064233870567742	3.962953079871637		4.167204855986125
3043	2006	Jan								4.029	4.029													3.81		4.019024830131296	4.078274517168621	3.843536259520839	3.864115012578341		4.019024830131296
3044	2006	Feb								3.973	3.973													3.96		4.099230513449477	4.119172402808069	3.905114528236962	3.909363641632028		4.099230513449477
3045	2006	Mar								4.219	4.219													4.15		4.259900833434409	4.34436444974892	4.052943976756183	4.138460488010628		4.259900833434409
3046	2006	Apr								4.401	4.401													4.32		4.463460149371286	4.584456020609005	4.256548991636347	4.329071982736143		4.463460149371286
3047	2006	May								4.219	4.219													4.43		4.582669206867335	4.538917226710895	4.311064220476968	4.29612294435044		4.582669206867335
3048	2006	Jun								4.463	4.463													4.46		4.596687849400801	4.653188097706635	4.359359532619634	4.413241249688712		4.596687849400801
3049	2006	Jul								4.35	4.35													4.45		4.587812822043666	4.548406139313427	4.342244349155369	4.298140201070032		4.587812822043666
3050	2006	Aug								4.278	4.278													4.42		4.574888264917226	4.435740379267121	4.294281293475905	4.163544059487816		4.574888264917226
3051	2006	Sep								4.232	4.232													4.29		4.469722193807105	4.446552703182107	4.169208827901572	4.155018658679861		4.469722193807105
3052	2006	Oct								4.185	4.185													4.35		4.528681034108438	4.420390918565627	4.180099041323054	4.062900640169594		4.528681034108438
3053	2006	Nov								4.204	4.204													4.27		4.455386202754474	4.405943195531551	4.116580739712077	4.090343723255121		4.455386202754474
3054	2006	Dec								4.34	4.34													4.33		4.530054199012063	4.626137873870553	4.200690566191494	4.258339384391861		4.530054199012063
3055	2007	Jan								4.529	4.529													4.51		4.757678617577428	4.848770085994888	4.338427512964536	4.428218446797907		4.757678617577428
3056	2007	Feb								4.486	4.486													4.59		4.789564220899933	4.683181703856925	4.392817109002535	4.305914142758044		4.789564220899933
3057	2007	Mar								4.557	4.557													4.52		4.719839265075996	4.855760730726597	4.355656155446608	4.4693550131484		4.719839265075996
3058	2007	Apr								4.72	4.72													4.72		4.934827876452506	4.924910067294121	4.566682193880872	4.562738313129922		4.934827876452506
3059	2007	May								4.762	4.762															5.030187088800983	5.126238705088263	4.638020797509325	4.704365487127121		5.030187088800983
3060	2007	Jun								4.934	4.934															5.309851626113738	5.359211995495065	4.866861003135213	4.898162280770925		5.309851626113738
3061	2007	Jul								4.662	4.662															5.289913418192577	5.116260044729686	4.814286459445329	4.658146945077824		5.289913418192577
3062	2007	Aug								4.577	4.577													4.8		5.046842112901723	4.935187293764937	4.616069657045631	4.54967846284619		5.046842112901723
3063	2007	Sep								4.681	4.681													4.74		4.912012504135406	4.950474792885894	4.591641488985084	4.646432030004104		4.912012504135406
3064	2007	Oct								4.598	4.598													4.74		4.883784035018113	4.869265884177906	4.601686406012352	4.587986350704346		4.883784035018113
3065	2007	Nov								4.589	4.589													4.59		4.673425007583234	4.638187235124001	4.48915310015427	4.512366558639639		4.673425007583234
3066	2007	Dec								4.49	4.49													4.59		4.65061411424915	4.51763971507596	4.502165439519048	4.383342806820895		4.65061411424915
3067	2008	Jan								4.53	4.53													4.46		4.462756390756833	4.489032088785616	4.396190019477087	4.41612119881236		4.462756390756833
3068	2008	Feb								4.526	4.526													4.62		4.609204742569937	4.527080764634762	4.565644654908176	4.502688774611768		4.609204742569937
3069	2008	Mar								4.533	4.533													4.54		4.448900675494205	4.424487651139907	4.524625140848114	4.602065449368519		4.448900675494205
3070	2008	Apr								4.713	4.713													4.73		4.641800097740803	4.733817074369744	4.702228669065293	4.710932204626227		4.641800097740803
3071	2008	May								4.755	4.755													4.85		4.838332869648623	4.99945323013345	4.775473169967777	4.825558359521656		4.838332869648623
3072	2008	Jun								4.78	4.78													5.03		5.139363348994243	5.168010289476383	4.87830512082362	4.89726197879965		5.139363348994243
3073	2008	Jul								4.79	4.79													4.94		4.997326752586874	4.848858793653595	4.825164470532873	4.741643458889477		4.997326752586874
3074	2008	Aug								4.544	4.544													4.74		4.69188362300491	4.530419337883071	4.678714777172588	4.586748202289744		4.69188362300491
3075	2008	Sep								4.699	4.699													4.66		4.551098866876978	4.522954613811089	4.626996503969312	4.683323574001456		4.551098866876978
3076	2008	Oct								4.754	4.754													4.76		4.587286064488801	4.699474927369959	4.775716834243698	4.921445848340145		4.587286064488801
3077	2008	Nov								4.401	4.401													4.69		4.318829184312135	4.010671419352512	4.820180072879475	4.570103738457615		4.318829184312135
3078	2008	Dec								4.072	4.072													4.15		3.659414554217801	3.38916679244713	4.288823432379601	4.061840219139194		3.659414554217801
3079	2009	Jan								4.648	4.648													4.28		3.748718212914933	4.076792294187743	4.475865125450702	4.696709239487583		3.748718212914933
