

1€33 

236,941 

226,846 

463,787 

175,0.56 

167,491 

342,547 

113,123 

183'J 

2.52,080 

240,494 

492,. 574 

172,766 

166,218 

338,984 

123,166 

1840 

257,443 

244,860 

502,303 

182,421 

177,266 

359,687 

122,665 

1841 

262,714 

249,444 

512,158 

174,198 

169,649 

343,847 

122,496 

1842 

265,204 

252,. 535 

517,739 

176,594 

172,925 

349,519 

118,825 

1843 

270,577 

256,748 

527,325 

175,721 

170,724 

346,445 

123.818 

1844 

277,436 

263,327 

540,763 

181,126 

175,807 

356,933 

1.32;  249 

1845 

278,418 

265,103 

543,. 521 

177,529 

171,83V 

349,366 

143,743 

1846 

293,146 

279,479 

.572,625 

198,325 

191,990 

390.315 

145,664 

1847 

275,6.58 

264,307 

539,965 

214,375 

208,929 

423; 304 

135,845 

1848 

288,346 

274,713 

563,0.59 

202,949 

196.851 

399,800 

138,230 

1849 

295.249 

282.838 

578,087 

222,367 

219^091 

441,458 

141,599 

cH.vr.  I.] 


POPULATION. 


33 


The  following  table  of  the  Annual  Proportion  of  Baptisms,  Burials, 
and  Marriages,  to  the  Population  of  England,  is  calculated  upon 
an  average  of  the  Totals  of  such  Baptisms,  Burials  and  Marriages,  in 
the  five  years  preceding  the  several  enumerations  of  1801,  1811,  1821, 
1831,  and  1841 ;  distinguishing  the  several  counties. 


, 

1T9«-1800 

1806-1810 

1816-1820 

1826-1830  i 

1836-1841 

COUNTIES.    1 

1 

' 

Bap. 

Bur. 

Mar. 

Bap. 

Bur.  Mar. 

Bap. 

Bur. 

Mar. 

Bap. 

Bur. 

.Mar.  JBap. 

Bur. 

Mar, 

Bedford   .  1  in 

35 

51 

114 

.32 

48 

1.31 

33 

57 

123 

35 

54 

129  37 

52 

1.33 

Berks  .   .   „ 

34 

51 

148 

33 

,53  144 1 

33 

54 

140 

32 

52 

149  36 

49 

160 

Bucks  .   .   „ 

37 

50 

129 

32 

49 

129 

33 

53 

139 

34 

52 

140 

37 

47 

148 

Cambridge    „ 

33 

45 

118 

30 

30 

131 

30 

55 

117 

31 

45 

123 

34 

48 

1.39 

("Hester.  .   „ 

39 

51 

130 

32 

49  132 

34 

52 

127 

37 

52 

139 

43 

53 

153 

Cornwall  .   „ 

33 

58 

120 

31 

62  142 

32 

69 

146 

33 

64 

147 

35 

58 

1.39 

Cumberland   „ 

38 

54 

145 

34 

52 

132 

32 

54 

151 

32 

54 

163 

34 

50 

183 

Derby  .   .   „ 

35 

52 

138 

32 

58 

138 

34 

59 

146 

35 

54 

135 

40 

50 

143 

Devon  .   .   „ 

36 

49 

109 

32 

50 

113 

32 

59 

132 

35 

58 

1.32 

38  56 

142 

Dorset  .  •   „ 

41 

62 

142 

34 

56 

139 

34 

63 

144 

35 

58 

140 

36 

55 

153 

Durham  .   „ 

38 

43 

116 

32 

49 

131 

32 

53 

134 

32 

52 

138 

34 

48 

133 

Essex  .  .   „ 

35 

44 

126 

32 

45 

130 

34 

58 

146 

35 

52 

154 

37 

52 

171 

Gloucester.   „ 

37 

55 

127 

35 

61 

120 

35 

60 

111 

35 

61 

117 

38 

52 

125 

Hereford  .   „ 

40 

65 

183 

35 

60 

144 

36 

60 

170 

37 

57 

1.52 

38 

50 

162 

Hertford  .  .   „ 

33 

54 

161 

33 

57 

168 

33 

53 

171 