

Jiaptisms,  JSuriah,  and  Marriaffex,  in  Enf/hmd  and  Wales. 


YEARS. 

B.4.PTISMS. 

BUUIAL.S. 

Marriages. 

Males. 

Females. 

Total. 

Males. 

Females. 

ToUl. 

ISOl 

120,521 

116,508 

237,029 

101,352 

103,082 

204,4.34 

67,288 

1802 

139,889 

133,948 

273,837 

99,504 

100,-385 

199,889 

90,396 

1803 

150,220 

143,888 

294,108 

102,459 

101,269 

203,728 

94,379 

1804 

150,. 583 

144,009 

294,592 

91,538 

89,639 

181,177 

85,738 

1805 

149,333 

142,868 

292,201 

91,086 

90,154 

181,240 

79,586 

1806 

147,376 

144,553 

291,929 

92,289 

91,163 

183,452 

80,754 

1807 

1.53,787 

146,507 

300,294 

97,996 

97,855 

195,851 

83,923 

1808 

151,565 

144,  .509 

296,074 

102,614 

98,149 

200,763 

82,248 

1809 

1.52,812 

147,177 

299,989 

97,894 

93,577 

191,471 

83,369 

1810 

152,591 

146,262 

298,8.53 

104,907 

103,277 

208,184 

84,470 

1811 

155,671 

149,186 

304,857 

94,971 

93,572 

188,543 

86,. 389 

1812 

153,949 

148,005 

301,9.54 

95,957 

94,445 

190,402 

82,066 

1813 

160,685 

153,747 

314.432 

93,726 

92,7.51 

186,477 

83.860 

1814 

163,282 

155,524 

318,806 

103,525 

102,878 

206,403 

92,804 

181.5 

176,233 

168,698 

344,931 

99,442 

97,966 

197,408 

99,944 

1816 

168,801 

161,398 

330,199 

IO0.954 

102,005 

205,959 

91,946 

1817 

169,337 

162,246 

331,583 

101,040 

98,229 

199,269 

88,234 

1818 

169,181 

162,203 

331,384 

107,724 

105,900 

213,624 

92,779 

1819 

171,107 

162,154 

333,261 

106,749 

106,815 

213,564 

95,571 

1820 

176,311 

167,349 

343,660 

104,329 

104,020 

208,349 

96,833 

1821 

181,811 

173,496 

355,307 

107,482 

104,870 

212,352 

100,868 

1822 

190,508 

182,063 

372,571 

111,299 

109,116 

220,415 

98,878 

1823 

189,144 

180,616 

369,760 

119,649 

117,737 

237,386 

101,918 

1824 

189,401 

182,043 

371,444 

124,027 

120,047 

244,074 

104,723 

1825 

192,003 

183,0.50 

375,053 

129,727 

125,291 

255,018 

110,428 

1826 

194.527 

185.886 

380,413 

136,100 

132,061 

268,161 

104,941 

1827 

191,428 

182,758 

374,186 

128,991 

122,880 

2.51,871 

107,130 

1828 

200,333 

192,121 

392,454 

130,015 

125,318 

255,333 

111,174 

1829 

194,089 

186,156 

380,245 

134,525 

129,705 

264,230 

104,316 

1830 

194,200 

187,860 

382,060 

129,290 

124,777 

254,027 

107,719 

1831 

198,232 

190,890 

389,122 

142,185 

136,434 

278,619 

112,094 

1832 

197,255 

190,716 

387,971 

150,938 

147,223 

298,161 

116,604 

1833 

203,348 

196,695 

400,043 

147,393 

143,115 

290,508 

120,127 

1834 

205,935 

199,940 

405,875 

143,550 

139,547 

283,097 

121,884 

1835 

206,137 

198,930 

405,067 

144,287 

137,258 

281,545 

119,598 

1836 

204,985 

200,152 

405,137 

143,982 

1.37,703 

281,685 

120,849 

1837 

234,301 

228,. 592 

462,893 

171,597 

165,397 

.336,994 

112,727 