


1839 

1S40 

1811 

1842 

COUNTIES 

i. 

Births. 

Deaths. 

Mar. 

Births. 

Deaths.' 

Mar. 

Births  ' 

Dcatlis. 

Mar. 

Births. 

Deaths. 

Mar. 

Bedford      .     . 

1  in       26 

49 

110 

26 

44 

119 

28 

47 

125 

26 

45 

131 

Berks    .      .      . 

„          28  1 

44  ! 

127 

28 

42 

125 

28 

41 

127 

29 

42 

128 

Bucks    . 

:,     34 ! 

56 

152 

34 

52 

160 

34 

49 

172 

33 

53 

165 

Cambridge 

:;     28  ■ 

45 

123 

28 

45 

121 

27 

40  1 

113 

27 

44 

118 

Chester 

33 

46 

156 

35 

42 

1.55 

33 

44 

168 

34 

45 

180 

Cornwall     . 

30 

54 

137 

30 

58 

149 

30 

54  1 

145 

29 

44 

136 

Cumberland    . 

34 

55 

177 

33 

51 

166 

32 

49  I 

175 

32 

51 

172 

Derby   .      . 

35 

52 

143 

34 

47 

1.57 

34 

55  ' 

162 

34 

51 

178 

Devon  . 

36 

57 

133 

36 

58 

131 

36 

56 

133 

35 

47 

126 

Dorset  . 

34 

57 

155 

34 

61 

143 

34 

58 

150 

34 

52 

1.58 

Durham 

27 

47 

119 

28 

43 

107 

26 

41 

121 

27 

42 

127 

Essex    . 

36 

51 

164 

35 

53 

165 

35 

52 

164 

34 

53 

167 

Gloucester . 

37 

56 

129 

37 

51 

121 

36 

47 

127 

36 

48 

134 

Hereford    . 

46 

59 

208 

44 

64 

205 

43 

58 

180 

41 

51 

176 

Hertford    . 

30 

51 

149 

30 

49 

173 

31 

46 

157 

29 

49 

169 

Huntingdon 

29 

55 

131 

29 

45 

137 

29 

49 

124 

29 

48 

127 

Kent 

36 

51 

146 

34 

48 

152 

35 

50 

148 

36 

47 

140 

Lancaster  . 

25 

35 

104 

26 

32 

109 

26 

35 

108 

25 

36 

116 

Leicester    . 

29 

48 

123 

29 

40 

133 

29 

43 

129 

31 

43 

147 

Lincoln 

„         31 

57 

137 

31 

52 

132 

31 

46 

132 

30 

53 

132 

Middlesex  . 

35 

.40 

104 

34 

42 

104 

33 

40 

107 

32 

42 

109 

Monmouth . 

25 

40 

83 

26 

38 

99 

26 

38 

120 

27 

42 

134 

Norfolk       . 

35 

50 

147 

34 

51 

146 

33 

49 

148 

33 

48 

139 

Northampton 

23 

49 

118 

29 

47 

125 

29 

47 

126 

29 

48 

138 

Northumberla 

ad  „         29 

48 

116 

28 

44 

115 

28 

44 

126 

28 

45 

144 

Nottingham 

.     .,         27 

48 

127 

28 

36 

126 

27 

41 

125 

28 

45 

129 

Oxford  .      . 

.     „         32 

51 

142 

32 

50 

139 

31 

49 

136 

31 

44 

134 

llutland 

.     «         31 

55 

155 

28 

53 

128 

29 

40 

129 

28 

50 

139 

Salop     . 

.     „         37 

50 

140 

34 

50 

155 

35 

48 

148 

36 

45 

151 

Somerset    . 

.     .,         33 

50 

145 

32 

48 

143 

32 

47 

138 

32 

49 

142 

Southampton 

.     „         36 

54 

143 

36 

55 

135 

35 

53 

127 

34 

50 

126 

Stafford       . 

.     „         32 

53 

122 

31 

51 

142 

32 

48 

145 

32 

46 

160 

Suffolk  .      . 

.     „         32 

50 

135 

31 

53 

135 

31 

49 

132 

31 

51 

145 

Surrey  . 

•     „         33 