

60,000 

141,880 

506,880 

350,000 

20,000 

54,320 

424,320 

Montgomery 

240,000 

100,000 

196,960 

536,960 

Pembroke 

300,000 

20,000 

70,400 

390,400 

Radnor     . 

235,000 

10,000 

27,640 

272,640 

!  3,117,000 

530,000 

1,105,000 

4,752,000 

CIlAl'.    I.] 


AGRICULTUIIE. 


159 


SCOTLAND. 


CorNTII^:.                       Cultivated. 

L'liciiltivatccU 

Unprofitaljle. 

Summary. 

Aberdeen       ....          3(M),000 

4.50,000 

.520,740 

1 

1,270,740 

Argyle      .      . 

1       308,  (XK) 

6fX),0,jO 

!  1,524,000 

2,432,000 

Ayr      .     .     . 

1       2'.f2,()m 

300,000 

i       432,000 

l,024,0fX) 

Baiiir  .     ,     . 

1       1-JU,(X)0 

130,0(X) 

70,000 

320,000 

Berwick    .     . 

1G(),(HX) 

100,000 

25,600 

285,600 

Bute    .     .     . 

(;(),u(j() 

40,000 

65,000 

1G5,00(J 

Caithness . 

70,000 

75,0(X) 

250,680 

395,680 

Clackmannan 

•2:2.000 

5,000 

3,720 

30,720 

Cromarty . 

1         2o;(XX) 

5,000 

14,690 

.39,690 

Dumbarton    . 

70,tX)0 

50,000 

27,200 

147,200 

Dumfries  . 

212. (too 

320,000 

1       620,000 

1,152,0(X) 

Edinburgh     . 

181 /XK) 

20,000 

1         29,400 

2.30,400 

Elgin  .      .     . 

1       120,000 

2fX),(XX) 

217,600 

537,600 

Fife     .     .     . 

2(K).0(X) 

85,000 

1         37,560 

322,560 

Forfar.     .     . 

1       200.000 

220,000 

117,600 

537,600 

Haddington  . 

!        lOiJ^OOO 

30,000 

30,000 

160,000 

Inverness 

,       50o;(KX) 

750,000 

1,694,000 

2,944,000 

Kincardine    . 

1        110. (XK) 

50,000 

42,870 

202,870 

Kinross     . 

;50.(M)0 

10,000 

13,120 

53,120 

Kirkcudbright 

110,(_IOO 

2(XJ,000 

254,480 

.564,480 

Lanark 

220,000 

195,000 

141,800 

556.800 

Linlithgow 

50,000 

10,000 

11,680 

7i;680 

Nairn  . 

70,000 

30,000 

28,000 

128,000 

Peebles     .      . 

104,000 

80,000 

46,400 

230,400 

Pertli  .      .      . 

500,  (X)0 

550,000 

C06,.320 

1,656,. 320 

Ilenfrew   . 

100,000 

20,000 

34,240 

154,240 

Ross     . 

301,000 

545,000 

929,830 

1,775,830 

Roxburgh 

200,000 

100,000 

157,600 

457,600 

Selkirk      .      . 

85,000 

30,000 

53,320 

168,320 

Stirling     . 

200,000 

50,000 

62,960 

312,960 

Sutherland     . 

150, 0(K) 

600,000 

372,560 

1,122,560 

Wigton     .     . 

100,000 

100,000 

88,960 

288,960 

5,265,000 

5,950,000 

8,523,930 

19,738,930 

IRELAND. 

Antrim 

336,400 

218,870 

119,136 

674,406 

Armagh 

166,000 

92,430 

51,233 

309,663 

Carlow 

173,000 

34,000 

15,021 

222,021 

Cavan . 

265,400 

160,500 

61,720 

487,620 

Clare   . 

579,000 

104,400 

88,044 

771,444 

Cork    . 

1,188,000 

361,000 

150,056 

1,699,056 

Donegal 

507,000 

417,920 

175,951 

1,100,871 

Down  . 

349,000 

126,170 

89,481 

564,651 

Dublin 

159,130 

49,920 

21,071 

2.30,121 

East  ]Meath    . 

465,000 

40,120 

26,078 

531,198 

Fermanagh    . 