

21,519 

80,225 

250,192 

1,642 

20,736 

177,407 

1794 

67.615 

20,607 

83,940 

227,476 

2,593 

223 

178,958 

1795 

49,218 

21,694 

47,881 

205,330 

3,327 

2,010 

183,749 

1796 

49,166 

26,254 

53,538 

165,065 

2,081 

10,076 

176,944 

1797 

48,463 

25,971 

58,235 

147,865 

1,640 

4, 598 

174,092 

1798 

49,938 

20,621 

50,790 

105,096 

1,313 

409 

156,380 

1799 

55,987 

19,690 

41,  .571 

132,475 

1,867 

51 

164,659 

1800 

61,748 

19,874 

55,821 

159,334 

2,235 

1,958 

188,240 

1801 

57,663 

19,381 

61,389 

187,096 

2,775 

752 

195,414 

1802 

59,483 

20,948 

67,401 

199,939 

2,850 

267 

209,470 

1803 

69,764 

16,626 

81,501 

239,297 

2,402 

3,454 

241,856 

1S04 

62,656 

12,741 

68,678 

223,174 

1,927 

567 

219,979 

1805 

64,311 

16,701 

97,096 

215,094 

2,556 

285,937 

1806 

59,027 

16,224 

84,949 

183,832 

1,561 

316,059 

1807 

61,587 

10,855 

83,512 

252,3.32 

131 

327,077 

1808 

64,682 

12,145 

89,544 

283,498 

149 

325,565 

1809 

66,815 

11,151 

91,938 

263,390 

88 

349,590 

1810 

68,872 

9,176 

69,252 

252,872 

120 

318,831 

1811 

70,301 

9,646 

86,338 

253,983 

128 

360,989 

1812 

60,248 

7,010 

91,881 

260,664 

48 

364,686 

Tlint. 

1813 

28,902 

10,542 

7,013 

68,824 

159,217 

85 

12 

509,623 

1814 

32,503 

9, 

139 

8,609 

60,170 

139,746 

110 

6 

425,235 

1815 

34,903 

7, 

021 

8,453 

59,584 

160,175 

256 

408,820 

1816 

25,959 

3, 

641 

,6,140 

55,502 

155,595 

167 

325,963 

1817 

27,827 

3, 

426 

8,374 

73,259 

113,0.)5 

178 

419,886 

1818 

33,948 

7, 

647 

8,319 

83,986 

200,011 

223 

548,309 

1819 

33,314 

7, 

555 

8,250 

84,006 

235,975 

199 

5.58,216 

1820 

29,437 

8, 

822 

7,782 

70,253 

167,208 

202 

469,609 

1821 

28,717 

9, 

761 

8,036 

76,887 

133,550 

203 

481,652 

1822 

28,892 

9, 

661 

8,353 

83,799 

149,754 

294 

.506,987 

1823 

33,443 

11, 

776 

9,172 

87,153 

184,672 

271 

544,920 

1824 

32,568 

13, 

564 

9,300 

104,489 

229,134 

277 

645,172 

1825 

35,164 

15, 

168 

8,386 

118,217 

248,616 

307 

54 

669,786 

1826 

45,262 

12, 

528 

8,118 

98,380 

248,103 

341 

588 

622,216 

1827 

45,058 

14, 

335 

7,611 

99,711 

218,033 

531 

362 

615,056 

1828 

51,063 

17, 

071 

6,956 

90,603 

224,864 

750 

1,092 

602,632 

1829 

49,001 

14, 

299 

6,869 

97,134 

209,862 

,  , 

1,763 

666,520 

1830 

48,063 

13, 

057 

4,845 

84,178 

165,. 549 

104 

1,43(5 

542,595 

1831 

48,887 

14, 

796 

5,915 

83,. 527 

143,989 

104 

863 

534,590 

1832 

49,552 

11, 

990 

5,304 

to,  2.53 

151,705 

25 

707 

555,303 

1833 

53,878 

14, 

258 

6,306 

110,649 

158,270 

65 

1,193 

621,4.52 

1834 

52,711 

17, 

334 

6,766 

113,225 

184,315 

54 

656 

682,822 

1835 

43,936 

16, 

941 

5,847 

115,899 

201,613 