1,689,710 

18.35 

2,266,531 

313, 107 

2,579,638 

1811 

1,678,401 

47,528 

1,725,929 

1836 

2,280,713 

415,849 

2,696,562 

1812 

1,671,177 

66,210 

1,7.37,387 

1837 

2,392,494 

476,1.57 

2,868,651 

1813 

1,548,087 

33,116 

1,587,203 

1838 

2,459,728 

554, 175 

3,013,903 

1814 

1,720,230 

84,763 

1,805,013 

1839 

2,139,321 

558,052 

2,717,373 

1815 

1,723,054 

112,450 

1,835,504 

1840 

2,281,-343 

593,911 

2,875,2.54 

1816 

1,797,100 

116,025 

1,913,125 

1841 

2,397,977 

750,585 

3,148,562 

1817 

1,650,889 

1.37,262 

1,788,151 

1842 

2,350,480 

866,281 

3,216,761 

1818 

1,780,458 

126,521 

1,906,979 

1843 

2,289,531 

815,4.34 

3,104.965 

1819 

1,695,965 

105,297 

1,801,262 

1844 

1,999,338 

602,1.52 

2, 601,. 550 

1820 

2,004,759 

118,788 

2,123,557 

1845 

2,443,982 

1,069,737 

3,513,719 

1821 

1,834,650 

127,457 

1,962,107 

1846 

2,302,606 

1,064,327 

3,366,9*3 

1822 

1,736,171 

143,365 

1,879,536 

1847 

2,618,941 

1,00.(,641 

3,628,582 

1823 

1,958,109 

121,. 391 

2,079,500 

1848 

2,273,674 

994,299 

3,267,973 

1824 

1,822,148 

129,966 

1,932,114 

1849 

2,143,380 

834,005 

2,977,385 

1825 

1,820,626 

136,266 

1,956,892 

T   -J 


276 


P]10GRESS  OF  THE  NATION. 


[sec 


Table  of  the  Quantitt/  of  Coals  shipped  from  the  Port  of  Sunderland  in  each  Year,  from  1801  to 
1849,  distiiiffuishinff  the  Shipments  Coastwise  from  those  made  to  Foreign  Parts. 


Years. 

Coastwise. 

To  Foreign 
Harts. 

Total. 

Years. 

Coastwise. 

To  Foreign 
Parts. 

Total. 

Tons. 

Tons. 

Tons. 

Tons. 

Tons. 

Tons. 

1801 

612,197 

12.607 

624,804 

1826 

1,455,988 

38,419 

1,494,407 

1802 

803,449 

82.694 

891,14.3 

1827 

1,387,109 

39,625 

1,426,734 

1803 

792,207 

26,942 

819,149 

1828 

1,3,50,354 

60,743 

1,411,097 

1804 

793.812 

11.029 

804.841 

1829 

1,497,059 

1805 

830,263 

15,782 

846,045 

1830 

1,387,426 

1806 

811,618 

7,424 

819,042 

1831 

1,256,396 

1807 

775,987 

11,331 

787,318 

1832 

1,201,152 

1808 

923,8.50 

5,455 

929,305 

1833 

1,176,176 

176, '487 

1,352,663 

1809 

8.58,944 

2,579 

861,523 

1834 

952,087 

149,956 

1,102.043 

1810 

982,388 

5,086 

987,474 

1835 

929,187 

154,538 

1,083,725 

1811 

876,996 

4.583 

881,579 

1836 

971,458 

170,367 

1,141,825 

1812 

897,964 

8;343 

906,307 

1837 

932,135 

242,463 

1,174,598 

1813 

919,947 

4,715 

924,662 

1838 

948,429 

308,168 

1,2.56,597 

1814 

989,090 

29,228 

1,018,318 

1839 

913,960 

370,620 

1.284,580 

1815 

895,443 

45.021 

940,464 

1840 

868,228 

442,987 

i;311,215 

1816 

1.027.371 

42,215 

1,069,586 

1841 

937,995 

408,515 

1,346,510 

1817 

964,250 

30,811 

995,061 

1842 

8.59,231 

364,886 

1,224,117 

1818 

1,038,245 

41,973 

1,080,218 

1843 

877,451 

305,991 

1,183,442 

1819 

1,002,893 

40,995 

1,043,885 