

.542,191  I 

2,554,283 

889,916  ! 

42,980  I 

33,853 

770,729 

30,680 
466,845 


355,366 
637,748 
181 ; 894 
636; 6 JO 
537,003 
195,836 
143,426 
233,913 

2,363,442 

213,547 

415,292 

538,308 

6i7 

13,881 

16,231 

518,420 

688,208 

13,7.51 

'505 

4,145 

31 ; 378 

223,563 

ii,488 

029 

5,470,105 

357,870 

104,486 

307 

1.. 503, 969 

1.644,170 

25,368 

3,233,014 

2,102,-577 

170,947 


1849 


£. 

1,692,006 

233,220 

162,819 

150,117 

2^6,466 

404, 144 

37.648 

141,2.i0 

11,287 

4,669,2.59 

321 

2,823,258 

823,968 

599,. 583 

1,024; 521 

1,175,7-18 

55,360 

40,822 

616,878 

45,832 
750,257 


611,992 
751,953 
152,746 
695,666 
494,525 
379,467 
178.831 
284; 834 

2,664,281 

193,898 

258,186 

509,876 

244 

8.8;  0 

21,9^16 

.571,022 

645,718 


o'.iO 

3,324 

31,728 

169,308 

is,. 377 

6,279 
5,077,247 

.336.843 

143; 897 

■742 

1,445,959 

1,463,931 

^   47,401 

1,9£0,592 

1,434,477 

112,352 


1,379,179 

186,9!i6 

185,027 

182,336 

353,599 

428,748 

106,784 

150,927 

5,650 

5,386.246 

357 

3,499,937 

1,4.57,584 

6.34,125 

1,951,269 

979,-597 

58,406 

.35,009 

623,136 

.58,378 
533,481 


740,806 
777,273 
202,518 
1,115,260 
658,992 
387,744 
165,805 
288,847 

2,373,669 

218,577 

338.366 

638,411 

3,228 

12,551 

65.101 

620,371 

.520,896 

5,489 

1,250 

1,774 

23,312 

234,022 

14,. 564 

•2,568 

6,803,274 

382,055 

80,997 

1.057 

1,-537,109 

2,080,364 

29,314 

2,280,386 

1,821,146 

206.244 


FORKIGN  COMMKRCE, 


367 


An  Account  of  the  Declared  I  'alue  of  British  and  Iriult  Produce  and  Manufactures  Exported 
from  the  United  Kine/dom,  At. — continued. 


COUNTRIKS. 


Foreign  West  India  Islands,  viz. : — 

Cuba 

Porto  Rico 

Guaiialoupe 

Martinique 

Cura9oa   

St.  Croi.x 

St.  Thomas 

French  Guiana 

Dutch  Guiana 

Hayti 

United  States  of  America   .... 

Mexico 

Central  America 

New  Granada 

Venezuela 

Ecuador     

Brazil 

Oriental  Republic  of  the  Uruguay 
Buenos  Ayres,  or  Argentine  Republic 

Chili 

Bolivia 

Peru 

Falkland  Islands 

Russian  Settlements  on    tlie    North  1 

West  Coast  of  America    ...      J 

Greenland  and  Davis'  Straits  .      .      . 

Total    .     .     . 


£. 

8+4,11-2 

4,  .533 

580 

318 

6,877 

4.. 576 

446.317 

1,620 

136,113 

6,830,460 

303,685 

68,500 

219,533 

245,0.59 

7.435 

2, 749; 338 

153,479 

34,002 

959,322 

4,4'J3 

820,533 

3,117 

9,438 


£. 
896,554 
16,822  1 
164 

196  I 

1,089  i 

14; 797  I 

3S6,5J9  I 

"i,466  ■ 
192, 03J 
10,974.161 
100.688 
86,983  1 
145,606  ' 
182,279  ; 

2,. 568, 804 
334,083 
156,421 
866,. 325  : 
22,375 
600,814  ; 
2,083  j 

8,193 


£. 
733,169 
1,017 

218 


4,074 
171,660 

"  380 

88,067 

9,564,903 

945,937 

73,146 

247,916 

56.066 

6,094 

2,067,302 

1.56,759 

449.194 

967,303 


£. 
1,0.36,153 
2,910 

93 

9,966 

9.067 

383,023 

'i,790 