

1841.  March 
June 
Sept. 
Dec. 

1842.  March 
June 
Sept. 
Dec. 

1843.  March 
June 
Sept. 
Dec. 

1844.  March 
June 
Sept. 
Dec. 

1845.  March 
June 
Sept. 
Dec. 

1846.  March 
June 
Sept. 
Dec. 


1847 


March 
June 
Sept. 
Dec. 


1848.  March 
June 
Sept. 
Dec. 

1849.  March 
June 
Sept. 
Dec. 


18,987, 
19,047, 
19,359, 
18,469, 

18,298, 
18,101, 
17,960, 
16,732, 

16,818, 
16,871, 
17,263, 
16,446, 

16,537, 
16,632, 
17,481, 
16,972, 

16,9.'>i 
17,795 
19,714 
19,. 562 

19.539 
18,411 
19.132 
18,791 

21.122, 
21^327 
20,9.54, 
20,107, 

19.724, 
20,214, 
20,359, 
20,257, 

19,620. 
19,564, 
20,230, 
19,641, 

19,524, 
17,911, 
18,605, 
17,956, 

17,684, 
17,484, 
17,549, 
17,129, 

17,945, 
17,9.34, 
18,131, 
18:318. 


£. 

,000 

7,005, 

,000 

7,383, 

,000 

7,083, 

,000 

7,599, 

,000 

7,642, 

,000 

7,610, 

,000 

6,917, 

,000 

7,251, 

,000 

6,893, 

,000 

6,973, 

,000 

6,3.50, 

,000 

6,575, 

,000 

6,-322, 

,000 

6,444, 

,000 

5,768, 

»,000 

5,718, 

!,000 

5,299, 

),000 

4,995, 

LOOO 

5,098, 

>,000 

5,085, 

),000 

4,716, 

,(X)0 

4,. 503, 

>,000 

4,288, 

,000 

4,. 533, 

J, 000 

4,983, 

,000 

4,743, 

1,405 

4,338, 

,905 

4,442, 

t,130 

4,452, 

,435 

4,. 399, 

,495 

4,355, 

,415 

4,481, 

).000 

4,515. 

t,a3o 

4,457, 

),290 

4,390, 

,560 

4,526, 

t,270 

4,. 542, 

,430 

4,. 386, 

,600 

4,175, 

.,150 

3,528, 

1,600 

3,598, 

t,890 

3,628, 

»,020 

3,485, 

),630 

3,500, 

>,910 

3,466, 

1,390 

3,515, 

,060 

3,462, 

5.270 

3,539. 

472 
247 
811 
942 

104 
708 
6.57 
678 

012 
613 

801 
833 

579 
395 
136 
211 

455 
594 
259 

885 

506 
478 
180 
048 

646 
057 
.569 
808 

961 
110 
485 
246 

3.54 
140 
274 
006 

057 
282 
774 
273 

279 
.346 
319 
607 

975 
557 
.306 


£. 
3,921 
4,362 
4,281 
4,625 

4,617 
4,665 
4,167 
4,170 

3.940 
4,138 
3,630 

3,798 

3,644 
3,807 
3,311 
3,217 

2,990 
2,850 
2,819 
3,001 

2,862 
2,863 
2.763 
3,161 

3,. 502 
3,665 
3,1.58 
3,059 

3, 147 
3,131 
3,142 
3,162 

3.176 
3,128 
3,111 
3,138 

3,248 
3,088 
2,954 
2,410 

2,572 
2,573 
2,471 
2,567 

2,590 
2.661 
2,. 577 

2,601 


039 
2.56 
151 
546 

363 
110 
313 
767 

232 

618 
285 
155 

258 
055 
941 
812 

986 
532 
749 
590 

986 
779 
302 
033 

363 
104 
290 
434 

797 
097 
226 
340 

655 
190 
622 
498 

528 
442 
284 
222 

343 
630 
965 
114 

876 
.306 
234 

1.59 


29,913,511 
30, 792,. 503 
30,723,962 
.30,694,488 

30,557,467 
30,376,818 
2^,044,970 
28,154,445 

27,651,244 
27,983,231 
27,244,086 
26,819,993 

26,. 503, 837 
26,883,450 
26,-561,077 
25,908,023 

25,242,441 
25,641,126 
27,632,008 
27,649,475 

27,118,492 
25,778,257 
26,183,482 
26,485,081 

29,608,009 
29,735,161 
28,451,264 
27,610,147 

27.324.888 
27, 7-44;  642 
27,857,206 
27,901,001 

27. .312. 009 
27. 149.. 360 
27,732,186 
27,306,064 

27,314,8.55 
25.386.154 
25,735,658 
23,894,645 


23,855,222  15 

23,686,866  13 
23,506,-304  I  13 

