


INCOME  AND  KXPENDITURE. 


476 


Abstract   of  PtMic    /nrome    and   JC.vpendlturc  in    the    United  Kinydom,   in   each    Year  from 

1792  to  1849. 


Amnuni  of      i      receiveil  on 
Uevenuc  pHUl     account  of  Loans 
intoilie         \  ami  Exi;he<tiier 
Exchvquer,  the  \    BilU.  beyond 
Pruduireol       |      llie  Am..unl 
Tiixntion.       iredcemcil  in  tliej 
Yenr. 


Tot:il  Amount 
raise  J  for 
Public  Use*. 


1792 

1793 
1794 
1795 
1796 
1797 
17.18 
1799 
1800 
1801 
1802 
1S0:3 
1804 
1805 
1806 
1807 
1808 
1809 
1810 
1811 
1812 
1813 
1814 
1815 
1816 
1817 
1818 
1819 
1820 
1821 
1822 
1823 
1824 
1825 
1826 
1827 
182S 
1821 
1830 
1831 
1832 
1833 
1834 
1835 
1836 
1837 
1833 
1839 
1840 
1841 
1812 
1843 
1814 
1845 
1846 
1847 
1848 
1849 


19,258,814 

19,845,705 

20,193,074 

1  1,883,520 

21,454,728 

23,126,940 

31,035,363 

35,602,444 

34,145,584 

34,113,146  27 

36,368,149  14 

38,609,3921  8 

46,176,492  14 

50,897,706  16 

55,796,086  13 

59,339.321  10 

62,998.191  12 

63,719,4W  12 

67,144,542   7 

65,173,545  19 

65,037,8.50  24 

68,748,363  39 

71.134,503  34 

72,210,512  20 

62,264,546, 

52,055,9131 

53,747,795 

52,648,847, 

54,282,958' 

55,834,192; 

55,663,650 

57,672,999 

59,. 362. 403 

.57.273,869 

54,894,989 

.^4, 932, 518 

55, 187, 142' 

50,786,682 

.50,056,616 

46,424,440 

46,988,7.55 

46.271,326 

46,425,263 

45,8j3,.36) 

48,591,180 

46,475,194 

47,333,460 

47,844.891 

47 , 567 , 565 

48,084,360' 

46,965.631   1 

52,. 582; 81 7 

54.003,7,54 

53,060,354 

.53,7:10,13s 

51,546,2651  7 

.53,388,717  1  1 

52,951,749' 


£. 

877,956 
998,389 
464,831 
244,982 
.3.56,873 
858,503 
714,863 
030,. 52  t 
305,271 
635,254 
752,761 
.570,763 
849,801 
035,314 
432,934 
095,044 
298,379 
792,444 
143.9.53 
790.697 
64  1,282 
.563,603 
241,807 
514,0.59 


333,989 


853,037 
614,395 


,476,353 
,.593,945 
374,. 568 


19,2.58,814 
24,723,661 
27,191,463 
.50,348,351 
43,699,710 
53,483,813 
47,893,866 
57.317,307 
57,176,113 
61,418,417 
51,fK)6.4<)3 
47,-362, 15;! 
60,747,255 
67, 747,. 507 
68,831.430 
69,772^255 
75,093.235 
76,017,779 
74,936,986 
84,317,498 
89.828.547 
108,317.645 
105,698,106 
92.452,319 
62,778,605 
52,055,913 
53,747,795 
52,648,847 
54,232,958 
55,831,192 
55,663,6.50 
57,672,999 
59,-362,403 
57,273,869 
54,894,989 
54,932,518 
55,187.142 
50,786;6'2 
50,0.56,616 
46,424,440 
47,322,744 
46,271,-326 
46,425,263 
45,8J3,3G9 
48,591,180 
46,475,194 
47,-3.33,460 
47,844,899 
47,. 567,. 565 
48,937,-397 
43,580,026 
52,582,817 
54,003,754 
53,060,354 
53,790,1.38 
59,022,617 
54,982,662 
53,326,317 


Interest  pnid  on 
■'ublic  Debt. 
Funded 
d  Unfunded. 


£. 
767, 

437, 

890, 
810, 
841. 
270, 
.585, 
220, 
.381, 
945, 
855, 
699, 
72G, 
141, 
000, 
362. 
1.58, 
213, 
246, 
977. 
.546, 
031), 
051, 
576, 
938, 
43C,, 
8S(  I . 
807, 
1.57, 
9.55, 
921, 
215, 
066. 
060. 
076; 
23), 
095, 
1.55, 
118, 
3U, 
323, 
.522, 
504, 
514, 
243, 
489, 
260, 
454, 
331, 
450. 
428, 
26), 
4t5, 
253, 
077, 
141, 
.563. 
28.323; 