4,500,000 

12,500,000 

1804 

1,000,000 

1,000,000 

1805 

80,000 

490,000 

336,'000 

430,000 

230 

000 

1,560,000 

1806 

864,000 

1-36,000 

5,000,000 

6,000,000 

1807 

. . 

,  , 

.  , 

1803 

, , 

,  , 

206,'0OO 

200,000 

1803 

,  ^ 

,  , 

1810 

, , 

,  , 

1811 

866,600 

751,000 

1,617,600 

1812 

760,000 

5i.5,000 

226 

000 

1,495,000 

1813 

850*000 

130,000 

980,000 

1814 

288,685 

288,685 

1815 

176,772 

,  , 

176,772 

1816 

144,658 

230,000 

"400 

375,058 

1817 

6,691 

1,300 

7,991 

1818 

56 

1,300 

1,.356 

1819 

1,137,902 

1,957,000 

400 

3,102,302 

1820 

4,602 

115,000 

119,602 

1821 

42,642 

2 

200 

44,842 

1822 

,  , 

1823 

3,'800 

14, "796 

18,596 

1824 

45,605 

4 

'000 

49,605 

1825 

43,000 

5 

100 

48,100 

1826 

188,725 

. 

188,725 

1827 

21,402 

21,402 

1828 

1,963 

3 

.. 

1,966 

1829 

486 


I'UOGRESS  OF  THE  NATION.  [sec.  iv. 

Estiiiiateil  Produce  qf  Tajccst  imposed  in  each  Year  from  1801  to  1843 — continucil. 


Years. 

Customs. 

Excise. 

Stamps. 

Taxes. 

Post-office. 

Total. 

£. 

£. 

£. 

£. 

£. 

£. 

1830 

85,004 

611,000 

696,004 

1831 

626,206 

"210 

*i,170 

627,586 

1S32 

22,976 

21,550 

44,526 

1833 

IS.'M 

17,394 

181  ,'000 

198,394 

1835 

75 

5,500 

5,575 

1836 

797 

, , 

'2,394 

530 

3,721 

1837 

100 

100 

1838 

,  , 

ii733 

1,733 

183;) 

,  . 

1840 

1,160,226 

784,'000 

311,447 

2,155,673 

1841 

,  , 

1842 

160,822 

241,000 

128*167 

5,066,000 

5,-529,989 

1843 

.  , 

1844 

,  , 

1845 

19*000 

4*720 

*23.720 

1846 

"2,000 

120 

2,120 

1847 

. . 

1848 

84 

84 

1849 

" 

•• 

Estimated  Amount  of  Taxes  repealed,  expired,  or  reduced,  in  each  Year  from,  1814  to  1849. 


£. 

£. 

£. 

£. 

£. 

£. 

1814 

932^827 

, , 

9.32,827 

1815 

222,749 

. , 

, , 

222,749 

1816 

52,888 

2,863,000 

14,631,477 

17,. 547. -365 

1817 

864 

4,000 

, , 

31,631 

36,495 

1818 

9,000 

504 

9, .504 

1819 

10,913 

14,000 

23  ,'920 

195,651 

25,'0O0 

269,454 

1820 

4,000 

4,000 

1821 

19,932 

73 

4.51.-304 

471,-309 

1822 

153,146 

1,74.5,' 000 

2,955 

238,000 

2,139,101 

1823 

346, 5 J2 

1,456,000 

2,383,143 

4,185,735 

1824 

1,514,844 

274,554 

11,935 

l,801,a33 

1825 

2,804,357 

536,'000 

68,720 

267,162 

3,676,2.39 

1826 

766,615 

1,134,200 

66,400 

1,967,215 

1827 

i;738 

2,300 

80,000 

84,0-38 

1828 

36,327 

,  , 

15,671 

51,998 

1829 

126,406 

126,406 

1830 

551,470 

3,506.000 

,  , 

13,272 

4,070,742 

1831 

1,031,112 

529,000 

2,940 

25,000 

1,588,0.52 

1832 

247,746 

476,500 

7,' 162 

15,856 

747,264 

1833 

346,740 

626,000 

1.56,800 

402,588 

1,532,128 

1834 

305,817 

505,200 

31,204 

1,222,295 

2,064,516 

1835 

31,877 

1.31,. 500 

.. 

162,877 

1S36 

143,116 

536,500 

310,170 

, , 

32,'000 

1,021,786 

1837 