

229 

393 

9 
10 

2 

0 

69 
67 

509 
455 

11 
0 

1 
0 

1,209,739    0 
931,848  10 

3 

0 

29,273 
44,324 

3  10.4 
10    0 

1S3G — Legacies       .     . 
Probates,  &c.     . 

1,106 
848 

364 
066 

13 
11 

5 
0 

72 
51 

518 
544 

10 

10 

3 

0 

1,178,883    3 
899,611     1 

8 
0 

27,284 
40,996 

7  10 
0    0 

1S37 — Legacies       .     . 
Probates,  &c.     . 

1,093 
861 

340 
046 

4 

18 

6 
0 

78 
55 

111 

873 

17 
0 

10 
0 

1,171,452    2 
916,919  18 

4 
0 

26,048 
40,541 

19     5 
10    0 

1838— Legacies       .     . 
Probates,  &c.     . 

1,103 
965 

303 

768 

9 
15 

7 
0 

76 
58 

662 
233 

8 
10 

1 

0 

1,179,965  17 
1,024,002     5 

8 
0 

29,008 
44,254 

18     4 
0     0 

1839— Legacies.     .      . 
Probates,  &c.     . 

1,207 
872 

704 
190 

4 
10 

6 
0 

74 
55 

296 
775 

19 
10 

2 
0 

1,282,001     3 
927, 'j66    0 

8 
0 

26,105 
48,427 

14     0 
0     0 

1840 — Legacies 

Probates,  &c.     . 

1,059 
831 

319     7 
220  10 

7 
0 

101 

48 

G18 
741 

8 
0 

10 
0 

1,160,937  16 
879,961  10 

5 
0 

27,443 
42,237 

8     1 
10     0 

1841— Legacies 

Probates,  &c.     . 

1,087 

898 

111 

6'JO 

19 
2 

9 
6 

89 
50 

070 
162 

18 
10 

8 
0 

1,176,182  18 
948,852  12 

5 
6 

26,394 
40,581 

9     4 
0    0 

1842— Legacies       .     . 
Probates,  &c.    . 

1,109 
915 

317 
354 

1 
19 

7 
6 

69 
57 

787 
955 

15 
0 

7 
0 

1.179,104  17 
'973,309  19 

2 
6 

30,020 
39,171 

14    7 
14    0 

1843— Legacies       .     . 
Probates,  &c.     . 

1,141 

860 

471 

496 

14 
13 

2 
6 

87 
62 

871 
342 

1 
10 

2 

0 

1,229,342  15 
922,839     3 

4 
6 

65,375 
49,548 

15    6 
0    0 

496 


PROGRESS  OF  THE  NATION. 


[sec.  iy. 


Beturn  if  the  Total  Amntnt  of  Kevenue 

for  Stamp  I) 

"','/ 

on  Lrffacies 

,  f'C. — contimird. 

Year  ending  5th  January. 

England  and  Wa 

es. 

Scotland. 

Great  Britain. 

Iieland. 

1844 — Legacies 

Probates,  &c.     . 

£. 
1,114,871 
879,367 

"6 
5 

d. 
6 
0 

£.       .1. 
86,8J7  18 
53,413    0 

d. 
6 
0 

£.         s 
l,20i,769 
932,780 

d. 
5     0 
5     0 

£.  s.  d. 
39,034  17  3 
66,184  10     1 

1845 — Legacies       .     . 
Probates,  &c.     . 

1,124,435 
902,219 

12 
15 

0 
6 

74,116  15 
64,632  10 

11 

0 

1,198,552 
966,852 

7  11 
5    6 

53,618  12  2 
61,031     9  10 

1846— Legacies       .     . 
Probates,  &c.     . 

1,178,866 
963,322 

6 
12 

9 
0 

88,073  15 
66,631  10 

5 
0 

1,266,940 
1,029,954 

2    2 
2    0 

61,629  18  1 
65,852     0     0 

1847 — T/Cgacies 

Probates,  &c.     . 

1,087,004 
915,045 

18 
19 

7 
6 

97,198  18 
67,533    0 

4 
0 

1,184,203 
982,578 

16  11 
19     6 

63,3.tO  19  0 
72,036  10    0 

1848— Legacies       .      . 
Probates,  &c.     . 

1,174,466 

978,820 

4 

7 

6 
0 

83,995  10 
82, 147     0 

3 
0 

1,258,461 
1,060,967 

14    9 
7    0 

61.061  4  8 
86,051   10     0 