


COUNTY  AND  PAROCHIAL  EXPENDITUBE. 


517 


Average  of  I 
1748-49-50J 

1776 
Average  of  1 
1783-84-85 ( 

1803 

1812—13 
1813—14 
1814—15 

1815—16 
1816—17 
1817—18 
1818—19 
1819—20 

1820-21 
1821—22 
1822-23 
1823—24 
1824—25 

1825-26 
1826—27 
1827—28 
1828—29 
1829—30 


1830—31 
1831—32 
1332—33 
1833-34 
1834—35 

1835—36 
1836—37 
1837—38 
1838— 3J 
1839—40 

1840—41 
1841—42 
1842—43 
1843—44 
1844^45 

1845—46 
1846—47 
1847—48 
1848—49 


I'ayments 

Total  Sum       *''"Xr ''"' 
Assessed  and  „.,._„  „„  .i, 

Levied.        P?7r  r  ,  T 
'  tlie  Kenel  of 

the  Poor. 


£. 

730, 135 

1,720,316 

2,167,748 

5,348,204 

8,640,842 
8,388,974 
7,457,676 

6,934,425 
8,128,418 
9,320,440 
8,932,185 
8,719,655 

8,411,893 
7,761,441 
6,898,153 
6,833,630 
6,972,-323 

6,965,051 
7,784,352 
7,715,0.55 
7.642,171 
8,161,281 

8,279,217 

8,622,920 

8,606,501 

I  8,338,078 

I  7,373,807 

!  6, 354,. 538 
5,294,566 
'  5,186,389 
:  5,613,939 
[  6,014,605 

6,351,828 
6,552,890 
7,085,595 
6,847,205 
6,791,006 

6,800,623 
6,964,825 
7,817,429 
7,674,146 


40,164 

137,655 

163,511 

1,034,105 

1,861,073 
1,881,. 565 
1,763,020 

1,212,918 
1,210,200 
1,4.30,292 
1,300,534 
1,342,658 

1,375,868 
1,336,533 
1,148,230 
1,137,598 
1,212,199 

1,246,145 
1,362,377 
1,372,433 
1,280,328 
1,322,239 

1,-540,198 
1,646,493 
1,694,670 
1,713,489 
1,641,073 

1,523,058 
1,241,246 
1,251,113 
1,244,256 
1,423,441 

1,662,301 
1,732,222 
1,742,364 
1,818,720 
1,722,-302 

1,709,083 
1,719,485 
1,793,283 
1,847,402 


Sums 
Expended 

in  Law, 
Removals, 

&c. 


£. 

No  Account 

35,071 

91,996 

190,072 

325,107 
3.32,966 
324,664 


Sums 

Expended 

for  the  Relief 

of 

the  Poor 


254,412 
258,604 
202,527 


172,431 

126,951 

93,982 

63,412 

67,020 

69,942 
68,051 
84,730 
105,304 
95,397 

83,298 
76,385 
73,438 
70,252 


4,954,204 
5,298,787 
6,180,764 
5,792,963 


£. 

689,971 

1,521,732 

1  912,241 

4,077,891 

6,656,105 
6,2J4,584 
5,418,845 

5,724,506 
6,918,217 
7,8S)0,148 
7,531,650 
7,329,594 

6,958,445 
6.358,703 
5,773,096 
5,736,898 
5,786,989 

5,928,501 
6,441,088 
6,298,000 
6,332,410 
6,829,042 

6,798,889 
7,0-36,968 
6,790,800 
6,317,255 
5,526,418 

4,717,630 
4,044,741 
4,123,604 
4,421,713 
4,576,965 


4.760,929  I  6 

4,911,498  j  6 

5,208,027  7 

4,976,013  6 

5,033,703  6 


Total  Sums 
Kxpended. 


No  Account. 

1,694,458 

167,148 

302,070 

865,838 
511,863 


.508,8.53 

937,424 
128,417 
320,440 
832.184 
672; 252 

334,313 
695,236 
921,326 
874,496 
999,188 

174,646 
803,465 
670,433 
612,738 
151,281 

-339,087 
683,461 
739,882 
289,348 
370,018 

413,119 
412,938 
468,699 
829,381 
067,426 

493,172 
711,771 
035,121 
900,117 
857,402 

746,585 
094,657 
047,435 
710,617 


llie  principal  objects  for  which  provision  is  thus  made  are,  the  re- 
pairing of  bridges,  building  and  repairing  gaols,  houses  of  correction, 
shire-halls,  and  courts  of  justice ;  the  construction  and  support  of 
lunatic  asylums ;  the  expense  of  criminal  prosecutions  ;  the  conveyance 
of  prisoners  to  and  from  places  of  confinement  before  and  after  trial  ; 
the  apprehending  of  vagrants ;  the  expenses  of  coroners,  of  militia,  of 
county  elections,  and  various  minor  sources  of  expense. 