

Number  of  Ounces  of  Gold  and  Silver  Plate  upon  loliich  Duty  was  Paid,  and  for  which  Draw- 
back was  Allowed,  showing  the  Quantiti/  retained  for  Home  Use,  in  each  Year,  from  fith 
January,  1800,  to  bth  January,  1850. 


Year 

Duty  paid  on 

Drawback  allowed  on 

Retained  for  Home  Use. 

pnrl<»1    nth 

January- 

Gold.    1       Silver. 

1 

Gold. 

Silver. 

Gold. 

Silver. 

ozs. 

ozs. 

ozs. 

ozs. 

ozs. 

ozs. 

1801 

5,2.51 

902,966 

77 

142,705 

5,174 

760,261 

1802 

4,619 

925,882 

19 

114,323 

4,600 

811,559 

1803 

5.1:37 

986,381 

66 

126,878 

5,071 

859,. 503 

1804 

5,445 

1,048,869 

10 

99,295 

5,435 

949,574 

1S05 

4,8.54 

902,788 

21 

114,829 

4,833 

787,959 

1806 

5,408 

1,(56,693 

9 

122,082 

5,399 

934,611 

1807 

5,372 

1,084,525 

43 

121,608 

5,329 

962,917 

1808 

6,056 

1,141,749 

20 

131,8.50 

6,036 

1,009,899 

isoy 

6,189 

1,159,412 

18 

90,516 

6,171 

1,068,896 

1810 

6,382 

1,242,208 

53 

71,116 

6,329 

1,171,092 

1811 

7,435 

1,. 341, 024 

102 

86,896 

7,333 

1,254,128 

1812 

6,212 

1,154,738 

34 

92,245 

6,178 

1,062,493 

1813 

5,891 

990,223 

34 

50,334 

5,8.57 

939,889 

1814 

6,115 

917,697 

19 

52,234 

6,096 

865,463 

1815 

6,779 

974,245 

29 

55,948 

6,750 

918,297 

1816 

7,492 

1,054,658 

495 

;     108,174 

6,997 

946,484 

1817 

7,002 

910,002 

836 

85,142 

6,166 

824,860 

1818 

5,827 

1,080,549 

2,001 

:     106,417 

i  3,826 

974,132 

181'.» 

5,881      1,293,586 

2,507 

98,777 

i  3,374 

1,194,709 

1820 

6,037 

1,230,104 

1,607 

'     116,, 507 

1  4,430 

1,113,597 

535 


PROGRESS  OF  THE  NATION. 


[sec. 


jyumber  of  Ounces  of  Gold  and  Silver  Plate  upon  which  Duty  tvas  Paid,  and  for  which  Draw- 
back was  Allowed,  S\-c. — continued. 


Year 

Duty  paid  on 

Drawback  allowed  on 

Retained  for  IlomeU.^e. 

ended  5th 
January. 

Gold. 

Silver. 

Gold. 

Silver. 

Gold. 

Silver. 

ozs. 

ozs. 

ozs. 

ozs. 

0Z9. 

ozs. 

1821 

6,651 

1,081,310 

3,735 

114,224 

2,916 

967,086 

1822 

5,434 

1,022,771 

1,436 

120,600 

3,998 

902.161 

1823 

6, 997 

1,027,722 

1,370 

64,783 

5.627 

962,939 

1824 

6,516 

1,073,244 

20 

97,016 

6,496 

976,228 

1825 

7,662 

1,258,658 

38 

70,482 

7,624 

l,18v',176 

1826 

8,486 

1,585,254 

81 

112,017 

8,405 

1,473,237 

1827 

7,108 

1,247,880 

71,493 

7,108 

1,176,387 

1828 

7,266 

1,207,887 

io 

60,910 

7,256 

1,146,977 

182:) 

7.106 

1,361,332 

2 

86,1.57 

7,104 

1,275,175 

1830 

6,441 

1,271,322 

12 

103,907 

6,429 

1,161,415 

1831 

5,716 

1,076,976 

6 

84,444 

5;  7 10 

9)2,532 

1832 

4,574 

826,0.52 

9 

100,127 

4,565 

725,925 

1833 

5,189 

914,036 

15 

79,659 

5,174 

834,437 

1834 

5,434 

879,117 

2 

72,005 

5,432 

807,112 

1835 

6,116 

1,0,50,232 

102,251 

6,116 

947,981 