

1807 

5     0 

1808 

5     0 

1809 

5    6 

1810 

5    6 

1811 

4  11 

1812 

4  11 

1813 

4    8 

1814 

4    8 

1815 

4     7 

1816 

4     7 

1817 

3  10 

1818 

3  10 

1819 

4    2J 

4  4 

1820 

1821 

4    3 

1822 

4  2i 
4  l\ 
4    9| 

1823 

1824 

1825 

4    6 

1826 

4    5 

1827 

4    3.^ 

1828 

4     3 

1829 

3    9J 

1830 

3     6 

1831 

3    6 

1832 

3  4i 
3    41 

1833 

1834 

3  35 
3    3f 

1835 

1836 

3    3i 

1837 

3     3.1 

Stockings 
per  pair. 


2  11 
2  11 
2     9i 
2    8 
2    5 
2    2 
2     1| 
2    ll 
2    of 
1  1(^ 
1     9* 

1    9i 

1     6j 

1 

1 

1 

1 


Blankets. 


'I 

1     9| 
1  10 
1  10 


6  6 

8  9 

8  9 

8  9 

8  9 

8  9 

8  9 

8  9 

8  9 

8  9 
11  6 
11  3 

9  4i 
9  4| 
9  44 


Bedding, 
Suits. 


Clothes, 
Suits. 


s.    d. 


s.   d. 


59  lOi 
59  10.1 


59  10 


i 
59  io| 

59  lO.t 
59  lOl 
59  lOl 
59  lOj 
48  3"' 
45  9 
45  9 
37  lOf 
37  loi 
39  3i 
33  3.t 
44  111 

44  \% 

45  7" 
45     7 


Coats, 
each. 


s.  d. 

20  0 

21  10 
21  10 
21  6 


41  Oi 
41  71 
43  3| 
41  9 
40  2\ 
3:)  111 

39  \n 

40  8l 

41  6l 

39  10| 
38  1  I 
38  6-1  I 
38  6|  ' 

40  lit  I 
43  4 
43  8i 
47  2| 

46  1 

47  2i  1 
46  5t  I 


21 
21 
21 
22 
22 
22 
24 
24 
24 
20 
20 


21 

10.^ 

22 

7 

21 

11 

21 

3 

21 

H 

21 

2 

21 

8 

22 

2 

21 

4 

20 

7 

CHELSEA  HOSPITAL. 


Years. 

Office 

s'i 

Privates' 

Officers' 

Privates' 

Officers' 

Privates' 

Cfficers' 

Privates' 

Coat, 

.■ 

Coats. 

Waistcoats. 

Waistcoats 

Hats. 

Hats. 

Shoes. 

Shoes. 

£.  «. 

d. 

£.  s.    d. 

£.  s.    d. 

s.     d. 

s. 

d. 

s. 

d. 

s.     d. 

s.     rf. 

1815 

3     8 

7 

1     7     1 

1  11     6 

11     7 

17 

11 

4 

2 

7     0 

7     0 

1816 

3    8 

7 

1     7     1 

1  11     6 

11     7 

17 

11 

4 

2 

7     0 

7     0 

1817 

3     4 

2 

1     3     7 

1     7     6 

11     0 

19 

0 

4 

4 

5     6 

5    6 

1818 

3     4 

2 

1     3     7 

1     7     6 

11     0 

19 

0 

4 

4 

5     6 

5     6 

1819 

3     5 

6 

1     7     2 

1  17  11 

12    0 

19 

3 

4 

5 

6    0| 

6    01 

1820 

3     5 

6 

1     7     2 

1  17  11 

12    0 

19 

3 

4 

5 

6    Oi 

1821 

2  12 

5 

1     0  10 

1     5     8i 
1     5    &t 

9     4 

18 

S 

4 

0 

5    3"^ 

5    3 

1822 

2  12 

5 

1     0  10 

9    4 

18 

4 

0 

5    3 

5     3 

1823 

2    4 

6 

0  17     8 

1     0    3 

8    8 

17 

6^ 

4 

0 

6    0 

6     0 

1824 

2     4 

6 

0  17     8 

1     0    3 

8    8 

17 

6 

4 

0 

6     0 

6    0 

1825 

2     2 

Hi 
lU 

0  18    Oh 

1     2     9 

7  10 

18 

3 

4 

2 

4  10 

4  10 

1826 

2     2 

0  18   0.; 

a  16     91 
0  16     91 

1     2     9 

7  10 

18 

3 

4 

2 

4  10 

4  10 

1827 

2     4 

7i 

1    0    41^ 
1    0    4 

6     ^ 
6     3| 

18 

