

The  following  table  shows  the  number  of  males  and  females  committed 
for  trial  in  England  and  Wales  in  each  year  from  1805  to  1849  ; 
the  number  in  each  of  those  years  that  were  convicted,  distinguishing 
those  sentenced  to  death,  those  actually  executed,  and  among  the  latter 
number,  those  executed  for  the  crime  of  murder : — 


CRIMINAL  LEGISLATION. 


635 


Years. 

Committed  for  Trial, 

Number 

jSentencei 
1         to 

1 
Executed 

Executed 
for 

1 

Convicted 

Males. 

Females. 

Total. 

Death. 

Murder. 

1805 

3,267 

1,3.38 

4,605 

2,783 

3,50 

68 

10 

1806 

3,120 

1,226 

4,346 

2,515 

325 

57 

5 

1807 

3,1.59 

1,237 

4,446 

2,. 567 

343 

63 

16 

1808 

3,332 

1,403 

4,735 

2,723 

333 

39 

8 

180  J 

3,776 

1,.554 

5,330 

3,238 

392 

60 

9 

1810 

3,733 

1,413 

5,146 

3,158 

476 

67 

9 

1811 

3,859 

1,478 

5,337 

3,163 

404 

45 

7 

1812 

4,891 

1,685 

6,. 576 

3,yl3 

532 

82 

16 

1813 

5,433 

1,731 

7,164 

4,422 

713 

120 

25 

1814 

4,826 

1,564 

6,3J0 

4,025 

558 

70 

23 

1815 

6,036 

1,782 

7,818 

4,883 

553 

57 

15 

1816 

7,347 

1,744 

9,091 

5,797 

890 

95 

21 

1817 

11,7.58 

2,174 

13,932 

9,0.56 

1,302 

115 

25 

1818 

11,3.35 

2,232 

13,. 567 

8,958 

1,254 

97 

13 

1819 

12,075 

2,179 

14,254 

9,510 

1,314 

108 

15 

1820 

11,595 

2,115 

13,710 

9,318 

1,236 

107 

10 

1821 

11,173 

1,942 

13,115 

8,788 

1,134 

114 

22 

1822 

10,369 

1,872 

12,241 

8,209 

1,016 

97 

18 

1823 

10,342 

1,921 

12,263 

8,204 

968 

54 

11 

1824 

11,475 

2,223 

13,698 

9,425 

1,066 

49 

15 

1825 

11,889 

2,548 

14,4-37 

9,964 

1^036 

50 

10 

1826 

13,472 

2,692 

16,164 

11,107 

1,203 

57 

10 

1827 

15,154 

2,770 

17,924 

12,567 

1,529 

73 

11 

1828 

13,8.32 

2,732 

16,564 

11,723 

1,165 

58 

17 

1829 

15,5.56 

3,119 

18,675 

13,261 

1,385 

74 

13 

1830 

15,1.35 

2,972 

18,107 

12,805 

1,397 

46 

14 

1831 

16,600 

3,047 

19,647 

13,830 

1,601 

52 

12 

1832 

17,486 

3,343 

20,829 

14,947 

1,449 

.54 

15 

1833 

16,804 

3,268 

20,072 

14,446 

931 

33 

6 

1834 

18,880 

3,571 

22,451 

15,995 

480 

34 

12 

1835 

17,275 

3,456 

20,731 

14,729 

523 

34 

21 

ia36 

17,248 

3,7.36 

20,984 

14,771 

494 

17 

8 

1837 

19,407 

4,205 

23,612 

17,090 

438 

8 

8 

1838 

18,905 

4, 189 

23,094 

16,785 

116 

6 

5 

1839 

19,831 

4,612 

24,443 

17,8.32 

56 

11 

10 

1840 

21,975 

5,212 

27,187 

19,927 

77 

9 

9 

1841 

22,560 

5,200 

27,760 

20,280 

80 

10 

10 

1842 

25,740 

5,569 

31,309 

22,7.33 

57 

9 

9 

1843 

24,251 

5,340 

29,. 591 

21,092 

97 

13 

13 

1844 

21,549 

4,9J3 

26,542 

18,919 

57 

16 

16 

1845 

19,341 

4,962 

24,. 303 

17,402 

49 

12 

12 

1846 

19,850 

5,257 

25,107 

18,144 

56 