

The  progress  of  the  public  revenue  derived  from  the  conveyance  of 
letters  at  different  periods  in  Great  Britain  from  1758,  and  in  the  United 
Kingdom  in  each  year  of  the  present  century,  to  the  adoption  of  the  uni- 
form rate  of  one  penny,  has  been  as  follows  :  — 


GREAT  BRITAIN. 

Year  ending 
5th  April. 

Gross 
Receipt. 

Charges  of 
.Management. 

Net 
Revenue. 

£. 

£. 

£. 

1758 

222,075 

148,345 

73,730 

1763 

238,999 

141,165 

97,834 

1768 

299,133 

133,350 

165,783 

1773 

332,006 

164,830 

167,176 

1778 

373,. 564 

235,570 

137,994 

1783 

434,051 

274,426 

159,625 

1788 

547,084 

250,104 

296,980 

1793 

627,592 

236,084 

391,508 

1798 

9.50,476 

337,196 

613,280 

4799 

1,012,731 

355,343 

657,388 

1800 

1,083,9.50 

362,969 

720,981 

711 


I'llOGRESS  OF  THE  NATION. 


[.SKC 


GRRAT  lUilTArN. 

IRELAND. 

,  ,Year 
ending 
5th 
Jan. 

Gross 
Receipt. 

Chargi'S 
of  Manage- 
ment. 

Returns. 

Net 
Receipt. 

Gross 
Receipt. 

Charges 
of  Manage- 
ment. 

Returns. 

Net 
Receipt. 

£. 

£. 

£. 

£. 

£. 

£. 

£. 

£. 

*1801 

1,144,900 

35o7219 

39,582 

755,299 

66,030 

39,703 

8,9.53 

17,376 

*1802 

1,2S;),197 

365,657 

43.471 

880,069 

102,2*3 

.56,882 

13,607 

31,806 

tl803 

994,970 

240,550 

33;071 

721,319 

102,518 

51,935 

14,073 

36,510 

;i804 

1,320,585 

352,844 

42,902 

924,839 

108,844 

63,923 

13,548 

31,373 

1S05 

1,347,842 

356,699 

46,761 

944,382 

118,429 

63,696 

15,7.52 

38,981 

1806 

1,501,841 

381,814 

.53,629 

1,066,398 

146,682 

75,872 

17,779 

53,031 

1807 

1,568,330 

385,306 

56,282 

1,126,742 

149,857 

71,662 

19,278 

58,917 

1808 

1.553,231 

394,808 

58,. 547 

1,099,876 

158,749 

73,723 

17,477 

67,549 

1809 

1,559,345 

407,957 

59,465 

1.091,923 

180,510 

81,512 

17,859 

81,139 

1810 

1,675,076 

426,016 

58,844 

1,190,216 

180,670 

93,343 

16,721 

70,606 

1811 

1,791.873 

445,513 

.59,001 

1,287,359 

195,. 531 

100,974 

16,692 

77,892 

1812 

1,770,547 

438,327 

59,730 

1,272,490 

189,963 

102,070 

16,274 

71,619 

1813 

1,883,421 

481,430 

62,520 

1,339,481 

195,458 

95,455 

17,483 

82,520 

1814 

2,005,987* 

519,504 

67,532 

1,418,951 

203,226 

97,060 

19,053 

87,113 

1815 

2,159,867 

575,667 

77,096 

1,507,104 

212,562 

99,881 

21,490 

91,191 

1816 

2,193,741 

594,045 

73,169 

1,526,527 

225,000 

110,594 

21,737 

92,669 

1817 

2,067,940 

543,888 

72,340 

1,451,712 

212,269 

105,241 

21,235 

85,793 

1818 

1,983,165 

561,449 

68,065 

1,353,601 

203,4.56 

103,855 

19,331 

80,270 

1819 

2,043,043 

585,688 

69,948 

1,387,407 

197,510 

97,992 

19,392 

80,126 

1820 

1,993,885 

481,571 

64,291 

1,448,623 

197,677 

104,622 

18,438 

74,617 

1821 

1,980,334 

502,568 

77,208 

l,4fX),5S8 

192,511 

108,619 

18.875 

65,017 

1822 

1,935,845 