

.544,159 

66,409 

1,325,277 

187,120 

101,082 

17,850 

68,188 

iS23 

1,942,902 

526,439 

61,357 

1,355,106 

186,024 

94,538 

18,240 

73,246 

1824 

1,965,468 

500,675 

64,713 

1,400,080 

188,826 

95,661 

18,078 

75,087 

1825 

2,055,636 

529,801 

66,717 

1,4.59,118 

199,602 

99,028 

19,670 

80,904 

1S2G 

2,160,3;)0 

542,951 

78,810 

1,-538,629 

207,177 

93,402 

20,137 

93,638 

1827 

2,184,514 

610,871 

74,074 

1,499,569 

207,757 

95,769 

21,795 

90,193 

182S 

2,062,179 

607,681 

69,730 

1,384,768 

216,232 

98,511 

18,325 

99,396 

182J 

2,048,402 

566,385 

64,612 

1,417,405 

239,559 

97,390 

15,. 350 

126,819 

1830 

2,024,418 

579,175 

65,004 

1,380,239 

241,063 

96,144 

15,811 

129,108 

1831 

2,053,720 

594,349 

71,509 

1,387,862 

247,711 

99,905 

17,717 

130,089 

1832 

2,064,334 

574,578 

75,040 

1,414,716 

256,976 

83,747 

18,907 

154,322 

1833 

2,034,603 

557,314 

81,005 

1,396,284 

242,671 

86,1.50 

20,977 

135,544 

1834 

2,062,839 

5.52,735 

83,605 

1,426,499 

232,071 

84,021 

21,124 

126,926 

1835 

2,079,508 

611,511 

85,443 

1,382,554 

240,471 

84,876 

25,097 

130,498 

1836 

2,107,676 

582,509 

84,328 

1,440,839 

245,664 

96,327 

25,718 

123,619 

1837 

2,206,736 

609,220 

86,490 

1,511,026 

255,070 

95,548 

24,713 

134,809 

183S 

2,200,973 

574.310 

96,979 

1,529,684 

261,2J6 

106,948 

25,. 551 

128,797 

183.» 

2,212,781 

568,446 

95,983 

1,548,352 

254,434 

101,310 

24,9.54 

128,170 

1840 

2,267,114 

631,934 

104, 199 

1,530,981 

255,380 

109,742 

27,531 

118,107 

Years  ending  5th  April. 


t  Three-quarters  of  year  to  5th  January. 
I  Year  ending  5th  January. 


The  Post-ofSce  revenue  in  the  United  Kingdom,  since  the  change  of 
system  in  1839,  has  been  as  follows  : — 


Year 
ending 

5th 
January. 


1841 
1842 
1843 
1844 
1845 
1846 
1847 
1848 
1849 
18.50 


Gross 
Revenue. 


£. 
1,359,466 
1,499,418 
1,578,145 
1,620,867 
1.705,067 
1^887,576 
1,963,8.57 
2,181,016 
2,143,679 
2,165,349 


Cost  of 
Management. 


858,677 

938,168 

977,504 

980,6.50 

985,110 

1,125,-594 

1,1.38,745 

1,196, .520 

1,403,2.50 

1,324,-562 


Net 
Revenue. 


I        Postage 
charged  on  the 
Government 
Departments. 


£. 
500, 789 
.561,249 
600,641 
640,217 
719,957 
761,982 
825,112 
984,496 
740,429 
840,787 


£. 
90,761 
113,255 
122,161 
11 6,. 503 
109,2-32 
101, 190- 
100,3.54 
121,290 
115,902 
106,923 


Net  Revenue 

exclusive  of 

Cliarges  on  the 

Government 

Departments. 


410,028 
447,993 
478,479 
.523,714 
610,724 
660,791 
724,7.57 
863,206 
624,526 
733,S(;3 


V.J 


rOSTAGE,  ETC, 


715 


This  branch  of  revenue  is  subject  to  many  reductions,  which  have  no 
pro])er  connexion  with  the  business  of  the  department,  and  the  payments 
made  into  the  Exchequer  under  this  head  do  not  therefore  correctly 
show  the  actual  working  of  the  establishment.  The  amount  of  pay- 
ments so  made  into  the  Exchequer  in  each  year  from  1840  to  1849  were 
as  follows : — 