


1834 
1835 
1836 
1837 
1838 
1839 
1840 
1841 
1842 
1843 
1844 
1845 
1846 
1847 
1848 


INWARDS. 


Great  Britain.        British  Colonies.       United  States. 


Foreign  States. 


Total. 


Ships.  ! 

58 

47 

60 

56  ! 

102 

137  j 

190  1 

251  ' 

137 


80 

84 

88 

119 


Tons. 
20,906 
17,5.30 
23,610 
21,816 
41,848 
58,123 
80,806 
106,332 
.55,144 
35,914 
34,765 
29,954 
36,761 
37,941 
57,604 


Ships. 
112 
132 
124 
94 
106 
349 
415 
370 
.363 
368 
280 
426 
540 
640 
755 


Tons. 
23,730 
28,507 
25,861 
21,085 
22,928 
54,297 
66,748 
51,523 
56,450 
50,163 
38,384 
53,769 
68,. 350 
80,130 
112,355 


Ships. 

Tons. 

Ships. 

Tons. 

Ships. 

75 

13,896 

245 

6 

1,400 

75 

15,. 582 

260 

3 

975 

82 

14,969 

269 

5 

1,220 

105 

23,2.39 

260 

1 

274 

82 

15,010 

291 

4 

1,177 

73 

21,877 

563 

8 

2,520 

96 

28,884 

709 

13 

4,754 

80 

21.169 

714 

7 

2,762 

121 

29,565 

628 

5 

1,116 

98 

23,671 

558 

3 

1,005 

56 

13,385 

417 

1 

243 

90 

21,386 

597 

1 

370 

142 

35,986 

767 

1 

160 

149 

36,673 

878 

1 

406 

121 

28,939 

996 

Tons. 

58,532 

63,019 

65,415 

67,360 

80,060 

135,474 

178,958 

183,778 

143,921 

110,864 

87,539 

105,352 

141,467 

154,904 

199,304 


OUTWARDS. 

1834 

27 

8,639 

88 

16,005 

..     1       .. 

105 

28,729 

220 

53,373 

1835 

31 

11,261 

90 

15,821 

..     1 

148 

39,882 

269 

66,964 

1836 

32 

9,759 

106 

22,895 

126 

30,180 

264 

62,834 

1837 

43 

13,398 

91 

20,959 

.. 

128 

30,2.39 

262 

64,596 

1838 

35 

12,367 

83 

17,043 

1 

289 

154 

51,626 

273 

81,325 

1839 

39 

13,886 

384 

66,330 

2 

621 

123 

43,933 

548 

124,776 

1840 

54 

18,774 

433 

83,242 

4 

950 

174 

60,7.38 

665 

163,704 

1841 

54 

16,418 

420 

83,056 

1 

341 

215 

72,303 

690 

172,118 

1842 

.54 

16,. 323 

406 

69,971 

9 

705 

171 

47,971 

633 

134,970 

1843 

70 

22,154 

376 

53,892 

118 

.33,980 

564 

110,026 

1844 

67 

24.163 

415 

61,141 

87  1  23,938 

569 

109,242 

1845 

67 

25,221 

459 

57,173 

88 

21,. 567 

614 

103,961 

1846 

57 

22,545 

559 

75,555 

133 

36,898 

754 

134,998 

1847 

iii 

30,991 

693 

93,624 

165 

44,049 

933 

168,664 

1848 

75 

31,722 

744 

118,957 

126 

36,643 

945 

187,-322 

766  PROGEESS  OF  THE  NATION.  [sec.  viii. 

The  number  and  tonnage  of  shipping  registered  in  the  colony  on  the 
31st  of  December,  1841,  was — 

Vessels.         Tons. 
Sailing-vessels — under  50  tons  .     .         87  1,90.3 

„  above  50  tons  .     .       119  20,519 

206  22,422 

Steam  vessels — under  50  tons  .     .  3  126 

„  above  50  tons.     .         11  1,330 

14  1,456 

Total      .      .      .       220  23,878 

The  population  of  Van  Diemen's  Land  in  1824  was  as  follows : — 

Males.  Females.  Total. 

Free 3,781  2,248  6,029 