

183,4.54 

152,643 


179,389 


£. 

723,756 

689,408 

431,142 

763,703 

992,347 

676,4^37 

586,427 

1,148,552 

990,387 

995,931 

932,690 

410,977 

1,170,056 

1,332,025 

1,228,877 

1,097,624 


The  value  of  ashes,  grain,  and  timber,  the  most  important  articles  of 
Canadian  produce  that  were  exported,  was  as  follows  : — 


Years. 


1832 
1833 
1834 
1835 
1836 
1837 
1838, 
1839 
1840 
1841 
1842 
1843 
1844 
1845 
1846 
1847 


204,667 

174,281 

1  108,287 

I  176,231 

i  238,951 

'  180,571 

168,980 

142,457 

I  126,148 

:  121,733 

'  157.906 

I  189,009 

I  194,893 

134,430 

122,295 

80,481 


Grain,  &c. 


Timber. 


£. 

221,552 

241,720 

139,742 

39,590 

28,804 

15,331 

46,034 

32,052 

494,507 

660,908 

512,324 

277,737 

589,277 

675,454 

695,078 

1,064,907 


£. 
471,837 
489,367 
683,208 
620,182 
703,165 
651,786 
706,185 
880,403 
952,826 
1,019,745 
522,203 
836,383 
8it8,940 
1,325,886 
1,082,163 
873,850 


Together. 


898,0.56 

905,368 

931,237 

836,003 

970,920 

847,688 

921,199 

1,054,912 

1,573,481 

1,802,-386 

1,192,433 

1,303,129 

1,683,110 

2,135,770 

1,899,536 

2,019,238 


6   K 


786 


PROGRESS  or  TIIE  NATION. 


[sec.  VIII. 


The  shipping  that  entered  and  cleared  from  the  ports  of  the  province 
in  the  years  1832  to  1838,  and  1845,  were  as  follows: — 


INWARDS. 

Years. 

Great  Britain. 

Rritish  Colonies. 

United  States. 

Forei^ 

-n  States. 

Total. 

Ships. 

Tons. 

Ships. 

Tons. 

Stiips.  1      Tons. 

Ships. 

Tons. 

Ships. 

Tons. 

1S32 

860 

255,527 

1,162 

142,280 

780 

101,497 

25 

5,938 

2,827 

505,242 

1S33 

812  1  234,844 

1,155 

162,320 

994 

179,266 

19 

4,868 

2,980 

581,298 

1834 

931 

275,518 

1,157 

127,034 

771 

159,133 

20 

5,259 

2.879 

506,944 

1835 

947 

297,10.) 

*217 

*24,022 

1,349 

75,748 

28 

6,910 

2,. 541 

403,789 

1836 

953 

310,645 

1,093 

202,715 

910 

91,753 

44 

11,446 

3,000 

616,559 

1837 

854 

288,481 

827 

18'.i,862 

874 

90,847 

40 

10,496 

2,595 

579,686 

1838 

863 

306,241 

896 

152,443 

1,113  i     89,225 

46 

12,376 

2,918 

560,285 

1845 

1,350 

553,353 

*184 

21,855 

30  1     17,421 

135 

35,760 

1,699 

628,389 

OUTWARDS. 


1832 

962 

272,468 

157 

7,418 

883 

46,176 

2 

493 

2,004 

326,555 

ia33 

899 

260,967 

200 

16,977 

327 

68,623 

4 

1,G13 

1,430 

348,180 

1834 

1,024 

302,308 

180 

14,216 

399 

69,776 

9 

2,837 

1,612 

389,137 

1835 

1,015 

317,990 

218 

17,090 

832 

70,682 

9 

1,740 

2,074 

407,502 

1836 

1,092 

350,741 

230 

18,175 

419 

59,697 

1 

199 

1,742 

428,812 

1837 

980 

331,883 

164 

13,875 

432 

49,301 

1 

353 

1,577 

395,412 

183S 

955 

344, 153 

143 

11,939 

445 

67,816 

1 

34-3 

1,544 

424,251 

1845 

1,564 

625,716 

134 

9,254 

1 

76 

3 

1,361 

1,702 

636,407 

