


Imports. 


£. 
765,167 
757,620 
700,127 
612,195 
733,540 
790,765 
923,563 
1,212,984 


Exports. 

Years. 

£. 

392,255 

1840 

431,385 

1841 

404,650 

1842 

455,547 

1843 

446,0.17 

1844 

478,461 

1845 

524,311 

1846 

642,849 

1847 

[m  ports. 

Exports. 

£. 

£. 

1 

,280,144 

742,592 

1 

,411,621 

877,639 

998,815 

642,079 

801,523 

416,537 

897,980 

3lt6,141 

862,626 

416,604 

828,066 

4.53,272 

1 

,031,835 

568,720 

The  shipping,   inwards  and  outwards,  in  each  of  the  years  1832  to 
1839,  and  in  1843  and  1844,  was— 


*  A  corrected  account,  including  the  population  of  Cape  Breton,  states  the  number  to 
have  been  178,237. 


CHAP.    Tl] 


BRITISn  AMERICA. 


791 


INW.VRPS. 

Years. 

Great  Britain. 

British  Colonies. 

United  States. 

Forei(,'n 
Coi^n  tries. 

ToUl. 

Ships.     Tons. 

Sliips. 

Tons. 

Ships. 

Tons. 

Ships. 

Tons. 

Ships. 

Tons. 

1832 

129 

32,310 

1,869 

124,026 

578 

52,867 

42 

7,637 

2,618 

216,840 

1833 

130 

32,053 

2,200 

145,424 

1,343 

112,893 

69 

10,597 

3,627 

271,995 

1834 

115     30,051 

1,2J7 

74,760 

967 

80,340 

38 

8,636 

2,417 

194.387 

1833 

100  ,  26,635 

2,285 

154,469 

833 

161,051 

25 

2,985 

3,243     345; 190 

1836 

108 

2i>,544 

2,295 

147,781 

965 

97,689 

36 

6,119 

3,404     381,133 

1837 

yi 

26,524 

1,986 

129,758 

882 

83,846 

57 

6,924 

3,016      247,052 

1838 

97 

30,208 

2,478 

162,170 

978 

101,325 

112 

12,360 

3,665     306,003 

1839 

97 

27,886 

2,517 

149,631 

1,211 

136,580 

181 

18,039 

4,006      .332,136 

1843 

144 

47,129 

1,869 

133,364 

1,281 

94,209 

215 

24,029 

2,509      298,711 

1844 

144 

46,133 

1,898 

133,719 

1,464 

114,804 

238 

26,584 

3,744     321,240 

OUTWABDS. 


1832 

111 

26,733 

1,957 

128,946 

648 

62,876 

32 

3,819 

2,748 

183:J 

124 

30,936 

2,149 

144,459 

1,466 

122,905 

30 

3,900 

3,809 

1834 

136 

31,906 

1,340 

93,278 

945 

78,040 

20 

3,165 

2,441 

1835 

117 

30,182 

2,430 

159,103 

876 

80,417 

29 

3,472 

3,452 

1836 

112 

30,931 

2,. 540 

170,407 

902 

90,399 

20 

2,783 

3,574 

1837 

89 

26,605 

2,171 

148,945 

841 

82,496 

31 

3,726 

3,132 

1838 

103 

30,459 

2,804 

189,962 

963 

100,572 

39 

4,150 

3,909 

1839 

102 

29,739 

2,815 

179,712 

1,266 

139,427 

49 

5,299 

4,232 

1843 

90 

30,249 

2,145 

165,745 

1,330 

102,977 

53 

5,609 

3,624 

1844 

124 

38,026 

2,118 

160,843 

1,549 

125,231 

67 

7,378 

3,858 

222,374 
302,201 
206,389 
273,174 
294,520 
261,772 
325,083 
354,177 
304,880 
331,481 


The  amount  of  shipping  built  within  the  province  in  each  of  the  ten 
years  1832  to  1841,  was  as  follows : — 


Years. 
1832 
1833 
1834 
1835 
1836 


Ships. 
95 
104 
103 
100 
114 


Tons. 
7,313 
9,475 
8,956 
4,. 531 
9.2S0 


Years. 
1837 
1838 
1839 
1840 
1841 