

494,199 

465,824 

3.58,945 

536,609 

361,645 

Bahamas 

154,484 

81.825 

132,;;06 

93,844 

123,773 

84,099 

Demerara     . 

851,399 

1,. 331, 390 

1,029,8.30 

1,091.582 

844,383 

1,5.55,664 

Berbice  .     .     . 

208,0.15 

348,546 

176,684 

2.56,122 

144,004 

a32,063 

Total.      . 

5,042,028 

7,973,261 

5,742,0.36 

6,415,105 

5,268,134 

6,278,629 

3    F 


802 


PROGRESS  OF  THE  NATION. 


ix 

11 

IN 

IJ 

IS 

V.i 

COLON!  i:<. 

imports. 

Exports. 

Imports. 

Exports. 

Imports. 

Exports. 

i           -• 

£. 

£. 

£. 

£. 

£. 

Antigua  . 

1       201,882 

295,343 

160.012 

267,032 

223,379 

369,217 

Barbados 

578, 474- 

410,371 

57 7, SCO 

424.513 

619.463 

5,56,943 

Dominica      . 

53,198 

50,917 

47,872 

64,357 

47,720 

56,455 

Grenada . 

114,505 

141,553 

84,251 

127,535 

84,679 

130.034 

Jamaica  . 

1,335,234 

1,909,744 

1,877,252 

2,231,112 

1,695,556 

1,847,147 

Montscn-at  . 

13,044 

28, 105 

10,297 

20,117 

12,008 

13,871 

Nevis 

23,728 

17,455 

14,379 

17,992 

17,954 

34,478 

St.  Christopher 

139,775 

136,842 

10:),701 

152,613 

115,578 

112,498 

St.  Lucia 

59.233 

99,312 

52,135 

10.»,960 

49,448 

77,754 

St.  Vincent  . 

138,124 

235,198 

124,642 

229,237 

102.208 

223,877 

Tobago  . 

59,249 

86,3r)0 

28,474 

83.083 

31,927 

69,010 

Tortola    . 

7,619 

18.968 

4,850 

13,139 

8,700 

8,999 

Trinidad       .      . 

532,734 

473,724 

386.158 

458,4'JO 

429,533 

407,141 

Bahamas 

108,823 

92,727 

128,060 

67.141 

105,618 

62,787 

Demerara     . 

76  9,. 56  5 

979,794 

601,593 

930,749 

646,012 

795,896 

Berbice  . 

116,656 

186,003 

69,927 

204,956 

69,219 

195,459 

Total.      . 

1  4,251,855 

5,162,446 

4,277,463 

5,402,026 

4,257,008 

4,961,566 

1844 

1845 

Imports.       [       Exports. 

Imports.       '        Exports. 

Antigua    . 

£.                         £. 
237  ,"905           407,946 

£.          j          £. 
251.350     ;       295,413 

Barbados . 

594,484     1       546,799 

654. 250     1       561 , 598 

Dominica. 

56,416             67,183 

62,694             70.089 

Grenada  . 

89,346           112,792 

97,522 

113,019 

Jamaica    . 

1,476,344     !  1,609,473 

1,553,421 

1,851,423 

iMontserrat     . 

7,097     ;         17,812 

8,557 

15,050 

Nevis  .... 

17,985 

51,565 

21,748 

49,364 

St.  Christopher  . 

135,816 

177,145 

159,221            194,087 

St.  Lucia  . 

65,637 

101,361 

63,052 

95,477 

St.  Vincent    . 

134,696 

210,239 

136,997 

189,241 

Tobago     . 

43.433 

85,946 

36,966 

83,412 

Tortola     .      .      . 

5,719 

12,214 

6,970 

15,753 

Trinidad  .      .      . 

437,411 

403,826 

449,991 

430,144 

Bahamas  . 

106,014 

86,3.30 

101,033             71,357 

Demerara 

602,028 

833,000 

742,363    ;      772,533 

Berbice    . 

Total,     . 

61,955 

225,579 