

 1829     392,459          68,996          25,655        2,195,373         26,294
 1830     292,390          60,000          64,913        3,370,693         47,644
 1831      326,424         48,000          53,612        S795 92)          47,611
 1832     405,818          96,000          97,651        4,236,557         80,701
 1833      525,542        132,000         118,766        4,592,313        110,800
 1834     605,608          84,000          91,160        4,591,385         64,933
 1835     674,018          84,000         129,220        4,886,608         85,261
 1836     776,650         126,000         164,312        6,102,441        1133535
 1837      776,798         18,000        —167,976        3,927,226         76,579
 1838     637,746          72,000          64,413        3,666,675         71,549
 1839      691,489        108,000          71,548        4.492.319         97,243
 1840      756,201        162,000         121,085        3,685,164        103,423
 1841      620,212      — 100,000         118,111        3,770,390         69,178
 1842      546,835       — 36,000             9375       2,992,120         64,033
 1843     497,767               —       -—112,669        3,100,216         56,772
(1844      501,944         36,000          50,294        3,050,421         62,649
 1845      529,082        192,000         181,098        3,333,904         73,210
 1846      589,908        108,000          30,812        3,756,499         78,073
 1847     469,588               =.         98,573        3,308,388        106,456
 1848      477,055        114,000           11,209       3,238,857         88,128
 1849      499,024        168,000         230,102        3,648,392       103,489
 1850      589,613        144,000         159,441        4,546,428        115,989
 1851      624,306        108,000         134,256        4,792,239        104,259
 1852      865,235        192,000         286,486        6,106,027        127,395
 1853      928,727        120,000         140,925        6,661,165        129,504
 1854    1,007,142        120,000         180,811        6,424,494        156,692
 1855    1,099,122        168,000         190,204        7,926,698        144,408
 1856    1,182,535         96,000         210,456        6,957,396        1915732
 1857    1,233,684        120,000         175,343        8,149,021        163,169
 1858    1,349,550        192,000         181,609        7,754,924        168,799
 1859    1,409,365        120,000         123,378        7,718,404        166,102
 1860    1,266,451        145,043         125777.        9,385,914        148,714
 1861    1,268,769        144,000         194,962        9,860,331        1525335
 1862    1,409,061        216,000         217,863        9,234,183        139,503
 1863      772,344         96,000             4944        9,228,457       138,297
 1864      682,195        185,759         204,052       10,525,571        165,450
 1865      627,597        240,000         299,096       11,477,768        161,341
 1866      759,245        336,000         297,233       10,630,337        210,860
 1867    1,388,379        360,000         438,572       12,186,022        269,994
376                       The Sixth Great Power