

1790        (peers        6300         3730     384,089          8237
1791        74,940        8400         9170     378,104          8043
1792        75,891      14,000       13,268     412,000          9868
Wee:        66,177        3500         8537     365,821        10,448
Ie          76,317      16,100       13,696     407,852        12,573
1795:       oo SF)     28,000       32,383      765,063        19,913
1796       130,156     40,000       37,746    1,875,167        20,732
1797       117,920     42,000       40,729    1,660,534        27,918
1798       138,223     40,000       40,833    1,845,699        20,485
1799       183,675     44,000       45,115    1,136,973        21,119
1800      220,445      66,018       66,753    1,690,966        16,781
1801      225,337      80,034       55,419    1,716,201        28,353
1802      413,576     210,352      211,166    2,260,930        28,237
1803      428,594      80,400       91,465    ZL BJU Ss        48,453
1804      399,168      20,000       18,352    L9Z3,101         20,969
1805      378,413      32,000       38,743    1,749,441        24,296
1806      449,899      50,000       51,874    1,795,895        29,204
1807      428,053      40,000       46,077    1,799,415        32,242
1808      274,843      40,000       36,115    2,585,934        25,078
1809      350,701      44,000       25,744    3,182,378        317359
1810      413,606      26,000       39,718    3,421,615        37,373
1811      366,054            =         9811   ZILIEaAS         27,193
1812      288,540            —         1006   2,810,508        30,894
1813      302,151            se     61,447    3,173,930        42,599
1814      322,192      80,000       53,968    3,284,573        50,958
1815      374,365      60,000      100,276    3,876,853        54,409
1816      355,823         9000      26,784    3,891,109        55,345
1817      416,060      45,000       87,875    3,633,173        48,351
1818      429,318      84,000       67,404    4,631,614        44,456
1819      484,022      20,000       39,175    3,777,842        AS,152
1820      578,193      36,000       —6664     2,851,330        32,910
1821      621,943      72,000      133,107    3,127,263        28,507
1822      502,412      36,000       36,438    2,666,968        25,496
1823      226,146      46,200       36,456    2,004,815        17,783
1824      286,342      50,000      103,142    2,842,246        25,788
1825      452,654     120,000      135,374    2,424,997        31,414
1826      4455126    —65,000      — 56,087    2,110,983        27,666
1827      384,429      20,000       35,378    1,846,278        29,666
1828      309,803            eo     47,106    2,254,518        20,672
                                   Appendices                                 375

 Year   Capital      Distributed       Profit and       Total of       Accepting
                        profit             loss      trial balance     and other
                                                                      commission