

Year   Capital        Distributed     Profit and       Total of      Accepting
                         profit           loss      trial balance    and other
                                                                    commission

1868    1,824,234          504,000       480,011      17,565,415        315,471
1869    2,072,413          360,000       446,828          n.a.          262,929
1870    2,098,772          144,000       293,749          n.a.          265,960
1871    2,403,129          504,000       334,153          n.a.                ae
1872    2,498,130          266,000       376,716          n.a.          244,229
1873    2,193,845          388,500       242,352          n.a.          212,854
1874    orb Byte oe        140,000       237,958          n.a.          218,022
1875    1,628,765               --+       141,757         n.a.          203,943
1876    1,724,293          210,000        102,553         n.a.          187,877
1877    1,725,362          280,000        149,573         n.a.          218,926
1878    1,811,082          280,000       278,630          n.a.          158,466
1879    1,904,063          350,000       264,440          n.a.          215,059
1880    1,855,269          175,000       223,642          n.a.          209,691
1881    2,222,495          210,000       218,728          n.a.          198,953
1882    2,159,904          240,000       237,410          n.a.          204,930
1883    1,981,200          120,000        1737 79         n.a.          206,179
1884    1,898,745           90,000        124,970         n.a.          199,826
1885    2,157,368          300,000       218,556          n.a.          224,403
1886    2,463,719          480,000       515,445          n.a.          294,261
1887    2,620,292          360,000       319, 142         n.a.          171,571
1888    3,102,368          600,000       643,165          n.a.          219,458
1889    2,452,438          362,000       442,915      27,987,327        282,756
1890    2,954,025                —       368,135      24,095,982        302,185
                                  APPENDIX                IV


       Baring Brothers & Co. Limited, 1890-1930
   Balance Sheet and Profit and Loss Figures (1)


Year     Share         Client        Bills      Gross      Expenses    Net      Balance
       capital at   accounts at   accepted at   profits        (3)    profits    sheet
       year end      yearend       year end       (2)                   (4)       total


1891   1,000,000      2,129,970    3,455,927   140,643  15,181  125,462          6,712,205
1892   1,000,000      2,251,041    3,876,582  221,684   42,626   179,058         iota 0+
1893   1,000,000      2,161,173    3,037,728   169,884  63,188  106,697          6,462,160
1894   1,000,000      2,901,571    3,608,382   150,366 41,351    109,015         7,750,963
1895   1,025,000      2,409,231    4,893,919   175,213  61,627   113,586         8,617,340
1896   1,025,000      2,551,920    4,515,542   192,400 45,172    147,228         8,459,742
1897   1,025,000      2,823,071    4,678,974  206,450   46,775   159,676         8,998,909
1898   1,025,000      3,201,575    3,557,178  220,677 45,814     174,863         8,296,458
1899   1,025,000      3,514,189    3,900,266  241,127   46,340   194,787         9,260,488
1900   1,025,000      3,382,858    4,532,186   205,408  50,320   155,088         9.50) 39
1901   1,025,000      3,770,478    4,490,105   200,433  51,343   149,090         waeeS
1902   1,025,000      5,201,506    4,714,587   202,212  55,024   147,188        11,634,016
1903   1,025,000      4,627,592    3,833,856   164,439 62,585    101,854         9,882,503
1904   1,025,000      4,835,183    6,201,543   315,322  $7,341   257,981        12,593,064
1905   1,025,000      7,114,411    7,422,989   521,849  65,310  456,539         16,450,734
1906   1,025,000     11,415,022    7,373,608   257,357  65,608   191,748        20,810,151
1907   1,025,000      4,425,168    5,391,293   256,121  74,507   181,614        11,982,917
1908   1,025,000      4,863,246    6,938,568   607,254 68,573    538,682        14,328,409
       1,025,000      5,404,440    7,771,615   658,673  62,046   596,628        16,099,090
1909
1910   1,025,000      7,526,339    7,498,544   448,571  70,592   377,980        17,813,790
1911   1,025,000      6,412,558    6,263,429   Z19,412  74,869   244,543
       1,025,000      5,840,123    6,810,846   289,718 79,117    210,602        15,518,288
1912
                      6,011,766    6,636,588   437,870 78,197    359,673        15,815,001
1913   1,025,000
                      9,481,297    3,723,682   282,200 103,387   178,813        16,238,785
1914   1,025,000
                     12,483,038    6,781,991 1,188,773  94,337 1,094,436        23,193,245
1915   1,025,000
                     14,484,896    4,613,591   852,667   88,475  764,192        23,395,910
1916   1,025,000
                     17,517,268    5,939,554   683,214  93,302   589,913        28,011,822
1917   1,025,000
                     15,728,333     3,077,331  502,048   89,039  413,008        23,469,826
1918   1,025,000.