


                 Baring Brothers & Co.
  Capital, Profits and Losses, Commission
Income and Total of Trial Balance, 1762-1890


Year   Capital       Distributed       Profit and          Total of          Accepting
                        profit             loss         trial balance        and other
                                                                            commission

1762          4200               —                  —                   —                as
1763          4765             423              429            13,879                49
1764          4368             553               353           11,421               258
1765          4500             601              601            23,564               414
1766          8237          —3091           = oy |             26,878               584
1767        11,302               “a             264            31,748               554
1768        13,075             900              900            47,947               849
1769        17,200               =                 =           56,661               892
1770        17,016               =                 a           81,402              es
1771        19,687            3000             3000            87,289              1517
1772        17,849          —1500                  —           93,241              1654
1773        19,323               =                ioe          86,708              1906
1774        19,296               —                 a           TVS AT              2315
1775        19,718             600             1100            (2) 06              3002
1776        19,452               —               500          134,873              3105
1777       20,071             3000             3363           173,412              4248
1778       20,595             2400             1037           159,151              4563
1779       23,321            4000             4426            113,205              4484
1780       28,091             8000             7574           132,646              5021
1781       34,171           10,000           10,297           162,757              6289
1782       41,261           10,000          11,506            129,296              5894
1783       43,951             5000             7354/7         132,434              4645
1784       43,318             3000               ppPs         185,835              5945
1785       46,477             5000           10,258           191,463              6839
1786       53,726             7000            8,374           205,276              a7 32
1787       59,797             8000             6153           333,149              5580
1788       74,923           16,160          11,854            277,161              3633
1789       71,997              600            4092            286,018              6236

                                      373
374                  The Sixth Great Power
ren
Wied Capital Distributed Profit and    Total of            Accepting
                profit       loss   trial balance          and other
                                                          commission