<!-- csv readout: the file's own rows, with a ```meta column summary added above them (parser-added, not file content). The rows are the file's, separator and quoting included, so a line quoted as it appears here verifies against it. -->

## Sheet: region_detail.csv

```meta
▸ table "region_detail.csv" (62 data rows)
▸ columns
    case: str, 7 uniq: ['A_inner_1810', 'B_full_four_1815', 'B_full_historical_outer_1815', 'B_select_Berg_1825', 'B_select_no_Berg_1825', 'C_province_pressure_1830', 'historical_direct_1812_scale_only']
    region: str, 17 uniq: ['Berg', 'Catalonia', 'D1_inner', 'Hanseatic', 'Holland', 'Illyria', 'Naples_mainland', 'Parma', 'Rome', 'Spain_rest', 'Tuscany', 'Valais', 'Westphalia', 'north_Italy', 'old_france', 'south_Germany', 'west_rest']
    pop_m: num, min=0.126, max=30
    departments: num, min=1, max=87
    gross_gend_mid: num, min=75.6, max=24102.5
    locally_recruited_gend_mid: num, min=30.24, max=10500
    france_recruited_gend_mid: num, min=0, max=19282
    senior_posts_mid: num, min=10, max=870
    externally_recruited_senior_mid: num, min=0, max=175
    all_paid_civil_posts_mid: num, min=160, max=13920
    externally_recruited_paid_mid: num, min=0, max=2800
    garrison_mid_present: num, min=1000, max=212102
    B_French_garrison_already_present: num, min=0, max=70000
    incremental_garrison_present: num, min=0, max=212102
    lost_independent_B_roster: num, min=0, max=50000
    annual_levy_nominal: num, min=0, max=13400
    annual_arrived: num, min=0, max=10050
    mature_extra_present_y10: num, min=0, max=27649.6
    cash_surplus_pre_incremental_army_Mfr: num, min=-40, max=10
```
case,region,pop_m,departments,gross_gend_mid,locally_recruited_gend_mid,france_recruited_gend_mid,senior_posts_mid,externally_recruited_senior_mid,all_paid_civil_posts_mid,externally_recruited_paid_mid,garrison_mid_present,B_French_garrison_already_present,incremental_garrison_present,lost_independent_B_roster,annual_levy_nominal,annual_arrived,mature_extra_present_y10,cash_surplus_pre_incremental_army_Mfr
A_inner_1810,old_france,30.0,87.0,10500.0,10500.0,0.0,870.0,0.0,13920.0,0.0,69999.99,69999.99,0.0,0,0.0,0.0,0.0,0.0
A_inner_1810,D1_inner,7.85,22.0,3140.0,785.0,2355.0,220.0,77.0,3520.0,1232.0,31400.0,31400.0,0.0,0,0.0,0.0,0.0,0.0
A_inner_1810,Parma,0.4,1.0,200.0,120.0,80.0,10.0,1.9999999999999996,160.0,31.999999999999993,1200.0,0.0,1200.0,0.0,600.0,420.0,0.0,0.0
B_select_no_Berg_1825,old_france,30.0,87.0,10500.0,10500.0,0.0,870.0,0.0,13920.0,0.0,69999.99,69999.99,0.0,0,0.0,0.0,0.0,0.0
B_select_no_Berg_1825,D1_inner,7.85,22.0,3140.0,785.0,2355.0,220.0,77.0,3520.0,1232.0,31400.0,31400.0,0.0,0,0.0,0.0,0.0,0.0
B_select_no_Berg_1825,Parma,0.4,1.0,200.0,120.0,80.0,10.0,1.9999999999999996,160.0,31.999999999999993,1200.0,0.0,1200.0,0.0,600.0,420.0,0.0,0.0
B_select_no_Berg_1825,Tuscany,1.1,3.0,715.0,286.0,429.0,30.0,7.5,480.0,120.0,5500.0,0.0,5500.0,0.0,1650.0,1237.5,0.0,0.0
B_select_no_Berg_1825,Valais,0.126,1.0,75.6,30.24,45.35999999999999,10.0,1.5000000000000002,160.0,24.000000000000004,1000.000008,0.0,1000.000008,0.0,100.8,55.440000000000005,0.0,0.0
B_select_Berg_1825,old_france,30.0,87.0,10500.0,10500.0,0.0,870.0,0.0,13920.0,0.0,69999.99,69999.99,0.0,0,0.0,0.0,0.0,0.0
B_select_Berg_1825,D1_inner,7.85,22.0,3140.0,785.0,2355.0,220.0,77.0,3520.0,1232.0,31400.0,31400.0,0.0,0,0.0,0.0,0.0,0.0
B_select_Berg_1825,Parma,0.4,1.0,200.0,120.0,80.0,10.0,1.9999999999999996,160.0,31.999999999999993,1200.0,0.0,1200.0,0.0,600.0,420.0,0.0,0.0
B_select_Berg_1825,Tuscany,1.1,3.0,715.0,286.0,429.0,30.0,7.5,480.0,120.0,5500.0,0.0,5500.0,0.0,1650.0,1237.5,0.0,0.0
B_select_Berg_1825,Valais,0.126,1.0,75.6,30.24,45.35999999999999,10.0,1.5000000000000002,160.0,24.000000000000004,1000.000008,0.0,1000.000008,0.0,100.8,55.440000000000005,0.0,0.0
B_select_Berg_1825,Berg,1.0,4.0,550.0,220.0,330.0,40.0,7.999999999999998,640.0,127.99999999999997,7500.0,0.0,7500.0,7000.0,1800.0,1350.0,3249.8549999999996,4.0
B_full_four_1815,old_france,30.0,87.0,10500.0,10500.0,0.0,870.0,0.0,13920.0,0.0,69999.99,69999.99,0.0,0,0.0,0.0,0.0,0.0
B_full_four_1815,D1_inner,7.85,22.0,3140.0,785.0,2355.0,220.0,77.0,3520.0,1232.0,31400.0,31400.0,0.0,0,0.0,0.0,0.0,0.0
B_full_four_1815,Parma,0.4,1.0,200.0,120.0,80.0,10.0,1.9999999999999996,160.0,31.999999999999993,1200.0,0.0,1200.0,0.0,600.0,420.0,0.0,0.0
B_full_four_1815,north_Italy,6.7,24.0,4020.0,2010.0,2010.0,240.0,60.0,3840.0,960.0,50250.0,25000.0,25250.0,50000.0,13400.0,10050.0,27649.56,10.0
B_full_four_1815,Berg,1.0,4.0,550.0,220.0,330.0,40.0,7.999999999999998,640.0,127.99999999999997,7500.0,0.0,7500.0,7000.0,1800.0,1350.0,3249.8549999999996,4.0
B_full_four_1815,Westphalia,2.0,8.0,1300.0,520.0,780.0,80.0,20.0,1280.0,320.0,15000.0,12500.0,2500.0,25000.0,3000.0,2100.0,4694.235,5.0
B_full_four_1815,west_rest,1.0,4.0,650.0,260.0,390.0,40.0,12.000000000000002,640.0,192.00000000000003,7500.0,0.0,7500.0,8000.0,1500.0,975.0,2011.815,3.0
B_full_four_1815,Illyria,1.5,6.0,1500.0,300.0,1200.0,60.0,24.0,960.0,384.0,18000.0,10000.0,8000.0,6000.0,1800.0,630.0,1083.285,-3.0
B_full_four_1815,Catalonia,0.9,4.0,2250.0,225.0,2025.0,40.0,24.0,640.0,384.0,27000.0,0.0,27000.0,0.0,900.0,180.0,247.608,-15.0
B_full_historical_outer_1815,old_france,30.0,87.0,10500.0,10500.0,0.0,870.0,0.0,13920.0,0.0,69999.99,69999.99,0.0,0,0.0,0.0,0.0,0.0
B_full_historical_outer_1815,D1_inner,7.85,22.0,3140.0,785.0,2355.0,220.0,77.0,3520.0,1232.0,31400.0,31400.0,0.0,0,0.0,0.0,0.0,0.0
B_full_historical_outer_1815,Parma,0.4,1.0,200.0,120.0,80.0,10.0,1.9999999999999996,160.0,31.999999999999993,1200.0,0.0,1200.0,0.0,600.0,420.0,0.0,0.0
B_full_historical_outer_1815,north_Italy,6.7,24.0,4020.0,2010.0,2010.0,240.0,60.0,3840.0,960.0,50250.0,25000.0,25250.0,50000.0,13400.0,10050.0,27649.56,10.0
B_full_historical_outer_1815,Berg,1.0,4.0,550.0,220.0,330.0,40.0,7.999999999999998,640.0,127.99999999999997,7500.0,0.0,7500.0,7000.0,1800.0,1350.0,3249.8549999999996,4.0
B_full_historical_outer_1815,Westphalia,2.0,8.0,1300.0,520.0,780.0,80.0,20.0,1280.0,320.0,15000.0,12500.0,2500.0,25000.0,3000.0,2100.0,4694.235,5.0
B_full_historical_outer_1815,west_rest,1.0,4.0,650.0,260.0,390.0,40.0,12.000000000000002,640.0,192.00000000000003,7500.0,0.0,7500.0,8000.0,1500.0,975.0,2011.815,3.0
B_full_historical_outer_1815,Illyria,1.5,6.0,1500.0,300.0,1200.0,60.0,24.0,960.0,384.0,18000.0,10000.0,8000.0,6000.0,1800.0,630.0,1083.285,-3.0
B_full_historical_outer_1815,Catalonia,0.9,4.0,2250.0,225.0,2025.0,40.0,24.0,640.0,384.0,27000.0,0.0,27000.0,0.0,900.0,180.0,247.608,-15.0
B_full_historical_outer_1815,Tuscany,1.1,3.0,715.0,286.0,429.0,30.0,7.5,480.0,120.0,5500.0,0.0,5500.0,0.0,1650.0,1237.5,0.0,0.0
B_full_historical_outer_1815,Valais,0.126,1.0,75.6,30.24,45.35999999999999,10.0,1.5000000000000002,160.0,24.000000000000004,1000.000008,0.0,1000.000008,0.0,100.8,55.440000000000005,0.0,0.0
B_full_historical_outer_1815,Holland,2.0,9.0,2000.0,800.0,1200.0,90.0,17.999999999999996,1440.0,287.99999999999994,15000.0,0.0,15000.0,8000.0,3600.0,2340.0,0.0,0.0
B_full_historical_outer_1815,Hanseatic,1.3,3.0,1170.0,468.0,702.0,30.0,7.5,480.0,120.0,10400.0,0.0,10400.0,0.0,1690.0,1014.0,0.0,0.0
B_full_historical_outer_1815,Rome,0.8,2.0,960.0,288.0,672.0,20.0,7.0,320.0,112.0,8000.0,0.0,8000.0,0.0,960.0,336.0,0.0,0.0
C_province_pressure_1830,old_france,30.0,87.0,10500.0,10500.0,0.0,870.0,0.0,13920.0,0.0,69999.99,69999.99,0.0,0,0.0,0.0,0.0,0.0
C_province_pressure_1830,D1_inner,7.85,22.0,3140.0,785.0,2355.0,220.0,77.0,3520.0,1232.0,31400.0,31400.0,0.0,0,0.0,0.0,0.0,0.0
C_province_pressure_1830,Parma,0.4,1.0,200.0,120.0,80.0,10.0,1.9999999999999996,160.0,31.999999999999993,1200.0,0.0,1200.0,0.0,600.0,420.0,0.0,0.0
C_province_pressure_1830,north_Italy,6.7,24.0,4020.0,2010.0,2010.0,240.0,60.0,3840.0,960.0,50250.0,25000.0,25250.0,50000.0,13400.0,10050.0,27649.56,10.0
C_province_pressure_1830,Berg,1.0,4.0,550.0,220.0,330.0,40.0,7.999999999999998,640.0,127.99999999999997,7500.0,0.0,7500.0,7000.0,1800.0,1350.0,3249.8549999999996,4.0
C_province_pressure_1830,Westphalia,2.0,8.0,1300.0,520.0,780.0,80.0,20.0,1280.0,320.0,15000.0,12500.0,2500.0,25000.0,3000.0,2100.0,4694.235,5.0
C_province_pressure_1830,west_rest,1.0,4.0,650.0,260.0,390.0,40.0,12.000000000000002,640.0,192.00000000000003,7500.0,0.0,7500.0,8000.0,1500.0,975.0,2011.815,3.0
C_province_pressure_1830,Illyria,1.5,6.0,1500.0,300.0,1200.0,60.0,24.0,960.0,384.0,18000.0,10000.0,8000.0,6000.0,1800.0,630.0,1083.285,-3.0
C_province_pressure_1830,Catalonia,0.9,4.0,2250.0,225.0,2025.0,40.0,24.0,640.0,384.0,27000.0,0.0,27000.0,0.0,900.0,180.0,247.608,-15.0
C_province_pressure_1830,Tuscany,1.1,3.0,715.0,286.0,429.0,30.0,7.5,480.0,120.0,5500.0,0.0,5500.0,0.0,1650.0,1237.5,0.0,0.0
C_province_pressure_1830,Valais,0.126,1.0,75.6,30.24,45.35999999999999,10.0,1.5000000000000002,160.0,24.000000000000004,1000.000008,0.0,1000.000008,0.0,100.8,55.440000000000005,0.0,0.0
C_province_pressure_1830,Holland,2.0,9.0,2000.0,800.0,1200.0,90.0,17.999999999999996,1440.0,287.99999999999994,15000.0,0.0,15000.0,8000.0,3600.0,2340.0,0.0,0.0
C_province_pressure_1830,Hanseatic,1.3,3.0,1170.0,468.0,702.0,30.0,7.5,480.0,120.0,10400.0,0.0,10400.0,0.0,1690.0,1014.0,0.0,0.0
C_province_pressure_1830,Rome,0.8,2.0,960.0,288.0,672.0,20.0,7.0,320.0,112.0,8000.0,0.0,8000.0,0.0,960.0,336.0,0.0,0.0
C_province_pressure_1830,south_Germany,6.0,20.0,5400.0,2160.0,3240.0,200.0,80.0,3200.0,1280.0,66000.0,0.0,66000.0,50000.0,9600.0,5760.0,11885.184000000001,8.0
C_province_pressure_1830,Naples_mainland,5.0,15.0,6000.0,2100.0,3900.0,150.0,52.5,2400.0,840.0,70000.0,20000.0,50000.0,16000.0,7000.0,3150.0,6499.71,-10.0
C_province_pressure_1830,Spain_rest,9.641,35.0,24102.5,4820.5,19282.0,350.0,175.0,5600.0,2800.0,212102.0,0.0,212102.0,0.0,11569.2,2313.84,2785.0535160000004,-40.0
historical_direct_1812_scale_only,old_france,30.0,87.0,10500.0,10500.0,0.0,870.0,0.0,13920.0,0.0,69999.99,69999.99,0.0,0,0.0,0.0,0.0,0.0
historical_direct_1812_scale_only,D1_inner,7.85,22.0,3140.0,785.0,2355.0,220.0,77.0,3520.0,1232.0,31400.0,31400.0,0.0,0,0.0,0.0,0.0,0.0
historical_direct_1812_scale_only,Parma,0.4,1.0,200.0,120.0,80.0,10.0,1.9999999999999996,160.0,31.999999999999993,1200.0,0.0,1200.0,0.0,600.0,420.0,0.0,0.0
historical_direct_1812_scale_only,Tuscany,1.1,3.0,715.0,286.0,429.0,30.0,7.5,480.0,120.0,5500.0,0.0,5500.0,0.0,1650.0,1237.5,0.0,0.0
historical_direct_1812_scale_only,Valais,0.126,1.0,75.6,30.24,45.35999999999999,10.0,1.5000000000000002,160.0,24.000000000000004,1000.000008,0.0,1000.000008,0.0,100.8,55.440000000000005,0.0,0.0
historical_direct_1812_scale_only,Holland,2.0,9.0,2000.0,800.0,1200.0,90.0,17.999999999999996,1440.0,287.99999999999994,15000.0,0.0,15000.0,8000.0,3600.0,2340.0,0.0,0.0
historical_direct_1812_scale_only,Hanseatic,1.3,3.0,1170.0,468.0,702.0,30.0,7.5,480.0,120.0,10400.0,0.0,10400.0,0.0,1690.0,1014.0,0.0,0.0
historical_direct_1812_scale_only,Rome,0.8,2.0,960.0,288.0,672.0,20.0,7.0,320.0,112.0,8000.0,0.0,8000.0,0.0,960.0,336.0,0.0,0.0