

1811 

5,286,000 

1827 

3,343,970 

1812 

2,701,000 

1828 

3,889,61 1 

1813 

1,107,000 

1829 

3,681,760 

1814 

570,000 

1830 

4,192,004 

1815 

3,910,000 

1831 

4,263,477 

1816 

7,293,000 

1832 

4,347.794 

1817 

6,484,000 

1833 

4.Qe6,38» 

1818 

5,691,000 

49 


The  value  of  each,  daring  the  same  period,  was, 


Lumber  of  all 
kindL 


Naval 
■torea. 


Pot  and  Pearl      Fura  and 
aahea.  akina. 


1803  t%800,000  9460,000 

1804  2,540,000  322,000 
1806  2,607,000  702,000 

1806  2,495,000  409,000 

1807  2,637,000  335,000 
1806  723,000  102,000 

1809  1,843,000  737,000 

1810  2,537,000  473,000 

1811  3,195.000  843,000 

1812  1,638,000  490,000 

1813  636,000  91,000 

1814  258,000  31,000 

1815  1,835,000  455,000 

1816  4,001,000  798,000 

1817  3,196,000  345,000 

1818  2,958,000  537,000 

1819  2,466,000  376,000 
1890  3,203,000  292,000 

1821  1,512,808  314,660 

1822  1,307,670  447,869 
I8S3  1,335,600  457,562 
1824  1,734,586  555,055 
1S25  1,717,571  463,897 

1826  2,011,694  254,491 

1827  1,697,170  402,189 
182B  1,821,906  487,761 

1829  1,680,403  377,613 

1830  1,830,019  321,019 

1831  1,688,976  397,687 

1832  2,196,707  476,291 

1833  2,250,852  483,712 


Oak  bark  an4 
Ginaenf .      other  djea. 


9735,000  9500,000  9100,000  9225,000 

640,000  956,000  84,000  88,000 

776,000  967,000  148,000  61,000 

935,000  841,000  139,000  42,000 

1,490.000  852,000  143,000  19,000 

408,000  161,000  .  5,000 

1,506,000  323,000  136,000  29,000 

1,679,000  177,000  140,000  72,000 

752,000  314,000  79,000  112,000 

333,000  123,000  10,000  107,000 

204,000  58,000  .  118,000 

217,000  22,000  39,000  3,000 

865,000  409,000  10,000  336,000 

1,630,000  553,000  .  308,000 

1,967,000  688,000  102,000  186,000 

1,275,000  808,000  271,000  202,000 

1,419,000  481,000  39,000  146,000 

952,000  575,000  174,000  108,000 

889.348  766,205  171,786  139,534 

1,099,053  501,302  313,943  145,705 

1,770,523  672,917  150,976  111,333 

1,613,796  661,455  229,080  95,674 

1,994,381  524,692  144,599  93,809 

900,458  582,473  137,014  65,120 

043,171  441,690  79,566  79,884 

76L370  626,235  91,164  101,175 

817,434  526,507  114,396  165,406 

1,105,127  641,760  67,852  220,275 

935,613  750,938  115,928  99,116 

930,398  691,909  99,545  52,944 

814,398  841,933  183,194  93,609 


50 


o 

» 

1-9 

< 


6 

o 

.8 

En   OD 

■I « 


I 


•0 


* 


0» 


ODiO 


$i 


s 

^ 


2S 


s 

^ 


3 


g 


i 


si 


CO 


5 


^ 


e 


00  ©  O  ^  1^  3 

^  "•     CO  a  Si 


©  O  t*  CO       Oi  "^  r» 
OD  ^        QD       ©f 


1^ 

3 


S 


it 


8^    PM    ^    ^    A 
O  O  9)  ^  ^ 

»0  O  —  WOi  1^ 
•> •    •>«■>•> 

CO       -^        © 


si 


g  g  g  g  01  lO 

wgpocog  — 


s 


S^3 

'      •>       »      * 

03;© 
aB«2 


*^  "^ 


5  S 

C  CO 

^        •»       •> 

£S  = 

lO  1-^  X 
^        10 