

And  the  reader  is  here  presented  with  the  aggregate  amount  of  the  re- 
celpts  from  these  various  sources,  together  with  the  aggregate  amount 
of  the  expenditures  for  the  objects  above  specified,  for  each  year,  du- 
ring this  period. 


From  4lh  cf  March, 

• 

1789,  to  Dec.  3l8t 

Recfiplfl. 

Expenditures. 

1791 

$10,210,025  25 

$7,207,539  02 

1792 

8,740,766  77 

9,141,569  67 

1793 

5,720,624  28 

7,529,575  56 

1794 

10,041,101  65 

9,302,124  77 

1795 

9,419,802  79 

10,4.35,669  65 

1796 

8,740,329  65 

a367,776  84 

1797 

8,758,916  40 

8,626,012  78 

1798 

8,209,070  07 

8,613,517  68 

1799 

12,621,459  84 

11,077,043  50 

1800 

12,451,184  14 

11,989,739  92 

1801 

12.945,455  95 

12,273,376  94 

1802 

15,001,391  31 

13.276,081  67 

1803 

11,064,097  63 

11,258,983  67 

1804 

11.835,810  02 

12,624,&I6  36 

1805 

13,689,508  14 

13,727,114  49 

1806 

15,608,828  78 

15,070,993  97 

1807 

16,398,019  26 

11,292,292  99 

1808 

17,062,544  09 

16,764,584  29 

1809 

7,773,473  12 

13,867,226  30 

1810 

12,144,206  53 

13,319,986  74 

1811 

14,431,838  14 

13,601,808  91 

1812 

22,639,032  76 

22,279,121  15 

1813 

40,5^,814  95 

'39,190,520  36 

1814 

34,559,536  95 

'■      38,028,230  32 

1815 

50,061,237  60 

.'J^   39,582,4a3  35 

1816 

57,171,421  82    .   \ 

.  48.244,495  51 

1817 

33,833,592  33 

40,877,616  04 

1818 

21.593,936  66 

35,104,875  40 

1819 

21,605,(565  37 

24,004,199  73 

1820 

20,881,493  68 

21,763,024  86 

VtanMofHmb, 

ire«,li.D«-31«.                            BeerlpU, 

E.p*nditBr« 

18SI 

« 19.573,703  72 

«19,090.572  69 

■  laa 

20.233.437  W 

17,676.699  67 

1823 

20340,000  28 

15,314.171  00 

1834 

24,381,243  70 

31,898,538  47 

1836 

86,&10,SiS  03 

23,686,804  72 

1826 

26.a60,'134  21 

34,103,398  46 

1827 

23,966,303  96 

22,066,764  04 

1839 

24,703,029  33         . 

25,459,479  52 

1839 

24,827,627  38        . 

26.014,358  40 

1830 

21,844,116  64 

24,585.2S1  55 

1831 

28,526,820  82 

30.038,446  12 

1833 

31,866,501  46 

34,366,693  06 

«814,3e2,668  43 

$842,360,890  88 

Therece 

)ta  were  from  the  following  sources 

,  viz  :— 

From  th«  CuetoniB, 

9594,909,067  20 

"     I 

nlernsl  Revenue, 

22,235.260  81 

"      Direct  Taxes, 

13,736,888  60 

"      Postage, 

1,001.223  61 

"      Public  Landi, 

40,627,250  92 

"      Loans,  Trcaaury  Notes,  &c.. 

156,181,673  57 

"      SaW  of  Bank  Stock  and  Bonus, 

11.052.606  30 

"      Miscellaneous. 

5,428.893  33 

H-W.'H'ZX.f.-,  43 

The 

r  f^ifci^  ■■— 

Civil  L 

si,             ...             . 

$37,158,047  31 

ForcijT 

1  Intercourse, 

21.143,693  33 

MiMellsneous,     .... 

33,191,703  11 

Mililar 

arse 

als,  armories,  ordinnnce,  InWimal 

Imp 

I90.5.39,&13  21 

Revolutionary  Pensions, 

17,298,282  22 

Other  Pensions, 