

 Прирост численности населения за 1885-1897 гг., составив­ший 14,3%, в общем был менее значительным по сравнению как с предшествующим периодом (1863-1885 гг.), так и с последую­щим (за 1897-- 1 января 1914 гг.). При этом можно отметить большие различия в приросте населения отдельных губерний за эти годы. Из губерний, значительно повысивших свою числен­ность, следует вновь отметить группу южных губерний: Область Войска Донского ( + 61,2%), Таврическую ( + 36,6%) и Хер­сонскую ( + 34,8%). Почти стабильным был рост численности на­селения в некоторых центральных и черноземных губерниях, на­пример, в Рязанской ( + 1,2%), в Тульской ( + 0,7%), в Ярослав­ской ( + 2,0%), в Орловской ( + 3,8%), в Тамбовской ( + 2,9 %), в Курской ( + 4,6%).

 Несомненно, что на этот сравнительно пониженный прирост численности населения за рассматриваемый период повлияли не­урожай и голод 1891 г.

 По отдельным губерниям за период с 1897 по 1 января 1914 гг. показатели, исчисленные но данным Центрального ста­тистического комитета, безусловно, являются в некоторой степени преувеличенными. С учетом необходимых поправок численность населения 50 губерний Европейской России за 17 лет возросла примерно па 30%. В отличие от других периодов за рассматри­ваемые годы в общем не наблюдалось столь резких различий в темпах прироста населения по отдельным губерниям.

 Таблица 19

 Динамика численности населения 50 губерний Европейской России за 1863-1 января 1914 гг.

| | Губернии | Численность населения в тысячах | | | | Прирост численности на­селения в процентах | | | Прирост численности населения с 1863 по 1 января 1914 г. | |
| --- | --- | --- | --- | --- | --- | --- | --- | --- | --- | --- |
| | | 1863 г. | 1885 г. | 1897 г. | 1 января 1914 г. | с 1863 по 1885 г. | с 1885 по 1897 г. | с 1897 по 1 января 1914 г. | в тыс. | в про­центах |
| 1 | Обл. Войска Донского. | 949,7 | 1590,9 | 2564,2 | 3876,0 | 67,5 | 61,2 | 51,1 | 2926,3 | 308 |
| 2 | Астраханская. | 377,2 | 802,9 | 1003,5 | 1315,9 | 112,9 | 25,0 | 31,1 | 938,7 | 250 |
| 3 | Таврическая. | 606,3 | 1060,0 | 1447,8 | 2059,3 | 74,7 | 36,6 | 42,3 | 1453,0 | 239 |
| 4 | Минская | 1001,3 | 1646,6 | 2147,6 | 3035,8 | 64,4 | 30,4 | 40,4 | 2034,5 | 203 |
| 5 | Екатеринославская. | 1204,8 | 1792,8 | 2113,7 | 3455,5 | 48,8 | 17,9 | 63,5 | 2250,7 | 187 |
| 6. | Оренбургская (включая Уфимскую) | 1843,6 | 3117,9 | 3796,7 | 5270,0 | 69,1 | 21,8 | 38,8 | 3426,4 | 186 |
| 7 | Херсонская. | 1330,1 | 2026,9 | 2733,6 | 3744,6 | 52,4 | 34,8 | 37,0 | 2414,5 | 182 |
| 8 | Петербургская. | 1174,2 | 1646,1 | 2112,0 | 3136,5 | 40,2 | 28,3 | 48,5 | 1962,3 | 167 |
| 9 | Могилевская. | 924,1 | 1233,9 | 1686,8 | 2465,6 | 33,5 | 36,8 | 46,0 | 1541,5 | 167 |
| 10 | Волынская. | 1602,7 | 2196,0 | 2989,5 | 4189,0 | 37,0 | 36,2 | 40,1 | 2586,3 | 161 |
| 11 | Бессарабская. | 1026,3 | 1526.5 | 1935,4 | 2657,3 | 48,7 | 26,8 | 57,3 | 1631,0 | 159 |
| 12 | Витебская. | 776,7 | 1235,4 | 1489,2 | 1953,1 | 59,1 | 20,6 | 31,2 | 1176,4 | 152 |
| 13 | Киевская. | 2012,1 | 2847,6 | 3559,2 | 4792,5 | 41,5 | 25,0 | 34,7 | 2780,4 | 138 |
| 14 | Виленская | 900,0 | 1272,9 | 1591,2 | 2075,9 | 41,4 | 25,1 | 30,4 | 1175,9 | 131 |
| 15 | Московская. | 1564,2 | 2183,6 | 2430,6 | 3591,3 | 40,0 | 11,3 | 47,3 | 2027,1 | 130 |
| 16 | Гродненская | 894,2 | 1321,2 | 1603,4 | 2048,2 | 47,8 | 21,4 | 27,8 | 1154,0 | 129 |
| 17 | Самарская | 1690,8 | 2412,9 | 2751,3 | 3800,8 | 27,0 | 28,2 | 38,0 | 2110,0 | 125 |
| 18 | Подольская | 1868,9 | 2364,9 | 3018,3 | 4057,3 | 26,5 | 27,5 | 34,6 | 2188,4 | 117 |
| 19 | Харьковская | 1590,9 | 2253,9 | 2492,3 | 3416,8 | 41.7 | 10,6 | 37,1 | 1825,9 | 115 |
| 20 | Черниговская | 1487,4 | 2075,9 | 2297,9 | 3131,5 | 52,4 | 34,8 | 37,0 | 1644,1 | 111 |
| 21 | Полтавская | 1911,4 | 2653,2 | 2778.2 | 3792,1 | 38,8 | 4,8 | 36,5 | 1880,7 | 98 |
| 22 | Псковская | 718,8 | 948,1 | 1122,3 | 1425,1 | 31,8 | 18,4 | 27,0 | 706,2 | 98 |
| 23 | Рязанская. | 1418,3 | 1784,0 | 1802,2 | 2773,9 | 25,8 | 1,2 | 53,8 | 1355,6 | 96 |
| 24 | Саратовская. | 1688,6 | 2222,0 | 2405,8 | 3269,3 | 31,6 | 8,3 | 35,9 | 1580,7 | 94 |
| 25 | Смоленская. | 1137,2 | 1278,1 | 1525,3 | 2163,6 | 12,3 | 19,3 | 41,8 | 1026,4 | 90 |
| 26 | Лифляндская. | 925,3 | 1207,9 | 1299,4 | 1744,0 | 30,5 | 7,5 | 34,2 | 818,7 | 89 |
| 27 | Пермская | 2138,5 | 2649,6 | 2994,3 | 4007,5 | 23,9 | 13,1 | 36,1 | 1869,0 | 88 |
| 28 | Воронежская. | 1938,1 | 2568,7 | 2531,3 | 3630,9 | 31,0 | 0,3 | 43,2 | 1692,8 | 87 |
| 29 | Вологодская | 974,7 | 1198,6 | 1341,8 | 1751,6 | 23,0 | 11,9 | 30,5 | 776,9 | 80 |
| 30 | Орловская | 1533,6 | 1963,7 | 2033,8 | 2781,7 | 28,0 | 3,8 | 35,4 | 1248,1 | 81 |
| 31 | Тамбовская | 1974,6 | 2607,9 | 2684,0 | 3530,0 | 32,0 | 2,9 | 31,5 | 1555,4 | 79 |
| 32 | Казанская | 1607,1 | 2066,4 | 2170,7 | 2867,0 | 27,9 | 5,0 | 32,1 | 1259,9 | 78 |
| 33 | Курская | 1827,1 | 2266,6 | 2371,0 | 3256,6 | 24,0 | 4,6 | 37,8 | 1429,5 | 78 |
| 34 | Вятская | 2220,6 | 2859,0 | 3030,8 | 3926,7 | 88,7 | 5,9 | 31,8 | 1706,1 | 77 |
| 35 | Ковенская | 1052,2 | 1503,6 | 1544,6 | 1857,1 | 43,0 | 2,7 | 20,2 | 804,9 | 76 |
| 36 | Симбирская | 1183,3 | 1527,8 | 1527,8 | 2067,8 | 29,1 | - | 35,3 | 884,5 | 75 |
| 37 | Архангельская | 284,2 | 315,7 | 346,5 | 483,5 | 11,1 | 9,7 | 39,5 | 199,3 | 70 |
| 38 | Костромская | 1074,0 | 1315,5 | 1387,0 | 1822,6 | 22,5 | 5,5 | 31,4 | 748,6 | 69 |
| 39 | Владимирская | 1216,6 | 1376,0 | 1515,7 | 2027,0 | 13,1 | 10,8 | 33,0 | 810,4 | 66 |
| 40 | Новгородская | 1006,3 | 1194,1 | 1367,0 | 1671,5 | 18,7 | 14,5 | 22,2 | 665,2 | 66 |
| 41 | Тульская | 1152,5 | 1409,4 | 1419,5 | 1886,2 | 25,6 | 0,7 | 32,8 | 733,7 | 64 |
| 42 | Пензенская | 1179,1 | 1471,4 | 1470,5 | 1911,6 | 25,0 | - | 30,0 | 732,5 | 62 |
| 43 | Эстлянская | 313,1 | 387,1 | 412,7 | 507,2 | 23,6 | 6,8 | 23,0 | 194,1 | 62 |
| 44 | Нижегородская | 1285,2 | 1469,4 | 1584,8 | 2066,8 | 14,4 | 7,8 | 30,5 | 781,6 | 61 |
| 45 | Тверская | 1518,1 | 1681,8 | 1769,6 | 2394,1 | 10,7 | 5,2 | 35,3 | 876,0 | 58 |
| 46 | Олонецкая | 296,8 | 333,4 | 364,2 | 465,8 | 12,4 | 9,2 | 27,8 | 169,0 | 57 |
| 47 | Калужская | 964,8 | 1173,9 | 1132,8 | 1476,6 | 22,9 | - 3,5 | 30,3 | 511,8 | 53 |
| 48 | Курляндская | 573,9 | 667,8 | 674,0 | 798,3 | 16,3 | 1,8 | 18,4 | 224,4 | 38 |
| 49 | Ярославская. | 969,6 | 1050,0 | 1071,4 | 1297,2 | 9,4 | 2,0 | 21,1 | 327,6 | 33 |
| Всего по 50 губерниям Европейской России: | | 61175,9 [49] | 81725,2 | 93442,9 | 127776,5 | 33,6 | 14,3 | 36,7 | 66600,6 | 108 |