

21,035,853 

6,506,233 

7,821,038 

2,089,124 

1,914,467 

27,099 

52,916 

112,080 

17,925 

189,958 

11,536,201 

24,308,219 

6,567,130 

7,893,086 

401,214 

1,961,431 

29,706 

52,120 

94,710 

19,959 

211,225 

10,787,090 

24,384,080 

6,379,000 

7,812,106 

105,598 

1,952,683 

26,015 

53,844 

102,817 

18,724 

679,150 

10,263,735 

27,722,224 

6,342,555 

7,849,768 

45,12^ 

1,894,632 

27,031 

55,735 

98,629 

13,5821 

175,154 

10,658,049 

27,991,881 

6,407,649 

7,680,369 

37,137 

1,869,185 

79,372 

57,903 

106,622 

16,096 

219,140 

11,000,409 

27,140,257 

6,417,874 

7,252,083 

1,881,545 

68,730 

62,613 

250,060 

67,067 

234,000 

12,258,705 

25,242,541 

6,497,237 

6,534,727 

1,900,755 

63,244 

64,594 

312,337 

47,002 

27,400 

11,939,676 

26,489,029 

6,916,594 

5,221,340 

1,988,920 

62,534 

282*126 

49,758 

252,213 

17,038,357 

20,476,689 

7,143,671 

5,176,722 

2,081,579 

57,959 

69,998 

513,767 

65,148 

295,390 

17,598,163 

18,930,380 

6,383,110 

5,023,509 

2,110,440 

49,588 

74,370 

278,088 

9,343 

69,161 

17,9 

18,2 

6,5 

5,0 

1,9 

3 

52,894 
59,011 
19,749 
53,715 
) 2,44  9 
53,843 
72,255 
17,027 
9,172 
65,996 

17,860,056 

19,910,796 

6,843,321 

5,162,873 

1,983,790 

56,365 

77,437 

448,793 

7,543 

67,081 

17,664,207 

18,736,008 

6,795,956 

5,206,392 

1,959,415 

55,938 

72,053 

465,481 

7,906 

66,373 

17,971,500 

17,860,936 

6,769,445 

5,294,870 

1,982,212 

52,352 

363^742 

7,260 

44,684 

16,810,174 

15,229,264 

6.664.294 
5,222,718 

1.989.295 
39,258 
70,993 

373,771 

6,820 

37,927 

16,960,632 
15,755,859 
6,657,844 
5,333,686 
1,953,598 
27,257 
with  Stamps 
359,525 
12,599 
31,234 

7 

9 I 

« ] TOTAL,  Great  Britain, 
h 13  Balances  at  beginning  of  Year 

k 14  Unclaimed  Dividends 

« 15  Repayments  from  Commisrs.  of 
16  do.  Civil  List  [Exchqr.  Bills 

L 17  East  India  Company  

18  Imprests  

q 19  Sundry  Payments  

O 20  Revenue  ol  IRELAND  .... 

51,532,317 
2,182,381 
263,283 
3,485 
No  receipt 
Loans  re 
268,436 

6,514,840 

53,075,001 

2,259,045 

332,948 

8,771 

under  these  h 
lating  to  East 
261,446 

5,700,723 

52,301,107 

2,009,821 

237,513 

ads  prior  to 
India  Compc 
251,242 
83,151 
5,385,684 

54,488,169 
1,591,363 
283,810 
159,000 
822, — see  <S 
ny* 

159,054 

25,0-19 

4,702,0li 

55,123,403 
1,637,026 
83,911 
75,500 
atement  of 

123,605 

63,001 

5,155,005 

54,374,638 
J 2,995,872 
1,666 
197,500 
1,119 
*508,617 
248,320 
a 151,000 
4,847,126 

52,948,542 

2,714,500 

116,734 
18,237 
90,000 
310,110 
b 777,396 
4,293,635 

53,270,028 

2,528,549 

125,273 

8,927 

60,000 

202,826 

1,733,333 

4,659,289 

52,919,280 

2,472,361 

208,307 

2,000 

60,000 

173,678 

4,592,301 

50,526,152 

2,064,126 

64,582 

117,000 

60,000 
164,587 
c 306,366 
4,587,415 

50,3^6,111 

1,9557,884 

69,158 

272,877 

2,500 

60,000 

365,121 

4,644,289 