

1 850,000 

214,877 
133,078 
801,724 
402,339 
27,700 
143,404 
392,997 
1 56,177 

in  regard  fo  j 

Years, -see  ( 
vquer  Bills.  \ 
48,465 

850.000 

207.000 
221,264 
736,187 
248,253 

34,405 
362,807 
445,163 
143,149 
• 208,753 

54,439 
L 57,841 

:•  34,500 

. 495,462 

850.000 

207.000 
223,609 
778,549 
305,258 

27,700 
470,783 
483,066 
149,425 
221 ,028 
48,171 
13,628 
165,200 
304,545 
e 52,720 

850.000 

207.000 
228,694 

d 1,364,810 
300,102 
27,700 
220,963 
536,228 
157,749 
195,009 
64,206 
20,271 
219,200 
327,411 
e 48,424 

1,057,000 
232,178 
831,863 
301,084 
27,753 
223,343 
429,162 
153,265 
540,715 
75,273 
17,365 
125,150 
533,258 
e 699,465 

1,057,000 

278,337 

805,746 

301,428 

57,303 

199,986 

315,339 

156,089 

247,206 

70,111 

31,876 

443,300 

546,922 

579,802 

1,057,000 

207,824 

858,018 

3) 3,200 
£6,200 

240,261 

294,208 

108,178' 

209,874 

48,397 

551,900  i 

4) 57,754  i 
483,511 

1,057,000 
251,859 
846,594 
300,959 
26,200 
159,709 
| 273,270 

172,462 
421,839 
59,493 
31,608 

| transferred  1 
132,944 

1,057,000 

279,457 

81.8,032 

377,969 

26,200 

191,853 

233,942 

97,973 

427,014 

61,866 

32,937 

lo  Exchequer'  . 

899.660 

254.660 
825,928 
306,311 

26,200 
214,038 
199,263 
185 
363,452 
64,944 
38,988 
Bill  Account 
e 127,400 

* 511,314 
140,249 
1,037,459 
26,200 
203,734 
170,999 
I 1,163 
328,208 
54,651 
47,594 

510,000 
137,485 
1,338,298 
23,374 
215, .539 
76,572 
85 

310,982 

97,089 

55,047 

2]  1 
25  1 
2d  1 

27  1 

28 
* 

| 

3,080,036 

8,517,044 

6,521,714 

1,407,807 

2,620,891 

3,523,440 

880,317 

3.225,386 

9,450,651 

6,395,553 

1,538,209 

1.855,948 

3,364,324 

884,912 

2,897,12* 

8,929,42. 
9,387,79! 
1,401,581 
2,818,70! 
3,289, 58< 

867, 07^ 

3,070,761 

8,932,779 

5,943,880 

1,337,023 

2,370,043 

3,267,634 

804,200 

4,099,223 

7,698,974 

5,193,642 

1,007,821 

2,105,797 

3,277,130 

883,140 

4,300,682 

7,351,992 

5,613,151 

1, 953*366 
3,237,012 
868,170t 

4,762,767 

7,573,026 

6,161,818 

1,407,388 

2,449,149 

3,240,888 

726,754 

5,246,874 

7,579,631 

5,849,119 

1,567,087 

2,216,082 

3,175,086 

723,292 

5,091,245 

8.297.361 
6,540,634 
1,869,606 
2,566,784 

3.314.362 
715,976 

4,993,413 

7,876,682 

6,414,727 

l,9jl4,403 

2,803,248 

3,205,858 

700,598 

3,733,937 

8,084,043 

5,667,970 

1,446,972 

2,012,116 

3,236,092 

654,060 

3,604,243 

7,709,372 

5,902,339 

1,569,150 

2,485,661 

3,145,291 

651,747 

3,321,029 

6,991,163 

5,309,606 

1,613,908 

1,950,109 

3,110,253 

603,691 

2,521,571 

7,216,293 

5,689,859 

1,472,944 

2,854,013 

3,050,093 

557,275 

2,764,471 

7,129,874 

4,882,835 

1,792,317 

2,396,921 

3,064,703 

553,456 

i 

I 

27,332,436 

| 1,354,546 
j 318,521 

284,689 

1,815,927 

26,551,849 

27,203,922 

1,353,167 

316,549 

329,437 

277,699 

2,200,414 

1 26,714,983 
28,009,469 
1,351,915 
310,255 
351,275 
1 274,393 

