

43  Gums 

44  Hemp  

Hides  | 

45  Raw  .... 

46  Tanned  . . 

47  Iron  . . . . . , 

48  Isinglass  

49  J alap  

50  Juniper  Berries. . , 

51  Lemons  & Oranges 

52  Linens  

53  Liquorice  Juice. . 

54  do.  Root... 

55  Madders  

56  Mahogany 

57  Melasses  

r 58  Olive 

JS  J 59  Salad 

5 1 60  Castor  ..... 

L6t  Palm 

62  Quicksilver  

63  Rags  . . 

64  Rai«ins 

1804. 

1805. 

1806. 

1807. 

1808. 

1809. 

1810. 

1811. 

1812. 

£ 

107,410 

163,968 

180,447 

193,333 

217,320 

186,762 

21 9,322 

192,379 

215,716 

73,687 

36,785 

45,531 

45,859 

104,108 

88,526 

77,458 

94,396 

110,697 

1,970 

5,091 

2,894 

3,069 

3,068 

2,525 

2,448 

3,081 

2,928 

47,726 

39,973 

46,586 

50,029 

64,433 

54,851 

62,870 

60,157 

65,280 

308,915 

331,968 

326,907 

324,666 

339,609 

337,073 

363,310 

382,410 

385,663 

669,387 

922,124 

1,090,502 

1,107,207 

1,017,951 

1,147,486 

1,104,486 

961,762 

839,388 

44,441 

57,607 

71,429 

79,787 

97,136 

97,515 

115,283 

120,454 

127,269 

59,125 

86,745 

102,054 

93,490 

90,681 

98,047 

95,762 

j 29,801 

10,508 

30,449 

34,490 

32,981 

26,741 

18,241 

22,690 

19,270 

5,452 

2,053 

1,343,110 

1,678,751 

1,899,331 

1,924,181 

1,952,547 

2,035,4^5 

2,060,209 

1,849,842 

1.759,502 

2,537,511 

2,587,758 

3,072,795 

3,194,589 

3,818,316 

3,246,586 

3,014,074 

2,868,232 

3,580,224 

302,640 

293,165 

285,119 

356,359 

231,208 

526,730 

592,480 

. 466,636 

426,971 

313,170 

309,607 

389,511 

281,159 

215,859 

391,993 

383,814 

SJ]  16,331 

423,293 

9,541 

9,424 

16,943 

19,720 

2,714 

633 

278 

t 115 

37,517 

41,407 

59,639 

39,234 

54,222 

51,477 

50,607 

? 29,023 

54,640 

115,176 

140,011 

79,248 

60,181 

67,131 

59,  { 34 

67,198 

a-  53,411 

60,528 

3,213 

786 

2,269 

2,343 

2,061 

1,416 

1,892 

f 1,923 

3,073 

2,084 

1,466 

2,312 

2,453 

3,613 

3,487 

4,192 

b 2,753 

2,974 

4,465 

3.106 

3,462 

4.141 

3,709 

4,645 

7,381 

g 5,828 

5,491 

1,775 

1,865 

1,102 

1,972 

3,288 

2,426 

2,008 

S 2,899 

3,815 

8,101 

6.171 

4,997 

7,013 

9,587 

10,232 

8,316 

I 10,404 

7,869 

2,243 

— 

— — 

— 

6,333 

1,552 

— 

| 1,381 

1,000 

17,385 

— 

5,976 

8,110 

6,217 

8,490 

7,431 

I 9,594 

4,755 

3,945 

3,745 

2,032 

2,373 

2,045 

4,147 

5,275 

S 7.197 

5,271 

3,303 

2,684 

2,688 

3,209 

2,435 

2,404 

3,387 

1 4,792 

5,147 

i 2,584 

1,948 

1,943 

980 

718 

1,579 

877 

£ 926 

1,646 

18,610 

19,542 

18,757 

16,108 

17,773 

13,731 

21,962 

**  20,636 

11)708 

4,726,373 

5,101,436 

5,848,130 

5,924,125 

6,399,776 

I 6,366,137 

6,231,381 

5,451,923 

6,357,907 

6,453 

5,35G  1 

8,273 

7,292 

12,105 

7,537 

8,510 

4,723 

9,032 

1 

3,083 

4,881 

482 

1 2,641 

2,326 

1,846 

1,212 

5,973 

6,419 

11,837 

13,273 

8,304 

j 27,067 

49,805 

21,063 

7,762 