

Digitized  by  the  Internet  Archive 

in  2016 

https://archive.org/details/b22297042 

GREAT  BRITAIN  in  1800,  to  the  Union  of  the  two  EXCHEQURl 

STATEMENT  of  the  INCOME  & EXPENDITURE  of  I 

of  IRELAND,  from  the  Period  of  its  Union  with 

RS,  on  the  bth.  January  1817. 

1800. 

1801. 

1802. 

1803. 

1804. 

1806. 

1807., 

.£ 

1808. 

1809. 

1810. 

-£ 

1811. 

£ 

1812.  | 1813. 

814. 

1815. 

1816. 

2,750,626 

74>5 

35,105 

129,594 

3,208,123 

295,182 

119,752 

48,020 

433,500 

119A49 

4,355,491 

123[55S 

59,460 

419,417 

34,781 

„ 1R, 

4,614,691 

491,178 

141,709 

44,411 

42,250 

107,173 

4,506,078 

615,591 

166,808 

41,393 

179,133 

51,391 

108,076 

5,772,066 

720,076 

177,258 

39,545 

224.904 
15,973 

136.905 

2,823,919 

3,000,119 

769,333 

195,175 

35,302 

123,681 

3,177 

127,745 

3,208,771 

2,282,277 

818,469 

207,259 

34,777 

158,738 

2,838 

115,285 

2,382,462 

2,749,159 

831,708 

235,255 

35,039 

188,951 

3,389 

102,123 

2,533,625 

3,004,985 

887,676 

238,881 

33,372 

112,928 

4,043 

121,705 

2,898,565 

3,242,358 

910,343 

238,879 

36,775 

126,208 

162,938 

; 2,988,906 
i 3,244.085 
i 953,307 
250,656 
41,978 
1 132,618 

44,488 
163,246 

7,819,284 

•2.* 

1 

1 

2 

'34,804 

162,165 

28,398 

52,884 

40,467 

26,901 

49,370 

03,093 

2,764,592 

4,509,908 

761,329 

264,948 

10o!438 

52,765 

170,280 

2,194,715 

4,071,345 

755,605 

260,039 

10,578 

180,616 

52,274 

208,427 

297,102 

125,715 

47,217 

127,231 

62,325 

153,088 

696,481 

164,023 

40,429 

192,90j, 

130 

288,13* 

3,306,436 

4,286,092 

5,425,851 

4,751,153 

5,545,920 

5,668,470 

6,297,941, 

7,086,727 

7,078,451 

6,828,414 

6,528,086 

6,937,215 

7,616,066 

8,4 

98,202 

8,605,469 

7,733,599 

91,811 

805,132 

300,459 

688A04 

300,117 

787,312 

367,338 

1,135,954 

268,847 

1,175,492 

238,036] 

1,185,176 

, 285,571 

1 1,299,026 

257,099 

1,133,735 

212,198 

1,125,873 

505,702 

1,052,236 

313,378 

1,173,094 

195,471 

1,116,220 

129,345 

1,185,381 

2 

1,1 

97,748 

16,384 

170,498 

1,160,185 

369,477 

1,159,337 

898,943 

823,858 

1,072,061 

1,087,428 

1,503,292 

1,444,339 

1,423,212 

1,584,597 

1,390,834 

1,338,071 

1,557,938 

1,486,472 

1,311,691 

1,314,726 

1,3 

14,132 

1,330,683 

1,528,814 

2,409,493 

2,100,000 

1,487,123 

3,462,234 

3,787^877 

4,353,790 

2ll66l6G6 

3,663,715 

11,400 

2,166,667 

l,*25o[oOO 

4,074,709 

4,224,131 

4,941,284 

4,874,729 

2,000,000 

5,502,130 

2,924*747 

6,687,617 

2,000,000 

3,389,728 

5,490.343 

1,250,000 

3,011,919 

4,970,148 

6,198 

6,647,359 

5,450,743 

2,600,000 

3,406,599 

6,304,375 

1,513,000 

4,778,137 

6,504,558 

2,000,000 

5,575,862 

7,1 

2,6 

5,0 

*4,070 

r8,700 

>9,098 

7,334,786 

330.500 

10,761,189 

6,204,785 

6,600 

2,752,822 

5,996,616 

7,292,997 

8,145,456 

5,841.782 

9,367,337 