

92  Y arn  Lineu 1/0  <§>'  Cwt. 

93  Spelter  10/0  $ Cwt. 

( 94  Cotton 10  Cent. 

Manufactures  J 95  Wool 20  // 

81  Timber,  Fir 

82  Deals  and  Ends  . 

83  Masts  and  Y ards 

84  Staves  

85  Battens  and  Ends 

86  Lathv/ood 

87  Wainscot  Logs  . 

88  Oak  Plank 

89  do.  Timber 

90  All  other 

of 

4 96  Silk 30  to  40 

*97  Linen 40 

98  Corn,  Grain,  Meal,  and  Flour  Various 

TOTAL  of  98  Articles  i 

[ Years 

1814. 

1815. 

1816. 

1817.  1 

1818.  1 

1819. 

1820 

1821. 

£- 

£- 

£ 

£ 1 

£ 1 

£ 

£ 

£ 

7,4S6,998 

7,239,974 

6,653,940 

7,938,044 

6,045,600 

0,938,797 

6,262,328 

6,399,465 

9,149 

10,591 

6,293 

7,408 

8,638 

6,411 

7,079 

9,296 

12,470 

15,882 

10,718 

14,677 

13,690  ] 

16,286 

17,466 

12,919 

11,496 

6,869 

4,378 

8,281 

8,691  i 

8,321 

7,888 

10,227 

> 22,250 

i 

14,604 

13,205 

17,121 

25,623 

19,294 

24,857 

25,143 

198,539 

285,052 

131,456 

192,808 

238,053 

180,654 

156,883 

130,365 

26,501 

21,606 

16,465 

15,600 

28,200 

21,057 

19,005 

30,781 

3,855 

4,885 

2,087 

3,763 

5,446 

4,260 

3,111 

2,845 

74,400 

65,192 

43,577 

53,931 

71,540 

51,878 

44,244 

51,674 

3,632 

2,759 

2,123 

3,886 

3,643 

2,806 

3,231 

2,517 

4,047 

1,551 

3,070 

3,513 

2,483 

4,670 

3,791 

3,520 

4,316 

5,267 

3,167 

4,218 

4,172 

3,977  1 

4,326 

5,333 

44,516 

44,194 

60,980 

57,977 

53,879 

77,971 

81,415 

94,451 

21,613 

12,343 

13,436 

22,331 

16,887 

20,373 

6,428 

16,375 

19,501 

10,203 

6,909 

14,815 

28,049 

15,531 

40,028 

37,592 

44,801 

69,719 

49,805 

65,626 

88,075 

69,074 

71,190 

67,410 

19,527 

23,508 

18,240 

7,061 

12,109 

21,078 

13,906 

28,481 

50,398 

35,300 

34,985 

22,952 

51,559 

29,549 

36,419 

43,986 

3,910 

2,705 

3,283 

4,695 

5,059 

5,267 

8,078 

6,762 

5,823 

8,242 

4,474 

11,904 

8,993 

6,680 

4,914 

12,000 

7,130 

10,881 

10,636 

11,180 

15,744 

12,178 

13,687 

11,175 

7,189 

6,809 

4,626 

4,996 

7,687 

5,970 

6,362 

6,945 

132,937 

127,482 

122,563 

112,512 

127,208 

112,536 

152,295 

145,593 

2,622 

1,329 

2,906 

2,853 

3,814 

4,029 

4,157 

3,770 

60,725 

44,240 

27,559 

82,070 

150,071 

92,852 

116,395 

96,044 

4,937 

4,113 

4,858 

4,196 

4,578 

2,736 

4,852 

7,401 

> 71,099 

37,666 

31,794 

42,940 

56,527 

39,670  < 

f 24,616 
[ 13,163 

30,300 

21,713 

22,717 

13,098 

11,077 

15,657 

15,816 

13,330 

14,250 

14,420 

91,975 

88,198 

53,830 

67,947 

83,563 

85,680 

109,875 

88,360 

10,746 

22,004 

11,629 

10,712 

15,656 

8,905 

2,602 

10,093 

12,610 

42,522 

31,607 

32,522 

48,768 

35,037 

34,524 

34,369 

12,608 

12,064 

4,832 

10,616 

15,675 

5,920 

11,125 

14,193 

374,902 

472,104 

209,776 

264,788 

388,892 

311,102 

201,727 

328,140 

551,495 

736,543 

407,553 

516,778 

601,349 

475,820 

