

278,558 

236,400 

359,988 

359,651 

12 

13 

712,490 

711,491 

239,600 

81,849 

127,402 

111,096 

36,964 

52,724 

49,320 

13 

14 

32,246 

34,516 

54,262 

25,925 

40,113 

45,597 

40,137 

30,471 

30,107 

30,324 

14 

15 

39,283 

46,237 

51,407 

43,857 

24,404 

31,343 

Q 0 4 A 

39,350 

28,164 

34,262 

31,685 

15 

1 

27,943 

30,582 

36,566 

20  707  ’ 

xu,  tu  1 ^ y]  ;340 

33,346 

7,707 

35,503 

24,393 

21,071 

24,332 

lb 

17 

18 

3,764 

3,568 

4,933 

3,026 

2,051 

2,044 

2,655 

2,016 

1,324 

| 1,493 

18 

19 

1,608 

1,618 

1,724 

1,755 

1,731 

1,742 

1,729 

1,325 

709 

573 

19 

20 

4,300 

5,277 

5,761 

4,484 

5,073 

8,109 

5,798 

4,427 

6,061 

7,984 

20 

21  | 

2,141 

2,189 

2,934 

2,513 

2,574 

2,784 

2,688 

2,437 

2,205 

3,100 

21 

22 

13,670 

14,301 

16,127 

12,306 

12,488 

15,493 

17,514 

13,989 

15,158 

18,847 

22 

23  1 

2,796 

4,091 

3,879 

3,266 

3,479 

4,016 

4,729 

4,181 

3,691 

4,140 

23 

24 

1 1 ,490 

11,103 

1 1 ,(535 

7,291 

6,587 

6,312 

6,193 

6,743 

7,2  49 

6,189 

1 24 

25 

2,920 

4,729 

5,489 

2,490 

760 

812 

1,416 

1,199 

1,202 

1,169 

25 

26 

3,595 

3,648 

4 811 

2,832 

1,263 

1,397 

1,807 

1 ,663 

1,995 

1,986 

26 

27 

2,375 

2,731 

3,705 

4,350 

2,334 

2,821 

844 

642 

1,095  | 

1,101 

27 

28 

7,052 

11,130 

7,717 

2,522 

1,047 

5,919 

16,233 

1 1 ,295 

4,647  j 

3,604 

28 

29 

1,060 

2,351 

1 ,329 

829 

417 

763 

j 

— 

29 

£ 

5,702,908 

6,341,5G4 

6,872,029 

10,718,805 

12,358,397  1 

11,895,273 

12,306,640 

11,898,098 

j 

13,529,878 

12,161,141 

30 

17,893 

13,397 

20,817 

17,869 

14,136 

17,253 

20,198 

14,968 

18,274  ( 

17,135 

30 

31 

1,537 

1,686 

2,994 

2,702 

1,733 

1,876 

1,609 

1,000 

1,246 

1 ,356 

31 

32 

15,597 

26,430 

29,731 

7,753 

5,481 

5,607 

2,115 

4,931 

7,110 

32 

33 

77,304 

160,775 

15,153 

24,239 

59,890 

68,343 

59,249 

48,698 

48,00w 

16,999 

33 

34 

19,055 

30,919 

28,426 

28,480 

16,256 

25,063 

25,019 

29,981 

35,026 

26,992 

34 

35 

2,805 

1,720 

1,671 

1,762 

1,430 

2,737 

2,332 

1,865 

1,620 

2,506 

35 

36 

36,607 

20,701 

23,691 

4,873 

6,598 

7,321 

6,629 

6,987 

36 

37 

25,940 

24,350 

24,002 

25,984 

20,998 

25,647 

26,822 

24,477 

26,983 

26,415 

37 

38 

118,044 

121,613 

160,278 

263,067 

201,596 

209,335 

195,744 

147,839 

102,752 

121,256 

38 

39 

2,043 

1 001 

j o(jo 

901 

417 

228 

40 

36,840 

48,464 

81,728 

111,091 

91 ,870 

98,087 

112,044 

87,116 

64,871 

68,224 

40 

41 

9,561 

9,049 

14,138 

9,097 

2,773 

4,163 

3,621 

3,024 

4,46a 

3,455 

41 

42 

5,437 

4 782 

3 674 

5,775 

2 722 

938 

| 

43 

14,937 

14,370 

16,223 

is’oio 

15,805 

18,897 

17,299 

16,912 

15,240 

16,142  1 

43 

44 

211,102 

208,049 

236,103 

231 ,609 