

35,049 

40,563 

52,464 

50,986 

53,666 

103,362 

45,875 

50,843 

35,227 

2,050 

2,720 

3,205 

3,180 

101 

995 

943 

899 

425 

1,348 

1,722 

1,478 

1,260 

1,559 

2,040 

2,024 

1,467 

1,721 

24,427 

17,889 

28,831 

42,201 

30,106 

33,382 

28,216 

14,417 

15,332 

10,337 

11,899 

14,752 

12,587 

5,183 

14,868 

10,845 

11,478 

20,138 

2,695 

1,503  I 

1,198 

2,252 

2,095 

1,233 

2,556 

2,876 

3,354 

8.001 

4,517  ! 

4,081 

7,698 

6,471 

7,111 

6,817 

8,136 

8,528 

3,075 

22,104 

2,087 

11,967 

9,350 

7,223 

6,095 

5,997 

8,687 

6,595 

8,549 

7,376 

8,352 

8,180 

11,699 

23,414 

7,986 

7,661 

97,474 

152,711  ! 

110,628 

117,804 

120,473 

170,597 

140,097 

128,046 

119,122 

4,760 

3,576 

4,712 

5,235 

6,866 

7,154 

6,797 

6,065 

5,439 

3,778 

6,234  1 

8,581 

6,261 

4,434 

12,312 

5,867 

9,320 

6,195 

4,364 

5,976 

4,552 

5,334 

2,820 

9,091 

9,373 

4,331 

6,710  . 

5,336 

2,484  I 

6,345 

7,458 

6,972 

5,932 

7,408 

8,953 

8,566 

197,313 

169,1.67 

204,923 

209,894 

74,619 

269,083 

275,264 

148,827 

208,073 

27,861 

27,800 

15,422 

11,865 

12,514 

21,894 

30,599 

24,680 

14,137 

7,601 

9,780 

13,083 

5,405 

2,557 

6,472 

6,695 

3,079 

3,209 

79,276 

93,698 

112,536 

65,390 

56,147 

65,896 

56,792 

52,819 

42,395 

1,019 

915 

1,472 

868 

74 

1,735 

2,019 

940 

2.505 

835 

799 

1,273 

2,091 

2,813 

1,075 

969 

1,319 

2,850 

1,640 

4,094 

2,073 

2,600 

1.943 

3,188 

4,903 

1,829 

1,718 

30,463 

26,271 

38,205 

21,593 

28,852 

23,881 

27,763 

26,761 

29,061 

208,798 

133,863 

107,531 

68,219 

19,936 

111,241 

66,609 

25,641 

27,410 

19,948 

9,216 

6,105 

3,371 

7,230 

8,074 

16,225 

4,931 

6,758 

1,438 

570 

— 

— 

754 

1,582 

491 

97 

6,934 

10,099 

3,200 

7,569 

7,167 

13,149 

8,193 

3,043 

2,442 

36,296 

31,299 

22,221 

35,704 

21,391 

24,045 

50,503 

51,773 

50,762 

— 

— 

540 

461 

698 

3,075 

999 

2,270 

7,355 

11,735 

18,717 

28,298 

12,338 

28,796 

41,960 

22,084 

13,311 

21,708 

7,678 

3,978 

2,522 

4,302 

2,110 

3,810 

4,763 

1,065 

1,560 

2,277 

1,738 

2,135 

335 

479 

1,407 

2,573 

2,602 

5,194 

2,822 

1,935 

3,213 

972 

5,018 

5,785 

4,583 

5,137 

2,095 

16 

2,033 

7,230 

10,465 

8,688 

7,951 

6,723 

3,065 

9,599 

2,659 

3,263 

4,G53 

2,141 

896 

2,130 

2,649 

932 

1,217 

74,110 

I 96,257 1 

! 87,972  | 

49,804  i 

101,740 

110,427 

84,753 

73,950 

1 83,014 

3 

IMPORTED  into  GREAT  BRITAIN,  and  appropriation  thereof,  in  each  of  the  9 Years  1804  - 12 

Articles. 

1804. 

1805. 

£ 

1806. 

1807. 

1808. 

£ 

I 1809. 

£ 

1810. 

£ 

1811. 

1 1812. 

66  Rhubarb  

2,236 

2,770 

1,932 

2,269 

1,985 

2,678 

3,103 

£ 

1,890 

£ 

1,475 

67  Seeds 

22,603 

18,301 

23,687 

24,358 

! 19,818 

| 33,630 

47,373 