16,174 

12,448 

12,358 

5 Bugles  

4/ 

799 

1,722 

2,574 

423 

136 

716 

1,840 

707 

246 

579 

1,530 

1,191 

6 Cantharides  .... 

3/6  « 

607 

2,108 

746 

311 

1,158 

1,774 

1.431 

2,885 

1,290 

1,421 

1,004 

1 ! 

975 

1,307 

1,937 

997 

646 

1,976 

1,909 

1,339 

791 

564 

2,287 

3,871 

2,485 

3,496 

8 China  Ware 

. . 15  & 30  & Cent. 

789 

746 

8,904 

9 Coral  Beads  . . . 

15/10  w m 

735 

1,162 

978 

713 

572 

3,903 

1,095 

— 

492 

2,864 

1,944 

2,844 

110  Cordage 

21/6 

10/9  Cwt. 

3,251 

2,894 

2,744 

2,916 

3,987 

6,265 

7,484 

3,693 

4,099 

5,620 

5,206 

3,155 

11  Cream  of  Tartar 

30/ 

4/8  // 

1,926 

1 ,622 

2,029 

833 

910 

2,008 

2,016 

997 

2,201 

4,532 

2,903 

1,281 

12  Feathers 

88/8  44/  « 

14,547 

9,145 

11,399 

8,351 

2,415 

4,727 

12,339 

6,564 

1,901 

9,599 

8,869 

6,285 

13  do.  Ostrich . 

30/  ft 

2,639 

1,116 

2,112 

575 

154 

651 

1,707 

1,738 

2,422 

1,078 

3,895 

2,594 

14  Ginger  

23/ 

11/6  Cwt. 

1,551 

2,936 

3,662 

3,426 

3,650 

3,472 

2,236 

3,808 

2,406. 

1,890 

2,377 

4,713 

IS 

1,080 

2,839 

3,392 

2,538 

2,408 

5,984 

3,465 

2,031 

2,364 

8,204 

8,010 

5,080 

,/ 

7,320 

7,501 

2,216 

1,815 

— 

— 

1,354 

238 

5 

3,092 

1,733 

1,371 

5/  fib 

— 

— 

709 

395 

— 

543 

11 

321 

— 

1,570 

1,391 

1,415 

. 20  <$’  Cent. 

1,155 

1,058 

1,651 

720 

247 

1,535 

2,319 

1,646 

1,478 

3,078  1 

1,669 

1,682 

19  Hats,  Chip  & Straw. . 

7,850 

6,283 

7,072 

5,137 

932 

4,523 

1,907 

2 

1 ,052 

5,156  ! 

6,518 

9,451 

120  Juice  of  Lemons. 

« 

3,995 

2,299 

2,522 

1,604 

1,788 

6,292 

8,375 

765 

— 

8,085 

9,486 

7,010 

1 Lace  

14.,  506 

13,521 

12,097 

2,038 

088 

953 

1,464 

1,038 

1,970 

1,877 

1,256 

2,488 

2 Manna 

1/3  lb 

_ 

1 ,472 

235 

854 

1,462 

808 

75 

417 

1,952 

919 

1,179 

3 Matts,  Russia... 

23/9  100 

2,433 

2,193 

1,831 

5,830 

2,577 

8,335 

4,724 

4,344 

4,733 

6,261 

6,274 

2,775 

4Nutsh™.a11 

5 l Others,  as 

2/  Bushel 

4,775 

3,944 

6,023 

3,296 

3,348 

5,105 

3,523 

1,644 

2,558 

5,790 

9,412 

14,135 

Chesnuts  n u 

1,169 

226 

800 

1,505 

474 

466 

736 

260 

638 

4,020 

4,557 

3,489 

6 Opium. ........ 

• 9/ 

4/  <rib 

5,101 

18 

2,581 

1,241 

3,059 

123 

2,107 

1,624 

2,664 

1,560 

8,705 

11,637 

7,077 

5,158 

4.130 

7,045 

3,202 

2,140 

y "Pappr 

3,993 

1,717 

1,381 

794 

1,267 

1,056 

1,257 

2,363 

312 

301 

1,046 

2,222 

2,862 

6,471 

5,202 

8,944 

2,081 

9 Pictures  1/  each, 

<Sr  l/4f  Square  Foot 

4,151 

1,905 

5,577 

130  Pitch 

. 10J<$>  Cwt. 

626 

885 

1,143 

1,281 

1,060 

670 

1,057 

1,926 

1,089 

1,368 

2,776 

573 

1 Prunes  

27/6  u 

1,102 

3,617 

9,704 

4,286 

3,885 

4,629 

843 

171 

5,988 

13,982 

14,417 

8,158 

2 Rosin 

