

120 

6,188 

9,914 

6,010 

1 1 ,579 

7,700 

5,644 

0,193 

4,831 

3,175 

1,226 

2,000 

2,350 

2,309 

2,192 

1 ,908 

1 

4,723 

4,494 

5,398 

5,959 

5,107 

7,432 

8,911 

13,263 

11,938 

1,222 

714 

786 

715 

644  1 

327 

2 

1,077 

977 

842 

1,354 

1,107 

751 

1,142 

1,083 

770 

1,023 

1,444 

1,211 

1,123 

1,146  j 

1,114  , 

3 

8,023 

12,378 

5,851 

4,192 

510 

4,932 

4,154 

0,183 

7,289 

5,093 

0,988 

! 4,862 

3,693 

5,038  i 

3,866 

4 

10,500 

14,585  1 14,026 

21,235 

19,212 

21,452 

11,151 

25,034 

14,427 

13,591 

11,020 

11,948 

10,886 

13,557 

10,639 

5 

1,627 

2,701 

1,980 

2 275 

3,008 

852 

1 ,250 

1,885 

2,382 

1,261 

1 ,672 

1,758 

2,045 

1,426  | 

2,579 

6 

5,131  1 

5,027 

0,784  | 

0,983 

7,902 

7,928 

8,946 

10,112 

9,251 

11,284 

7,689 

j 6,422 

4,508 

4,528  i 

5,165 

7 

— 

— 

5,013  , 

2,104  j 

2,439 

673 

1,731 

— 

— 

— 

— 

1,363 

515  i 

1,968 

8 

1,634 

2,488 

3,385 

2,310 

3,523 

2,932 

2,104 

2,983 

1,279 

1,447 

913 

1,848 

1,430 

1,325 

1,791 

9 

6,020 

6,911 

9,206 

1 0,589 

7,538 

7,051 

0,157 

9,415 

10,102 

4,873 

3,365 

! 2,833 

2,942 

3,406 

2,757 

1 

130 

917 

1,650 

452 

1,003  1 

425 

! 570 

! 595 

745 

055 

595 

1.208 

546 

448 

738 

364 

1 

13,105  | 

17,510 

9,920 

13,448  1 

9,442 

12,193 

14,446 

12,224 

13,069 

9,532 

10,856 

9,966 

8,242 

7,539 

10,328 

2 ] 

47 

798 

50 

8 

42 

8 

18 

| 55 

3 

2,410 

2,953 

3,098 

2,578 

3,043 

4,434 

5,243 

4,029  i 

3,707 

4,954 

4,029 

j 5,205 

6,133 

5,950 

6,070  | 

4 

4,056 

3,702 

3,334 

4,499 

4,744 

5,040 

5,982 

0,636  j 

6,779 

| 0,340 

7,117  i 

8,311 

7,588 

9,027 

7,924 

5 

5,009  ! 

4,196  I 

4,366 

4,731 

5,684 

5,562 

4,078 

5,825 

3,830 

4,911 

! 5,014 

4,947  | 

4,043 

4,798 

2,840 

6 

3,097 

3,805 

2,795 

4,009  ! 

2,044 

3,750 

2,591 

2.704 

2,932 

1,947 

1 1,212  1 

961 

2,161 

1.416 

948  i 

7 

1,070 

1,117 

400 

1,747 

1,392 

4,290 

9,031 

2,005 

1,821 

2,570 

1,493  ! 

1,280 

1,130 

1,337 

1,018 

I 

8 

2,574 

2,400 

4,009 

4,308 

3,030 

5,131 

4,506 

3,917 

5,437 

3,132 

762  1 

992 

990 

1,813 

1,116 

9 

2,400 

3,840 

3,334 

2,870 

2,048 

1,931 

1,865  | 

1,447 

1,619 

1,502 

1,419 

1,528 

1,400 

1,318 

1,087 

140  1 

4,292  j 

3,473 

2,528 

2,242 

3,080 

2,377 

3,399 

3,855 

1,771 

1,837 

1,515 

1,294 

1,434 

1,179 

1 ,260 

1 

1 1 

1,850 

2,894  j 

2,757  | 

2,402 

3,474  ! 

2,896 

3,293 

3,527 

2,633 

1,455 

1,673 

1 ,372 

732 

817 

823 

2 

5,404  i 

4,871  1 

1,634 

1,045 

1,517  | 

1,208 

2,429 

2,941 

3,810 

2,737 

4,335 

5,476 

4,621 

0,875 

4,506 

3 

378 

202 

287 

1,154 

885 

1,152 

1,216 

1,534 

3,303 

363 

299 

554 

— 

— 

4 

3,535  , 

2,497 

2,511 

1,089 

3,942 

