

V.  9 Tapioca 

' ^ Cwt 

— 

1,107 

1,013 

9 

Articles  of  Merchandize,  IMPORTED  into  GREAT  BRITAIN,  in  each  of  the  28  Years  1815  — 31. 

, 1817. 

1818. 

1819. 

1820. 

1821. 

1 1822. 

1823. 

1 1824. 

1826. 

1826. 

1827. 

1828. 

1829. 

| 1830. 

1831. 

1832. 

1833 

1 

-£- 

£ — 

£ 

£ 

£ 

£ 

£ 

99 

! 3,159 

" “A*" 

4,045 

3,665 

2,742 

2,504 

3,313 

4,069 

4,992 

4,950 

4.096 

5,785 

5,955 

4,881 

4,210 

£ 

3,905 

100 

i 4,776 

1.577 

2,670 

2,680 

,343 

5,044 

3,990 

1 3,580 

5,523 

3,186 

5,452 

5,323 

2,222 

1 ,432 

765 

1 

| 1,796 

3,339 

1,185 

622 

1.524 

2,900 

3,309 

i 3,054 

1,454 

498 

1,112 

1,411 

1,050 

2,040 

1,401 

I 

2 

| 2,690 

2,822 

2,460 

2,121 

2,023 

2,235 

3,573 

3,639 

4,516 

4,313 

5,872 

5,543 

4,327 

5,270 

5,316 

I 

3 

| 985 

2,033 

1,946 

2,854 

1,341 

3,414 

1 ,573 

2,043 

9,143 

8,107 

6,222 

7,040 

8,137 

7,733 

6,889 

4 

13,472 

16,957 

14,814 

12,235 

12,042 

12,598 

14,652 

16,616 

16,825 

10,411 

10,945 

10,851 

11,102 

11,811 

9,206 

1 

5 

1,831 

1,906 

2,540 

2,522 

3,655 

4,634 

3,231 

1,400 

3,373 

1,114 

1,021 

1,842 

1,344 

2,747 

3,341 

0 

2,419 

1,658 

1,819 

2,618 

2,012 

2,422 

2,494 

2,481 

2,500 

3,413 

3,561 

3,459 

2,473 

2,704 

2,065 

7 

2,491 

2,207 

2,132 

2,246 

2,820 

i 4,007 

3,299 

2,833 

3.522 

1,829 

2,028 

2,957 

1,096 

1,722 

1,783 

8 

3,563 

4,844 

3,812 

! 3,472 

3,730 

5,015 

5,310 

5,397 

5,801 

5,209 

5,239 

0,778 

6,365 

7,027 

5,087 

9 

310 

2,004 

2.032 

1,972 

2,984 

I 2,287 

2,099 

2,105 

4,244 

1,602 

2,356 

2,944 

2,670 

2,758 

2,976 

no 

2,277 

3,029 

1,966 

1 ,842 

1,915 

I 2,879 

1,802 

1,699 

545 

649 

1,091 

1,183 

96 

146 

227 

11 

3,372 

3,854 

3,390 

3,589 

5,542 

5,119 

6,272 

6,864 

5,284 

1,491 

2,472 

1,850 

1,976 

2,654 

2,219 

12 

3,236 

4,766 

3,002 

3,097 

2,345 

2,939 

2,646 

2,626 

4,237 

5,918 

5,497 

6,824 

6,044 

4,560 

4,655 

13 

1,261 

2,359 

3,350 

7,340 

8,906 

9,725 

12,568 

11,821 

4,293 

843 

565 

960 

786 

1,062 

953 

14 

7,380 

8,001 

0.477 

5,395 

4,256 

6,310 

6,070 

7,939 

6,132 

7,303 

6,891 

4,189 

3,345 

3,560 

: 2,755 

15 

5,369 

7,442 

5,961 

7,959 

7,824 

7,862 

8,177 

10,596 

17,189 

9,777 

11,543 

12,189 

10.909 

11,483 

110,316 

16 

1,236 

1.875 

985 

584 

855 

1,267 

1,047 

1,255 

3,094 

2,564 

3,372 

4,929 

5,799 

5,650 

5,501  l 

17 

1,347 

1,093 

1,570 

1 ,959 

2,213 

2,471 

2,032 

2,514 

2,334 

2,873 

2,704 

2,066 

591 

846 

! 727 

18 

1,160 

2,738 

2,227 

2,635 

2,629 

2,473 

3,348 

4,132 

4,058 

3,398 

3,169 

1,145 

202 

213 

! 113 

19 

25,405 

33,233 

33,459 

24,570 

38,180 

37,221 

38,273 

58,668 

69,854 

57,996 

73,276 

76,747 

63,853 

48,281  [ 

|26,o23 