4/9  a 

278 

528 

! 675 

769 

881 

1,232 

574 

81 

203 

1,627 

1 ,280 

170 

3 Sarsaparilla  .... 

. 1/3  ^ lb 

1,581 

2,332 

1,319 

958 

569  j 

987 

2,042 

1,413 

461 

847 

549 

1,581 

4 Senna 

//  // 

3,888 

1,479 

57 

3,569 

599 

1,905 

773 

1,744 

1,927 

2,402 

1,251 

1 ,923 

1,799 

3,291 

1,687 

3,603 

2,464 

3,211 

3,145 

3,962 

5 Shawls 

..  67 1 

r 30  Cent. 

4,119 

5,130 

4,455 

6,479 

G Ships  Hulls 

14,938 

9,464 

14,399 

11,184 

40,072 

30,965 

30,886 

20,231 

15,313 

34,937 

12,928 

4,099 

7 Soap  

. 90/  Cwt. 

1,152 

444 

— 

— 

— 

— 

— 

— 

— 

— 

8 Stone,  Marble,  &c.  . . . 

2,326 

3,268 

3,484 

2,266 

641 

148 

667 

520 

1,008 

2,650 

4,000 

5,145 

9 Succades 

...  3d.  lb 

1,005 

802 

925 

, 1,439 

1,022 

1,889 

2,414 

2,131 

1,887 

3,170 

2,889 

2,499 

Sponge 

3,408 

494 

140  Tamarinds  

2,080 

981 

1,007 

j 871 

955 

1,440 

1,366 

1,633 

1,482 

2,752 

4,648 

1,991 

1 Tortoise  Shell. . . 

..  1/  - 

1,435 

1,730 

1,947 

1,112 

1,897 

2,271 

2,352 

2,578 

2,353 

2,735 

4,407 

2,403 

2 Verdigris 

. . 2/  „ 

3,877 

3,572 

692 

748 

669 

3,989 

1,639 

5,582 

19,534 

4,161 

10,475 

7.201 

3 Vermillion  

• • 1/  " 

64 

2,404 

1 ,766 

1,464 

992 

1,173 

407 

529 

545 

1,103 

261 

387 

4 -v  V Cotton 

5 Yarn  \ Mohair 

..iod.  ^ib 

2,081 

1,699 

523 

560 

1,174 

3,778 

2,447 

920 

199 

709 

1,818 

2,872 

...id.  „ 

4,695 

1,241 

4,466 

2,185 

1,918 

583 

1,456 

1,532 

151 

1,560 

3,950 

1,907 

6 Y ellow  Berries  . . 

. 14/  iff  Cwt. 

1,487 

426 

1,122 

1 239 

637 

761 

1,216 

438 

169 

1,412 

3,009 

1,719 

7 Zaffres 

...  Id.  ^lb 

2,889 

1,725 

I 3,324 

1,806 

245 

9,964 

4,092 

1,442 

353 

6,900 

5,640 

1,979 

8 Carpets,  Turkey 

. 20  Cent. 

2,427 

, 1,516 

1,921 

1,024 

1,757 

1,400 

3,289 

1,998 

1,645 

2,584 

4,404 

3,707 

9 Galls 

11/2 

5/  ^ Cwt. 

1,222 

1,387 

I 921 

1,003 

663 

1,011 

1,189 

2,344 

492 

812 

1 ,222 

2,048 

150  Hair,  Cow,  &c. 

16/ 

2/6  •/ 

1,477 

2,370 

1 1,782 

1 ,328 

j 1,021 

1,536 

5,742 

1,587 

896 

1,154 

1,672 

461 

1 Mother  of  Pearl  Shells 

25  & Cent. 

1,890 

2,063  3,033 

2,560 

2,193 

2,894 

3,530 

4,333 

4,699 

12,179 

8,396 

10,412 

2 Pearls 

1,724 

713 

1 922 

2., 172 

2,702 

5,209 

5,597 

1,021 

1,761 

1,117 

329 

274 

3 Saffron ......... 

l/tf’fc 

341 

429 

: 796 

2,522 

1,039 

3,235 

871 

590 

133 

772 

— 

4 Turmeric  

. 2/4  Cwt. 

, 1,065 

1,185 

226 

1,099 

1,203 

1,169 

503  933 

| 3,003 

5,414 

4,615 

2,761 

/ 105  Antimony  . . . . 

..  15/ 

Cwt. 

664 

991 

921 

These  articles  were  not  specifically 
enumerated  prior  to  1814. 

\ 6 Arsenic  

< 7 Ebony  

J 8 Lignum  Vitae  . . 

. 14/3 

..  11/2 

Ton 

2,052 

249 

624 

559 

537 

287 

35 

402 

437 