

3,940 

49 

29,872 

28,025 

! 27,113 

x 3,507 

2,958 

4,590 

5,530 

3,468 

5,988 

5,885 

50 

) 6,310 

3,761 

5,002 

4,561 

4,533 

4,458 

6,073 

51 

1 ,982 

911 

1,729 

1,243 

1,255 

1,410 

1,921 

52 

53 

209,062 

247,371 

230,242 

'41,990 

99,635 

97,749 

j 87,910 

81,124 

74,319 

105,176 

53 

54 

44,077 

44,054 

46,828 

41,437 

22,354 

25,650 

33,917 

36,505 

42,150 

32,341 

54 

55 

4,445 

5,764 

526 

3,108 

1,694 

2,219 

| 2,512 

2,418 

1,253 

1,025 

55 

56 

60,732 

59,270 

77,064 

30,555 

18,460 

21,028 

20,342 

18,310 

20,735 

20,464 

56 

57 

2,592 

4,657 

3,233 

3,320 

3,899 

3,686 

3,582 

3,303 

3,420 

4,037 

57 

58 

3,554 

3,883 

3,579 

3,711 

4,318 

4,321 

3,857 

4,251 

3,612 

3,422 

58 

59 

3,904 

6,103 

2,897 

1,604 

3,460 

4,189 

I 5,231 

6,965 

5,656 

3,790 

59 

00 

88,300 

98,572 

84,455 

76,720 

83,152 

63,911 

57,705 

52,817 

59,246 

63,830 

60 

01 

19,182 

21,254 

21,496 

17,554 

19,980 

23,216 

23,355 

20,403 

21,192 

21,941 

61 

62 

57,152 

47,059 

52,515 

33,232 

16,506 

28,785 

33,204 

23,578 

17,613 

18,582 

62 

::3 

67,737 

80,682 

86,218 

88,418 

48,694 

66.442 

72,656 

62,365 

59,890 

46.233 

63 

64 

39,260 

80,386 

119,512 

165,625 

138,987 

205,290 

188,984 

192,405 

159,683 

156,578 

64 

65 

56,744 

50,098 

65,018 

43.414 

27,893 

35,260 

57,809 

44,578 

71,781 

63,134 

65 

66 

8,012 

8,603 

12,799 

9,910 

11,638 

4,055 

6,312 

4,456 

4,223 

4,106 

66 

57 

8,134 

8,832 

9,283 

10,617 

11,782 

12,239 

15,071 

21,924 

22,428 

21,933 

67 

68 

11,120 

10,167 

12,544 

9,282 

5,099 

4,941 

5,269 

4,066 

4,952 

4,788 

68 

69 

8,222 

11,022 

11,827 

6,157 

1,621 

2,000 

1,945 

2,206 

2,313 

1.854 

69 

70 

136,080 

170,777 

163,667 

157,913  ! 

166,490 

159,518 

168,271 

130,914 

158,547 

168,384 

70 

71 

5,016 

4,317 

4,737 

7.300 

3,458 

5,418 

5,103 

4,289 

4,324 

5,182 

71 

72 

101,908 

85,542 

200,920 

214,699 

124,489 

160,297 

162,797 

115,330 

134,783 

148,936 

72 

73 

3,758 

6,840 

8,561 

5,354 

2,413 

3,166 

4,107 

3,359 

5,276 

6,033 

73 

74 

40,120 

58,037 

41,676 

23,519 

14,153 

20,987  1 

22,436 

16,827 

17,197 

18,547 

74 

75 

19,929 

19,805 

28,148 

23,767 

14,461 

21,976 

29,615 

32,641 

31,936 

28,468 

75 

76 

18,712 

14,835 

14,992 

14,398 

10,731 

11,554 

12,868 

8,379 

9,312 

8,350 

76 

77 

107,991 

113,473 

122,033 

167,821 

144,188 

176,662 

153,508 

146,778 

180,531 

137,867 

77 

78 

13,224 

13,002 

14,574 

6,980 

7,622 

9,118 

7,975 

4,604 

8,644 

7,359 

78 

79 

42,050 

58,074 

69,262 

49,366 

40,204 

1,673 

66,458 

59,110 

57,689 

65,229 

79 

10 

12,320 

12,615 

10,263 

10,030 

9,644 

12,393  1 

6,661 

4,971 

5,893 

10,260 

80 

11 

452,813 

