

— 

— 

3,687 

7 

| 

2b 

24,753 

H 19,509 

1 19,136 

30,051 

16,521 

17,774 

9,847 

£ 12,782 

5 13,591 

^ • go  000 

28 

1,129,229 

1,041,930 

989,759 

841,503 

947,826 

1,056,324 

1,116,537 

I 170,634 

29 

77,172 

64,492 

54,35  1 

29,065 

23,473 

33,498 

36,293  S 

[ 1,118,484 

30 

S7.934 

83,759 

44,320 

40.511 

32,430 

39,134 

i i 

i 48,611 

31 

4,418 

18,401 

13,041 

5,038 

3,631 

2,90 

2,429  S 

i _ 1 

» 3,930 

j 

32 

12,695,005 

12,689,691 

16,7  13,757 

17,252,351 

17,627,950 

17,642,362 

17,524,138  i 

i 

16,688,586 

3 ) 

891,409 

953,837 

1,512,961 

1,299,351 

1,376,045 

1,376,001 

1,372,089  < 

| 19,505,312 1 

1,479,905 

54 

80,262 

93,116 

72,364 

44,833 

49,635 

47,951 

40,476 

47,482 

57,351 

3S 

15,246 

15,647 

21,673 

31,111 

42,160 

13,27  4 

9,076 

9,321 

11,873 

36 

167,382 

230,755 

228  319 

335,784 

434,129 

287,003 

390,815 

419,356 

497,269 

37 

2,851 

1,059 

3,096 

18,858 

6,790 

3,880 

1,811 

8,691 

975 

38 

13,852,155 

13,984,105 

18,552,170 

18,982,288 

19,536,709 

19,370,471 

19,338,405 

19,990,092 

18,735,959 

39 

924,712 

844,496 

777,634 

733,622 

839,886 

920,701 

998,610 

1,286,753 

1,123,435 

81,731 

43,513 

105  051 

41 

35*7 10 

40,787 

36,297 

54,348 

73,615 

63,282 

50,1 65 

44,511 

42 

39,222 

34,290 

566 

57 

62 

— 

4,84  4 

n 36,690 

46,654 

43 

23,1 07 

27,986 

26,568 

9,942 

9,879 

8,565 

6,782 

5 5,753 

5,487 

44 

31,732 

39,450 

51,271 

27,817 

26,418 

36,581 

39,173 

-5  33,879 

36,711 

45 

1,  41 

2,486 

1,040 

290 

7 

— 

— 

•3 

— 

46 

61 

15 

86 

5 

59 

30 

29 

3 16 

80 

47 

4,629 

3,302 

4,142 

3,254 

3,044 

3,118 

2,671 

a 2,008 

1,796 

48 

150 

349 

1,112 

2,476 

1,024 

2,194 

5,153 

^ 4,946 

6,480 

49 

4,719 

8,179 

8,562 

11,383 

9,198 

7 13,719 

9,861 

50 

1.094 

662 

665 

285 

166 

236 

104 

® 122 

125 

51 

33,393 

7,846 

6,744 

10,722 

3,493 

6.343 

1,262 

2 18,956 

1,922 

52 

20,717 

21,855 

23,815 

25,542 

24,351 

27,055 

21,722 

| 20,664 

12,056 

53 

1,206,402 

1,100,422 

1,044,H0 

870,568 

971,299 

1,089,821 

1,152,830 

1,473,671 

1,289,118 

"i 

54 

44,764 

iS  *508,529 

98,297 

50,972 

52,530 

47,026 

42,392 

60, 1 96 

52,864 

55 

1,7 1 2 

1 3,39 

4,667 

6,127 

6,538 

8,992 

11,605 

84 

565 

| 

| 

56 

62,714 

« 70,325 

24,909 

12,068 

— 

4,140 

14,149 

9,697 

10  575 

i 

57 

12,117 

■5  9,177 

16,378 

13,804 

10,733 

8,328 

1 1 ,045 

13,776 

5,195 

| 

58 

207,286 

E 248,566 

195,064 

108,154 

137,648 

143,334 

120,086 

116,179 

112,780  1 

59 

73,392 

8 79,711 

75,534 

34,177 

35,969 

27,177 

25,152 

24,099 

26,973  | 

60 

10,698 

| 13,034 

14,452 

36,384 

16,282 

22,730 

11,349 

7,203 

10,180 

61 

62 

32,980 

29  132 

63 

6,800 

8 7,300 

6,700 

