

13  Leather 

444,361 

751,717 

731,235 

739,720 

648,082 

647,135 

689,243 

696,517 

661,800 

TOTAL  of  the  above  £ 

17,948,807 

18,125,730 

20,328,055 

20,924,053 

19,476,077 

14,S58,438 

17,106,962 

16,996,464 

20,391,725 

14  Tea  

2,471,067 

4,103,360 

3,885,668 

3,460,270 

2,796,869 

2,830,203 

3,173,879 

3,118,788 

3,133,396 

15  Printed  Calicoes  & Paper 

989,729 

1,210,856 

1,284,631 

1,333,892 

1,137,927 

1,164,838 

1,567,453 

1,523,017 

1,601,049 

16  Auctions  

351 ,969 

361,721 

323,603 

283,913 

257,761 

251,452 

275,966 

277,202 

245,407 

17  Bricks  and  Tiles 

326,896 

305,930 

254,916 

272,055 

238,078 

250,180 

320,351 

374,377 

330,258 

18  Candles 

334,060 

330,358 

336,485 

363,148 

371,613 

353,822 

366,729 

370,295 

375,748 

19  Soap  

683,726 

751,743 

692,816 

772,037 

878,670 

1,005,724 

1,042,630 

1,003,095 

1,074,415 

20  Glass 

519,453 

750,967 

841,146 

866,382 

804,505 

746,663 

927,282 

958,466 

801,483 

21  Licences  

498,637 

496,152 

502,160 

778,853 

665,632 

648,303 

702,981 

680,474 

720,474 

22  Paper  

473,688 

462,939 

482,267 

499,846 

470,912 

469,926 

543,162 

516,157 

524,189 

23  Starch  

33,397 

40,582 

60,365 

53,577 

40,013 

34,736 

60,554 

60,555 

65,798 

24  Stone  Bottles  

253 

2,544 

1,954 

1,963 

1,174 

827 

2,692 

2,978 

2,727 

25  Sweets  

22,116 

29,973 

27,129 

21,148 

13,206 

9,750 

15,378 

13.100 

4,551 

26  Vinegar  

39,886 

43,389 

44,686 

47,633 

41,863 

37,937 

40,648 

47,544 

42,254 

27  Fines  and  Forfeitures  .... 

18,490 

16,709 

21,936 

20,212 

28,273 

18,000 

16,601 

17,910 

19,166 

TOTAL  Gross  Receipt  £ 

24,712,234 

27,032,965 

29,087,817 

29,698,982 

27,222,574 

22,680,799 

26,163,268 

25,960,422 

29,332,640 

in  hands  < Imprests  ........ 

29,227 

29,039 

28,910 

27,200 

26,879 

26,860 

26,800 

26,800 

26,800 

of  (.  Receiver  General 

65,899 

51,913 

47,516 

112,282 

157,819 

203,459 

97,230 

132,764 

133,590 

Total  Sum  to  be  accounted  for  £ 

24,807,300 

27,113,917 

29,104,213 

29,838,464 

27,407,272 

22,911,118 

26,287,298 

26,119,986 

C 
1 1 
1 1 

Discharged  as  follows,  Viz. 

f 32  W ines  

61.901 

65,978 

83,935 

68,498 

54,130 

48,780 

48,744 

43,034 

43,230 

9 | 33  Beer  

42,593 

6,162 

55,956 

62,044 

66,149 

57,340 

58,389 

38,605 

44,769 

IS  -3  5 1 34  Glass 

139,701 

304,366 

480,039 

441,594 

408,146  , 

373,389 

410,130 

333,446 

306,986 

-5  § C;  j 35  Leather 

22,348 

56,352 

46,715 

41,377 

33,358 

47,354 

45,971 

49,439 

39,819 

* ^ ? i 36  Paper  

29,686 

29,800 

28,475 

23,827 

21,483 

22.172 

24,320 

22,493 

19,293 

Q ^ I 37  Printed  Calicoes 

196,978 

771,980 

798,285 

945,816 

718,170 

824,668 

1 ,079,603 

877,832 

935,661 

^ | 38  Soap  

17  168 

37,668 

30,287 

24,278 