6,200 

“71 

64 

1,109,530 

1,094,673 

136,176 

1,157,494 

1,078,470 

1,078,579 

1,044,799 

1 ,024,396 

1,053,834 

6 ~i 

66 

26,709 

33,784 

48,789 

51,407 

30,305 

20,395 

19,566 

37,226 

26,092 

I 

67 

49,564 

48,392 

58,966 

88,106 

107,172 

91,681 

98,295 

87,878 

87,703 

68 

150,082 

25,500 

28,010 

5,633 

46,769 

126 

31,287 

43,026 

3,017 

69 

85,613 

87,908 

143,348 

173.431 

173,735 

160,876 

186,206 

167,626 

99,607 

70 

24,777 

47,057 

27,683 

42,424 

44,469 

36,901 

34,250 

37,587 

78,184 

71 

72 

10,406,438 

10,239,742 

15-194,256 

15,766,764 

16,391,839 

16,125,120 

16,023,861 

16,343,562 

15,336,716 

73 

340,577 

325,453 

430,586 

532,715 

352,108 

442,178 

484,750 

557,468 

542,556 

[ 

74 

13,852,155 

13,984,105  | 

18,552,170 

18,982,288 

19.536,709  1 

19,370,471 

19,338,405 

19,990,092 

18,735,959  1 

14 

ST  AT  EM  ENT  showing  the  Gross,  Receipt  of  EXCISE  Duty  in  GREA  T BRITAIN,  on  each  of  26  articles  subject  thereto,  in  each  of 
20  Years  1812-  1831  ; the  amount  of  Drawback  on  each  of  the  principal  articles  EXPORTED ; of  Repayments,  Superannuations,  and 
other  Charges,  and  Nett  Payments  into  the  EXCHEQUER,  in  each  Year.  * * The  Bounties  in  line  45  ceased  in  1821  ; the  amounts  in 
that  line  after  that  Year,  are  J'oi  Corn  Returns. 

[ Years 

1812. 

1813. 

1814. 

1815. 

1816. 

1817-  i 

1818. 

1819. 

1820. 

-£ 

X* 

f 1 Hops  

273,934 

53,563 

233,634 

238,355 

213,971 

80,756 

115,164 

349,020 

419,130 

LJ  | 2 Malt 

4,351,896 

4,898,258 

5,808,375 

6,092,264 

5,978,728 

2,093,077 

3,196,241 

2,799,113 

4,937,660 

S I 3 Beer 

3,150,647 

2,969,109 

3,105,335 

3,392,087 

3,279,617 

2,669,163 

3,038,779 

3,006,732 

2,907,076 

£ 1 Snirifs  $ 4 British 

3,177,079 

2,607,068 

3,466,984 

3,459,094 

2,898,445 

2,762,834 

3,312,258 

2,867,288 

3,110,715 

Q J **pirits  \ 5 Foreign  .... 

2,405,286 

2,524,746 

2,878,269 

2,660,431 

2,348,532 

2,277,090 

2,266,843 

2,495,202 

2,529,587 

L.6  Wine  

1,110,556 

1,167,876 

1,287,891 

1,121,424 

950,134 

1,153,332 

1,288,841 

1,043,509 

1 ,039,248 

TOTAL  DRINK  £ 

14,469,998 

14,220,020 

16,780,4S8 

16,963,055 

15,669,427 

11,036,252 

13,218,126 

12,560,86-1 

14,943,416 

7 Tobacco  and  Snuff 

1,236,493 

1,318,512 

1,048,306 

1,408,213 

1,397,557 

1,483,943 

1,486,522 

1,872,107 

2,559,629 

8 Cocoa  and  Coffee 

133,612 

131,594 

97,141 

100,347 

117,825 

136,040 

122,826 

219,737 

404,557 

26,342 

142,098 

1,603,467 

10  Salt  

1,635,940 

1 ,665,205 

1,631,048 

1,678,425 

1,624,367 

1,523,190 

1,568,492 

1,549*352 

11  Wire,  Gold  and  Silver  .. 

12,780 

12,888 

12,158 

11,701 

9,470 

8,963 

9,633 

8,577 

11,568 

12  Cyder  and  Perry 

15,683 

25,200 

27,679 

21,992 

9,349 

22,915 

12,120 

62,968 

65,190 