

144 

144 

44 

174 

Cobalt 

624 

210 

8 

...20#'  Cent. 

1,332 

1,480 

1 ,677 

1,926 

1 ,724 

1 ,726 

1,505 

1,012 

785 

1,039 

1,038 

843 

969 

9 

50  25 

// 

2,297 

1 ,799 

2,042 

3,387 

4,247 

4,913 

4,900 

3,693 

3,728 

5,663 

5,906 

6,348 

6,099 

180 

7/#m 

987 

536 

868 

616 

874 

464 

878 

844 

433 

785 

682 

799 

142 

1 

. . 10</.  # 120 

7,532 

11,077 

14,075 

17,585 

17,319 

17,985 

22,389 

21,717 

23,063 

22,920 

22,167 

18,506 

20,373 

2 

£13  1 3 Cargo 

745 

810 

810 

810 

797 

823 

1.032 

1,129 

1,238 

1,270 

1,113 

925 

1,082 

3 

. . 25  # Cent. 

1,586 

1,246 

1,739 

2,326 

2,611 

3,207 

1,856 

930 

1,157 

1,017 

856 

777 

607 

4 

..  20 

u 

1,012 

1,936 

1,756 

1,826 

2,208 

2,764 

1,651 

1,717 

1,860 

1,837 

1,704 

1,641 

2,145 

5 

. . 2/4  # Cu  t. 

2,402 

1,796 

1,883 

2,520 

2,611 

3,536 

2,587 

1,045 

793 

1,267 

1,264 

1,402 

1,953 

6 

50  20  # Cent. 

1,538 

1,551 

853 

985 

1,019 

1,887 

1,191 

1,135 

1,385 

877 

1,156 

1,142 

1,430 

7 

....20 

0 

698 

529 

512 

957 

879 

1,260 

965 

879 

1,026 

1,055 

1,673 

1,965 

1,617 

8 

....  1/8#  ft 

755 

730 

540 

951 

978 

822 

; 1,300 

716 

976 

1,018 

956 

1,206 

732 

9 

various 

4,787 

3,303 

3,910 

5,869 

6,986 

7,418 

8.430 

7,012 

7,546 

9,722 

6,740 

7,831 

7,539 

190 

. . 6/9  # Cwt. 

771 

1,240 

1,630 

995 

2,245 

895 

1,040 

1,189 

1 828 

1,361 

1,191 

955 

451 

1 

....  1/3#  ft 

650 

574 

456 

690 

699 

863 

1,109 

940 

992 

153 

442 

546 

649 

2 

1 2,379 

1,837 

1,594 

1,226 

~[  148 

313 

4,245 

0,198 

21 

Hops  ] 

3 

....  6/4  # ft 

3,364 

3,439 

3,013 

3,222 

2,166 

1,134 

1 ,382 

1,003 

j 1,447 

1 ,395 

1,605 

1,919 

1,660 

4 

£18  18#  Tun 

896 

1,275 

719 

691 

602 

1,517 

1,041 

2,005 

1 1,423 

2,412 

1,856 

2,288 

1,808 

5 

£3  16#  Ton 

278 

147 

263 

112 

168 

296 

176 

196 

196 

374 

528 

1,428 

480 

6 

various 

404 

396 

■ 

— 

3,378 

3,731 

5,457 

3,264 

4,287 

3,794 

2,999 

525 

1,418 

7 

..  20/  # Cwt. 

7,599 

4,572 

5,795 

5,907 

5,503 

9,183 

10,849 

6,160 

! 7,276 

8,027 

8,629 

10,490 

8,484 

8 

4/  « 

— 

— 

— 

— 

2,562 

852 

1,458 

1,378 

j 1,303 

1 3,481 

2,946 

2,323 

2,029 

9 

..  3 /ty  Bushel 

1,338 

341 

337 

550 

522 

587 

1,615 

2,225 

815 

686 

. . 6/  # Gallon 

995 

641 

501 

863 

1,175 

803 

887 

706 

769 

...  3d.  # ft 

937 

1,261 

1,071 

740 

593 

351 

347 

350 

329 

..  15/  # Cwt. 

364 

322 

147 

304 

439 

1,759 

1,000 

302 

481 

..  2/  # Gallon 

413 

40) 

394 

447 

793 

724 

855 

241 

512 

....  5/  # Cwt. 

555 

458 

787 

1,343 

1,789 

2,486 

1,543 

374 

469 

..  20  i 

y Cent. 

2,692 

1,871 

1,507 

1,895 

1,862 

2,587 

2,617 

2,012 

..  10 

