

328,274 

615,329 

391,073 

189,427 

265.676 

257,184 

* f 7 TmnrP«t«  . . . 

185,786 

205,338 

2,550 

3,140 

389 

297,285 

. 

- 

38 

i Total  Sum  to  be  accounted  for.  £ 

15,185,695 

14,852,134 

12,698,573 

14,201,065 

14,464,091 

13,080,753 

12,550,059 

12,957,855 

12,569,100 

f 39  Sugar  

1,334,773 

1,552,545 

1,540,142 

1,685,525 

1,725,872 

1,287,140 

1,619,948 

1,499,120 

•j  *888,458 

S5! 

5 

40  Brimstone  

34,974 

47,458 

48,279 

43,897 

55,217 

61,269 

53,815 

58,050 

| 64,810 

1 Wines  

60,117 

64,044 

49,246 

41,219 

41,819 

37,803 

38,271 

40,648 

| 42,576 

2 Silk 

65,034 

68,532 

58,370 

44,577 

47,578 

47,505 

38,376 

42,591 

i 44,622 

: 

3 Hemp  

4,132 

24,943 

23,060 

17,914 

18,961 

a 15,460 

17,627 

16,377 

| 11,837 

j! 

1 

4 Timber  

16,133 

23,348 

21,191 

12,614 

17,058 

25,850 

29,950 

25,211 

t 20,536 

1 

5 Staves  

5,112 

8,534 

8,735 

4,200 

5,395 

33  4,100 

1,810 

1,776 

c 1,830 

6 Furs 

4,584 

6.479 

6,729 

8,280 

8,837 

| 9,015 

4,306 

603 

? 153 

i 

7 Currants,  and  Raisins  

1,959 

3,149 

1,199 

1,419 

1,697 

1,791 

5,359 

3,592 

s 3,775 

s'fe. 

8 Rice  

710 

82 

225 

50 

5 

<o 

20 

63 

I 68 

9 Tnhaccn  

2 125 

1 443 

1 737 

2 041 

3,677 

o»  3(522 

7 

■|  *s 

50  Unenumerated  Articles 

5^012 

4^397 

3,’  608 

1*873 

1,945 

& 1,718 

1,322 

1,140 

I 908 

S g 

1 all  other  enumerated  articles  

88,768 

60,402 

50,314 

55,152 

53,706 

* 131,840 

45,811 

47,328 

1 32,820 

cS 

■ 

1.  2 Coals  and  Culm  Coastways 

25,150 

25,302 

18,842 

19,131 

18,645 

18,262 

17,161 

19,669 

S 20,225 

Total  DR  A WBA  CKS,  as  lines  28-9.  £ 

1,648,583 

1,890,658 

1,831,677 

1,937,892 

2,000,412 

1,645,275 

1,873,776 

1,756,175 

1,132,668 

■2  { 

' 54  for  over-entries  and  Damage  

74,946 

97,018 

53,416 

53,577 

* 195,848 

76,445 

58,995 

46,618 

50,259 

1 

5 on  account  of  Goods  sold  for  Duties 

3,427 

5,620 

3,002 

4,934 

es  s S 

6 do.  do.  Fines  and  Seizures 

4 035 

i HZ 

73,746 

63,550 

135,203 

42,542 

7 do.  do-  Surcharges.  Arr  _ . 

ei  3'41S 

1 190 

2 12* 

2 725 

' 2 488 

1,798 

*539 

6,539 

6,440 

oj  1 

^ ^ — ~ 

r58  on  British  Linens  Exported 

2 112,029 

104,703 

106,625 

140,401 

si  ’ 

[iso  169,557 

127,414 

143,229 

161,453 

208,355 

9 

Irish  do.  do 

| 37,502 

40,456 

43,939 

46,835 

51  48,386 

33,050 

49,743 

59,316 

74,393 

5 1 

60 

Sail  Cloth  do 

S 6,362 

2 8,677 

6,747 

6,037 

[51  4,679 

4,793 

6,944 

11,390 

10,407 

r j 

Sundry  Articles 

f « 2 as 

1 

a,  < 

2 

Ships  employod  in  < Greenland  .... 

i 43*800 

I 41,488 

42,747 

43,461 

1 45,806 

43,051 

44,750 

42,164 

32,347 

o | 

3 

Whale  Fisheries  to  ( South  Sea 

§ 5,600 

•3  8,000 

4,500 

10,000 

6,600  ! 9,100 

9,100 

8,300 

7,400 

03  1 

=5 