

1,942,919 

2,149„238 

614,590 

10 

221,079 

223,881 

236,651 

290,501 

335,690 

254,126 

270,524 

269,295 

244,490 

228,376 

219,826 

17 

313,701 

342,290 

407,239 

481,685 

620,800 

467,410 

374,830 

364,421 

373,028 

1 360,506 

375,095 

18 

401,031 

415,494 

443,052 

464,913 

481,210 

485,930 

490,664 

504,043 

496,696 

489,093 

477,459 

19 

1,173,404 

1,216,380 

1 ,282,234 

1,281,214 

1,328,010 

1,266,339 

1,370,727 

1,414,955 

1,357,688 

1,513,150 

1,431,476 

20 

816,714 

858,486 

962,710 

1,026,520 

1,030,867 

954,631 

918,680 

953,258 

852,739 

715,425 

713,490 

21 

699,280 

711,778 

715,209 

665,614 

651.119 

737,206 

674,005 

702,295 

711,829 

737,497 

794,744 

22 

558,323 

599,080 

616,391 

646,658 

695,840 

580,489 

666,032 

743,423 

701,629 

709,488 

702,379 

23 

07,139 

82,458 

70,090 

73,615 

93,534 

86,389 

99,297 

105,581 

85,697 

103,100 

100,331 

24 

3,220 

3,105 

3,298 

3,773 

4,991 

4,717 

3,908 

3,887 

4,167 

3,189 

3,549 

25 

4,672 

5,239 

12,104 

10,524 

5,351 

3,627 

3,473 

2,306 

2,456 

2,500 

2,267 

20 

44,212 

45,813 

48,242 

45,688 

50,940 

25,363 

24,170 

23,908 

21,896 

17,251 

18,905 

27 

22,585 

21,074 

19,028 

35,047 

47,756 

25,852 

24,882 

10,216 

7,117 

8,733 

64,741 

29,808,791 

29,312,391 

27,568,026 

23,813,18-1 

24,188,398 

20,784,820 

20,447,776 

22,390,794 

21,014,040 

20,381,021 

16,900,264 

2,481 

5,079 

9,958 

88,187 

35,477 

15,876 

19,873 

20,812 

24,341 

32,608 

16,542 

28,076 

29,441 

13,006 

11,491 

12,752 

11,494 

12,321 

12,609 

12,492 

13,869 

105,882 

121,934 

1,541,859 

1 18,360 
1,455,595 

123,517 

1,208,579 

95,598 

1,134,601 

159,246 

809,972 

107,774 

771,025 

111,524 

855,712 

119,695 

894,732 

62,466 

766,959 

40,004 

593,528 

32 

29,931,215 

45,957 

31,006,741 

50,063 

29,176,501 

48,773 

30,168,244 

40,255 

25,518,275 

12,890 

21,802,267 

148 

21,353,945 

23,390,224 

22,001,888 

21,247,279 

17,5S0,273 

33 

55,866 

56,994 

52,893 

36,182 

42,046 

31,831 

43,729 

52,961 

54,907 

44,883 

34 

34 

307,283 

355,712 

415,100 

407,740 

416,128 

290,789 

319,385 

374,365 

217,570 

181,212 

195,663 

35 

48,275 

35,744 

16,623 

19,004 

20,742 

16,183 

17,867 

16,172 

14,172 

12,244 

21 

30 

22,149 

24,096 

25,792 

26,621 

26,128 

27,544 

31,049 

30,749 

29,183 

28,013 

29,420 

37 

1,077,421 

1,186,875 

1 146,751 

1,381,942 

1,665,592 

1,020,971 

1,360,069 

1,441,207 

1,390,534 

1,578,869 

554,900 

38 

50,705 

39,308 

62,680 

61,685 

70,716 

52,844 

96,241 

112,369 

112,730 

177,631 

190,972 

39 

47,400 

57,239 

47,210 

45,279 

30,524 

13,190 

13,443 

27,783 

16,372 

18,040 

223,901 

40 

77,071 

347,113 

c 503,453 

274,894 

J 1,409,400 

383,985 

315,194 

415,405 

421 ,776 

' 457,384 

452,840 