

172,650 

| 172,940 

210,290 

208,970 

207,530 

208,362 

205,254 

204,887 

83s-  Prior  to  1828,  Bankers  Notes,  and  Composition  for  ditto,  were  included  with  Bills  of  Exchange  as  line  4 ; and 

Licences, 

with  Deeds, 

Law  Proceedings,  Sec. : Almanacks  prior  to  1816, 

were  included  with  Newsiuipers  ; in  the  Session 

of  1815,  a 

general  alteration  and  increase  of  Rate  of  Duty  took  place,  on 

various  Items  of  Stamps. 

— 

278,901 

! 377,896 

452,260 

396,300 

279,434 

289,653 

339,346 

249,239 

231,231 

419,399 

468,930 

453,300 

502,951 

518,626 

592,455 

597,592 

604,442 

617,128 

609,143 

359,448 

376,798 

394,041 

383,658 

383,696 

*367,506 

363,284 

367,739 

384,141 

440,228 

117,334 

130,324 

128,735 

119,985 

124,959 

133,555 

133,018 

137,029 

139,139 

140,190 

199,150 

187,663 

178,972 

194,560 

223,608 

274,841 

264,666 

256,104 

260,543 

273,477 

207,851 

224,274 

247,468 

274,710 

219,546 

227,424 

243,853 

224,828 

239,839 

245,954 

90,903 

74,342 

69,624 

74,859 

82,152 

82,321 

86,006 

102,020 

97,390 

86,750 

39,299 

35,513] 

33,802 

41,790 

44,078 

43,454 

39,791 

32,694 

41,195 

32,752 

44,325 

33,320 

37,942 

33,434 

39,227 

32,789 

27,290 

24,931 

24,462 

22,944 

23,122 

20,350 

21,201 

22,641 

22,445 

21,367 

1,538 

863 

723 

1,002 

1,607 

1,217 

771 

612 

714 

664 

618 

517 

422 

543 

490 

735 

843 

1,059 

844 

826 

873 

860 

942 

882 

907 

980 

1,020 

1,073 

903 

1,035 

5,843 

4,944 

4,469 

3,930 

4,662 

4,987 

4,475 

4,965 

4,435 

4,193 

5,463,424 

5,428,112 

5,638,156 

5,942,998 

6,268,232 

6,255,966 

6,692,821 

6,760,639 

6,582,353 

6,564,461 

102,810 

109,303 

107,769 

106,687 

112,848 

157,492 

120,056 

108,107 

94,184 

93,720 

47,807 

27,296 

63,489 

30,692 

36,770 

24,176 

22,515 

20,422 

16,582 

19,450 

91 

32,428 

34,567 

37,656 

35,404 

35,077 

37,430 

41 ,269 

39,303 

36,417 

8,821 

30,429 

29,193 

32,939 

39,550 

53,464 

34,513 

39,057 

52,788 

46,754 

5,622,954 

5,628,268 

5,873,174 

6,150,972 

6,492,804 

6,526,165 

6,907,335 

6,969.494 

6,785,210 

6,760,802 

36,780 

17,829 

18,903 

16,893 

17,196 

13,992 

14,039 

14,326 

13,294 

12,648 

— 

4,387 

4,438 

5,568 

5,449 

7,371 

7,777 

7,734 

7,905 

8,234 

— 

5,223 

5,473 

5,413 

6,102 

4,781 

5,607 

6,154 

4,552 

4,217 

— 

7,730 

7,835 

7,878 

9,554 

9,556 

9,633 

9,743 

9,530 

9,230 

54,159 

56,850 

59,964 

61,945 

65,809 

69,068 

68,439 

69,411 

72,462 

83,534 

21,189 

23,446 

24,131 

25,147 

25,839 

27,184 

27,409 

27,747 

28,281 

27,876 

4,324 

3,276 

2,279 

3,636 

4,597 

4,794 

4,681 

4,261 

1,256 

4,323 

1,258 

4,864 

1,533 

4,094 

1,781 

2,416 

4,063 

1,783 

2,156 

1,850 

1,739 

1,869 

2,044 

2,051 

2 135 

2,542 

405 

371 

363 