

41 

90,864 

18,991 

6,213 

30,553 

17,543 

16,955 

11,788 

8,986 

20,787!  21,779 

23,250 

42 

43 

07,319 

35,988 

70,563 

41,401 

67,899 
19,932  | 

77,379 

6,122 

84,753 

3,409 

96,014 

2,614 

98,317 

1,811 

95,654 

253 

98,231 

31 

| 102,583 

91,786 

44 

14,000 

14,000 

14,000 

14,000 

14,000 

13,250 

12,500 

12,500 

12,500 

12,500 

12,500 

45 

4,951 

* 3,098 

2,046 

3,037 

3,166 

3,187 

3,091 

6,101 

5,775 

I 5,725 

5,734 

40 

1,030,013 

1,129,248 

1,204,074 

1,064,708 

981,727 

I 78,554 

1 899,146 

Lagan  Canal 

900,877 

8,638 

905,209 

8,780 

I 904,399 
5,894 

858,321 

4,470 

47  i 12,000 

11 ,600 

12,000 

12,000 

13,000 

12,000 

12,000 

12,000 

9,000 

1 12,500 

12,000 

48 

| 08,000 

60,000 

80,739 

87,897 

75,612 

81,861 

55,230 

34,997 

35,098 

20,775 

2,650 

49 

43,109 

41,220 

39,902 

37,062 

32,154 

20,732 

24,827 

17,008 

22,857 

22,483 

1,469 

50 

99,158 

107,661 

98,09 1 

98,724 

56,676 

84,172 

69,262 

73,974 

70,395 

64,551 

39,172 

] 24,781,957 

1,800,458 

24,022,441 

1,725,000 

| 23,956,467 

25,113,283 

19,524,622 

17,749,274 

16,969,5G6 

18,700,370 

17,749,722 

10,895,775 

14,330,875 

53 

1 150,010 

1,608,475 

1 1,355,060 

1,329,877 

1,017,447 

906,169 

999,430 

1 ,047,848 

866,259 

680,009 

550,295 

1 29,931,215 

31,006,741 

29,176,501 

I 30,168,241 

95,518,275 

21,802,267 

21,353,945 

23,390,224 

22,061,888 

| 21,247,279 

17,580,273 

; 2,408,972 

2,380,160 

1 2,202,003 

| 2,441,042 

2,397,134 

2,318,909 

2,337,981 

| 2,8-18,302 

2,770  111 

| 2,960,306 

2,576,965 

16 

An  ACCOUNT  of  the  Gross  Receipt  of  Duty  on  each  of  22  Items  of  STAMPS,  in  each  of  the  Twenty  Years  1809-29; 
Discounts  and  Allowances,  &c.,  Charges  of  Collecting  the  same,  and  Nett  Payments  into  the  Exchequer,  in  each  Year. 

Items  of  Assesment. 

1 Deeds,  Law  Procedings,  &c. 

2 Legacies 

3 Probates  

4 Bills  of  Exchange 

5 Receipts  

6 Bankers  Notes  

7 Composition  for  do 

8 Licences  

Marine  Insurances  . . 

Fire  Insurances 

Newspapers  

Advertisments  

Stage  Coaches 

Post  Horses 

Gold  and  Silver  Plate 

Cards 

Dice  

Pamphlets  . . . 
Race  Horses  . . 
Lottery  Stamps 

TOTAL  Gross  Receipt  £ 
Balances  ( Country  Distributors 
in  < late  do.  since  1800 

hands  of  ( Imprests  

Bills  not  due 

1809. 
£- 

1812. 

£- 

1813. 

1814. 

£- 

1815. 
£ 

1816. 

£ 

1817. 

£ 

1818. 
£ 

1819. 
£ 

1820. 
£ 

3,411,945 

1,849,144 

1,817,503 

1,758,806 

1,895,531 

1,865,713 

1,932,762 

1,971,730 

1,954,598 

1,881,545 

546,421 

483,307 

430,746 

571,301 

433,961 

695,242 

525,810 

766,106 

531,717 

711,683 

656,799 

980,920 

695,340 

883,714 

711,580 

875,027 

720,364 

889,887 

763,562 

— 

691,044 

719,897 

1 713,838 

841,459 

754,501 

795,940 

845,750 

738,974 

697,506 

— 

167,422 