

20,974 

21,605 

17,066 

1,446 

5,253 

2,294 

4,063 

3,835 

5,287 

3,312 

18,103 

12,715 

25,277 

6,493 

31,418 

32,432 

31,759 

41,436 

39,575 

52,253 

60,208 

59,980 

74,868 

66,544 

63,276 

88,572' 

70,279 

63,917 

68,811 

69,473 

65,365 

64,355 

69,221 

62,090 

56,869 

55,834 

47,746 

48,680 

48,671 

50,027 

48,655 

50,176 

50,883 

58,782 

58,459 

58,145 

57,252 

1 

i 4,439 

2,235 

4,133 

4,045 

3,309 

4,673 

3,040 

5,157 

4,995 

4,633 

7,308 

s 8,336 

13,385 

4,187 

2,986 

3,610 

3,667 

2,858 

3,871 

3,658 

2,631 

2,266 

| 

* 451 

570 

657 

689 

607 

599 

608 

072 

728 

712 

685 

1 10 

4,562 

4,334 

28,842 

263 

3,547 

8,571 

23,714 

3,661 

9,554 

3,455  i 

> 5,440 

5,781 

a 389 

485 

478 

556 

716 

663 

447 

512 

1 l 6,704 

1 6,789 

7,118 

6,880 

7,205 

7,080 

7,333 

8,323 

7,723 

9,366 

8,784 

| 5 4,378 

1 5,002 

5,238 

5,535 

5,924 

5,856 

6,703 

9,309 

9,221 

9,056 

9,094 

M00 
c 861 

1 1 .497 

1,788 

1 ,592 

1,739 

1,554 

1,465 

1,362 

1,554 

1,548 

1,547 

700 

508 

1,337 

525 

998 

422 

1 ,865 

536 

372 

928 

1,035 

1,192 

1,142 

1,117 

1,128 

1,202 

1,055 

1,222 

1,112 

1,087 

1,139 

4,603 

) 4,881 

4,933 

5,508 

4,696 

5,415 

5,860 

5,663 

5,844 

6,096 

5,435 

183,768 

3,166 

b 7,114 

2,332 

1,711 

c 3,711 

d 4,267 

4,302 

4,009 

1,830 

3,217 

5,074,522 

438,250 

5,770,302 
131  250 

^ 6,362,620 

6,753,097 

6,997,231 

6,277,015 

6,375.141 

6,666,365 

6,041,636 

6,605,291 

6,500,910 

318,010 

359,771 

334,868 

318,277 

315,483 

267,358 

283,992 

266,769 

253,830 

255,639 

261,567 

| 

6,833,713 

6,953,561 

7.080,702 

7,490,375’ 

7,709.803 

6,950,374 

7 001,256 

7,405,780 

7,353,962 

7,320,600 

7,201,198 

438,1  16 

458,176 

401,892 

516,903 

J 89  625 

466,613 

481 ,054 

483,310 

499,125 

488,296 

482,041 

386,981 

410,143 

425,484 

177,099 

436,844 

4 1 1 ,190 

422,239 

441,585 

456,669 

452,830 

446,920 

O 

18 

An  ACCOUNT  of  the  Gross  Receipt,  Charges  of  Management,  and  Nett  Proceeds,  of  the 

I 1809.  j 

1812.  I 

1813.  1 

1814.  | 

1815.  | 

1816.  I 

1817. 

1818.  i 1819.  i 1820. 

1 Unpaid  Letters  outwards,  Paid  Letters  inwards,  Ship  Letters,  &c.,  Charged  to  the  Country  Postmasters,  by  the  General  Office 
account  published  of  these  six  Items,  nor  of  ( 2 Unpaid  Letters  inwards,  and  Paid  Letters  outwards,  at  do 

**  There  was  no  account  published  of  these  six  items,  nor  of  f 
the  Charges  of  Conveyance  and  Management,  in  detail,  prior  to  \ 3 Bye,  and  Cross  Road  Letters 
. . n . ■*  — *■ — in-  ) — • 

1822.  The  receipt  of  the  Inland  Department  appears  to  have  in- 
creased since  1822,  but  it  will  be  seen  on  referring  to  line  9 that 
the  receipt  of  the  Foreign  Department  has  decreased  in  a corre- 
sponding proportion.— see  note  below  relating  to  Ship  Letters 