

1821. 

1822. 

1823. 

1824. 

1825. 

1826. 

1827. 

1828. 

1829. 

i 1830. 

1 1831. 

1832, 

1833. 

£ 

£ 

-£ 

£. 

£- 

£ 

£ 

x* 

in  London 

440,758 

417,570 

433,533 

510,316 

516,624 

488,359 

486,250 

485,615 

486,416 

486,156 

x 

380,213 

410,649 

430,025 

455,963 

463,476 

436,099 

436,506 

427,220 

444,990 

485,627 

513,338 

520,196 

547,116 

574,025 

587,268 

568,844 

573,332 

574,926 

'*79,571 

592,710 

37,342 

45,109 

53,108 

48,395 

50,568 

50,863 

41,249 

52,631 

57,880 

60,628 

18,900 

46,624 

32,699 

36,241 

33,656 

46,095 

55,189 

53,173 

51,797 

48,470 

50,451 

3,598 

15,937 

16,885 

16,701 

4,145 

17,734 

2,408 

9,498 

22,146 

1 * 
1,441,419 

1,441,002 

1,443,746 

1,612,418 

1,641,825 

1,668,293 

1,594,405 

1,610,260 

1,595,973 

4,630,152 

1,695,73? 

99,825 

100,739 

105,138 

111,511 

117,368 

118,192 

116,257 

117,554 

115,740 

110,374 

103,134 

| 159,170 

164,226 

178,212 

178,107 

133,045 

122,553 

119,960 

116,957 

111,103 

110,278 

60,771 

55,208 

52,792 

53,771 

58,083 

62,053 

61,076 

28,315 

— 

; 179,397 

184,143 

184,601 

495,517 

206,099 

214,401 

203,243 

203,630 

201,602 

202,917 

204,693 

187,120 

186,024 

188,826 

199,603 

207,178 

207,757 

216,233 

239,559 

241,064 

247,712 

256,977 

2,122,139 

2,128,926 

2,154,294 

2,255,239 

2,367,568 

2,392,272 

2,278,413. 

2,287,960 

2,265,482 

2,301,433 

2,321,312 

130,601 

119,007 

97,711 

100,030 

103,996 

101,611 

91,103 

78,229 

71,659 

64,594 

72,405 

69,172 

11,533 

2,978 

4,316 

6,429 

5,700 

1,659 

1,345 

886 

4,347 

954 

1,283 

2,319 

70,463 

*76,674 

72,847 

61,850 

53,392 

60,441 

53,932 

49,119 

48,584 

13,821 

45,976 

52,207 

39,318 

41,968 

45,982 

45,377 

42,918 

50,681 

47,401 

50,500 

51,724 

54,350 

*52,505 

46,968 

2,374,054 

2,369,553 

2,375,150 

2,468,925 

2,573,574 

2,606,664 

2,472,194 

2,466,694 

2,441,796 

2,465,152 

2,493,481 

54,688 

50,665 

54,569 

56,671 

60,945 

63,061 

59,259 

54,492 

57,998 

61,088 

64,316 

11,146 

10,693 

10,144 

10,046 

17,866 

11,014 

10,472 

10,120 

7,006 

10,421 

10,724 

11,502 

12,237 

11,598 

12,473 

12,550 

13,394 

13,933 

15,350 

15,811 

17,717 

18,907 

- 6,348 

6,003 

6,480 

7,198 

7,588 

8,401 

4,392 

— 

1 64,826 

f 64,387 

62,671 

61,023 

61,559 

63,518 

61,869 

61,754 

61,728 

64,651 

72,079 

a 73,426 

71,027 

73,204 

74,753 

76,157 

77,881 

79,107 

79,600 

83,284 

85,558 

89,014 

l 28,715 

30,625 

31,510 

32,581 

33,120 

34,261 

34,005 

34,420 

34,515 

35,523 

36,494 

H 52,193 

54,374 

59,222 

55,617 

57,428 

61,898 

63,006 

67,870 

71,225 

71,489 

70,540 

I?  55,730 

53,115 

53,081 

53,083 

54,832 

57,142 

61,549 

66,307 

66,283 

69,251 

75,087 

2,427 

2,365 

2,477 

2,390 

2,023 

2,481 

3,136 

2,441 

2,401 