

C.  Miscellaneous  Charges 

r Salaries  and  Allowances  to  Comptroller 
"g  I General,  Inspectors,  Sitters,  and  Boatmen. 
■2  § I Day  pay  to  Sitters,  Boatmen,  and  Glut  do. 

s J Travelling  Allowances 

| ^ i Buildings  and  Repairs 

Boats,  Repairs,  &c. 

| Stores,  and  Carriage  of  do. 
[.Miscellaneous  Charges 
Expences  of  Land  Guard  . ... ... . 

TOTAL  Charges  of  Collection 

( Salaries  and  Allowances 
< Tide  Waiters,  &c. 

Quarantine 

Expences  ^ Navy  Board  for  Stores 

Warehousing  ) Day  Pay 

Department  (RJts>  faxes>  &e 

Expences  of  Accounts  of  William  Irving  . 

Trinity,  Light,  and  Scavage  Dues  

Ordnance,  on  Account  of  Coast  Blockade. 

GRAND  TOTAL  i 

Payments  on  Account  of  the  Civil 
Government  of  Scotland 

[ Years 

1818. 

1822. 

1823. 

1824. 

1825. 

1826. 

1827. 

1828. 

1829. 

£ 

£ 

£ 

£ 

£ 

_£  _ 

379,203 

357,388 

354,328 

355,887 

358,772 

369,387 

364,557 

367,561 

359,319 

4,591 

5,590 

5,364 

6,588 

8,144 

18,037 

16,454 

27,939 

16,595 

25,415 

27,590 

25,529 

24,490 

38,364 

42,619 

38,583 

29,765 

18,856 

25,648 

13,317 

11,975 

15,164 

14,422 

13,934 

11,001 

10,046 

14,164 

197,304 

140,369 

141,343 

146,315 

157,425 

131,681 

104,709 

98,898 

101,330 

17,725 

16,676 

16,552 

20,777 

21,860 

31,733 

19,693 

14,086 

14,161* 

9,151 

8,421 

3,191 

4,809 

13,715 

27,995 

83,181 

71,876 

29,997 

5,309 

4,191 

4,174 

4,188 

3,894 

4,616 

3,580 

4,030 

3,392 

29,256 

10,305 

11,507 

10,072 

11,251 

17,061 

14,676 

10,165 

11,029 

7,769 

7,435 

7,213 

7,524 

8,064 

7,536 

10,110 

9,626 

10,508 

38,475 

23,154 

27,229 

23,464 

16,074 

17,254 

10,103 

7,188 

8,029 

18,838 

12,875 

12,513 

*1,932 

3,856 

3,272 

3,775 

2,757 

1,523 

18,629 

18,076 

19,968 

22,556 

26,483 

31,331 

24,821 

21,674 

21,791 

1,844 

961 

1,001 

1,181 

1,227 

1,766 

1,254 

1,693 

1,638 

80,791 

93,020 

96,346 

110,683 

114,283 

104,007 

115,594 

118,503 

111,856 

22,501 

20,364 

19,059 

14,015 

19,775 

13.239 

17,923 
1 3,656 

17,531 

11,370 

| 47,724 

38,977 

38,748 

f 32,830 
1 7,308 

12,580 

12,752 

13,738 

14,215 

14,859 

15,172 

13,672 

14,440 

15,153 

2,478 

2,637 

3,853 

3,152 

3,190 

4,577 

4,784 

2,584 

3,121 

8,813 

6,809 

6,554 

6,811 

6,497 

6,782 

6,691 

6,691 

7,046 

1,230 

1,989 

2,895 

3,068 

2,937 

3,096 

3,031 

3,017 

2,979 

1,057 

788 

1,220 

1,178 

1,600 

1,288 

705 

746 

870 

4,448 

6,289 

5,761 

4,194 

6,068 

1,170 

1,993 

1,968 

147 

731 

732 

116 

117 

747 

703 

703 

862 

854 

1,865 

696 

616 

985 

1,140 

1,226 

1,105 

469 

694 

12,254 

26,263 

12,190 

11,792 

12,938 

10,921 

12,946 

11,602 

18,050 

3,158 

4,583 

4,164 

3,998 

4,244 

5,491 

4,953 

3,881 

5,937 

| 37,164 

36,406 

33,722 

39,084 

40,884 

38,357 

36,946 