

Gross  Receipt  of  Revenue  of  Excise  in  each  of  the  12  Years  1816  - 1827.  Drawbacks  out  of,  and  Charges  for  Collecting  the  same  in  each  of  do. 

27! 

STATEMENT  of  the  Gross  Receipt,  Drawbacks,  Sf  other  Payments,  out  of,  and  Charges  for  Collecting , the  REVENUE  of  EXCISE, 
in  each  Year  since  1827, — in  continuation  of  the  preceding  page. 

Articles.  [Years. 

3 Cyder  and  Perry  

5 Printed  Calico  and  Paper 

6 Soap 

1828. 

3,309,365 

383,118 

36,224 

504,043 

2,098,963 

1,414,955 

1829. 

3,110,570 

363,931 

25,000 

496,696 

1,942,919 

1,357,688 

1830, 

at 

2,390,311 

181,442 

49,006 

489,093 

2,149,238 

1,513,150 

1831. 

1832. 

£ 

107 

2 

45.C89 

3,575 

1,550,345 

1833. 

£ — 

1834. 

1835. 

____  -f  - 

1836. 

1837. 

229 

21 

477,459 

614,590 

1,431,476 

£ 

Total  of  Above 

7,746,668 

7,296,804 

6,772,240 

2,523,776 

1,599,118 

7 Malt 

4,619,774 

3,834,481 

3,505,454 

4,469,127 

4,815,426 

1 

272,874 

245,025 

121,451 

152,297 

300,279 

1 

3,394,709 

3,310,960 

3,708,713 

3,414,823 

3,409,340 

1 

1 

10  Tea  . . 

3,177,179 

3,321,722 

3.387,098 

3,344,914 

3,509,835 

269,295 

244,490 

228,376 

219,826 

225,633 

12  Bricks  and  Tiles 

364,421 

373,028 

360,506 

375  095 

333,620 

953,256 

852,739 

715,425 

713,490 

729,082 

743,423 

701,629 

709,488 

702,379 

778,346 

702,295 

711,329 

737,497 

794,744 

786,265 

105,581 

85,697 

103,100 

100,331 

112,324 

17  Stone  Bottles 

3,887 

4,167 

3,189 

3,549 

4,008 

2,306 

2,456 

2,500 

2,267 

3,852 

23,908 

21,396 

17,251 

18,905 

22,577 

20  Fines  and  Forfeitures 

10,216 

7,117 

8,733 

64,741 

21,031 

“ 

Total  Gross  Receipt 

22,390,794 

21,014,040 

20,381,021 

16,900,264 

16,650,736 

. rat  Collectors  

19,873 

20,312 

24,341 

32,608 

32,468 

| 

miances  >nj  ^ implcsts 

12,321 

12,609 

12,492 

13,869 

13,495 

Hands  <2/  £ 23  Receivers  General 

111,524 

119,695 

62,466 

40,044 

95,383 

24  Bills  not  Due  

855,712 

894,732 

766,959 

593,52 

408,948 

Total  Sum  to  he  accounted  for 

23,390,224 

22,061,888 

21,247,279 

17,580,273 

17,201,030 

Discharged  as  follows,  viz. 

f25  Beer  

52,96* 

54,907 

44,883 

7,113 

56 

c ~i 

26  Leather 

16,172 

14,172 

12,244 

173 

2 

l 1 

27  Printed  Calicoes 

1,441,207 

1,390,534 

1,578,869 

738,512 

200 

lib 

28  Soap 

112,369 

112,730 

177,631 

190,972 

263,795 

•|«n 

30,749 

29,183 

28,013 

29,420 

31,840 

1-5 

374,365 

217,570 

181,242 

195,663 

185,100 

a § 

31  Malt 

. 

12,918 

17,808 

« l 

[_32  All  other  Articles  

27,783 

16,372 

18,040 

20,129 

17,122 

« C 33  Malt 

294,950 

293,118 

340,490 

316,288 

226,472 

Is  \ 34  Soap 

91,809 

93,016 

85,805 

102,150 

100,330 

14,783 

16,879 

15,775 

18,291 

20,586 

J J 36  Paper  

12,933 

17,407 

14,952 

l5,563 