

131,572 

159,539 

2,748 

6,773 

3,569 

4,040 

1,329 

10,117 

1,005 

1,008 

3,292 

3,007 

5,714 

8,145 

1,811 

2,051 

2,433 

2,471 

3,420 

5,107 

11,085 

17,503 

18,352 

1,024,396 

1,053,834 

1,124,037 

13,814 

16,696 

2 19,178 

23,365 

9,102 

1 25,292 

46 

293 

§ 2,441 

44,664 

42,937 

1 41,423 

11,074 

11,169 

I 12,168 

32,140 

33,598 

33,165 

18,919 

53,027 

| 38,843 

12,070 

310 

» S 121 

30,950 

2,707 

l 1,779 

5,750 

4,835 

4,618 

3,553 

10,867 

18,303 

7,990 

7,713 

8,742 

848 

1,271 

279 

1,229,585 

1 ,248,359 

1,330,389 

527 

470 

456 

147,481 

149,933 

56,649 

*162,613 

94,840 

93,200 

5,014 

4,768 

4,684 

1,545,220 

1,478.370  1 

1,485,378 

1833. 
— £-- 

1834. 

1835. 
— £ — 

1836. 

1837. 
— £-- 

26* 

STATEMENT  of  the  Gross  Receipt,  Draivbacks  out  of  aud  Charges  for  Collecting  the  REVENUE  of  EXCISE  in  each  of  the 

12  Years  1816-1827. 

Auctions 

(2  Hops 

13  | 3 Malt  

£ J 4 Beer 

5 1 5 5riti?h 

(.7  Wine 

8 Tobacco  & Snuff . . . 

9 Cocoa  & Coffee.  . . . 

10  Pepper  

It  Salt  

12  Bricks  & Tiles  ... 

13  Candles  

14  Cyder  & Perry  . . . 

15  Glass  

17  Licences 

18  Paper  .. 

20  Soap  ..  

21  Starch  

22  Stone  Battles 

23  Sweets 

24  Tea 

25  Vinegar  

26  Wire,  Gold  &c  Silver 
11 7 Fines  & Forfeitures 

Total  Gross  Receipt 
D . ■ ( Collectors 

“ "1  Imposts  _ 

Bills  not  Due  

Tot  l Sum  to  be  accounted  for 
Discharged  as  follows  viz. 

-3  ( Beer 

§ ~ | Glass 

I Leather 

j Printed  Calicoes  . . . 

| -8  Soap 

(5=  1 Wines  

1 All  other  Articles  . 

Allowances 

Repayments  for  overentries 

Superanuations 

Rewards  to  Officers  for  Seiz. 

Pensions 

Bounties 

Salaries  & Allowances  . . . . 

1816. 

1817. 

1819. 

1820. 

1821. 

J?  

— £ — 

— £ — 

— £ — 

— £ — 

257,761 

251,452 

277,202 

245,407 

221,079 

80,756 

319,020 

419,130 

241,303 

2,093,077 

2,799,113 

4,937,660 

5,177,977 

3,279,617 

2,669,163 

3,006,732 

2,907,076 

3,012,344 

2,898,445 

2,762,934 

2,867,288 

3,110,715 

3,180,416 

2,348,532 

2,277,090 

2,495,202 

2,529,587 

2,485,755 

950,134 

1,153,332 

1,043.509 

1,039,248 

1,028,792 

1,397,557 

1,483,943 

1,872,107 

2,559,629 

2,466,035 

117,825 

136,040 

219,737 

404,557 

882,132 

o 

„ 

26,342 

142,098 

144,967 

1,624,367 

1,523,190 

1,549,352 

1 ,603,467 

1,625,877 

238,078 

250,180 

374,377 

330,258 

313,761 

371,613 

353,822 

370,295 

375,748 

401  031 

9,349 

22,915 

62,968 

65,190 

38,723 

804,505 

746,663 

958,466 

801,483 

816,714 

648,082 

647,135 

696,517 

661,800 

656,870 

665,632 

648,303 

680,474 

720,474 

699,286 

470,912 

469,926 

516,157 

524,189 

558,323 

l 1,137,927 

1,164,838 

1,523,017 

1,601,049 

1,748,506 

. 878,670 

1,005,724 

1 003,095 

1,074,415 

1,173,464 

40,013 

34,736 

60,555 

65,798 

67,139 

1,174 

827 