

320,350 
366,729 
12,120 
927,282 
689,243 
702,980 
543,162 
1,567,453 
1,042,630 
60,554 
2,692 
15,378 
3 173,879 
40,658 
9,633 
16,600 

26,163,268 

26,800 

97,230 

58,389 

410,103 

45,971 

24,320 

1,079,603 

32,491 

48,744 

62,333 

82,365 
10.703 
57,205 
46,696 
14,000 
16,155 
*767,503 
19,242 
9,180 
21,517 
C 30,092 
h\  3,392 
(.  4,661 
6,586 
6,742 
36,299 
51,749 
10,862 
4,371 
33,372 
3,741 

7,000 

54,488 

24,700 

100,886 

21,330,746 

1,611,500 

159,564 

263,093 

3,951,032 

3,200,705 

3,478.442 

2,533.802 

1,007,088 

2,617,460 

387.285 

160,137 

1,493,123 

342,290 

415,494 

27,954 

858,486 

553,503 

711,778 

599,080 

1,674,139 

1,216,380 

82,458 

3,105 

5,239 

3,430,188 

45,813 

9,362 

21,074 

29,312,391 

2,481 

28,076 

121,934 

1,541,859 

66,994 

355,712 

35,744 

24,095 

.,186,875 

39,308 

50,063 

57,239 

347,113 

1823. 

1824. 

1825. 

1826. 

1827. 

1—  £ — 

— £ — 

— £ — 

— £ — 

— £ — 

j 236,654 

290,501 

335,690 

254,126 

270,524 

35,836 

196,890 

212.160 

102,735 

442,841 

3,608,734 

3,817,357 

4,075,340 

4,238,411 

3,326,516 

3,333,033 

3,317,387 

3,629  798 

3,444,626 

3,248,322 

2,833,038 

3,055,409 

2,795,202 

2,886,484 

2,835.557 

2,699,127 

2,850,928 

708,305 

f *„*  From  the  5th.  of 

1,121,950 

1,121,237 

149,461 

| July  1825.  these  Jive 
\ Articles  where  wholly 

2.586,499 

426,437 

2,680,373 

412,060 

1,094,971  [ 
83,736 

retransferred  to  the 
1 Customs;  4 the  Duty 
| on  Salt  wholly  repeal- 

153,390 

166,706 

42,154 

[ ed  from  the  5th.  Jan. 

389,120 

233,773 

14,017 

1825.  See  Note  Below. 

407,239 

481,685 

620,800 

467,410 

374,830 

443,052 

464,913 

481,210 

485,930 

490,664 

48,718 

45,564 

33,910 

29,564 

26,865 

962,710 

[1,026,520 

1,030.867 

954,631 

918,680 

376,435 

419,489 

429,858 

369,659 

360,779 

715,209 

665,614 

651,119 

737,206 

674,005 

616,391 

646,658 

695,840 

580,489 

666,032 

1,811,919 

2,040,718 

2,035,220 

1,524,664 

2,022,253 

1,282,234 

1,281.214 

l 328,010 

1,266,339 

1.370,727 

7 8,000 

73,615 

93,534 

86,389 

99,297 

3,298 

3 773 

4,991 

4,717 

3,908 

12,104 

10,524 

5,351 

3,627 

3,473 

3,410,408 

3,419,803 

3,527,364 

3,291,817 

3,263,435 

48,212 

45,688 

50,940 

25,363 

24,170 

9,134 

9,738 

10,791 

4,782 

11 

19,028 

35,047 

47,756 

25,852 

24,882 

27,568,026 

28,313,184 

24,188,308 

20,784,820 

20,447,776 

5,079 

9,958 

88,187 

33,477 

15,876 

29,441 

13,006 

11,491 

12,752 

11,494 

1 1 8,360 

123,517 

95,598 

159  246 

107,774 

1,455,595 

1,208,579 

1,134,601 

809,972 

771,025 

1 29,176,501 

30,168,244 

25,518,275 

21,802,267 

21,363,045 

52,893 

36,182 

42,046 

31,831 

43,729 

415,100 

407,740 

416,128 

290,789 

319,385 

al6,623 

19,004 

20,742 

16,183 

17,867 

25,792 

26,621 

26,128 

27,544 

31,049 

1,146,751 

1,381,942 