

42,690  351,120  300,802 

120  15,482 
2,254 
346  2,267 

400  32,206 
514  2,582 

1,006 

23,719 

Gerieral 

Profits 

— £ — 

,923 

613 

549 

130 

543 

778 

1,423 

3,090 

936 

44 

693 

528 

I, 397 

83 

II, 643 

335 

1,468 

3,129 

1,477 

345 

4,386 

59 

44,070 

21,528 

495,911  324,527 

59,525  55,220 

65,59b  465,436  | 379,748 

TOTAL 

1812. 

£ 

3,111,410 

952,476 

1,247,165 

4,378,823 

2,953,833 

2,267,507 

2,018,256 

1,865,468 

1,608,873 

1,511,042 

1,505,450 

1,479,377 

1,274,530 

1,245,961 

1,183,299 

1,179,323 

1,172,986 

1,155,871 

1,084.120 

1,097,044 

1,040,380 

908,200 

907,920 

885,643 

873,774 

849,177 

774,465 

768.778 
748,367 
719,498 
698,822 
697,266 
665,167 
658,718 
643,369 

603.779 
547,612 
359,51 1 
301,748 
286,577 
279,836 
116,072 

48,630,4  96 
92,430 
128,622 
303,604 
106,932 
208,832 
165,238 

157,003 

264,585 

348,204 

205,274 

135,412 

100,032 

35,679 

50,843,664 

46,318 

6,285,383 

57,129,047 

£ 

3,297,263 

1,056,371 

1,241,903 

4,727,984 

3,087,774 

1,900,651 

2,061,930 

1,897,515 

1,644,179 

1,579,173 

1,556,836 

1,540,952 

1,463,260 

1,240,594 

1,155,459 

1,236,727 

1,130,951 

1,150,285 

1,083,084 

1,127,404 

1,037,988 

902,217 

942,171 

916,060 

915,348 

887,659 

799,605 

791,359 

713,147 

737,229 

652,082 

698,3.95 

655,231 

705,446 

644,130 

604,614 

571,107 

343,680 

320,188 

295,097 

298,199 

133,487 

49,745,624 
92,589 
125,198 
243,976 
1 1 1 ,436 
207,286 
153,930 

146,540 

277,456 

334,193 

219,590 

141,889 

99,717 

51,898,424 

31 

As  ACCOUNT  of  the  amount  of  Property  assessed  to  the  PROPERTY  TAX,  in  each  County  of  England  and  Wales,  in  the 
Year  1812,  ending  the  5th.  of  April  1813  ; distinguishing  the  proportion  assessed  according  to  Rent,  from  the  proportion  assessed 
according  to  annual  Value  occupied  by  Owners,  and  also  the  proportion  Tithe  free,  from  the  proportion  Titheable,  in  whole,  and  in 
part.  — Vide  Folio  89,  Vol.  X.  of  Papers,  Session  1814-15. 

Lands,  Houses , and  Tenements 

Properties  assessed  under  Schedule  B. 

f 

' si 

Tithe  free 

Titheable 

| Ti  t h 

free 

lAmt.  0/  Com- 
position for 
Tithes,  % for 
Tithes  leased 

._£ 

R t 

lue  otcupie 

011  payment 
of  Modus 
£ 

TOTAL 

Total  Assessment 

by  Owners 

I Tenants 
1 -f 

£ 

£ 

I in  part 

£ 

1 Middlesex.... 

2 Westminster  . . 

3 LONDON  . . 

1,356,166 

442,385 

462,128 

437,092 

101,835 

78,812 

1 1,287,788 
691 ,080 
| 395,025 

3,081,047 

1,235,299 

935,965 

80,858 

2,320 

301,058 

■ 

381,917 

2,320 

14,459 

4 York  

2,916,214 

803,161 

, 471,081 

4,190,457 

1,579,962 

1,514,973 

163,550 

101,019 

3,359,504 

93,203 

5 Lancaster  . . . . 

1,989,417 

482,598 

298,319 

2,770,334 

101,128 

1,239,756 

3,349 

9,897 

1,354,130 

50,944 

6 Somerset  .... 

1,418,722 

551,469 