

67,833 

19,876 

507,198 

35  Cambridge  . . 

36  Hereford  .... 

316.752 

356,342 

183,017 

94,251 

88,639 

99,385 

588,408 

549,978 

129,015 

25,761 

392,889 

477,919 

2,820  | 

935 

525,660 

503,681 

34,884 

46,194 

37  Hertford  .... 

245,887 

127,644 

114,916 

488,448 

88,285 

283,041 

3,658 

100 

375,085 

46,478 

38  Bedford 

259,549 

47,358 

38,037 

344,944 

211,879 

92,164 

554 

490 

305,084 

11,776 

39  Huntingdon  . . 

172,728 

35,696 

80,653 

289,078 

195,732 

61,731 

200 

1,721 

259,383 

12,021 

40  Westmoreland 

41  Monmouth 

198,546 

176,698 

64,677 

64,708 

7,006 

13,604 

270,230 

255,011 

77,567 

30,030 

92,267 

184,950 

1 1 ,427 

59,733 

240,995 

214,979 

4,295 

15,005 

42  Rutland  .... 

96,151 

14,794 

234 

111,180 

64,502 

25,421 

14,871 

583 

105,377 

4,904 

TOTAL  England 

28,006,199 

9,110,427 

8,034,500 

45,151,727 

8,781,063 

20,860,403 

862,961 

494,537 

30,998,964 

2,028,567 

f Anglesea. . 
j Carnarvon 
7*  J Denbigh  . . 

649 

81,980 

179,021 

7.407 

4,856 

36,928 

70,981 

26,904 

59,189 

79,038 

113,740 

274,539 

6,338 

238 

69,598 

96,383 

247,181 

— 

— 

75,936 

96,621 

247,181 

165 

682 

£ : 

\ Flint  .... 

119,889 

9,078 

6,929 

135,797 

— 

131,504 

— 

131,504 

10,706 

Merioneth 

72,085 

9,145 

18,425 

99,655 

572 

92,678 

— 

93,250 

6,553 

3 1 

s i 

LMontgomry 
f Brecon 

124,711 

103,079 

18,441 

26,112 

51,185 

15,654 

194,338 

144,845 

1,664 

8,410 

158,000 

109,092 

— 

— 

159,664  1 
117,502 

11,994 

8,685 

Cardigan.  . 

77,265 

19,946 

15,690 

112,903 

315 

97,436 

, 

97,751 

6,075 

iJ 

Carmarthen 

147,610 

33,028 

67,302 

247,940 

— 

229,689 

— 

229,689 

14,032 

<i  ] 

| Glamorgan 

216,889 

32,831 

25,792 

275,511 

2,506 

173,024 

44,706 

220,236 

10,667 

| Pembroke 
[.Radnor  . . 

127,873 

35.357 

24,333 

187,563 

2,199 

166,465 

168,665 

10,031 

52,127 

35,197 

2,723 

90,047 

2,225 

87,421 

— 

— 

89,646 

9,295 

Total  England  If  Wales 
SCOTLAND 

29.309,377 

4,372,675 

9,378,753 

994,877 

8,419,513 

725,651 

47,107,643 

6,093,203 

8,005,530 

4,137,915 

22,518,874 

862,961 

539,243 

32,726,609 

4,137,915 

2,117,452 

GREAT  BRITAIN 

33,682,052 

10,373,020  | 

19,145  104  j 

53.200,846  1 

[l2,943,445 

22,518,874 

862,961  | 

; 539,243  ' 

30,864,524  - 

32 

Statement  of  t he  Amount  of  Profits  A 

to  the  Property  Tax  under  Schedule  D in  17  Classes , in  181*2-13. 

•§  -2 
= o a s 

sSse3  = !? 

illllllllllllillllll 

ii 

3S& 

®‘t§! 

! i Iff  1 1!  1 1 1 1 1-11-1-1 1! 1 lfilpi|ijpl|l  1 1 1!  HI 

||«f!lI|lll!I|!|!!|I!!I|  I pH!!  1 1!  i III!  I 

SI!1I!I15II!1!!I11!I  I Hlilllllllll!  1 1 II 

I S.S  a 8SISS8S s 

ll  1 ^1 1 1 i i Si  t s s i s s s ii  Si  1 1 i i 1-3.  s s i s i i i s i s s s i i 1 1 i 

iPiinisiai  i 

m 

.isisisssssgi 

.*“8"8V*8's^3  8S“3*f 