

69,047 

84,323 

6,593 

1,821,783 

2,488,073 

35,000 

20  Stafford 

4,598 

896 

5,494 

12,874 

59,137 

72,011 

5,085 

1,840,962 

2,520,609 

38,816 

21  * Chester  

4,548 

835 

5,383 

11,354 

53,422 

64,777 

4,372 

1,747,854 

2,157,165 

31,300 

22  Sussex  

3,880 

1,104 

4,984 

12,169 

66,738 

78,906 

5,524 

1,436,514 

1,831,059 

31,750 

23  Salop 

3,786 

769 

4,555 

12,382 

47,062 

59,444 

4,368 

1,530,060 

2,109,821 

8,580 

24  * Northumberland  

3,347 

1,048 

4,395 

9,880 

66,347 

76,227 

3,892 

1,966,335 

2,640,640 

16,500 

25  * W orcester  

3,367 

857 

4,224 

10,127 

43,734 

53,861 

4,677 

1,309,123 

1,618,279 

10,600 

26  * Cornwall 

3,514 

618 

4,132 

9,232 

41,173 

50,406 

4,055 

1,335,229 

1,739,357 

30,650 

27  Leicester  

3,335 

776 

4,111 

9,789 

41,926 

51,715 

3,961 

1,443,761 

1,988,890 

25,596 

28  Oxford 1 

3,234 

863 

4,097  1 

10,972 

47,392 

58,364 

4,025 

1,217,134 

1,617,503 

18,250 

29  Northampton  1 

3,241 

748 

3,989 

11,689 

40,930 

52,620 

4,315 

1,445,616 

1,908,318 

21,800 

30  Berks  

2,823 

1,095 

3,918 

9,410 

64,961 

74,371 

5,210 

1,220,353 

1,481,902 

21,500 

31  * Nottingham  

2,973 

715 

3,688 

8,082 

46,904 

54,987 

2,599 

1,160,665 

1,575,984 

21,000 

32  Dorset  . . 

2,772 

729 

3,501 

8,586 

38,476 

47,062 

3,692 

1,051,651 

1,448,280 

24,000 

33  Bucks  

2,860 

633 

3,493 

9,761 

37,385 

47,146 

! 3,894 

1,224,197 

1,393,904 

19,000 

34  *1 

)urham  ! 

2,815 

644 

3,459 

7,914 

36,145 

44,060 

[ 3,648 

1,320,364 

1,541,850 

38,000 

35  Derby  

2,837 

571 

3,408 

8,056 

47,305 

55,362 

4,700 

1,302,862 

1,735,069 

32,950 

36  Hertford  

2,519 

848 

3,367 
o noA 

j 7,528 

52,236 
33  25^ 

59,764 

40  7*19 

3,881 

O QOQ 

1,138,674 

1,181,505 

1 4‘trt  901 

19,600 
16  500 

38  Ci 

imberland 

2,237 

Oo  # 

314 

2,551 

5,112 

16i838 

21,951 

— J U\J O 

1,974 

iJOVJ  t DOU 

966,626 

1,320,951 

24^520 

39  H ereford  

2,029 

420 

2,449 

! 6,168 

24,730 

30,898 

2,244 

810,188 

1,170,702 

16,720 

40  Bedford 

1,408 

260 

1,668 

4,919 

22,053 

26,972 

i 1,803 

591,816 

761,386 

1 2,450 

41  Huntingdon ' 

1,155 

270 

1,425 

3,858 

15,489 

19,347 

1,517 

395,020 

661,965 

8,000 

42  Monmouth  

952 

169 

1,121 

2,544 

8,760 

11,303 

594 

374,057 

599,405  1 

12,280 

43  Westmoreland 

936 

170 

1,106 

2,166 

8,959 

11,124 

847 

425,206 

567,225 

10,584 

44  Rutland  

409 

89 

498 

1,478 

6,869 

8,347 

666 

199,023 

253,909 

2,160 

TOTAL  England 

230,29? 

63,538 

293,945 

680,692 

4,766,998 

5,449,343 

341,985 

93,896,767 

1 12,728,089 

1,381,380 

1 

f Anglesea 

179 

50 

229 

412 

2,363 

2,775 

266 

129,986 

172,442"] 

| 

* 

Carnarvon  

222 

57 

279 

457 

2,393 

2,850 

165 

131,801 

256,011 

S J 

Denbigh 

663 