

169,181 

2,139,3V 

91,699 

1,382,546 

8,340 

— 

1,482,586 

78,808 

7 Lincoln 

1,424,734 

338,442 

182,295 

1,945,472 

1,056,191 

573,989 

128,237 

44,798 

1 ,803,205 

48,579 

8 Devon  

1,077,714 

468,770 

157,530 

1,704,014 

35,059 

1.269,518 

6,230 

2,998 

1,313,799 

125,723 

9 Surrey  

703,264 

266,065 

485,814 

1 ,455,143 

47,809 

351,225 

21,988 

11,348 

432,370 

45,017 

408,164 

673,237 

329,300 

321,478 

712,179 

1,449,644 

1,319,079 

14,804 
60,97 1 

918,087 

932,891 
1 ,065,557 

127,019 

11  Essex 

324 ’363 

993^870 

9,882 

831 

161, 157 

292,578 

1,310,241 

115,517 

304,994 

948,399 

4,053 

1,067,969 

938,878 

152,050 

13  Gloucester  . . 

856,012 

280,994 

67,630 

1,204,637 

629,186 

4,698 

48’, 452 

14  Northumberld. 

813,524 

126.137 

179,423 

1,119,087 

296,080 

422,550 

140,009 

61,146 

919,785 

8,114 

15  Wilts 

715,428 

243,168 

123,587 

1,082,183 

247,628 

660,117 

25,187 

10,073 

943,005 

97,548 

16  Warwick  .... 

17  Stafford 

18  Southampton 

779,897 

756,299 

578,466 

162,650 

238,636 

279,669 

134,941 

71,100 

166,446 

1,077,488 
1 ,066,042 
1,024,581 

368,804 
1 213,182 

42,615 

248,383 

616,087 

640,475 

127,556 

47,639 

792,282 

829,269 

683,039 

20,297 

13,550 

121,503 

692,093 

571,275 

169,147 

250,358 

138,439 

999,679 

964,008 

20,550 

772,382 

2,127 

795,060 

793,297 

20,188 

123,143 

20  Suffolk 

142,476 

73,401 

714,916 

2,452 

2,527 

675,618 

651,889 

628,468 

140,172 

189,952 

227,785 

106,636 

48,870 

33,169 

922,427 

94,521 

642,503 

675.994 

691,921 

220 

786.663 

775.664 
817,060 

55,610 

22  Leicester  .... 

23  Northampton 

890,712 

889,422 

188,298 

141,066 

20,733 

24,130 

12,977 

15,158 

24  Derby  

552,781 

161,809 

60,747 

775,067 

248,958 

382,307 

55,768 

518 

687,551 

9,197 

25  Sussex  

346,779 

196,180 

216,187 

759,447 

76,252 

442,090 

15,563 

56,968 

590,874 

101,677 

26  Cornwall  .... 

476,477 

186,097 

68,360 

730,935 

1,894 

608,908 

510 

2,382 

613,694 

61,622 

27  Worcester. . . . 

457,377 

157,037 

114,907 

729,321 

171,681 

402,930 

3,512 

5,889 

584,012 

38,621 

28  Nottingham  . . 

420,670 

179,521 

100,110 

700,301 

368,377 

168,976 

2,014 

21,503 

560,870 

14,215 

29  Oxford 

443,731 

104,463 

114,286 

662,480 

329,297 

228,552 

830 

1,077 

559,757 

37,605 

2J0  Durham  , . t 

518,111 

480,457 

401,147 

141,789 

118,952 

160,911 

1 ,001 

660,901 

631,693 

624,195 

119,051 

412,844 

483,165 

373,906 

531,896 

5,02t 

51,967 

57,692 

31  Dorset  

32  Berks  

32,283 

62,137 

59,675 

115,484 

545 

1,761 

544,546 

489,390 

33  Burks  . . . 

430,841 

339,444 

102,022 

189,145 

7.i  .inn 

607,354 

596,422 

325,896 

75,733 

190,153 

337,382 

12,563 

74,200 

528,613 

25,202 

13,628 

34  Cumberland  . . 

f * , *-1  JG 