35  Cumberland  

448,905 

348,544 

37,498 

131.678 

— 

966,626 

8,225 

31,360 

21,951 

98,168 

36  Cambridge 

391,865 

311,003 

41,622 

206,808 

4,789 

95G,686 

49,033 

37,446 

40,732 

114,684 

37  Hereford 

389,403 

359,494 

18,194 

42,646 

450 

810,188 

47,969 

31,399 

30,898 

97,514 

38  Bedford  

268,520 

212,099 

20,283 

90,732 

182 

591,816 

40,261 

23,024 

26,971 

60,299 

39  Westmoreland  

186,306 

150,925 

14,014 

73,962 

1 

425,206 

14,386 

13,072 

11,124 

40,444 

40  Huntingdon  

170,935 

141,094 

31,258 

51,720 

12 

395,020 

8,481 

17,706 

19,347 

52,699 

41  Monmouth 

182,877 

134,262 

8,615 

47,449 

854 

374,057 

5,058 

16,720 

8,754 

47,305 

42  Rutland 

87,706 

62,586 

6,550 

22,181 

— 

199,023 

10,969 

1 6,926 

1 8,347 

18,348 

TOTAL  England 

33,255,442 

21,540,414 

G, 665, 765 

31,498,870 

535,260 

93,595,708 

2,545,009 

3,765,517 

1 5,449,311 

9,374,782 

fAnglesea  

86,261 

25,741 

427 

17,556 

— 

129,986 

4,275 

4,400 

2,775 

11,210 

Carnarvon 

99,567 

17,415 

2,088 

12,729 

— 

131,801 

1,230 

6,239 

2,850 

10,186 

1 Denbigh  

200,296 

177,762 

3,666 

24,747 

— 

406,472 

3,018 

13,012 

12,963 

39,719 

S ^ 

< 

1 Flint 

119,095 

47,124 

2,626 

36,197 

1,424 

206,468 

499 

9,120 

10,242 

21,579 

Merioneth 

79,913 

72,032 

277 

4,029 

— 

156,251 

1 ,659 

4,152 

2,059 

13,231 

65 

s 

[Montgomery 

163,574 

129,504 

618 

20,023 

— 

313,619 

12,628 

10,624 

5,023 

28,793 

f Brecon 

87,571 

37,716 

5 '1 1 0 

130  703 

6,062 

4,726 

21,853 

Cardigan  

130,926 

36,348 

140 

7J39 

60 

175/214 

5,’ 194 

3,138 

16,409 

■5 

; J 

Carmarthen  

179,605 

159,521 

12,720 

25,854 

1,115 

378,815 

34,529 

12,385  | 

8,042 

34,373 

£ | 

Glamorgan  j 

230,742 

194,564 

7,275 

128,540 

124 

561,251 

3,207 

18,749 

13,825 

50,986 

Pembroke ! 

157,808 

127,397 

10,342 

26,907 

249 

322,704 

17,864 

11,472 

11,456 

29,669 

^Radnor 

73,345 

39,751 

1 ,492 

3.377 

60 

118,025 

23,004 

4,370 

2,342 

12,844 

TOTAL  England  and  Wales 

34,864,145 

22,705,319 

6,707,326 

31,811,996 

638,292 

96,627,077 

2,646,922 

3,871,302 

5,529,382 

9,671,634 

SCOTLAND 

3,827,249 

1,574,363 

170,741 

1,919,950 

160,733 

7,653,0 36 

510,365 

295,145 

324,247 

963,366 

See  Note  above  iff' 

— 

5,040,000 

1,122,260 

4, P09, 579 

11,071,839 

527,713 

19,768 

TOT  A L Great  Britain  £ 

38,691,394  1 

24,279,682 

11,918  067 

34,854,206 

5, 008, 00,1 

115,351,952 

3,157,256  I 

4,694,160 

5,873,398 

I0,635,00u 

Q 

30 

An  ACCOUNT  shewing  the  Estimated  Annual  Value  of  Property  under  Nine  different  Heads,  Assessed  to  the  Property 
Tax  under  Schedule  (A.)  in  each  County  of  England,  and  Wales,  for  the  Year  ending  the  5th.  of  April  1814.  The  Total  ex- 
hibited in  comparison  with  the  Total  for  the  Year  ending  the  5th.  of  April  1815;  the  Counties  of  England  arranged  in  Order 
of  their  Total  Amount  of  Assessment. — Vide  Vol.  X.,  Parliamentary  Papers  of  Session  1814-15- 