

22  20  5 

1790 

1 

49,241 

57,185 

4,493 

6,895 

44,748 

50,290 

u 

138,780 

164,489 

£ 

1 0,429 
316 

1,099 

2,412 

13  17 

14  10  15  15 

84/0  

-/  90/0 

77/0  86/0 

92/6  103/6 

19  5 18  15 

18  15  20  15 

2 

57,694 

9,184 

48,510 

u 

167,115 

332 

4,679 

1,221 

//  17  5 

86/0  105/0 

103/6  105/6 

u 

3 

58,963 

4,574 

54,389 

u 

169,919 

180 

3,685 

2,041 

14  18  5 

105/0  114/0 

103/6  100/6 

„ 

4 

42,480 

49,527 

5,411 

4,136 

37,069 

45,391 

" 

122,340 

143,758 

104 

220 

4,142 

1,161 

1,376 

12  17 

13  18 

109/6 

100/6  99/6 

101/6  102/6 

20  15  18 

17  5 21 

6 

53,278 

7,640 

45,038 

3 19 

153,473 

408 

638 

1,004 

16  5 22  15 

109/6  120/0 ( 

,/ 

21  5 20  10 

7 

36,961 

6,384 

30,577 

3 4 7 

120,825 

1,316 

1,765 

960 

20  23 

„ 

98/0  100/0 

19  10  

13 

51,929 

4,781 

47,148 

3 15  5 

186,147 

1,889 

982 

2,062 

19  15  // 

// 

102/0  101/0 

19  10  19 

9 

48,332 

6,885 

41,447 

// 

189,809 

2,675 

202 

1,137 

20  -/ 

120/0  140/0 

104/0  110/0 

20  10  21 

1800 

38,363 

5,099 

33,264 

,/ 

150,310 

2,845 

6,852 

1,505 

17  24 

140/0  160/0 

110/0  111/6 

22  10  25 

1 

33,401 

4,057 

29,344 

3 4 7 

126,759 

3,001 

3,953 

2,401 

18  26  10 

113/6  115/0 

25  28 

2 

52,909 

6,720 

40,189 

3 17  7 

203,935 

5,459 

5,391 

1,298 

18  5 22  10 

160/0  130/0 

// 

28  33  10 

3 

43,470 

3,616 

39,051 

4 7 4 

192,381 

3,575 

1,788 

1 ,752 

16  22 

130/0  140/0 

// 

33  10  33 

4 

22,528 

3,619 

18,909 

4 17  1 

107,560 

6,065 

1,916 

1 ,629 

15  21  10 

140/0  165/0 

a 

u 

5 

27,253 

4,212 

23,041 

5 Oil 

133,439 

6,595 

12,469 

1 ,208 

n 21 

165/0  200/0 

113/0  122/6 

34  10  41 

6 

32,128 

4,717 

27,411 

5 7 5 

151,750 

8,124 

8,917 

1,506 

15  10  20  10 

2000  182/0 

128/6  124/6 

41  38 

7 

23,738 

6,537 

17,201 

u 

104,155 

10,863 

21,754 

2,232 

14  10  20  10 

162/0  147/0 

— 128/6 

38  30 

8 

9 

1810 

11 

21,000 

24,480 

20,184 

27,956 

6,622 

8,603 

11,368 

8,101 

14,370 

15,877 

0,016 

19,852 

5 9 4 

89,033 

106,390 

95,014 

84,088 

16,190 

24,297 

10,235 

23,030 

551 

" 19  10 

» 18  10 

147/0  200/0 

160/0 

15G;0  140/0 

118/6  120/6 
120/6  128/6 

174/0 

174/0  155/6 

28  43 

43  38 

38  33 

34  27  10 

12 

13 

14 

17,429 

9,959 

7,470 

0 9 10 

04,391 

23,810 

3,791 

1,475 

* 19  10 

12  10 

" 17  10 

146  0 130;  0 

130/0  135  0 

140/0  120/0 

131/6 

140/6  

27  10  30 
29  31 

34  28 

21,909 

10,275 

11,634 

77,723 

22,636 

2,138 

1,147 

174/6  168/6 

15 

16 

21,379 

8,490 

14,018 

8,624 

7,301 

" 

65,961 
43,61 1 

24,708 

26,552 

3,718 

2,631 

1,328 

u 16  10 

17  10 

120/0  140/0 

130/0  85/0 

136/6 

102/6 

28  25 

25  19 

17 

10,130 

4,057 

6,082 

0 

53,836 

38,931 

177 

25 

//  21  10 

105/0  133/0 