

447 

530 

714 

578 

831 

788 

584 

233 

605 

180 

278 

401 

594 

725 

830 

1,222 

491 

206 

120 

149 

107 

210 

83 

68 

204 

93 

221 

115 

138 

97 

113 

188 

95 

127 

14* 

361 

12| 

36 

23 

10 

10 

14* 

60 

9 

3 

6| 

10* 

12$ 

629 

444 

85 

177 

286 

362 

318 

150 

335 

189 

400 

213 

209 

160 

197 

180 

75 

30 

4 

19 

12 

20 

— 

— 

66 

25 

53 

23 

— 

- 

20 

2,337 

1,501 

1,826 

1,665 

1,931 

1,693 

1,459 

8-10 

1,018 

653 

1,436 

1,557 

1,311 

1,099 

1,335 

2,350 

— 

— 

— 

— 

s 

— 

— 

— 

— 

— 

— 

— 

10 

— 

28 

— 

280 

250 

— 

510 

433 

316 

455 

840 

277 

749 

538 

769 

535 

515 

400 

715 

488 

510 

224 

57 

45 

41 

77 

67 

109 

75 

28 

43 

91 

142 

84 

79 

67 

22 

4 

63 

5 

16 

22 

13 

25 

33 

39 

24 

42 

34 

21 

22 

53 

30 

22 

46 

1 

4* 

5* 

1| 

8* 

3 

13 

47 

56 

45 

36 

106 

79 

29 

49 

155 

299 

332 

268 

383 

496 

415 

659 

713 

287 

606 

447 

506 

931 

400 

116 

j 

111 

34 

55 

53 

26 

72 

54 

50 

55 

65 

83 

133 

65 

93 

72 

18 

1 

15 

24 

23 

11 

13 

49 

31 

22 

35 

58 

37 

30 

39 

31 

22 

31 

111 

40 

50 

85 

168 

9 

9 

120 

270 

83 

129 

95 

41 

180 

86 

240 

100 

— 

2 

46 

2 

6 

77 

2 

25 

10 

— 

— 

— 

26 

— 

— 

967 

843 

790 

898 

1,352 

1,033 

1,363 

1,355 

1,710 

1,138 

1,495 

1,161 

1,534 

2,032 

1,339 

473 

20 

30 

— 

— 

15 

3 

463 

975 

1,266 

944 

586 

1,898 

6,855 

2,350 

4,985 

3,419 

5,909 

6,559 

2,923 

4,813 

6,654 

5,375 

5,040 

8,662 

237 

602 

596 

818 

1,589 

553 

1,998 

934 

1,495 

1,863 

729 

1,156 

1,594 

1,419 

1,316 

1,356 

22 1 

12 

4 

10 

16 

41 

16 

81 

32 

36 

43 

8 

35 

53 

54 

395 

— 

1* 

13 

25 

20 

5 

6 

13 

27 

4 

5$ 

39 

68 

77 

22 

400 

222 

66 

88 

274 

142 

305 

292 

419 

414 

200 

421 

468 

469 

804 

808 

590 

282 

145 

141 

311 

249 

247 

274 

344 

335 

210 

168 

368 

593 

664 

514 

1 

69 

16 

— 

64 

169 

276 

41 

3 

61  1 

1,513 

35 

50 

— 

4 

34 

28 

— 

60 

22 

80 

10 

'60 

— 

71 

63 

86 

— 

— 

— 

52 

51 

60 

20 

2 

4 

10 

40 

50 

76 

62 

60 

138 

174 

19 

19 

144 

29 

179 

— 

— _ 

2,519 

2,086 

1,400 

2,975 

9,111 

. 

3,374 

7,562 

5,013  ! 

8,221  1 

9,320 

4,115  ( 

5,590  ! 

9,159  ’ 

7,990  1 

8,42.3  l 

2,747 

480 

90 

f 

549 

648 

229 

419 

1,631 

654 

502 

289 

1,282 

131 

47 

356 

520 

983 

461 

878 

1 

259 

188 

67 

8 

227 

138 

77 

34 

162 

22 

— 

20 

109 

48 

67 

91 

4* 

2 

27 

3 

5 

* 

20 

4 

8 

14 

1 

15 

8* 

62 

8* 

118 

n 

— 

4 

14 

— 

15 

14 

— 

— 

3 

— 

1 

23 

44 

4 

1 

152 

68 

6 

5 

80 

5 

4 

18 

125 

70 

8 

84 

31 

71 

34 

96 

235 

143 

28$ 

7$ 

37 