

64,602 

83,842 

17,350 

679,358 

87,279 

13,787 

264,927 

1,656,040 

5 

9,771 
1 3,752 

86,394 

89,894 

77,679 

73,685 

27,995 

4:1,156 

56,835 

54,178 

51(5  410 

70,084 

56,973 

14,642 

13,859 

1,169,105 

1,392,880 

6 

26,239 

753!  137 

_ 

10,617 

96,178 

71  727 

58,038 

53,886 

70,328 

13,053 

1,385,617 

Q 

tvJHkfV  i U 

24,035 

94  794 

89^965 

57,996 

58,731 

27,995 

(500,721 

82,o78 

12,369 

— 

1,389,516 

9 

1830 

1 

Price  1817 
» 18211 
»v.  of  10  Vi 

L 

1.  173/0 

1.  103/1 

r».  131/4 

201/9 

125/0 

ue/i 

102/3 

101/4 

110/8 

102/7 

00/11 

123/4 

101/' 

08/1 

127/4 

100/8 

02/8 

04/11 

13C/2 

109/8 

1*24/0 

143/0 

79/4 

114/3 

100/7 

1(12/9 

130/1 

160/2 

166/11 

153/11 

167/8 

106/8 

136/7 

f 22,963 
24,850 

153,6  41 
| 185,436 

213,979 

226,871 

32,538 

38,073 

9,212 

59  084 

108,425 

136,0(54 

8,444 

11,053 

190,632 

190.022 

1,113,358 

1,280,960 

1814 

15 

Declared.  Value 
'ght  and  Unwrought  IRON 
and  STEEL. 

12,189 

3,568 

9,626 

12,066 

4,940 

8,771 

16,458 

23,434 

26,182 

17,753 

65,479 

34,520 

40,578 

47,514 

53,476 

53,264 

50,361 

11.51 . » 

29,619 

25,368 

27,127 

33,503 

26,396 

34,825 

226,506 

208,032 

107,103 

136,694 

86,270 

89,680 

97.580 

141,717 

105,202 

91,670 

112,503 

93,329 

28,347 
I 29,387 
29,238 
22,282 
23,820 
| 29,720 
J 27,168 
) 26,332 
19,172 
24,284 
1 17,371 

179,142 

230,102 

207,813 

110,562 

130,504 

136,852 

139,691 

169,535 

148,027 

133,338 

200,559 

198,759 
215,170 
134,905 
225,746 
173,087 
160,064 
' 127,034 
130,185 
149,717 
157,712 
160,730 

29,265 
28,933 
58,842 
48,132 
34,4  1 1 
25,846 
20,653 
28,170 
47,130 
52,139 
52,217 

112,057 
I 69,957 
82,512 
91,145 
77,454 
64,890 
l 64,717 
81,446 
1 110,853 
147,553 
105,763 

9,198 

12,382 

11,918 

14,009 

18,643 

15,959 

9,553 

8,946 

11,072 

15,667 

17,740 

118,841 

158,586 

182,745 

230,724 

184,616 

239,144 

206,301 

195,022 

239,766 

343,268 

1,095,637 

1,209,062 

1,461,404 

1,155,710 

1,131,788 

1,128,723 

1,061,186 

1,073,937 

1,090,856 

1,291,336 

1,105,620 

16 

17 

18 
19 

1820 

l 

3 

4 

5 

6 

36,046 

281,234 

140,617 

69,959 

21,332 

40,165 

156,782 

93,778 

15,757 

1,214,938 

42,748 

280,638 

163,750 

60,416 

22,771 

44,736 

175,400 

100,606 

10,757 

— 

1,224,136 

8 

50,295 

199,406 

163,012 

49,913 

21  727 

47,729 

110,566 

107,533 

20,209 

1,160,927 

9 

. 

l 

1830 

1 

FRANCE.  FLANDERS.  HOLLAND.  GERMANY.  North  of  EUROPE.  Countries 

38 

No.  V.  An  ACCOUNT  of  the  Quantity,  and  Declared  Value  of  each  kind  of  IRON,  and  of  STEEL,  EXPORTED  from 
Great  Britain,  to  each  of  21  different  parts  of  the  World,  in  each  of  the  16  Years  1814-  1829. 

Description 

of 

[ Years 

Bar a 

Bolt  & Rod  " 
Castings  . . » 
Anchors  . . // 
Hoops  ....  n 
V Tought . . a 
Nails  ....  Cu 
Wire  ....  ,i 
Steel  ....  a 