

VALUES. 

1814. 

! 1815. 

1 1816. 

1817. 

1818. 

1819. 

1820. 

1821. 

| 1822- 

1 1823 

1824. 

1825. 

1 182G. 

1 1827. 

1 1828. 

1 1829. 

| 1830. 

-£ 

£ 

_£ 

-£ 

J £ 

£ — 

£— 

J 

£_ 

£ 

J £ 

J 

£~~ 

At 

80 

| 352 

240 

565 

227 

150 

272 

110 

102 

156 

, Amt 

132 

74 

748 

j 941 

28 

— 

17 

59 

653 

— 

1,208 

496 

195 

j 196 

7 

193 

359 

1,389 

| 8,404 

3,916 

243 

3 

— 

13 

— 

— 

— 

121 

251 

j 321 

511 

541 

623 

701 

| 585 

1,245 

420 

440 

200 

98 

356 

731 

1,032 

597 

326 

141 

175 

410 

341 

| 2,276 

789 

i 605 

12 

10 

— 

65 

150 

1,817 

600 

3,000 

308 

150 

4,855 

442 

| 615 

704 

| 551 

224 

111 

— 

— 

15 

— 

1,119 

328 

1,074 

1,221 

1,243 

1,478 

2,084 

I 1,668 

2,992 

2,992 

36,  5 16 

6,513 

1,332 

3,518 

2,884 

1,265 

3,462 

3,003 

1,080 

681 

1 ,702 

6,920 

3,126 

5,406 

2,275 

4,027 

4 

14 

6 

4 

36 

12 

185 

20 

109 

27 

62 

68 

269 

80 

192 

82 

284 

418 

! 190 

6 

106 

590 

659 

561 

236 

— 

607 

292 

*170 

737 

660 

153 

253 

86 

165 

171 

127 

143 

141 

89 

202 

1 507 

504 

765 

820 

1,396 

898 

834 

37,972 

7,737 

2 272 

4,109 

4,807 

3,118 

9,773 

6,087 

6,473 

3,511 

is  i 

O 1 
* 1 

15,678 

8,366 

14,342 

18,247 

15,346 

_ 

- 

120 

120 

402 

! no 

5 

610 

125 

996 

94 

156 

999 

9,751 

5,930 

1 ,877 

5,524 

3,947 

4,760 

4,620 

4,724 

2,172 

7,413 

12,230 

12,508 

20,120 

r> 

268 

320 

1,540 

1 ,753 

1,084 

937 

1,131 

1,298 

2,400 

1,679 

1,747 

3,606 

3,713 

3,597 

3,846 

i 375 

168 

435 

573 

458 

463 

594 

378 

314 

361 

317 

| 7,864 

3,157 

2,255 

2,497 

2,580 

180 

— 

30 

180 

— 

— 

— 

375 

307 

1,029 

| 933 

720 

605 

989 

1,165 

! 131 

250 

180 

528 

785 

223 

1,225 

757 

923 

871 

2,982 

j 1,832 

2,348 

2,667 

2,470 

3,869 

| 

1 31,633 

2,562 

3,426 

3,143 

3,551 

2,883 

2,886 

3,795 

3,133 

1 3,827 

4,543 

7,919 

9,564 

1 1,454 

9,444 

12,779 

5 

94 

118 

371 

652 

J 17 

3(>(i 

411 

674 

009 

580 

934 

1 ,429 

726 

1,877 

1,037 

| 

— 

32 

10 

30 

164 

206 

473 

416 

748 

951 

1,015 

597 

964 

717 

1,377 

1,157 

490 

102 

272 

66 

23 

32 

59 

— 

160 

1 177 

34 

1,259 

1,601 

1,816 

2,058 

1,644 

32,729 

3,812 

5,760 

16,032 

13,499 

6,915 

12,184 

10,835 

12,385 

J 14,302 

15,305 

| 25,367 

30,807 

36,863 

1 36,912 

49,133 

I 

553 

110 

1 322 

380 

217 

156 

1,731 

724 

j 355 

689 

1,953 

j 5,413 

7,942 

4,486 

1,711 

3,177 

6,866 

7,776 

6,7  17 

10,831 

11,464 

9,868 

15,378 

12,172 

9,031 

16.267 

25,298 

21,055 

26,401 

1 ,422 

1,316 

2,067 

948 

1,050 

1,782 

427 

421 

796 

1,564 

975 

12 

854 

704 

380 

1,108 

1 553 

315 

219 

329 

330 

373 

548 

347 

110 

308 

455 

800 

1,858 