H 

25 

37 

45 

123 

107 

126 

248 

15 

— 

4 

i 

36 

— 

10 

— 

14 

35 

124 

48 

77 

118 

114 

101 

238 

155 

391 

161 

261 

288 

557 

359 

998 

1,147 

700 

588 

1,188 

980 

1,074 

1,148 

122 

33 

107 

84 

20 

59 

115 

134 

169 

407 

475 

128 

385 

671 

508 

649 

85 

— 

40 

330 

— 

1004 

180 

280f 

260 

80 

280 

84 

33 

409 

46 

101 

— 

H 

H 

10 

57 

235 

124 

169 

250 

260 

587 

456 

447 

642 

941 

1,280 

140 

10 

n 

3 

7 

12 

4 

15 

92 

143 

430 

349 

940 

1,090 

960 

856 

475 

1,038 

1,153 

1,201 

1,969 

1,908$ 

1,821  J 

4,118$ 

3,000 

1,739  | 

3,676 

5,658  | 

5,616 

7,776 

560 

1,204 

411 

492 

707 

598 

940 

99 

81 

77 

154 

91 

— 

178 

306 

268 

369 

336 

312 

156 

334 

391 

245 

466 

71 

9 

24 

90 

27 

53 

28 

82 

33 

98 

44 

84 

284 

n 

13J 

18  h 

J0£ 

64 

299 

13 

49 

36 

39 

75 

34 

28 

£ 

— 

— 

6 

5 

104 

1\ 

89 

11 

18 

40 

31 

6 

21 

35 

51 

72 

135 

93 

To 

81 

52 

37 

6 

# free  i\ote  to 

38 

18 

33 

69 

645 

77 

47 

36 

31 

28 

65 

68 

82 

20 

24 

50 

12 

— 

8 

— 

65 

2 

5 

con 

esponding  Page. 

4 

65 

11 

1 

6 

100 

94 

51 

149 

111 

120 

208 

180 

269 

43 

100 

12 

57 

93 

24 

64 

390 

320 

657 

560 

561 

254 

53 

842  $| 

1,716 

1,417$ 

1,376 

1,272 

1,186$ 

1,308$ 

789$ 

758 

625f 

841$ 

26 

51 

269 

820 

940 

194 

1,439 

3,051 

3,351 

4,006 

903 

1,064 

3,802 

2,669 

2,181 

3,952 

575 

86 

1,096 

11,567 

8,677 

5,191 

7,530 

11,259 

2,516 

2,344 

1,394 

1,481 

2,620 

1,706 

2,053 

2,093 

34 

n 

76 

52 

43 

26 

169 

75 

71 

157 

3 

128 

48 

91 

98 

335 

£ 

160  I 

93 

99 

127 

300  I 

132 

402 

375 

139 

290 

209 

266 

387 

104 

— 

6 

54 

25 

632 

16 

84 

27 

31 

2 

55 

22 

65 

49 

95 

142 

340 

31 

io4| 

19 

194 

347 

503 

364 

238 

118 

435 

110 

417 

296 

503 

735 

568 

81 

224I 

79 

69 

74 

41 

64 

160 

88 

96 

41 

302 

304 

157 

196 

118 

— 

180  I 

— 

120 

60 

11 

24 

66 

12 

— 

— 

28 

200 

20 

— 

41 

117 

- — 

28 

10 

35 

5 

76 

107 

111 

23 

53 

94 

101 

238 

232 

461 

436 

121 

544 

1,069 

182 

2,180 

1,635 

2,285 

2,221 

3,579 

1,984 

1,693 

2,156 

2,628 

2,666 

1,609 

262 

1,589  1 

12,707  | 

10,151$| 

6,006 

9,954 

15,I52| 

6,895 

7,121  13,259 

3,112 

7,633f 

5,460 

5,611 

7,464 

i 

• • These,  and  the  four  following  Pages,  have  been  compiled  in  part  from  Accounts  presented  to  Parliament,  in  1819,  and  1825 .—see  Val.  XVI,  and  XXI  of  Papers  of  the  Session  oj 
tkos’e  Years’  respectively  ; and  made  complete  from  M.S ■ Returns,  specially  obtained  from  the  Custom  House,  in  1830.  The  Details  will  be  found  to  present  some  very  great  disparities, 
for  instance,  the  311  Tons  of  Wrought  Iron  to  the  North  of  EUROPE,  in  IS15,  averaged  £ 119  ^ Ton:  the  139  Tons  to  Germany,  £227  W Ton  : while  909  Tons,  in  1S29,  averaged  only  £ 14  ti'  Ton. 