

47 

57 

8 

39 

61 

39 

33 

43 

65 

45 

32 

— 

129 

10 

13 

90 

58 

60 

134 

183 

17 

46 

3 

— 

41 

90 

24 

| 

' 

27 

— 

— 

1 

1 1 

1 

— 

— 

2 

12 

5 

3 

26 

- 

— 

— 

— 

1,216 

1,047 

362 

445 

1,982 

862 

677 

359 

1,625 

302 

97 

511 

736  1 

1,716  | 

710  1 1,217 

n 

“1 

41 

t#*  T/.e  mon  Striking  feature  of  this  part  of  the  Account,  is  the  progressive  increase  of  Bar  Iron  to  Italy.  In  1814,  the  Value  averaged  £ 12  I2i.  V Ton;  In  1S29,  less  than  £c  lo.s. 
pf„  . great  inequality  in  the  Value  of  the  Wrought  Iron,  is  appaenl  in  this  Statement,  for  instance,  491  Tons  to  Spain,  its  1814,  averaged  about  £ 45  1?  Ton  ; whilst  590  Tons  to  Italy, 
in  the  same  Year,  is  It  low  i'Tl  l*'  Ton. 

VALUES. 

1SU. 

1815. 

1816. 

1817. 

1818. 

1819. 

1820. 

1821. 

1822. 

1823. 

182-1. 

1825. 

1826. 

1827. 

1828. 

1829. 

1830. 

102 

3,032 

7,888 

3,940 

874 

10,842 

19,748 

4,119 

790 

240 

86 

4,076 

12,887 

1,194 

605 

7,958 

11,144 

964 

3,393 

12,807 

5,475 

5,126 

301 

49 

60 

11,406 

17,120 

1,300 

287 

13,555 

3,788 

7,386 

297 

100 

249 

7,200 

14,071 

1,234 

409 

14,420 

4,753 

4,718 

281 

8 

272 

8,132 

8,468 

1,848 

55 

7,420 

16,268 

1,971 

310 

8,803 

4,560 

3,744 

174 

50 

75 

9,609 

5,832 

1,602 

2,794 

8,297 

3,789 

2,584 

365 

171 

137 

17,193 

10,264 

1,648 

1,072 

14,789 

4,369 

2,037 

307 

26 

248 

14,386 

21,657 

1,848 

166 

20,938 

4,712 

3,055 

253 

25 

708 

14,320 

14,471 

1,498 

619 

10,856 

3,103 

2,325 

279 

38 

106 

11,979 

11,603 

1,411 

574 

9,070 

3,062 

1,963 

149 

74 

£25 

15,100 

12,897 

1,119 

373 

10,210 

3,057 

1,912 

167 

101 

3,599 

17,480 

4,094 

189 

22,796 

6,921 

5,722 

829 

4,845 

19,991 

1,753 

97 

11,514 

5,824 

7,110 

547 

114 

8,058 

12,337 

1,802 

519 

8,271 

6,260 

5,237 

493 

182 

8,732 

3,677 

5,143 

3,499 

33 

12,941 

4,217 

3,134 

343 

43 

! 

j 

1 

51,575 

61,630 

51,795 

36,228 

47,822 

43,159 

55,299 

47,343 

39,399 

43,355 

35,118 

51,842 

67,288 

48,211 

40,051 

44,961 

1 

170 

2,773 

2,974 

6,495 

228 

9,672 

5,857 

705 

325 

24 

100 

5,293 

1,281 

152 

220 

7,707 

2,581 

091 

077 

4,340 

125 

301 

260 

2,610 

2,955 

314 

300 

90 

5,817 

849 

093 

1,809 

3,566 

5,190 

1,205 

768 

105 

90 

10,504 

118 

1,499 

1,495 

6,037 

3,104 

257 

419 

48 

1 

4,918 

221 

628 

758 

8,122 

2,985 

98 

3<j6 

30 

1,732 

106 

437 

154 

8,655 

2,105 

202 

275 

20 

4,054 

530 

2,347 

3,953 

11,831 

3,861 

394 

308 

35 

3,393 

477 

13,251 

487 

7,688 

22,170 

4,700 

1,997 

164 

1,149 

1,200 

6.809 
40 

8,080 

15,742 

5.809 
1,254 

60 

6,488 

1,388 

878 

451 

7,373 

5,964 

1,244 

588 

64 

8,825 

1,027 

448 