

409 

446 

369 

448 

656 

706 

i 

24 

77 

33 

49 

112 

53 

58 

35 

37 

68 

38 

68 

41 

47 

49 

62 

1,401 

1,596 

1,652 

1,781 

1,678 

2,009 

1,748 

1,533 

1,218 

1,219 

1,453 

1,102 

1,444 

1,187 

1,418 

2,084 

j 

22 

49 

63 

95 

92 

52 

45 

51 

18 

26 

131 

51 

47 

59 

50 

51 

1,056 

1,090 

1,117 

1,305 

1,403 

1,411 

1,182 

1,176 

999 

1,101 

1,108 

1,214 

1,074 

1,161 

1,371 

1,085 

2,979 

2,075 

1,903 

1,943 

2,362 

2,405 

1,982 

1,830 

1,712 

1,685 

1,742 

1,741 

2,020 

1,933 

2,191 

2,274 

465 

806 

920 

1,170 

1,309 

1,220 

869 

1,038 

913 

1,019 

1,049 

1,110 

1,135 

1 ,107 

1,379 

1,156 

140 

419 

216 

126 

370 

610 

434 

477 

519 

405 

198 

288 

206 

226  1 

327 

236 

150 

666 

99 

145 

88 

113 

52 

86 

71 

116  ! 

151 
1 

68 

76 

69 

79 

140 

6,371 

6,243  1 

6,186  ! 

6,903 

7,589  [ 

8,054 

6,400  1 

6,347 

5,385 

5,768  | 

,980  1 

5,814 

6,160 

5,975  1 

7,078 

7,506 

j 

43 

The  Duty' on  English  Bar  and  Bolt  Iron,  Imported  into  the  United  States  of  North  America,  is  37  Dollars*?  Ton,  equal  to  about  £8  Sterling;  and  on  Sheet,  Hoops,  and  Rod, 
2l  Centimes  V lb. , equal  to  about  £ 16  S'  Ton,  being  at  the  Rate  of  from  110  to  120  Cent,  on  the  V alue  in  England,  in  1830;  These  enormous  duties  do  not  however  appear  to  check  the 
Exportation,  because  the  English  producer  seems  to  yield  in  Profits  and  Cages,  in  proportion  to  the  oppression  oj  the  Duties. 

VALUES. 

1814. 
— £ 

1815. 

1816. 

1817. 

1818. 

1819. 

1820. 

1821. 

1822. 

1823. 

1821. 

1825. 
£ 

1826. 

1827. 
£ 

1828. 
£ 

1829. 

£ 

1830. 

240 

10,271 

245 

224 

350 

16,992 

914 

398 

730 

282 

3,514 

44 

10 

£ 

100 

405 

22,240 

247 

200 

176 

422 

1,809 

59,542 

4,547 

56 

14,358 
1 ,235 
71 
1,564 
151 
2,791 
1,063 

28,620 

791 

848 

12,286 

1,198 

684 

14 

451 

997 

1,866 

12,838 

24 

230 

12,075 

256 

135 

9,109 

414 

22 

236 

480 

2,209 

626 

115 

691 

17,945 
1,263 
75 
20 
601 
1 ,258 
335 

O 1 Id 

29  269 

iU 

QAC 

272 

22 

79 

12 

127 

1,177 

137 

1,770 

10 

1 

14 

272 

170 

602 

6,355 

497 

2 

302 

1,475 

840 

110 

611 

15 

17 

794 

1,491 

132 

40 

98 

919 

520 

10 

460 

1,197 

1,608 

21 

5 

15 

194 

29 

14 

1 120 
1 JO 

68 

161 

1 A 

14 

1,875 

1,671 

940 

25,162 

71,010 

21,238 

32,876 

17,657 

14,005 

14,923 

13,902 

12,987 

23,234 

21,497 

9,584 

32,809 

r 

75 
9,751 
460 
1,833 
570 
0,801 
7.372 
1 ,732 
660 
133 

80 

12,194 

11 

2,278 

1,145 

2,461 

7.670 

2,112 

1,153 

134 

60 

11,818 

52 

2,211 

875 

1,707 

5,868 

981 

238 

10 

10 

10,248 

212 

2,169 

1,875 

3,458 

0,623 

1,372 

214 

151 

35 

6,603 

105 

2,329 

1,307 

2,170 

4,996 

1,611 

16 

550 

14,495 