

743 

4,904 

1,404 

3,752 

7,153 

2,762 

87 

196 

280 

16,000 

552 

7,088 

1,138 

4,326 

8,664 

4,466 

172 

62 

10,140 

949 

1,873 

198 

2,900 

5,438 

1,166 

44 

| 195 

11,222 
111 
2,352 
259 
2,617 
6,079 
1 ,202 
264 
144 

12,164 

441 

2,290 

381 

4,071 

7,060 

1,164 

022 

164 

12,980 

79 
1,883 

240 

1,004 

5,049 

802 

80 
165 

12,757 

98 

1,933 

653 

1,432 

10,545 

2,142 

22 

144 

11,066 

79 

1,813 

858 

4,063 

7,500 

1,449 

43 

297 

8,938 

145 

2,587 

2,651 

1,141 

6,851 

1,800 

20 

91 

7,530 

89 
2,571 

360 

1,648 

4,817 

1,206 

90 

17,573 

202 

8,538 

2,062 

4,445 

12,988 

4,314 

122 

51 

22,903 

24,850 

28,347 

29,387 

29,238 

22,282 

23,820 

29,726 

27,168 

26,332 

19,172 

24,284 

17,371 

36,046 

42,748 

50,295 

1,556 

72,310 

14,519 

15,785 

1,034 

6,979 

28,303 

40,977 

4,380 

22,183 

9,760 
20,188 
2,417 
14,077 
3,012 
2,151 
14,543 
21,320 
1 ,002 
12,027 

4,579 
35,225 
7,148 
2a,  460 
2,517 
4,948 
28,652 
21,641 

1,238 

26,124 

3,087 

13,115 
1 761 

3,858 

41,172 

2,711 

4,461 

1,569 

3,346 

13,696 

4,025 

3,995 

17,643 

6,730 

6,355 

698 

7,846 

23,790 

12,383 

4,312 

13,828 

7,108 
38,969 
8,252 
11,551 
1 ,803 
5,174 
34,127 
13,679 

12,732 

24,181 

8,223 

11,470 

2,157 
25,808 
4,685 
1 1 ,857 
270 
4,905 
19,188 
0,222 

8,005 

45,472 

11,006 

8,224 

1,550 

3,458 

17,882 

6,149 

12.036 
29,475 

11.036 
5,129 

10,865 

68,271 

13,680 

7,928 

15,678 

70,327 

7,472 

7,874 

6,813 

46,286 

1,544 

7,402 

— 

84,082 

17.454 
7,972 

191 

5,408 

36.454 
20,485 
21,944 
32,516 

— 

3,708 

22,623 

5,602 

4,979 

18,951 

7,850 

7,796 

15,825 

2,894 

8,366 

27,014 

7,174 

6,442 

32,409 

5,701 

3,853 

25,584 

1,929 

19,451 

4,221 

5,071 

17,227 

— 

9,828 

6,392 

4,688 

14,500 

11,136 

8,483 

6*2  43 

6,544 

10,405 

— 

226,506 

208,032 

107,103 

130,091 

2,570 
10,616 
3,907 
11,198 
3,877 
1 ,800 
17,625 
28,799 
32 

2,088 

86,280 

80,680 

97,580 

141,717 

105,202 

91,670 

112,403 

93,329 

156,782  ‘ 175,400 

110,566 

120 

[10,381 

2,534 

10,477 

5,900 

39 

60,638 

6,071 

2,281 

3,375 

355 

16,043 

5,933 

12,860 

6,300 

402 

30,938 

50,200 

1,879 

4,654 

1,092 

15,768 

3,428 

19,384 

4,939 

010 

21,740 

39,428 

6,014 

1 ,908 
10,979 
3,322 
16,440 
3,598 
735 
12,908 
17,895 
39 
2,133 

2,066 

11,983 

2,400 

12,381 

4,262 

1,156 

24,017 

31,230 

28 

1,622 

2,842 

11,313 

1,535 

9,599 

3,854 

1,547 

19,216 

24,934 

60 

2,554 

1,637 

12,918 

1,593 

1 ,207 
1,873 
14,442 
22,232 
21 
3,720 

224 
11,036 
1,477 
7,904 
1,301 
1,209 
14,303 
23,007  ' 
110 
2,826 

675 
14,900 
3,119 
8,185 
2, 163 
1,616 
20,633 
26,91 1 

2,887 

1,912 

17,494 

5,221 

13,734 

6,775 

2,866 

30,181 

27,347 

37 

5,286 

4,435 

27,123 

9,185 

13,397 

11,087 

3,214 

38,825 

35,523 