j Wrought  . . 

ii 

342 

99 

95 

65 

256 

352 

203 

195 

115 

80 

268 

410 

595 

563 

513 

367 

| Nails 

e 

30 

150 

90 

128 

384 

303 

240 

147 

82 

276 

530 

424 

249 

279 

436 

591 

1 Wire 

Cwts 

; 10 

25 

15 

1 

7 

77 

— 

38 

26 

19 

102 

14 

66 

3 

_ 

— 

LSteel 

" 

169 

25 

32 

— 

90 

49 

12 

16 

6 

104 

114 

460 

46 

60 

115 

82 

TOTAL  TONS 

1,490 

1,817 

1,821 

2,377 

3,160 

2,425 

1,981 

1,651 

1,409 

1,889 

2,398 

2,097 

2,572 

4,769 

3,935 

3,052 

r~ 

i 

f Pig  and  Old 

Tom 

98 

3 

25 

2 

43 

43 

7 

20 

i — — - 

Bar  

ii 

145 

90 

119 

277 

144 

82 

274 

571 

1,099 

597 

577 

1,415 

755 

845 

1,616 

1,314 

Bolt  & Rod 

" 

2 

85 

15 

30 

111 

20 

30 

53 

145 

78 

54 

205 

108 

76 

130 

85 

Castings  . . 

a 

90 

60 

38 

171 

162 

63 

98 

142 

141 

249 

285 

696 

166 

169 

99 

258 

•2  -a 

Anchors  . . 

" 

n 

— 

18 

5 

19| 

_ 

n 

25 

26 

216 

4 

37 

130 

16! 

4 

30 

Hoops  .... 

a 

53 

70 

5 

28 

37 

22 

26 

94 

176 

30 

26 

81 

27 

19 

36 

37 

W rought  , . 

a 

67| 

117 

9 

50 

66 

26 

77J 

98 

190 

188 

197 

752 

457 

202 

164 

117 

N ails 

// 

34! 

17 

3 

19 

39 

22 

21 

102 

117 

115 

86 

151 

76 

92 

73 

98 

° § 

Wire 

Cwts. 

20 

93 

— 

— 

— 

— 

10 

28 

11 

34 

34 

5 

30 

— 

28 

[.Steel 

" 

422 

246 

30 

141 

33 

— 

23 

5 

— 

79 

121 

920 

1,211 

325 

340 

332 

TOTAL  TONS 

416 

455 

208 

587 

678 

238 

537 

1,111 

1,897 

1,520 

1,236 

3,427 

1,786 

1,430 

2,136 

1,977 

fPig  and  Old 

Tons 

30 

| Bar  

a 

134 

120 

430 

176 

476 

635 

693 

390 

448 

375 

316 

435 

773 

857 

784 

1,338 

Bolt  & Rod 

" 

10 

8 

8 

— 

105 

97 

53 

65 

138 

96 

78 

49 

69 

87 

109 

122 

| Castings  . . 

a 

696 

508 

775 

1,077 

938 

1,117 

606 

524 

343 

372 

532 

305 

578 

649 

977 

1,102 

! Anchors  . . 

ii 

5 

6 

7 

198 

33 

10 

— 

6 

3 

11 

10 

1 

h 

11 

— 

85 

IS  ^ 

| Hoops  .... 

u 

387 

136 

62 

125 

126 

151 

122 

89 

76 

101 

154 

99 

112 

126 

276 

285 

! 

| Wrought  . . 

ii 

540 

271 

399 

365 

359 

243 

329 

170 

182 

230 

313 

185 

215 

206 

162 

146 

s 

Nails 

a 

198 

! 272 

232 

439 

332 

329 

340 

304 

371 

381 

448 

238 

319 

450 

551 

443 

$ 

Wire i 

Cwts. 

65 

72 

6 

31 

— 

?! 

— 

4 

— 

15 

75 

— 

7 

2 

25 

37 

1 

LSteel 

" 

_j| 

13 

90 

3 

20 

i 

3 

65 

— 

41 

— 

30 

— 

15 

2 

— 

TOTAL  TONS 

1,973 

1,325 

1,918 

2,381 

2,370 

2,582 

2,143 

1,551 

1,561 

1,569 

1,855 

1,313 

2,066 

2,387 

2,860 

3,553 

| 

"Pig  and  Old 

Tons 

295 

40 

371 

838 

610 

6 

17 

40 

60 

50 

90 

383 

398 

183 

143 

Bar  

a 

6,354 

4,365 

5,213 

7,082 

6,533 

4,608 

6,492 