

288 

4,470 

1,911 

16,849 

4,110 

7,329 

7,380 

3,367 

31,143 

30,804 

152 

2,718 

2,034 
16,699 
2,982 
7,339 
4,780 
2,835 
26, *289 
28,325 
53 
2,442 

1,428 

16.273 
2,986 
7,828 
3,455 
2,493 

31,811 

29.273 
51 

5,008 

2,392 
22,556 
2,901 
1 1,440 
2,862 
4,451 
26,472 
29,669 
62 
4,728 

108,421 

136,064 

112,057 

09,057 

82,512 

91,145 

77,454 

64,890 

64,717 

81,410 

110,853 

147,553 

105,763 

93,778 

100,606 

107,533 

220 
5,282 
311 
28,040 
847 
19,700 
| 167,624 
121,170 
427 
286 

321 

5,991 

1,082 

30,652 

1,885 

19,394 

128,645 

30,042 

1,482 

1,377 

319 

4,939 

407 

33,281 

2,114 

17,729 

104,041 

34,899 

773 

107 

140 
5,878 
625 
32,828 
3,513 
20,307 
108.910 
42,226 
4 46  | 
297  I 

185 

0,735 

1,381 

33,426 

3,301 

22,433 

16,605 

49,648 

1,003 

188 

1,067 
6,761 
635 
39,181 
2,001 
21,672 
107,394 
45,554 
1 ,292 
261 

332 

4,503 

647 

31,883 

1,568 

17,199 

86,057 

29,778 

1,001 

119 

506 

4,939 

340 

25,299 

1,784 

15,125 

76,950 

33,969 

912 

210 

287 

3,646 

390 

20,400 

702 

11,936 

61,881 

26,581 

970 

241 

567 

4,252 

592 

20,243 

932 

14,116 

59,809 

28,647 

1,075 

252 

214 

3,894 

400 

24,302 

4,179 

15,440 

67,399 

33,167 

382 

340 

471 

5,583 

920 

21,313 

1,781 

18,515 

68,425 

39,949 

581 

174 

117 

3,832 
504 
30,060 
1,792 
14,390 
73,015  | 
36,458 
385 
177 

105 

4,288 

439 

21,054 

2,145 

16,066 

67,903 

34,032 

445 

140 

197 
6,005 
478 
26,933 
1 ,482 
16,935 
72,308 
38,629 
600 
183 

295 

5,225 

469 

39,316 

1,566 

12,359 

71,106 

31,907 

442 

267 

243,979 

226,871 

198,750 

215,170 

| 134,905 

225,746 

, 173,087 

160,064 

127,034 

130,485 

149,717 

157,712 

160,730  1 146,617 

163,750 

i 163,102 

44 

No.  VII.  ACCOUNT  Continued, — of  the  Quantity,  and  Declared  Value  of  each  kind  of  IRON,  and  of  STEEI.,  Ex- 
ported from  Great  Britain,  to  each  of  21  different  parts  of  the  World,  in  each  of  the  16  Years  1814-29. 

Countries  Description  I QUANTITIES, 

to  which  of  | — 

Exported.  IRON. 

[ Year 

s'  1814 

1815 

1816. 

1817. 

1818. 

1819. 

1820. 

| 1821. 

1822. 

1823. 

1824. 

1825. 

1826. 

1827. 

1828. 

1829. 

1831. 

1831. 

f Pig  and  Old 

Ton 

S — 

— 

100 

90 

25 

90 

74 

40 

101 

60 

35 

j Bar  ...... 

» 

352 

488 

773 

793 

1,007 

520 

514 

291 

251 

356 

402 

444 

496 

1,587 

1,168 

877 

Bolt  & Kod 

» 

147 

166 

158 

138 

184 

39 

64 

111 

48 

105 

106 

135 

154 

254 

162 

16 

42 

Castings  . . 

it 

320 

473 

469 

404 

717 

864 

637 

515 

623 

638 

655 

320 

718 

1,270 

992 

995 

'n 

J Anchors  . . 

it 

66 

157 

44 

56 

171 

174 

17 

1 

— 

52 

303 

150 

209 

172 

155 

47 

| Hoops  . . . . 

a 

224 

282 

90 

203 

438 

142 

215 

314 

249 

376 

124 

191 

146 

530 

444 

120 

