

1,470 

1,467 

1,509 

2,853 

2,708 

28,572 

16,872 

19,854 

18,971 

17,286 

10,887 

10,430 

6,509 

5,465 

7,098 

9,44  4 

6,003 

6,384 

6,372 

3,813 

3,253 

9,502 

11,155 

8,692 

13,895  j 

11,251 

10,433 

10,311 

8,273 

8,972 

8,678 

10,291 

7,316 

8,977 

1 1 ,627 

12,447 

10,825 

224 

229 

19 

111 

1 

16 

— 

15 

30 

133 

— 

15 

2 

55 

70 

35 

46 

164  1 

- 1 

i\ 

1 31  1 

2 

6 ! 

119 

j 

— 

47 

— 

33 

5 

— 

59,084 

40,678 

47,514  | 

53,476 

53,264  | 

50,361 

41,475 

29,519 

25,308 

27,127 

33,503 

26,396 

34,825 

40,165 

44,736 

47,729 

1,815 

220 

2,172  j 

4,360 

4,020  j 

02 

150 

234 

230 

100 

565 

2,101 

2,167 

902 

781 

83,659 

59,334 

53,769 

71,921 

76,118  1 

52,197 

70,853 

00,559 

63,996 

77,764 

69,301 

51,496 

82,498 

125,274 

149,201 

90,967 

9,845 

26,033 

7,502 

9,046 

11,274 

5,247 

7,435 

7,951 

8,280 

9,955 

7.713 

5,864 

4,935 

10,169 

22,168 

9,799 

4,838 

8,597 

8,485 

12,282 

7,717 

9,845 

6,705 

4,414 

5,724 

13,890 

15,514 

13,811 

24,788 

16,498 

7,132 

12,146 

12,550 

30,244 

18,604  I 

18,360 

J 1 ,520 

2,912 

5,231 

1 1 ,392 

6,307 

13,209 

11,478 

11,179 

20,679 

20,083 

13,562 

6,076 

4,635 

3,426 

2,369 

5,686 

6,990 

3,664 

7,829 

6,745 

6,606 

6,839 

2,044 

3,103 

4,255 

6,582 

4,640 

9,798 

23,227 

40,293 

63,987 

77,701 

57,198 

25,826 

20,524 

40,391 

41,458 

40,547 

33,959 

36,245 

46,28-2 

88,019 

68,072 

56,004 

8,497 

6,345 

10,892 

26,047 

22,214 

5,167 

4,180 

4,261 

6,030 

6,508 

7,342 

8,180 

12,450 

11,589 

13,300 

12,955 

7 

124 

198 

118 

20 

106 

104 

155 

154 

215 

127 

495 

66 

167 

528 

103 

4,568 

10,820 

11,164 

4,578 

10,742 

5,098 

1,581 

1,834 

902 

3*8 

449 

2,400 

2,505 

686 

1,133 

777 

153,  (ill 

185,130 

170,143 

230,102 

207,813 

110,562 

130,504 

136,852 

139,691 

169,535 

148,027 

13:1,338 

200,659 

281,234 

280,638 

199,406 

195 

44 

15 

15 

18 

54 

58 

94 

82 

172 

270 

326 

286 

632 

747 

1,248 

1,679 

2,438 

5,615 

3,077 

5,606 

10,258 

5,491 

2,662 

2,200 

2,290 

3,938 

6,248 

5,032 

4,571 

6,651 

357 

550 

555 

575 

883 

551 

873 

636 

484 

615 

701 

1,197 

1,412 

846 

673 

550  I 

1,234 

972 

594 

549 

1,133 

952 

1,367 

1,218 

980 

1,320 

1,920 

1,986 

1,390 

1,201 

1,239 

996 

— 

26 

198 

111 

423 

564 

848 

678 

301 

148 

466 

530 

411 

1,184 

1,063 

j 229 

542 

208 

329 

532 

1,335 

079 

712 

373 

600 

253 

350 

621 

385 

551 

444 

4,929 

5,088 

3,777 

3,409 

4,383 

3,884 

3,807 

5,041 

2,783 

2,619 

4,109 

5,534 

4,701 

4,958 

5,693 

7,125 

| 364 

1„703 

1,274 

1,502 

1,512 

1 ,1C5 

689 

1,589 

1,372 

1,117 

1,323 

1,725 

1 ,362 

1,595 

1,841 

2,298 

1 

80 

119 

35 

101 

26 

48 

