

1817. 

1818. 

1819. 

1620. 

1821. 

1822. 

1823. 

182-1. 

1825. 

1826. 

1827. 

1828. 

1829. 

1830. 

£ — 

o 1 o 

i n*> 

4,530 

5,760 

7,534 

8,009 

10,698 

1 5,591 

4,833 

2,636 

2,178 

2,872 

3,752 

5,208 

4,567 

12,356 

9,128 

lvz 

5,858 

2,002 

2,204 

1,719 

1,561 

2,180 

459 

686 

872 

425 

988 

990 

1,741 

1,519 

2,457 

1,423 

132 

5,222 

8,783 

8,556 

6,461 

10,820 

13,476 

11,393 

7,648 

9,472 

8,927 

10,038 

6,445 

11,578 

19,802 

15,719 

16,142 

2,431 

5,657 

1,579 

1,683 

5,599 

5,285 

420 

30 

1,589 

9,029 

5,322 

6,610 

4,681 

3,882 

1,140 

3,655 

4,611 

1,281 

2,779 

5,952 

1,969 

2,763 

3,411 

2,614 

3,880 

1,638 

2,856 

1,809 

6,137 

4,755 

1,063 

12,804 

5,866 

4,533 

3,190 

9,254 

1 1 ,653 

6,952 

6,845 

3,707 

2,223 

8,218 

12,975 

17,574 

15,781 

13,353 

10,389 

1,513 

5,057 

3,440 

4,792 

14,009 

9,269 

7,056 

4,123 

2,028 

7,462 

12,885 

16,419 

8,374 

8,187 

11,560 

14,843 

30 

78 

152 

3 

120 

204 

108 

55 

35 

190 

44 

86 

5 

— 

— 

321 

57 

71 

— 

210 

76 

21 

33 

14 

200 

390 

1,129 

100 

114 

377 

244 

32,538 

38,073 

29,265 

28,933 

58,842 

48,132 

34,444 

25,816 

20,653 

28,176 

47,130 

52,139 

52,217 

69,959 

60,416 

49,913 

270 

543 

80 

1,791 

1,152 

1,452 

2,798 

1.738 

974 

2,673 

5,083 

9,118 

6,044 

4,919 

17,881 

8,529 

7,838 

13,188 

9,425 

40 

1,091 

180 

294 

1,360 

243 

308 

548 

1 ,292 

707 

461 

2,722 

1,247 

696 

1,094 

624 

1,786 

942 

636 

2,503 

2,683 

1,107 

1 ,699 

2,324 

2,189 

3,685 

4,031 

10,619 

2,790 

2,480 

1 , 553 

3,755 

100 

— 

672 

234 

756 

— 

289 

937 

906 

7,512 

115 

1,278 

4,667 

540 

32 

1,159 

873 

1,040 

50 

184 

521 

324 

347 

1,199 

1,881 

334 

275 

1,331 

337 

225 

509 

364 

2,610 

6,169 

440 

2,600 

2,795 

1 ,459 

2,847 

3,496 

5,147 

5,597 

5,362 

23,939 

12,201 

6,041 

3,702 

3,214 

1,041 

601 

88 

692 

1,601 

809 

578 

2,716 

2,838 

2,831 

2,299 

4,944 

2,276 

2,460 

2,018 

2,456 

54 

21 

qa 

61 

15 

60 

50 

915 

517 

50 

221 

59 

— 

30 

13 

185 

OXJ 

211 

2,161 

2,503 

992 

675 

600 

9,212 

12,189 

3,568 

9,526 

12,066 

4,940 

8,771 

16,458 

23,134 

26,186 

17,763 

65,479 

34,520 

21,332 

22,771 

21,727 

120 

1,793 

1,368 

4,163 

1,615 

5,371 

7,009 

6,660 

3,488 

3,707 

2,916 

2,971 

5,165 

7,253 

7,611 

6,323 

9,453 

141 

132 

85 

— 

1 ,209 

982 

531 

670 

1,121 

775 

727 

623 

773 

781 

933 

1,095 

11,903 

8,207 

13,207 

16,878 

15,268 

18,501 

1 1 ,890 

9,401 

5,221 

5,565 

8,037 

5,742 

9,940 

11,804 

18,307 

18,445 

133 

233 

282 

365 

1,065  1 

370 

— 

181 

110 

738 

311 

30 

16 

426 

— 

1,760 

6,781 

2,336 

1,048 

1,636 

1 ,783  | 

‘2,101 

1,641 

960 

772 

1,083 

1,643 