45,699 

38,397 

38,263 

33,253 

45.284 

51,108 

56,178 

1, 

3,565 

8,972 

7,875 

6,660 

7,863 

6,366 

7,937 

8,484 

10,665 

10,596 

7,745 

8,523 

7,164 

7,337 

7,450 

6,476 

II 

5,716 

6,208 

7,307 

7,181 

7,622 

8,410 

6,648 

6,556 

6,698 

7,269 

9,150 

10,334 

5,940 

6,292 

6,206 

8,220 

II 

719 

1,311 

854 

1,013 

1,159 

685 

545 

561 

579 

1,149 

1,460 

1,407 

1,680 

1,416 

1,230 

1,254 

1, 

4,926 

6,173 

5,415 

5,720 

7,006 

6,198 

7,552 

7,898 

8,947 

7,772 

7,102 

7,112 

7,956 

8,506 

8,808 

9,532 

1,401 

3,806 

4,096 

4,128 

4,495 

3,399 

2,847 

3,288 

3,353 

3,785 

3,980 

3,612 

3,538 

3,958 

4,596 

4,528 

„ 

11,304 

6,884 

6,261 

6,028 

8,015 

7,161 

6,064 

6,806 

8,104 

8,686 

8,884 

8,988 

9,568 

11,621 

11,703 

11,673 

u 

101 

380 

141 

120 

165 

218 

169 

248 

358 

288 

356 

219 

189 

207 

311 

329 

» 

391  1 

1,280 

959 

532 

809 

663 

438 

694 

785 

654 

734 

767 

472 

535 

917 

715 

50,619  | 

64,118 

63,228 

S2.859 

94,665 

73,211 

85,066 

92,641 

93,286 

97,221 

83,212 

85,749 

76,358 

92,232  1 100,264 

108,063 

Transposition  of  TOTALS. 
QUANTITIES,  in  TONS  WEIGHT. 

Years 

Pig 

| Old 

Bar 

I Bolt 

Castings 

Hoops 

Nails 

Anchors 

1 Wire 

Wrought 

Steel 

Hardwares 

I TOTAL 

1814 

3,355 

71 

19,071 

3,565 

5,716 

4,926 

1,401 

719 

101 

11,304 

391 

6,163 

56,782 

15 

2,708 

87 

26,309 

8,972 

6,208 

6,173 

3,806 

1,311 

380 

6,884 

1,280 

15,472 

79,590 

16 

2,978 

1,057 

26,285 

7,875 

7,307 

5,415 

4,096 

854 

141 

6,261 

959 

13,914 

77,142 

17 

6,773 

1,331 

43,373 

6,660 

7,181 

5,720 

4,128 

1 ,013 

120 

6,028 

532 

8,190 

91,049 

18 

5,419 

605 

51,507 

7,863 

7,622 

7,006 

4,495 

1,159 

165 

8,015 

809 

11.057 

105,722 

19 

3,541 

568 

36,032 

6,366 

8,410 

6,198 

3,399 

685 

218 

7,161 

663 

8,699 

81,940 

1820 

5,630 

769 

46,469 

7,937 

6,648 

7,552 

2,847 

545 

169 

6,064 

438 

6,697 

91,763 

1 

7,386 

599 

50,124 

8,484 

6,556 

7,898 

3,288 

561 

248 

6,806 

694 

9,037 

101,678 

2 

8,259 

921 

44,617 

10,665 

6,698 

8,947 

3,353 

579 

358 

8,104 

785 

10,467 

103,753 

3 

11,304 

19 

45,699 

10,596 

7,269 

7,772 

3,785 

1,149 

288 

8,686 

654 

10,376 

107,597 

4 

5,370 

44 

38,387 

7,745 

9,150 

7,102 

3,980 

1,460 

356 

8,884 

734 

12,286 

95,498 

5 

6,452 

72 

38,263 

8,523 

10,334 

7,112 

3,612 

1,407 

219 

8,988 

767 

12,567 

98,316 

6 

6,563 

35 

33,253 

7,164 

5,940 

7,956 

3,538 

1,680 

189 

9,568 

472 

9,627 

85,985 

7 

7,096 

30 

45,284 

7,337 

6,292 

8,506 

3,958 

1,416 

207 

11,621 

535 

12,443 

104,725 

8 

7,827 

108 

51,108 

7,450  I 

6,206 

8,808 

4,596 

1,230 

311 

11,703 

917 

12,100 

112,364 

9 

8,932 

226 

56,178 

