6,476 

8,220 

9,532 

4,528 

1,254 

329 

11,673 

715 

13,029 

121,092 

1830 

1 

2 

3 

£1 

£1 

£10 

I 

£ 10 

£10 

1 £15 

£35 

£40 

£40 

£ 55 

£28  10 

£ 55 

— £— s— d— 

-£— s— rf— 

--£—s—d— 

• ~£--s — d — 

--£ — s—d — 

— £— s— d — 

—£—s—d 

-£-s-d- 

d- 

-£-s-d— 

-£-  s—d— 

—£—s.—d.— 

--£-«.— d.- 

1814 

6 12  8 

7 7 3 

13  9 8 

14  0 8 

17  2 5 

17  1 1 

43  7 1 

36  16  3 

76  9 11 

45  18  8 

41  17  8 

167  13  1 

38  6 8 

15 

7 1 8 

8 13  3 

U 14  3 

13  8 3 

17  5 1 

1C  14  3 

38  17  11 

34  2 8 

88  12 

5 

50  4 5 

42  18  8 

151  18  8 

45  12  3 

16 

5 19  4 

7 19  3 

9 9 8 

10  12  3 

17  7 1 

13  10  6 

36  19  3 

35  18  0 

68  11  : 

LI 

46  9 11 

44  1 3 

142  16  3 

39  19  1 

17 

5 8 0 

6 4 0 

9 9 3 

9 19  3 

16  12  5 

13  10  10 

31  1 6 

33  7 1 

54  13 

1 

47  16  5 

43  15  6 

146  5 3 

26  8 8 

18 

5 19  10 

6 10  7 

10  17  3 

11  18  8 

16  3 6 

14  7 3 

33  7 1 

33  4 8 

55  i : 

11 

38  8 0 

38  4 0 

155  13  8 

30  3 11 

19 

6 14  4 

8 2 3 

10  16  5 

12  1 8 

14  18  0 

15  5 1 

35  9 8 

31  8 3 

41  16 

5 

36  4 10 

38  13  3 

151  7 3 

30  3 6 

1820 

1 

5 19  2 

8 8 10 

9 13  4 

10  9 1 

15  18  10 

13  0 3 

33  6 0 

33  10  3 

41  10 

8 

35  8 0 

46  17  6 

141  11  3 

22  13  3 

5 4 0 

7 12  0 

8 13  1 

9 8 3 

14  1 11 

11  8 10 

30  19  6 

37  10  3 

40  17  : 

11 

33  2 8 

44  0 5 

136  19  1 

23  5 6 

2 

4 14  6 

6 18  10 

7 1 11 

8 15  1 

14  9 8 

10  8 5 

27  18  0 

35  19  3 

36  12 

8 

26  10  8 

41  19  3 

127  10  8 

23  111 

3 

4 12  3 

5 11  5i 

7 16  1 

8 11  3 

14  6 5 

10  16  0 

26  5 1 

32  6 8 

38  14 

3 

24  1 11 

42  16  10 

121  17  3 

21  14  8 

4 

5 12  10 

6 1 8 

8 14  3 

9 8 10 

14  11  6 

11  9 6 

27  12  5 

29  19  1 

39  13 

8 

26  14  3 

43  3 3 

118  7 6 

25  12  0 

5 

8 14  3 

7 4 8 

11  15  a 

12  10  3 

16  0 8 

14  18  11 

35  14  3 

34  5 8 

43  16 

0 

31  7 8 

46  17  6 

131  15  6 

29  19  6 

6 

6 3 3 

5 18  2 

9 15  11 

10  2 3 

18  2 8 

12  13  6 

31  3 3 

33  2 8 

33  5 

8 

27  0 3 

50  0 0 

121  8 10 

26  8 10 

5 2 3 

5 6 0 

8 19  6 

9 7 6 

16  18  0 

11  16  3 

28  12  5 

32  11  1 

36  0 

8 

27  15  11 

48  15  6 

111  18  10 

25  3 8 

8 

4 18  5 

5 8 3 

8 3 11 

9 0 5 

17  8 3 

10  18  5 

27  1 11 

28  8 0 

31  10 

8 

24  0 3 

46  1 1 

114  10  3 

23  4 5 

9 

4 9 3 

2 6 3 

6 18  8 

7 10  10 

16  7 1 

9 13  3 

26  1 3 

26  11  6 

31  6 

8 

22  1 1 

48  13  6 

106  12  10 

21  1 6 

1830 

1 

2 

3 

1 

1 

1 

47 

This  and  the  12  preceding  pages  contain  a complete  view  of  the  extent  and  Value  of  the  Exportation  of  British  Iron,  Hardwares,  and  Cutlery,  to  eaih  part  of  the  World,  in 
each  of  the  16  Years  1814-  1829;  and  the  first  page  of  the  series  exhibits  the  Importation,  lie-exportation,  and  Value  of  Foreign  Iron,  in  each  of  the  hi  Years  1786-1828,  as  well 
as  the  Importation  and  Value  of  other  Metals  in  each  of  those  Years.—  see  Note  below. 