

VALUES. 

1814. 

1815. 

1816. 

1817. 

1818. 

1819. 

1820. 

1821. 

1822. 

1823. 

182-1. 

1825.  1 

1826.  1 

1827.  1 

1828.  | 

1829.  1 

20,190 

18,043 

12,370 

15,675 

14,743 

18,197 

18,937 

16,583 

15,585 

17,359 

20,068 

30,766  ' 

) 

88,774 

89,496 

50,582 

87,316 

104,217 

130,284 

92,549 

138,170 

94,055 

96,482 

112,425 

145,589 

1 

14,065 

34,613 

21,671 

20,597 

21,967 

35,758 

25,179 

32,149 

45,034 

26,689 

31,886 

43,932 

1 

9,107 

13,378 

13,171 

10,001 

14,316 

13,229 

16,158 

20,871 

21,405 

19,580 

33,416 

65,071 

1 

639 

327 

65 

220 

372 

195 

16 

65 

42 

77 

326 

451 

1 

5,851 

13,605 

9,741 

12,395 

10,469 

13,282 

15,352 

13,230 

11,008 

11,507 

14,827 

21,877 

l 

See  Note 

16,732 

12,748 

7,101 

7,523 

8,875 

10,570 

9,235 

8,765 

8,797  | 

115,017 

18,883 

23,965 

r 

on  precedina  vaae. 

334 

1 ,920 

336 

338 

524 

833 

911 

1,325 

979 

675 

1,082 

1,928 

915 

3,161 

2,021 

2,445 

3,161 

2,121 

1,848 

1,977 

1,670 

1,779 

1,032 

600 

3,025 

1 2,731 

1,783 

2,076 

4,101 

6,255 

4,431 

6,009 

7,646 

5,857 

5,821 

9,089 

189,632 

190,022 

118,841 

158,586 

182,745 

230,724 

184,616 

239,144 

206,301 

195,022 

239,766 

343,208 

J 

40,472 

22,133 

19,179 

17,816 

36,589 

32,445 

23,821 

33,648 

38,456 

39,009 

52,148  1 

i30,794 

56,259 

36,271 

38,621 

39,839 

523 

764 

8,422 

8,257 

3,954 

4,640 

6,476 

4,556 

6,397 

106 

268 

532 

207 

159 

585 

523 

257,210 

308,219 

259,300 

410,627 

559,736 

389,711 

449,744 

434,049 

356,455 

357,959 

334,535 

450,902 

325,825 

406,515 

418,882 

389,425 

50,017 

120,344 

83,529  : 

66,370 

93,849 

76,931 

82,954 

79,867 

93,404 

90,771 

73,119 

100,701 

72,451 

68,802 

67,209 

48,830 

97,886 

107,145 

126,790 

119,443 

123,281 

135,391 

106,087 

92,427 

97,043 

104,096 

133,388 

165,081 

107,719 

106,357 

108,103 

134,454 

26,471 

45,747 

30,727 

33,792  i 

38,520 

21,562 

18,269 

21,043 

20,821 

37,051 

43,729 

48,236 

55,669 

46,100 

34,939 

33,328 

85,027 

96,978 

75,690 

77,486 

100,656 

88,357 

98,254 

90,374 

93,249 

83,970 

81,677 

100,372 

100,870 

100,935 

96,229 

93,931 

60,734 

147,912 

150,307 

138,365 

161,049 

120,616 

94,824 

101,849 

93,571 

99,393 

110,259 

128,980 

111,021 

113,302 

124,504 

118,026 

519,253 

346,011 

291,125 

288,287 

307,819 

259,531 

214,704 

225,400 

215,058 

209,271 

237,306 

282,117 

261 ,495 

302,942 

281,029 

257, 4C1 

7,726 

33,678 

9,672 

6,558 

9,190 

9,518 

7,019 

10,142 

13,116 

11,150 

14,117 

9,593 

6,290 

7,460 

9,807 

10,308 

16,378 

54,053 

42,259 

23,288 

30,905 

25,632 

19,809 

30,551 

33,044 

28,022 
| 

31,684 

35,951 

23,601 

26,095 

44,228 

34,799 

1,143,358 

I.' 280, 960 

1,005,037  t 

1,209,06*2 