

1,401,404 

1,155,710 

1 1,131, 7SS 

1.I2S, 7113 

1,061,166 

1 1,073,037  | 

1 ,090,656 

1,201,336 

1,105,620 

1,214,938 

1,224,136 

1,160,927 

Transposition  of  TOTALS. 

VALUES.  (The  conclusion  of  the  preceding  page  sheivs  the  average  Value  Ton  in  each  Year.) 

Years  | 

Pig 

_ . _£ 

Old 

£ 

Bar 

£ 

Bolt 

| Castings 

Hoops 

Nails  1 
£ 

Anchors 

Wire 
-£ — 
7,726 

Wrought 
£ 

Steel 

£- 

16,378 

Hardwares 

TOTAL 
£ 

1814  i 

22,133 

523 

257,210 

50,017 

97,886 

85,027 

60,734 

26,471 

519,253 

1,033,236 

2,176,594 

15 

19,179 

764 

308,219 

120,344 

107,145 

96,978 

147,942 

45,747 

33,678 

346,011 

54,953 

2,349,662 

3,630,622 

16 

17,816 

8.422 

259,300 

83,529 

126,790 

75, <190 

150,307 

37,727 

9,672 

291,125 

42,259 

1 ,987,082 

3,082,719 

17  i 

36,589 

0,257 

110,627 

66,370 

119,443 

77,486 

138,365 

33,792 

6,558 

288,287 

23,288 

1,197,875 

2,406,937 

HI 

32,445 

3,954 

559,736 

93,849 

123,281 

100,656 

161,049 

38,520 

9, 1 90 

307,819 

30,905 

1,721,364 

3,182,76b 

19 

23,821 

4,640 

389,711 

76,931 

135,391 

88,357 

120,616 

21,562 

9,518 

259,531 

25,632 

1,316,703 

2,472,413 

1820 

33,648 

6,476 

1 19,7  l l 

82,954 

106,087 

98,254 

94,824 

18,269 

7,019 

214,704 

1.1,809 

948,085 

2,079,873 

1 1 

38,456 

4,556 

434,049 

79,867 

92,427 

90,374 

101,849 

21,043 

10,142 

225,409 

30,551 

1,237,692 

2,366,415 

2 

39,009 

6,397 

356,455 

93,404 

97,043 

93,249 

93,571 

20,821 

13,1 16 

215,058 

33,014 

1,334,896 

2,396,062 

3 

52,148 

106 

357,959 

90,771 

104,096 

83,970 

1 99,393 

37,051 

11,150 

209,271 

28,022 

1,264,444 

2,338,381 

4 

30,794 

268 

334,535 

73,119 

133,388 

81,677  I 

1 10,259 

43,729 

14,1 17 

237,306 

31,684 

1,454,296 

2,545,152 

5 

56,259 

532 

450,902 

106,701 

165,681 

106,372 

128,986 

48,236 

9.593 

282,117 

35,951 

1 ,656,040 

2,947,376 

6 

40,472 

207 

325,825 

72,451 

107,719 

100,870  j 

111,021 

55,669 

6,290 

261,495 

24,601 

1,169,105 

2,274,725 

7 

36,271 

159 

406,515 

68,802 

106,357 

100,935 

113,302 

46,100 

7,460 

302,942 

26,095 

1,392,880 

2,637,818 

« 

38,621 

585 

418,882 

67,209 

108,103 

96,229 

124,504 

34,939 

9,807 

281,029 

44,228 

1,385,617 

2,609,753 

9 

1830 

i\ 

3 

39,839 

l 

523 

389  425 

48,830 

134,454 

93,931 

118  026 

1 

33,328 

10,308 

257,464 

34,799 

1,389,516 

2,550,443 

The  first  account  relating  to  Iron  anti  Hardwares  presented  to  Parliament  is  contained  in  three  Papers,  Nos.  263-5, — Vide  Folio  42!),  Vol.  X,  Papers  of  Session 
1814  - 15 ; the  accounts  for  tne  Years  1809,  10,  11,  & 13,  were  destroyed  by  Fire  at  the  Custom  House  in  London,  on  the  14th.  February  1814  : a further  account  was 
presented  in  1821,  Paper  No.  376  of  that  Session,  and  two  other  accounts  in  1825  and  1829,  Papers  Nos.  191  and  313  respectively  ; this  and  the  12  preceding  pages 
have  been  in  part  compiled  from  the  above  mentioned  Papers  and  made  complete  from  accounts  obtained  from  the  Custom  House  in  1830,  expressly  for  the  purpose. 