

8,687,975 

326,240 

167,091,855 

269,870 

490,116 

20,255,264 

10,335,237 

6,229,328 

4,467,092 

2,942,139 

10,619,530 

9,999,232 

449,828 

118,399,739 

828,992 

469,403 

35,330,320 

15,879,947 

1 1 ,993,365 

8,793,548 

3,858,756 

15,053,772 

11,515,970 

372,461 

181,543,618 

1,122,181 

457,079 

25,840,720 

29,942,569 

14,672,150 

8,200,367 

4,901,733 

11,695,544 

12,489,898 

484,620 

173,852,475 

128,255 

2,282,801 

856,961 

452,821 

1,624,292 

1,303,107 

130,770 

6.279 

28,193,993 

48,509 

14,673 

13,703,082 

2,819,577 

933,235 

1,148,506 

1,038,856 

5,616,113 

250,372 

27,267 

45,363,766 

116,810 

2,723 

5,495,417 

2,799,574 

319,079 

844,912 

344,715 

3,595,874 

462,051 

. 10,477 

35,460,257 

134,474 

468 

4,759,192 

3,856,945 

575,931 

1,725,931 

175,265 

5,195,381 

1,529,344 

10,236 

45,262,305 

149,672 

— 

3,761,153 

3,513,531 

500,039 

1,153,040 

303,894 

3,209,431 

2,343,067 

51,229 

38,699,434 

155,800 

2,452 

1,807,141 

1,465,816 

325,266 

1,032,441 

272,691 

1 ,625,230 

1,536,864 

47,185 

30,413,570 

214,300 

25,529 

1,988,816 

1,573,656 

419,555 

964,105 

229,404 

1,721,222 

2,746,803 

15,531 

33,092,481 

143,695 

33,727 

2,721,016 

1,212,441 

750,070 

1,223,711 

236,407 

3,828,990 

4,116,483 

11,526 

31,786,267 

98,357 

25,814 

2,379,996 

1,352,036 

834,472 

1,050,232 

436,954 

2,005,389 

6,050,831 

12,423 

37,104,720 

216,155 

21,445 

1,027,414 

1,691,300 

1,338,807 

1,106,495 

411,801 

2,841,358 

3,769,555 

5,490 

31,672,563 

152,326 

54,838 

1,387,051 

1,491,592 

1,326,395 

907,133 

435,234 

2,642,836 

3,504,466 

5,109 

30,684,761 

91,559 

25,182 

1,356,002 

1,087,553 

1 113,837 

992,257 

494,643 

2,966,461 

2,982,797 

2,168 

27,035,705 

87,437 

29,478 

698,368 

811,372 

331,530 

403,591 

390,735 

2,405,720 

4,116,899 

419 

27,927,288 

49,079 

144,506 

78,046 

60,784 

107,001 

809,116 

8,128 

2,109 

10,073,271 

17,342 

5,874 

1,629,115 

116,874 

80,924 

63,552 

164,679 

728,936 

6,976 

1,978 

11,850,033 

48,153 

5,342 

837,468 

289,436 

143,767 

42,317 

199,511 

218,845 

9,020 

3,115 

9,486,882 

69,175 

652 

332,240 

207,042 

168,547 

123,293 

45,643 

488,734 

60,323 

9,823 

10,873,311 

54,199 

435,366 

381,808 

124,703 

84,532 

56,907 

404,330 

56,047 

3,585 

12,279,922 

45,821 

2,505 

215,566 

42,963 

55,048 

146,683 

20,546 

158,287 

12,224 

1,684 

10,768,906 

43,365 

7,212 

369,217 

83.554 

113,202 

147,909 

66,643 

242,551 

45,100 

2,176 

14,942,551 

139,838 

14,032 

290,418 

117,883 

136,174 

116,187 

41,297 

410,277 

66,102 

4,319 

10,825,173 

31,832 

38,669 

156,088 

52,250 

127,915 

90,000 

59,233 

317,687 

97,638 

2,605 

10,786,021 

70,105 

12,496 

57,295 

7,435 

134,409 

60,895 

40,258 

173,096 

76,135 

480 

9,950,231 

72,295 

21,076 

176,299 