

Years 

Russia 

Sweden 

Zz?i\  Germ™y 

and  Prussia.  1 

Netherlands 

Fiance 

Italy 

Portugal, 
Maderia, 
tf  the  Azores 

Spain, 
and  the 
Canaries 

Gibralter 

Malta,  ' 
and  the 
Ionian  Isles 

Turkey,  < 
and  the 
Levant 

f 1814 

1,119,397 

1,790,605 

5,355,899 

3,982,896 

338,965 

3,066,025 

3,370,920 

1,999,768 

3,889,002 

889,172 

91,301 

15 

237,819 

1,070,640 

6,004,445 

3,986,213 

21,813 

4,081,033 

3,861,657 

515,181 

2,776,921 

1,323,577 

193,359 

16 

554,952 

310,394 

6,265,485 

3,900,923 

44,026 

3,133,439 

4,408,250 

542,140 

2,882,868 

1,173,773 

232,526 

17 

3,643,937 

666,468 

6,972,748 

2,362,831 

16,690 

8,678,117 

3,450,139 

45,245 

1,826,698 

2,102,165 

359,575 

18 

4,374,088 

442,971 

7,656,746 

2,055,522 

25,592 

10,840,344 

3,799,841 

57,549 

1,127,804 

1,130,077 

979,910 

19 

3,149,381 

346,041 

6,372,143 

3,630,438 

11,680 

16,237,233 

6,348,370 

89,110 

2,833,434 

1,298,039 

384,641 

1820 

5,409,467 

576,538 

9,936,033 

3,293,527 

2,581 

12,739,090 

6,562,030 

465,260 

5,134,574 

1,903,015 

608,456 

1 

3,559,860 

358,194 

10,468,318 

2,840,496 

1,857 

12,110,576 

13,795,087 

520,067 

3,977,012 

1,028,007 

425,595 

2 

539,804 

353,103 

11,106,646 

3,382,211 

1,200 

24,779,001 

14,714,005 

1,318,006 

7,694,506 

1,054,919 

1,048,566 

3 

908,720 

416,948 

10,773,776 

4,743,886 

4,608 

15,624,791 

11,710,119 

1,039,337 

3,969,004 

1,335,436 

2,005,631 

4 

992,566 

382,645 

7,889,562 

3,747,555 

32,180 

18,422,819 

13,884,697 

323,104 

8,691,777 

1,221,896 

3,276,916 

5 

1,545,740 

389,429 

9,158,584 

4,081,679 

36,216 

16,616,932 

11,989,771 

369,537 

5,551,996 

887,887 

3,578,575 

6 

917,580 

242,918 

10,842,120 

3,830,701 

340,186 

18,059,567 

11,144,257 

454,294 

5,391,733 

1,448,844 

3,242,092 

7 

2,944,635 

390,954 

14,251.631 

6,038,894 

192,374 

17,930,290 

15,747,660 

460,140 

9,221,816 

2,393,227 

8,923,539 

8 

1,946,683 

346,474 

15,431,602 

5,046,463 

56,700 

20,926,141 

13,075,811 

474,986 

9,763,381 

3,411,697 

4,542,819 

''1814 

98,737 

5,006,008 

1,2365,497 

8,137,120 

388,337 

7,193,305 

6, 358,337 

6,714,344 

5, 1 33,252 

2,312,551 

368,296 

15 

167,150 

3,921,384 

16,163,393 

9,661,731 

102,465 

4,466,800 

6,205,113 

749,793 

4,945,617 

4,377,603 

607,233 

16 

121,199 

1,658,387 

16,902,678 

7,602,416 

68,591 

4,453,689 

5,724,806 

998,508 

5,168,037 

2,406,373 

623,584 

17 

151,615 

2,937,872 

21,424,537 

4,537,991 

26,121 

7,089,757 

4,998,651 

311,051 

3,123,986 

1,262,320 

1,007,525 

18 

163,567 

2,986,696 

22,388,453 

5,755,386 

11,045 

12,188,776 

4,674,454 

222,815 

2,450,413 

2,302,160 

4,662,346 

19 

99,535 

2,440,099 

19,398,683 

6,743,238 

8,886 

10,043,529 

3,729,404 

261,900 

4,249,487 

1,382,202 

3,308,920 

1820 

1,769,813 

4,074,891 