

557 

7,916,935 

6,967,003 

2,423,925 

2,439,297 

372,412 

10,342,702 

938,680 

265,514 

63,525,555 

166,424 

1,390 

12,525,008 

8,515,322 

2,335,566 

2,510,101 

924,744 

6,235,395 

2,271,314 

270,496 

68,390,415 

203,456 

22,501 

10,491,071 

8,707,527 

1,886,399 

1 ,958,236 

1,910,128 

4,087,898 

1,877,196 

450,193 

72,716,867 

339,870 

67,392 

9,042,450 

9,531,496 

3,509,176 

2,158,258 

1,043,697 

3,807,675 

3,977,948 

340,701 

80,580,005 

508,429 

84,427 

15,529,946 

8,836,727 

4,687,732 

2,342,941 

677,124 

3,864,894 

5,802,653 

465,188 

92,125,424 

231,011 

121,602 

13,774,292 

8,692,339 

10,187,513 

2,195,747 

1,333,381 

5,244,357 

5,661,808 

462,143 

114,135,811 

1,107,111 

57,650 

13,130,258 

19,030,838 

12,028,983 

3,552,260 

1,817,218 

6,210,758 

9,981,366 

413,456 

120,139,335 

473,417 

220,509 

14,086,397 

16,011,626 

23,280,412 

4,729,942 

1,735,071 

7,607,699 

10,954,049 

419,178 

138,722,783 

403,387 

311,798 

10,993,998 

19,511,803 

21,796,351 

3,561,010 

1,991,281 

5,276,414 

11,230,100 

364,322 

129,836,060 

505,925 

451,347 

8,898,791 

13,729,291 

9,366,283 

1,996,998 

1,440,502 

4,910,781 

11,889,702 

324,286 

109,606,677 

919,564 

636,554 

17,526,489 

21,316,375 

16,509,513 

5,274,484 

2,758,056 

1 1,676,324 

28,204,234 

310,984 

183,949,186 

1,231,165 

768,878 

10,359,707 

33,155,443 

18,189,480 

4,813,752 

4,300,522 

9,400,506 

31,278,607 

363,872 

189,475,956 

9,184,135 

12,738,778 

589,467 

191,891 

C1-i  070  1 HQ 

271,638 

26,270 

32,549,408 

7,911,892 

2,989,979 

4,686,461 

5,682*849 

17,818,067 

839,666 

280,495 

t/O,  t y,  lot? 

124,916,205 

312,865 

15,163 

16,922,239 

7,959,670 

932,002 

4,379,401 

1,988,142 

10,480,942 

968,903 

201,784 

90,392,886 

498,570 

2,365 

18,896,855 

8,935,050 

2,892,880 

8,700,079 

1,072,756 

23,567,535 

2,782,670 

258,971 

115,099,715 

422,104 

3,867 

23,476,609 

14,766,938 

2,444,674 

7,475,166 

2,096,644 

19,003,962 

4,159,878 

278,058 

132,369,832 

311,549 

23,542 

6,814,647 

4,605,068 

998,510 

4,971,179 

2,098,502 

10,796,695 

3,699,877 

276,745 

86,501,648 

597,807 

82,809 

12,746,531 

7,471,051 

3,504,491 

5,319,595 

1,798,236 

12,813,229 

7,543,685 

220,222 

120,281,259 

685,242 

97,976 

20,379,511 

8,937,333 

4,062,981 

8,857,610 

1,665,641 

17,369,783 

9,875,100 

244,673 

128,919,681 

530,241 

169,768 

21,303,258 

6,311,177 

6,465,201 

7,266,706 

2,453,253 

11,762,310 

8,918,483 

173,569 

139,734,107 

595,234 

114,037 

21,737,623 

11,943,253 

7,941,505 

8,884,573 

2,917,218 

13,802  866 

9,422,576 

138,248 

136,977,404 

1,378,138 

225,878 

25,583,264 

16,674,089 

16,964,732 

9,799,823 

3,333,897 

14,861,484 

9,513,221 

266,850 

162,414,188 

490,833 

317,666 

32,563,803 

19,867,169 

17,843,057 

8,298,067 

3,509,922 

17,126,998 