

23,420,141 

24,049,421 

18,348,009 

17,839,486 

9 

Mar 

A 

26,799,391 

26,724,151 

27,182,621 

27,770,971 

25,126,691 

23,484,101 

23,702,176 

18,387,046 

18,106.362 

10 

u 

1 1 

26,552,661 

26,407,931 

26,876,061 

27,491,321 

25,048,221 

22,866,711 

23,576,084 

17,803,676 

17,224,579 

11 

1, 

18 

26,541,25)9 

25,942,301 

26,593,571 

27,948,131 

24,665,881 

22,694,251 

23,329,581 

17,709,606 

17,121,786 

12 

II 

25 

26,871,991 

26,590,391 

26,744,801 

27,345,351 

24,610,681 

22,311,471 

23,447,112 

17,467,141 

17,070,015 

13 

A pr 

1 

26,668,151 

27,195,061 

26,912,667 

27,089,061 

24,710,761 

22,713,521 

23,847,239 

17,388,481 

17,174,946 

14 

* 

8 

27,771,181 

20,264,681 

26,400,271 

27,042,041 

24,816,381 

24,683,533 

23,671,274 

17,149,301 

16,845,841 

15 

„ 

15 

28,039,691 

27,307,831 

29,071,621 

29,412,231 

26,963,651 

24,990,421 

25,649,341 

19,025,399 

19,282,022 

16 

#/ 

22 

27,290,851 

27,375,111 

28,936,241 

29,060,571 

27,133,191 

25,182,963 

25,101,031 

18,583,121 

19,198,274 

17 

n 

29  I 

27,479,831 

27,170,771 

28,666,041 

28,509,651 

26,413,692 

24,732,257 

24,532,258 

18,105,998 

18,943,557 

18 

May  6 

20,894,441 

27.008,061 

28,373,961 

28,043,291 

26,178,089 

24,317,747 

24,346,073 

17,798,295 

18,994,051 

19 

« 

13 

27,196,211 

26,564,161 

28,040,701 

28,104,511 

25,984,881 

24,032,937 

24,053,419 

17,461,161 

18,585,349 

20 

„ 

20  | 

27,022,021 

20,346,151 

27,927,361 

27,985,851 

25,801,489 

23,840,981 

23,370,431 

16,984,938 

18,464,533 

21 

27 

26,780,731 

25,987,271 

27,964,981 

27,132,801 

25,201,058 

23,659,821 

22,678,265 

17,036,996 

17,971,841 

22 

June  3 

26,878,121 

26,027,141 

27,169,441 

26,745,011 

25,132,774 

22,655,208 

21,512,016 

16,505,296 

17,425,713 

23 

„ 

10 

26,051,881 

25,491.780 

26,449.790 

26,605,040 

24,951,055 

22,511,175 

21,099,138 

16,785,480 

17,602,986 

24 

» 

17 

26,069,590 

25,751,530 

26,414,580 

26,313,040 

24,000,415 

22,467,409 

20,667,229 

16,304,837 

17,059,267 

25 

a 

24 

26,432,200 

25,562,000 

26,060,050 

26,285,520 

23,807,384 

23,026,436 

20,330,419 

16,404,930 

16,703,737 

26 

July  1 

27,296,570 

25,865,720 

26,560,660 

26,173,990 

23,711,755 

23,417,930 

20,537,088 

17,005,527 

16.835,669 

27 

" 

8 

28,182,330 

25,887,140 

25,800,260 

26,034,9/0 

23,081,450 

26,280,157 

19,304,719 

16,834,794 

16,975,891 

28 

„ 

15 

27,326,641 

28,156,510 

30,686,720 

29,284,740 

27,558,360 

*26,384,894 

23,361,691 

20,896,904 

20,785,759 

29 

* 

22 

20,916,621 

*28.348,430 

30,759,300 

28,924,090 

27,424,230 

25,588,137 

22,948,803 

20,579,130 

20,680,963 

30 

II 

29 

27,428,731 

28,251,440 

30,646,840 

28,149,130 

26,480,770 

25,462.755 

22,138,808 

19,748,395 

20,359,367 

31  Aug, 

. 5 

27,143,651 

28,088,850 

*30,920,360 