

The  increase  of  Issue  at  the  close  of  the  Year  1825,  is  par- 
y deserving  of  notice. 

Years 

1824. 

1825. 

1826.  1 

1827. 

1828. 

1829. 

in.  3 

{ 17,230,799 

21,790,472 

24,120,416  ; 

{18,303,476 

{19,091,052 

19,180,928 

//  10 

20,577,959 

22,337,332 

*26,104,904  I 

21,617,841 

22,084,979 

21,162,123 

» 17 

20,695,453 

22,328,627 

25,013,791 

22,506,938 

22,554.770 

21,595,522 

« 24 

20,218,041 

21,960,334 

24,255,925 

22,229,740 

22,931,610 

21,807,947 

//  31 

20,280,821 

21,931,937 

23,673,737 

22.065,896 

22,900,168 

21,490,871 

eb.  7 

20,309,188 

21,307,879 

23,450,151 

21,881,792 

22,697,334 

21,287,942 

//  14 

20,357,169 

21,234,074 

24,466,510 

21,712,082 

22,367,146 

20,752,459 

» 21 

19,866,854 

21,060,145 

24,955,050 

21,588,086 

22,046,688 

20.020,798 

//  28 

19,736,987 

20,342,417 

25,115,173 

21,239,270 

21,693,406 

19,870,852 

ar.  6 

19,301,038 

19,875,858 

24,375,453 

21,113,818 

20,656,860 

19,541,757 

» 13 

18,937,155 

19,560,433 

24,164,274 

20,807,411 

20,471,424 

19,385,080 

a 20 

18,979,601 

19,611,349 

24,060,901 

20,736,507 

20,238,390 

19,058,718 

" 27 

19,156,934 

20,328,980 

24,161,171 

20,710,683 

20,267,284 

19,142,467 

pr.  3 

19,313,989 

20,687,517 

24,947,796 

20,629,512 

19,977,133 

19,044,850 

a 10 

21,237,348 

21,060,103 

25,562,055 

22,919,347 

21,437,819 

20,309,170 

//  17 

21,392,852 

20,717,044 

25,569,374 

23,027,102 

21 .744,158 

20,750,079 

//  24 

20,645,606 

20,536,633 

24,482,967 

22,888,308 

21,686,778 

20,7  47,284 

[ay  1 

20,514,143 

20,500,259 

23,654,000 

22,653,568 

21,511,332 

20,518,197 

’<  8 

20,289,685 

20,046,091 

22,976,215 

22, '100,556 

21,315,619 

20,593,220 

« 15 

19,961,919 

19,723,489 

22,293,814 

21,988,944 

21,218,622 

20,146,145 

//  22 

19,719,357 

19,653,012 

21,909,490 

21,857,013 

20,839,395 

19,676  832 

u 29 

19,149,378 

19,298,202 

21,355,405 

21,372,250 

20,538,397 

19,168  533 

me  5 

19,396,865 

18,639,892 

20,878,408 

20,562,478 

19,682,856 

18,641,540 

» 12 

18,937,401 

18,327,736 

20,852,693 

20,503,059 

19,815,356 

18,239,891 

« 19 

19,071,462 

18,372,369 

21,045,575 

20,001,6(15 

19,443,156 

18,195,257 

//  26 

19,158,505 

19,038,339 

20,787,013 

20,161,492 

19,323,850 

18,346,033 

uly  3 

13,804,994 

21,714,838 

22,630,821 

20,083,390 

19,400,220 

18,203,704 

0 10 

22,220,754 

21,763,418 

23,564,518 

23,575,202 

22,365,766 

20,688,842 

> 17 

*23,004,244 

21,198,818 

22,871,630 

*23,845,916 

*22,949,462 

21,008,523 

» 24 

22,276.232 

20,794,730 

22,852,220 

23,833,914 

22,615,953 

21,166,449 

« 31 

21,998,641 

20,157,200 

22,653,454 

23,774,884 

22,401,937 

20,963,714 

ug.  7 

21,312,124 

19,738,770 

21,983,284 

23,494,367 

22,317,946 

20,240,887 

//  14 

20,961,543 

19,589,056 

21,660,961 

22,796,854 

21,988,677 