

9,879.236  | 

10, 026  026  ' 

£&$£££$  fcSSggSgggggSggSiSgS 

61 

«■ 

a 

i.« 

!«/!* 
1 **/« 
«/J 

Wo 

1 S/» 
is/r 
17/ 
Oil 

i\K 

1 

P: 

*i3 

30/0 

10/0 

•31/0 

•35/0 

83/7 

95/9 

.«  > ~ I * 4 ■*  f Wheat  1?  Quarter  . . . . 

iiSsi-t  Ip  £::::::: 

EftiS*  £„  r;::::::: 

tl§15i*i  «’ ft  ft:::: 

*l§  Rje  do.  do 

32/0 

40/0 

5S 

17/0 

13/0 

12/0 

13/0 

10/6 

26/0 

25/0 

18/6 

21/0 

39/0 

24/0 

11/0 

30/0 

13/0 

10/0 

40/0 

8/9 

10/0 

10/0 

7/0 

7/6 

3/0 

3/9 

3/9 

3/0 

7/6 

7/6 

5/0 

3/0 

3/0 

— 

— 

— 

3/0 

| 1821. 
1 c 

1822. 

1823. 

1824. 

£ 

1825. 

£ 

1826. 

£ 

1827. 

£ 

1828. 

| 1829. 

1830 

£ 

1831. 

£ 

90,563 

74.356 

74,992 

93,899 

67,531 

42,123 

38,249 

38,924 

| 37,796 

36,443 

35,454 

l 

572,222 

456,003 

533,771 

535,926 

741,953 

836,675 

591,406 

879,529 

' 821,642 

898,293 

838,499 

2 

_ 

780,207 

777,768 

818,634 

591,563 

673,371 

594,278 

539,216 

590,377 

549,300 

3 

1 , 1 7b,t>98 

249,736 

235,407 

144,539 

105,205 

221,615 

148,529 

138,427 

153.750 

203,295  1 

4 

142,423 

, 127,402 

69,641 

113,350 

113,254 

111,802 

111,543 

166,374 

112,247 

33,224 

65,546 

6 

33,891 

37,571 

26,055 

55,965 

27,806 

34,778 

42,769 

35,632 

79,524 

79,764 

71.877 

6 

74,634 

76,107 

104,589 

146,231 

100,106 

86,101 

89,923 

88,634 

90,527 

133,806 

126,161 

7 

7,880 

15,890 

28,909 

69,822 

3,220 

28,218 

10,430 

57,279 

21,714 

14,841 

30,717 

8 

39,636 

35,572 

33,429 

31,227 

15,262 

48,525 

30,179 

35,894 

15,572 

52,990 

28,714 

9 

36,333 

18,146 

32,198 

32,885 

11,566 

25,863 

11,501 

10,568 

19,701 

13,806 

60,605 

10 

84,804 

240,353 

279,554 

158,348 

180,165 

288,648 

221,534 

228,644 

160,421 

80,613 

370,675 

11 

838,901 

612,946 

728,184 

917,670 

605,752 

751,837 

645,256 

928,324 

743,652 

778,642 

1,050,156 

12 

2,597,560 

2,217,080 

1,871,042 

2,403,910 

1,708,621 

1,987,589 

1,841,049 

1,485,538 

1,436,829 

1,255,475 

1,404,906 

13 

53,567 

99,295 

26,793 

28,502 

55,294 

62.255 

113,194 

52,759 

59,834 

49,544 

54,088 

14 

930,251 

547,941 

551,467 

573,398 

438,076 

416,775 

486,480 

556,140 

507,214 

488,016 

733,292 

15 

92,610 

41,307 

53,827 

67,417 

39,616 

43,602 

60,921 

49,924 

80,567 

66,003 

59,707 

16 

7,508 

7,864 

2,354 

6,433 

9,542 

14,253 

6,825 

9,693 

19,768 

9,067 

3,366 

17 

65,525 

74,454 

121,144 

80,012 

95,798 

82,008 

99,76] 

88,371 

86,965 

83,126 

83,306 

18 

44,589 

34,774 

14,886 

35,888 

48,848 

36,636 

34,902 

52,582 

78,024 

39,344 

33,364 

19 

1 23,485 

8,940 

8,417 

6,425 

1,081 

2,474 

2,730 

4,509 

11,116 

,11,960 

6,729 

20 

1 ,092,302 

1,279,263 

707,312 

903,938 

1,160,202 

1,663,394 

1,517,946 

1,400,979 

2,216,441 

718,455 

1,626,075 

21 

103,341 

