44,544 

29,532 

24,717 

r 

9 Iron  and  Steel  

92,313  Tons 

953,725 

1,090,939 

976,793 

1,050,486 

1,278,670 

924,448 

947,177 

10  Hardwares  and  Cutlery  . . 

249,152  Ciot. 

819,201 

2,161,561 

1,855,750 

1,079,620 

1,557,920 

1,149,511 

779,955 

11  Brass  and  Copper  Wares  . . 

147,222  // 

448,365 

730,962 

657,284 

778,157 

797,023 

653,860 

722,769 

12  Tin,  Unwrought 

49,474  // 

122,231 

137,302 

170,645 

198,181 

147,305 

104,083 

92,171 

13  do.,  Plates  and  Pewter  Ware  

222,314 

311,507 

320,330 

261,647 

306,087 

187,812 

189,984 

14  Lead  and  Shot  

13,275  Tons 

198,568 

304,701 

315,831 

331,221 

319,447 

331,340 

405,572 

15  Coals  

368,679  // 

89,349 

114,594 

115,417 

109,403 

117,780 

99,005 

108,660 

16  Salt 

7,475, 025 Bushels 

243,413 

204,590 

135,715 

140,177 

223,300 

174,586 

193,044 

117  Alum 

12,397 

19,673 

13,936 

16,565 

12,632 

6,829 

4,917 

fl8  Bacon  and  Hams  

11,072  Cwt. 

74,322 

65,359 

51,888 

61,575 

57,672 

36,830 

44,608 

| 19  Beef  and  Pork  

61,164  Barrels 

345,049 

230,340 

162,208 

231,593 

309,881 

228,555 

207,402 

| 20  Beer  and  Ale 

10,268  Tuns 

314,304 

383,296 

350,026 

354,092 

355,664 

224,058 

223,686 

! i 

1 21  Bread  and  Biscuit  

259,976 

85,076 

75,652 

127,928 

112,985 

89,616 

52,589 

1 

■ 22  Butter  and  Cheese 

84,300  Cwt. 

189,209 

243,136 

200,027 

201,179 

212,881 

183,939 

170,566 

23  Corn,  Grain,  and  Flour  . 

548,359 

597,053 

427,243 

1,020,293 

264,588 

173,364 

83,141 

24  Hops 

10,436 

11,063 

10,231 

8,966 

5,540 

5,916 

13,227 

i 

[ 25  Seeds,  of  all  sorts  

9,940 

9,515 

14  "'65 

23,217 

10,257 

9,790 

7,396 

f26  Leather  

1,402,758  IBs.  . . 

451 ,241 

472,597 

342,237 

326,931 

382,604 

349,149 

297,709 

27  Earthenware  

34,638,366  Pieces 

386,778 

663,496 

587,168 

480,259 

515,602 

366,221 

312,076 

28  Glass,  of  all  sorts 

224,497  Cwt. 

491,768 

723,126 

752,592 

731,622 

777,552 

531,348 

498,813 

29  Plate,  Jewellery,  and  Watches 

173,403 

262,321 

291,491 

337,527 

399,715 

280,169 

271  402 

30  Fish,  Herrings,  &c 

127,039  Barrels 

371,300 

379,320 

304,669 

339,383 

292,757 

278,905 

267  45 

31  do.,  Oil  

131,554 

43,917 

191,072 

57,439 

130,382 

73,067 

142,572 

32  Whalebone  

24,957 

9,485 

16,280 

13,454 

11,514 

22,443 

30,187 

33  Soap  and  Candles 

10,586,580  IBs.  . . 

266,865 

203,703 

189,784 

171,936 

180,150 

196,018 

197,765 

34  Cordage 

56,889  Cwt. 

246,432 

220,294 

178,506 

136,121 

131,688 

126,590 

137,415 

35  Saltpetre,  Refined  

30,106 

13,139 

43,514 

23,208 

18,266 

26,266 

37,555 

36  Tobacco,  Manufactured  . . . 

15,993 

7,074 

12,990 

9,330 

18,114 

25,667 

24,745 

37  Sugar,  Refined  

409,060  Cwt. 

3,091,653 

2,813,419 

2,064,804 