

21,232 

21,970 

17,710 

20] 

123,829 

114,992 

126,980 

142,442 

133,161 

91,810 

102,116 

94,155 

9*2,421 

96,571 

94,620 

26 

27  1 

78,373 

91,222 

!»■_>.  (Ml  1 

93,128 

95,1 85 

78,9*23 

91,711 

99,753 

96,928 

93,188 

97,409 

27 

38 

121,565 

136,001 

143,822 

131,326 

1*28,768 

111,409 

146,109 

137,414  J 

128,207 

1*25,180 

116,726 

28 

29 

199,409 

176,400 

203,807 

197,737 

220,321 

153,164 

168,004 

181,703  j 

175,616 

194,401 

188,245 

29 

30 

196,760 

208,191 

262,274 

195,527 

178,430 

178,612 

187,25*2 

241,989 

184,136 

*276,958 

190,686 

30 

21 

50,879 

21,265 

29,564 

11,297 

8,455 

9,112 

16,434 

52,769 

63,211 

34,841 

15,291 

31 

32 

35,899 

28,201 

15,227 

30,992 

13,744 

17,167 

20,103 

3*2,4*26 

23,065 

24,644 

4,520 

3*2 

33 

130,061 

116,040 

167,524 

153,105 

177,077 

131,430 

223,598 

234,036 j 

199,378 

237,523 

2*29,618 

33 

34 

52,817 

44,500 

74,002 

98,444 

100,7*28 

68,618 

63,013 

56,943 

47,800 

37,656 

38,685 

34 

35 

141,727 

90,245 

75,432 

59,030 

51,493 

58,174 

42,089 

58,099 

89,186 

15,185 

32,488 

35 

36 

1 ,150 

1,379 

1,559 

2,507 

1 ,629 

1,627 

1,582 

1,957 

1,757 

2,376 

1,785 

36 

37 

1,765,037 

949,450 

1,125,789 

1,058,811 

895,778 

917,131 

1,117,330 

1 ,229,503 

1,294,773 

1,652,210 

1,638.678 

37 

38 

781 

438 

224 

— 

— 

— 

— 

Wool. 

I 70,2*29 

125,989 

153,7*29 

*38 

39 

390,307 

1 ,009,559 

1,101,815 

1,179,377 

1,297,480 

1,188,5*21 

1,192,558 

1 ,*289,09*2 

1,215,308 

1,099,997 

958,991 

39 

31 ,225 

33,982 

32,095 

30,353 

18,482 

17,0*25 

17,041 

1 0,242 

15,691 

17,395 

48 

. • . 

237,214 

213,422 

311,716 

375,182 

383,0*20 

261,686 

242,978 

j 270,608 

245,498 

459,579 

49 

17,870 

17,3*27 

17,502 

15,542 

1*2,020 

15,642 

15,860 

15  192 

1*2,911 

6,932 

50 

1,773,983 

768,815 

745, 084 

805,162 

849,962 

066,946 

743,286 

854,135 

■ 050,590 

683,615 

678,552 

40,194,893 

43,558,489 

43,144,400 

48,030,037 

j 46,468,281 

40,332,854 

51,270,448 

52,029,151 

55,455,723 

60,492,637 

60,090,124 

636,852 

678,044 

059,907 

705,515 

697,739 

032,882 

942,832 

708,301 

747,319 

648,227 

693,810 

10,602,090 

9,211,928 

8,588,996 

10,188,596 

9,155,395 

10,060,503 

9,800,248 

9,928,055 

10,000,441 

8,535,786 

10,729,943 

27,599 

15,661 

14,909 

16,189 

14,189 

9,7S4 

24,481 

17,891 

15,962 

14,651 

15,129 

51,461 ,434 

53,464,122 

52,408,278 

58,940,337 

66,335,604 

51,042,023 

62,050,009 

02,744,001 

06,835,445 

69,991,301 

71,429,009 

30,792,764 

30,530,663 

35,798,707 

37,552,935 

44,137,482 

37,086,113 

44,887,775 

45,028,805 

43,981,317 

46,215,242 

49,713,889 

| 

20,068,670 

22,933,459 

16,009,571 

21,387,402 

12,198,122 

13,355,910 

17, 10.*, 231 

17,715,190 

22,854,128 

23,746.059 