139,309 

78,596 

92,617 

52,895 

10,392 

52,310 

51,386 

95,562 

50,809 

88,612 

22 

5,959 

1 1 ,782 

13,801 

3,705 

139,400 

228,296 

38,430 

31,777 

212,066 

51,727 

58,373 

23 

8 114,682 

7,244,970 

6,390,904 

7,429,743 

6 579,162 

7 529,012 

0,942,324 

6,996,267 

7,590,225 

5,690,135 

7,583,417 

1,982 

2,214 

2,318 

2,697 

3,309 

3,896 

6,936 

3,051 

4.902 

1,202 

505 

24 

87,644 

32,045 

13,700 

11,361 

36,129 

26,578 

35,253 

28,370 

32,308 

10,523 

38,333 

25 

2,105 

2,312 

823 

1,894 

5,360 

2,855 

374 

1,930 

1,348 

2,823 

3,257 

26 

54,956 

66,787 

62,256 

163,170 

106,845 

80,669 

164,098 

177,873 

173,137 

113,743 

189,561 

2” 

19,911 

20,885 

7,519 

15,450 

22,879 

19,881 

26,018 

28,300 

44,322 

55,689 

20,637 

28 

403,902 

315,958 

257,958 

110,735 

77,257 

41,408 

119,351 

161,318 

206,607 

135,774 

176,643 

29 

15,432 

13,723 

15,238 

28,752 

3,543 

17,606 

6,754 

17,668 

50,138 

10,238 

45,007 

30 

18,641 

15,474 

21,007 

24,633 

16,088 

18,991 

13,390 

14,661 

18,020 

7,720 

22,287 

31 

29,937 

11,447 

9,221 

10,015 

3,871 

2,565 

26,161 

22,998 

16,441 

1 1 ,984 

36,118 

32 

67,697 

57,229 

71,072 

148,545 

136,202 

103,555 

33,821 

37,006 

142,762 

162,816 

168,520 

33 

41,803 

44,938 

37,823 

45,842 

87,724 

29,527 

44,988 

38,922 

39,317 

38,590 

56,183 

34 

828 

1 ,250 

2,586 

2,575 

2,460 

24,779 

19,096 

45,515 

51,490 

34,915 

40,244 

35 

9,796 

4,37  1 

39,208 

11,336 

1 5,855 

48,826 

27,484 

24,385 

38,835 

45,784 

139,364 

36 

19,245 

15,388 

4,978 

11,851 

39,495 

40,962 

23,284 

24,235 

37,787 

24,793 

15,321 

37 

34,286 

34, 154 

32,824 

59,51  ! 

43,413 

45,303 

50,473 

43,280 

56,570 

62,559 

64,219 

38 

102,609 

143,998 

171,269 

186,340 

175,326 

115,051 

176,053 

292,415 

184,879 

130,111 

144,297 

39 

64,371 

60,239 

60,489 

94,430 

85,739 

55,924 

69,872 

86,690 

41,261 

56,463 

55,346 

40 

329,338 

156,193 

197,431 

169,117 

54,848 

191,466 

240,737 

204,526 

137,997 

184,997 

176,352 

41 

176,387 

134,048 

148,885 

202,952 

190,334 

186,817 

268,041 

287,296 

218,076 

194,389 

181,211 

42 

Tallow. 

*48,940 

86,008 

111,925 

— 

— 

1,147 

26,973 

29,915 

31,673 

14,723 

34,631 

22,066 

13,049 

18,029 

43 

— 

3,901 

64,871 

46,563 

1 1 ,608 

9,628 

9,972 

5,459 

3,656 

15,116 

44 

— 

— 

— 

— 

9,707 

21,662 

19,994 

34,152 

19,132 

18,709 

28,097 

45 

16,079 

12,618 

29,013 

46,662 

61,112 

53,360 

59,907 

27,951 

45,329 

70,805 

46 

— 

— 

4,477 

11,243 

54,823 

27,700 

34,234 

26,773 

25,500 

12,882 

18,514  j 

47 

21,572 

88,508 

128,882 

160.104 

29,935 

131,640 

79,713 

16,627 

91,669 

5,924 

10,074  1 

48 

66,680 

83,274 

248,398 

403,400 

305,615 

409,157 

340,429 

