

6,614 

11,284 

24 

>5 

6,427 

6,621 

6,610 

0,462 

6,266 

5,514 

5,887 

4,774 

6,977  | 

4,511 

5,258 

25 

>6 

310,539 

288,775 

301 ,022 

323,749 

332,541 

260,958 

280,266 

261,735 

253,513 

243,1 43 

234,491  1 

26 

J7 

357,442 

427,487 

398,439 

399,549 

381,920 

345,795 

437,813 

499,743 

461,710 

439,567  I 

458,966 

27 

J8 

508,584 

538,330 

604,039 

546,226 

592,563 

430,122 

527,110 

492,073 

467,155 

396,662 

423,829 

28 

J9 

206,254 

181,354 

210,031 

201,312 

225,083 

150,197 

169,450 

181,849 

177,242 

190,208 

187,931  | 

29 

50 

171,587 

192,331 

237,085 

170,368 

202,280 

194,540 

182,08  i 

241,324 

186,365 

245,751 

184,032  | 

30 

31 

70,497 

24,844 

33,310 

13,417 

12,657 

10,853 

18,46  1 

55,585 

73,750 

45,063 

21,171 

31 

32 

25,648 

26,341 

23,163 

36,760 

23,168 

37,486 

45,316 

63,583 

40,667 

41,893 

8,287 

32 

33 

175,543 

146,917 

183,136 

101,919 

185,562 

140,514 

227,696 

226,206 

192,739 

220,315 

210,170 

33 

34 

108,144 

95,788 

1 15,186 

183,404 

205,490 

144,542 

127,832 

112,569 

98,543 

78,442 

75,822 

34 

35 

65,758 

39,721 

33,009 

23,009 

21,825 

23,017 

17,943 

25,917 

17,508 

8.682 

20,684 

35 

36 

14,303 

13,292 

16,156 

21,428 

18,124 

11,929 

14,982 

18,416 

15,878 

21,734 

16,259 

£6 

37 

1,507,949 

678,496 

886,917 

730,830 

778,938 

704,464 

963,431 

1,038,538 

984,838 

1,287,888 

1,237,774 

37 

38 

810 

554 

321 

— 

Sundries 

* 29,445 

26,563 

20,062 

38 

Wool. 

104,215 

178,173 

239,939 

39 

89,885 

65,729 

71,187 

71,318 

74,644 

07,137 

56,407 

59,033 

60,641 

55,508 

41,317 

39 

10 

58,536 

55,029 

48,408 

62,472 

08,171 

70,892 

68,394 

56,291 

58,732 

51,785 

38,372 

40 

11 

90,098 

86,694 

88,230 

110,984 

107,783 

101,731 

88,435 

89,206 

82,996 

78,072 

| 60,950 

41 

12 

151,788 

143,874 

150,916 

164,908 

181,151 

182,241 

193,047 

204,362 

187,438 

167,680 

177,698 

42 

406,147 

397,449 

435,848 

457,098 

367,921 

389,390 

419,486 

387,694 

| 384,214 

368,545 

43 

116,218 

157,846 

129,644 

212,377 

228,505 

201,552 

262,091 

250,062 

i 208,737 

105,506 

44 

18,614 

19,041 

24,835 

31,328 

36,791 

32,339 

19,394 

21,612 

' 21,447 

17,103 

45 

139,706 

134,328 

134,983 

129,307 

1 09, 562 

124,983 

138,005 

130,821 

99,985 

101,987 

46 

37,547 

34,41 0 

44,385 

35,62 1 

23,741 

38,011 

41,221 

35,312 

! 32,509 

47,513 

47 

115,191 

121 ,305 

121,293 

135,088 

111,518 

106,925 

101,378 

109,435 

• 93,851 

100,770 

48 

271 ,806 

273,283 

354,172 

526,217 

620,600 

406,312 

335,513 

279,382 

i 24 1 ,623 

562,729 

49 

65,562 

65,131 

69,195 

72,094 

47,420 

62,131 

65,092 

62,001 

i 49,243 

29,212 

50 

2,268,137 

1,012,395 

1,001,138 

1,036,518 

1,128,375 

920,357 