

Gross 
Receipt. 
, of  Duty, 
in  1829. 

TOTAL 
Payment, 
out  of  Gros 
Receipt. 

Nett  amoun 
remitted  to 
s Receiv.  Gen 
in  London. 
. £ 

t [ Numoer  of  VESSELS  Registers 
at  each  Forty  averaging  about 

* | 3 J, 

TOTAL 
Tonnage . 

•«  S 

Number  of  1 
Steam  Boats\ 

TOTAL  j 
Tonnage , j 

• 30 

Tons. 

75 

Tons. 

150 

Tons. 

200  Tns 

c s $ 
. ^ 

1,600,000 

10,211,099 

1,625,542 

8,524,260 

404 

515 

621 

1,123 

2,663 

572,835 

1 1 

57 

j 8,214 

170,000 

3,308,347 

190,766 

3,123,758 

78 

155 

179 

393 

805 

161,780 

3 

46 

j 4,698 

110,000 

1,181,936 

84,548 

1,098,128 

82 

79 

57 

98 

316 

49,535 

7 

8 

740 

50,000 

740,868 

23,232 

711,274 

194 

145 

123 

117 

579 

72,248 

6 

31 

2,111 

55,000 

373,733 

17,074 

356,921 

82 

81 

235 

589 

987 

202,379 

2 

53 

1,075 

70,000 

140,144 

20,894 

122,076 

107 

134 

40 

21 

302 

24,838 

11 

2 

285 

4,000 

1,844 

1 1,196 

1,931 

j 56 

57 

7 

— 

120 

6,423 

34 

1,350 

2,103 

2,550 

460 

26 

16 

7 

— 

49 

2,698 

60 

2,800 

7,183 

1,669 

5,537 

5 

5 

14 

1 

25 

2,711 

59 

7,000 

12,964 

1,387 

11,495 

! 17 

23 

— 

— 

40 

2,087 

65 

— 

2,500 

9,044 

9,154 

4,790 

214 

132 

41 

2 

389 

22,076 

13 

2 

193 

15,000 

8,140 

7,068 

5,206 

8 

33 

15 

1 

57 

4,784 

44 

— 

7,500 

5,925 

2,589 

3,248 

1 26 

55 

30 

5 

116 

10,182 

20 

— 

1,800 

5,793 

5,890 

1,323 

i i5 

25 

10 

— 

50 

3,380 

52 

— 

— 

13,500 

21,657 

4,908 

16,567 

97 

48 

7 

— 

152 

8,059 

26 

— 

7,000 

7,588 

1,269 

6,568 

I 14 

27 

5 

— 

46 

2,921 

55 

— 

| 4,600 

2,227 

4,161 

203 

2 

16 

8 

14 

40 

6,290 

35 

— 

1 3,800 

6,365 

1,300 

5,368 

I 1(5 

11 

9 

2 

38 

2,742 

58 

— 

I 6,000 

2,302 

2,399 

1,237 

183 

62 

36 

281 

14,643 

17 

— 

1 17,500 

3,387 

1,070 

2,862 

12 

24 

2 

2 

40 

2,886 

56 

1 

201 

3,200 

2,174 

827 

1,365 

29 

24 

14 

5 

72 

6,805 

37 

3 

102 

23,500 

24,821  j 

1,697 

23,187 

20 

46 

8 

— 

74 

4,816 

43 

_ 

8,000 

7,002 

2,843 

4,481 

41 

14 

6 

1 

62 

2,805 

57 

— 

15,500 

23,078 

4,939 

18,031 

196 

37 

27 

1 

235 

6,745 

32 

— 

_ 

4,200 

5,355 

15,020 

328 

119 

26 

5 

1 

151 

6,015 

36 

3 

183 

6,000 

9,081 

11,259 

4,833 

133 

138 

78 

— 

349 

24,114 

12 

— 

| 7,200 

1,733 

1,640 

6,104 

j 15 

3 

I 

— 

19 

557 

71 

— 

20,000 

69,396 

8,152 

60,820 

93 

13 

14 

— 

120 

5,525 

39 

4 

168 

35,000 

67,654 

11,592 

56,300 

46 

79 

67 

5 

196 

17,166 

15 

— 

7,500 

20,406 

11,373 

9,376 

26 

29 

! 9 

4 

78 

6,614 

33 

— 

1 4,800 

12,417 

2,065 

10,380 

169 

35 

13 

— 

217 

7,392 

28 

— 

— 

1,600 

12,045 

14,167 

6,114 

16 

57 

8 

-- 

81 

5,470 

41 

— 

15,000 

57,335 

2,990 

54,474  | 

97 

137 

13 