

78,071 

262 

164 

149 

10 

585 

44,134 

8 

4 

143 

17,390,380 

2,370,902 

15,079,410 

4,308 

3,726 

3,009 

2,934 

13,977 

1,758,065 

72 

- 

— 

444,411 

255,048 

139,876 

98 

70 

64 

31  1 

263 

26,362 

5 

1 

42 

52,407 

9,291 

43,322 

44 

107 

137 

62  | 

350 

46,201 

1 

4 

623 

1,333 

3,742 

2,245 

80 

50 

2 

1 , 

133 

5,818 

14 

— 

— 

5,477 

2,062 

4,0C9 

44 

54 

19 

6 1 

123 

9,108 

11 

— 

— 

712 

1,839 

1 ,854 

54 

11 

3 

— 

68 

2,779 

18 

2 

182 

5,677 

3,821 

5,294 

87 

76 

11 

9 

183 

12,192 

10 

— 

— 

68,018 

27,8(52 

43,481 

48 

117 

106 

28 

299 

31,986 

4 

4 

— 

58,830 

5,554 

53,554 

24 

87 

43 

81 

235 

41,121 

2 

48 

3,809 

25,038 

3,718 

21,453 

30 

91 

56 

27 

204 

24,327 

6 

4 

236 

431,699 

51,7(52 

378,748 

177 

82 

51 

61 

371 

36,241 

3 

2 

151 

2,072 

5,303 

3,073 

72 

50 

14 

136 

7,338 

12 

1 

50 

4,433 

3,044 

4,855 

23 

54 

52 

6 

135 

13,379 

9 

1 

75 

6,886 

4,399 

5,034 

105 

36 

34 

17 

192 

14,802 

8 

3 

283 

1,513 

1,794 

1,210 

40 

26 

2 

68 

3,312 

16 

— 

- 

804 

1,489 

1,148 

82 

9 

3 

— 

94 

3,314 

15 

— 

— 

9,302 

5,282 

6,755 

18 

91 

59 

5 

173 

16,179 

7 

— 

— 

248,694 

13,694 

235,301 

2 

25 

4 

15 

46 

6,807 

13 

5 

332 

450 

1,886 

1,888 

58 

10 

6 

— 

74 

3,093 

17 

— 

- 

1,115 

7,677 

640 

33 

9 

— 

— 

42 

1,497 

19 

— 

— 

1,368 

2,450 

445 

14 

22 

3 

— 

39 

2,441 

20 

— 

- 

1,370,240 

411,718 

954,2-13 

1,133 

1,077 

669 

349 

3,228 

308,297 

20 

— 

— 

669,500 

112,561 

506,773 

180 

33 

41 

35 

289 

23,904 

— 

983 

16,654 

700 

81 

5 

— 

— 

86 

2,478 

— 

— 

— 

259,399 

48,772 

197,053 

87 

85 

39 

36 

247 

24,989 

— 

— 

— 

3,173 

7,271 

1,950 

8 

1 

1 

— 

10 

409 

— 

— 

— 

196,286 

41,365 

113,689 

151 

55 

38 

12 

256 

17,093 

— 

— 

— 

12,130 

4,011 

6,594 

11 

9 

9 

1 

30 

2,387 

— 

— 

— 

12,379 

4,632 

7,475 

3 

3 

— 

— 

6 

339 

— 

— 

— 

48,401 

10,832 

36,900 

15 

3 

1 

— 

19 

864 

— 

— 

— 

85,707 

20,227 

51,751 

34 

2 

— 

3 

39 

1,874 

— 

— 

— 

74,370 

18,252 

52,500 

8 

a 

14 

5 

32 

4,306 

— 

— 

— 

55,202 

21,736 

32,500 

101 

51 

4 

5 

161 

8,281 

— 

— 

— 

4(5,151 

24,196 

20,122 

11 

5 

4 

— 

20 

1,219 

— 

— 

— 

116,034 

16,012 

92,150 

36 

13 

19 

8 

76 

6,942 

— 

— 

— 

809 

11,124 

— 

6 

l 

— 

— 

7 

208 

— 

— 

— 

4,892 

14,090 

200 

75 

52 

8 

— 

135 

6,701 

— 

— 

— 

1,585,470 

378,335 

1,120,357 

807 

323 

178 

105 

1,413 

101,994 

15 

— 

— 

— 

— 

— 

294 

86 

86 

26 

492 

31,603 

20.352,097 

3,100.955 

17,154.010 

6,542 

5.212 

3,942 

3,414 

19,110 

2,199,959 

— 

70 

Quantities  of  Soap,  Candles,  Tallow,  Barilla,  Oils  and  Turpentine,  charged  ivith  Duty ; Amount  of  Duty  paid  on  each  and  Licences  granted 
to  Makers  of  Soap,  Candles,  Sfc.  Sfc.  in  each  of  18  Years  180G  — 1827. 