

2,271,242 

110,446 

624,410 

86,025 

820,881 

129,894 

2,251,404 

16,642 

2,397,940 

134,026 

604,154 

8,890 

747,070 

95,334 

2,349,633 

155,725 

2,600,692 

178,709 

526,894 

54,928 

760,531 

80,582 

2,085,681 

140,431 

2,306,694 

187,808 

563,434 

58,428 

809,670 

40,928 

2,108,739 

253,702 

2,403,369 

233,979 

670,772 

54,877 

959,628 

77,293 

2,533,097 

264,881 

2,875,271 

310,874 

577,795 

36,891 

925,560 

100,354 

2,442,947 

437,483 

2,980,784 

488,053 

407,240 

60,962 

956,255 

61,583 

2,239,508 

202,961 

2,504,052 

623,272 

487,292 

3,194 

1,113,758 

147,625 

2,427,661 

504,225 

3,079,511 

1,070,512 

586,378 

93,518 

1,750,408 

216,384 

2,443,795 

139,790 

2,799,969 

1,293,895 

1,064,105 

38,992 

2,396,992 

395,696 

2,317,986 

921,492 

3,635,174 

1,619,146 

717,057 

452,734 

2,788,937 

320,827 

2,392,872 

228,887 

2,942,586 

1,804,026 

926,847 

121,028 

2,841,901 

495,907 

2,312,798 

34,543 

2,843,248 

1,789,448 

1,090,172 

167 

2,879,787 

862,267 

124,624 

78,653 

1 ,065,544 

1,857,978 

123,823 

10,362 

1,992,163 

737,349 

354,145 

7,975 

1,099,469 

! 2,510,083 

317,000 

14,655 

2,841,738 

444,397 

1 ,098,439 

673,824 

2,216,660 

1,707,504 

539,942 

13,706 

2,261,152 

609,599 

665,042 

4,481 

1,279,122 

2,416,829 

608,717 

20,885 

3,046,431 

751,428 

29,104 

8,697 

789,229 

2,662,256 

212,787 

29,930 

2,904,973 

926,600 

2,794,630 

1,173,707 

4,894,937 

2,382,098 

1,007,256 

110,415 

3,499,769 

840,935 

3,873,715 

1,192,510 

5,907,160 

2,246,878 

1,052,257 

221,548 

3,520,683 

1,281,555 

4,392,617 

2,390,103 

8,064,275 

2,182,430 

1,000,768 

424,434 

3,607,632 

1,260,032 

1,691,502 

1,183,708 

4,135,242 

2,335,219 

646,611 

479,035 

3,460,865 

1,199,831 

2,338,037 

19,865 

3,557,733 

2,263,766 

875,228 

139,668 

3,278,662 

1,508,056 

365,408 

552 

1,874,016 

1 2,527,078 

729,334 

469,820 

3,726,232 

1,692,091 

1,156,609 

2,848,700  I 

2,576,699 

636,803 

237,066 

3,450,568 

1,699,512 

1,656,553 

— 

3,356,065 

2,569,484 

903,999 

511,335 

3,984,818 

395,368 

358,156 

1 ,972 

755,496  ; 

814,012 

786,468 

213,510 

1,813,990 

878,867 

2,458,160 

497 

3,337,524  ! 

2,023,291 

1,722,147 

737,520 

4,482,958 

877,094 

486,828 

731,766 

2,095,688 

2,746,604 

747,531 

540,901 

4,035,036 

730,928 

260,877 

420,045 

1,411,850 

1,528,768 

28,539 

36,226 

1,593,533 

1,806,611 

306,018 

1,010,142 

3,122,771 

2,322,726 

237,480 

711,407 

3,271,613 

1,370,119 

8,875,701 

2,224,677 

12,470,497 

2,450,421 

2,162,756 

718,461 

5,331,638 

1,201,166 

8,206,499 

1,441,645 

10,849,310 

| 2,305,201 

1,248,482 

743,409 

4,297,092 

1,706,885 

6,582,638 

1,608,861 

9,898,384 

1,316,496 

731,340 

407,883 

2,455,719 

2,758,997 

4,423,826 

1,649,181 

8,832,004 

2,194,238 

852,982 

518,353 

3,565,573 