

1,999,884 

330,092 

3,556,501 

1,326,260 

7,921,120 

1,061,127 

10,308,507 

1,341,454 

2,847,522 

449,730 

4,638,706 

4,829,636 

3,992,059 

1,125,058 

9,946,753 

2,837,724 

836,342 

826,989 

4,501,055 

6,381,668 

5,187,613 

1,748,115 

13,317  396 

5,090,409 

2,205,331 

678,361 

7,973,101 

5,970,061 

7,813,317 

1,844,558 

15,627,936 

6,961,389 

2,614,405 

885,046 

10,460,840 

3,046,819 

1,431,829 

1,909,689 

6,388,337 

3,834,286 

2,309,415 

802,163 

6,945,864 

4,114,987 

4,135,592 

1,419,019 

9,669,598 

2,471,426 

1,294,152 

719,683 

4,485,261 

4,302,098 

7,303 

4,093,062 

8,402,463 

6,219,648 

22,621 

322,899 

6,565,168 

3,786,175 

11,936,501 

3,098,617 

18,821,293 

3,371,292 

2,370,288 

368,873 

6,110,453 

3,278,727 

7,801,062 

2,208,041 

13,287,830 

1,974,192 

2,386,224 

493,025 

4,853,441 

4,845,492 

6,387,078 

1,395,570 

12,628,140 

1,689,790 

3,057,000 

615,032 

5,361,822 

5,523,809 

8,383,437 

1,795,264 

15,702,510 

2,324,363 

3,426,832 

690,432 

6,441,627 

3,465,671 

4,301,696 

2,001,033 

9,768,400 

2,016,963 

2,688,076 

751,003 

5,456,042 

4,449,810 

3,920,262 

1,676,181 

10,046,253 

2,303,633 

3,651,342 

841,271 

6,796,246 

4,914,454 

6,607,302 

1,395,593 

12,917,349 

2,470,776 

3,642,210 

844,278 

6,957,264 

5,322,913 

7,368,064 

1,534,858 

14,225,835 

2,107,534 

4,020,729 

780,970 

6,909,233 

7,804,636 

6,141,451 

1,766,538 

15,712,625 

2,524,039 

5,459,737 

864,944 

8,848,720 

9,762,877 

7,141,286 

2,241,667 

19,145,830 

2,708,078 

3,925,609 

925,699 

7,559,386 

10,226,783 

7,627,275 

2,151,463 

20,005,521 

3,682.562 

5,716,252 

1,084,463 

10,483,277 

5,461,353 

5,262,192 

1,650,319 

12,373,864 

1,866,133 

4,984,647 

974,823 

7,825,603 

8,202,400 

8,637,917 

1,719,375 

18,559,692 

2,364,496 

7,997,247 

813,324 

11,175,067 

10,893,499 

6,843,727 

2,206,914 

19,944,140 

2,225,917 

5,820,581 

838,991 

, 1 

8,865,489 

7 o 

An  ACCOUNT  of  the  Official  Value  of  Merchandize  EXPORTED  from,  and  IMPORTED  into  Great  Britain,  to  and 
from  Africa  ; the  British  West  Indies;  and  the  East  Indies  and  China,  annually  on  an  average  of  Years  of  Peace  and  War,  from  1698 
to  179:2 ; and  in  each  ot  the  36  Years  1793-  1828. 

EXPORTS. 

IMPORTS. 

Periods  of 

Africa 

British 
W est  Indies 

East  Indies 
and  China 

TOTAL 

Africa 

British 
West  Indies 

East  Indies 
and  China 

TOTAL 

• £ 

£ 

£ 

4 Years  Peace  1698  — 

1701 

114,043 

331 ,839 

214,212 

660,094  j 

17,421 

714,761 

656,031 

1,388,213 

J1  do.  War  1702  — 

1712 

71,677 

272,515 

106,908 

451,100  ! 

12,322 

606,132 

468,941 

1,087,395 

5 do.  Peace  1713  — 

1717 

87,493 

349,254 

79,323 

516,070  1 

23,721 

966,421 

695,267 

1,685,409 

1 do.  War  1718  — 

1721 

104,040 

258,134 

93,402 

455,576 

22,775 

937,017 

958,104 