

i d,  has  progteasivcly  t 

74 

An  ACCOUNT  of  the  Official  Value  of  Meichandize  EXPORTED  from,  and  IMPORTED  into  Great  Britain,  to  and 

from  America  ; and  Foreign  West  Indies,  annually  on  an  average  of  Years  of  Peace  and  War,  from  1698,  to  1792 ; and  in  each  of  the  3G  Years  1793  - 1828. 

Periods  of 

4 Years  Peace  1692  — 

1701 

11 

do. 

War 

1708  — 

1712 

5 

do. 

Peace 

1713  — 

1717 

4 

do. 

War 

1781  — 

1721 

17 

do. 

Peace  1722  — 

1738 

At* 

do. 

War 

1739  — 

1748 

7 

do. 

Peace  1749  — 

1755 

7 

do. 

War 

1756  - - 

1762 

12 

do. 

Peace  1763  — 

1774 

9 

do. 

War 

1775  — 

1783 

9 

do. 

Peace  1784  - 

1792 

EXPORTS 

IMPORTS. 

Foreign 

United  States 

British 

Foreign 

United  States 

British 

West  Indies 

of  N.  America 

America 

TOTAL 

West  Indies 

of  N.  America 

i America 

TOTAL 

406  037 

296,402 

18,617 

si  Fk  m a 

36,328 

266,957 

10,139 

313,424 

4,305 

276,032 

1 7^956 

298,293 

187,039 

402,216 

9,275 

598,530 

38,852 

369,345 

18,120 

416,317 

146,014 

367,487 

10,438 

523,939 

30,610 

470,646 

23,054 

524,310 

235,101 

542,083 

23,544 

800,728 

47,694 

581,951 

42,613 

672,258 

322,975 

751,184 

36,641 

1,110,800 

10,734 

678,311 

49,167 

738,212 

26,478 

1,238,161 

72,984 

1,337,623 

1,896 

891,169 

48,750 

941,815 

111,757 

1,837,249 

168,165 

2,117,171 

263,257 

746,465 

47,764 

1,057,486 

11,796 

2,341,712 

335,487 

2,688,995 

145,977 

1,202,911 

104,849 

1,453,737 

57,899 

406,023 

869,041 

1,332,963 

47,411 

271,307 

139,377 

458,095 

39,131 

2,839,484 

864,489 

3,743,104 

183,853 

986,409 

221,413 

1,391,675 

21,081 

3,514,681 

904,522 

4,440,284 

308,366 

904,040 

210,345 

1,422,751 

53,853 

3,859,871 

971,271 

4,884,995 

271,902 

625,733 

241,026 

1,138,661 

205,526 

5,254,118 

999,781 

6,459,425 

383,546 

1,352,136 

314,761 

2,050,443 

1,041,185 

6,054,032 

814,671 

7,909,888 

876,857 

2,080,970 

203,844 

3.161,671 

664,715 

5,056,799 

845,325 

6,566,839 

1 ,077,935 

1,175,512 

213,054 

2,466,501 

1,264,464 

5,580,369 

1,054,012 

7,898,845 

1,158,705 

1,782,720 

220,109 

3,161,534 

1,048,429 

7,056,558 

1,091,996 

9,196,983 

1,390,038 

1,818,941 

170,076 

3,379,055 

479,208 

7,885,594 

975,872 

9,340,674 

1,496,906 

2,357,923 

392,690 

4,247,519 

580,470 

7,517,530 

1,017,458 

9,115,458 

2,577,111 

2,706,518 

455,575 

5,739,204 

284,831 

5,329,490 

1,350,896 

6,965,217  | 

1,658,256 

1,923,604 

367,935 

3,949,695 

193,133 

5,272,811 

1,082,107 

6,548,C51 

355,158 

1,914,098 

327,960 

2,597,216 

312,499 

6,398,426 

1,056,349 

7,767,274 

346,213 

1,651,467 

377,790 

2,375,470 

319,282 

7,146,765 

865,311 

8,331,358 

735,515 

1,766,556 

293,515 

2,795,586 

1,795,962 

8,613,122 

950,662 

11,359,746 

1,226,525 