

1,917,896 

17  do.  Peace  1722  — 

1738 

195,582 

287,450 

151,642 

634,674 

47,168 

1,300.044 

650,879 

1,998,091 

10  do.  War  1739  — 

1748 

151,657 

391,180 

432,022 

974,859 

28,065 

1,265,661 

968,400 

2,262,126 

7 do.  Peace  1749  — 

1755 

213,841 

664,067 

714,105 

1,592,013 

34,279 

1,588,183 

1,119,118 

2,741,620 

7 do.  War  1756  — 

1762 

240,488 

943,502 

856,679 

2,040,669 

31,443 

1,858,894 

975,805 

2,866,142 

12  do.  Peace  1763  — 

1774 

609,893 

1,243,991 

998,765 

2.852,649 

60,268 

2,900,857 

1,720,263 

4,681,388 

9 do.  War  1775  — 

1783 

384,166 

1,415,714 

926,297 

2,726,177 

56,674 

2,824,938 

1,340,164 

4,221 ,776 

9 do.  Peace  1784  — 

- 1792 

809,546 

1,862,522 

1,795,747 

4,467,815  | 

92,252 

3,860,674 

3,179,136 

7,132,062 

fl793 

384,587 

2,695,220 

2,721,793 

5,801,600 

120,372 

4,392,158 

3,499,023 

8,011,553 

4 

749,823 

3,632,762 

2,924,829 

7,307,414 

48,865 

4,782,616 

4,458,475 

9,289,956 

5 

428,731 

2,460,888 

2,382,933 

5,272,552 

65,097 

4,099,291 

5,760,795 

9,925,183 

I?  2||  = k-5|  1. 

6 

613,535 

3,223,268 

2,377,376 

6,214,179 

120,397 

3,966,763 

3,372,689 

7,459,849 

7 

887,138 

3,144,363 

2,288,415 

6,319,916 

54,357 

4,309,164 

3,942,384 

8,305,905 

•51s  i | 5^  j't 

8 

1,291,062 

5,198,369 

1,145,736 

7,634,167 

69,761 

5,418,541 

7,626,930 

13.1  15,232 

9 

1,621,625 

5,947,425 

2,436,383 

10,005,433 

112,789 

6,161 ,504 

4,284,805 

10,559,098 

I| 

1800 

1 ,098,832 

4,087,112 

2,860,397 

8,046,341 

96,563 

7,369,287 

4,942,275 

12,408,125 

1 

1,123,626 

4,385,505 

2,9 16,257 

8,455,388 

138,660 

8,435,795 

5,424,441 

13,998,896 

5 o *>§  ~ -~V  a.;  | B 1 

^1*  it'll  1 

g.5  J s*,?  5% 

2 

1,161,179 

3,925,613 

2,929,816 

8,016,608 

168,863 

8,531,175 

5,794,906 

14,494,944 

3 

4 

818,632 

1,173,466 

2,380,203 

4,281,735 

2,733,013 

1,766,268 

5,931,848 
7,221,469  1 

94,307 

163,819 

6,132,001 

7,681,646 

6,349,294 

5,214,842 

12,575,602 

13,060,307 

a s fe  *|i 

5 

990.640 

3,832,430 

1,669,215 

6,492,275  1 

106,845 

6,720,444 

6,072,313 

12,899,602 

6 

1,433,151 

4,733,815 

1,936,954 

8,1 o3,920 

1 15,947 

8,815,329 

3,755,396 

12,686,672 

7 

797,738 

4,578,877 

1,884,437 

7,261,052 

122,048 

7,980,001 

3,401,700 

11,503,749 

5^2  J Sf  a “ o ^ S i £ J- .a 

8 

532,840 

5,928,769  1,933,223 

8,394,832 

143,276 

8,777,963 

5,853,460 

14,774,699 

9 

705,977 

5,975,127 

1,647,627 

8,328,731 

184,650 

7,703,452 

3,366,343 

11.254,445 

Eis»,  599.»I^Lk?’i 

1810 

484,082 

4,790,143 

1,717,118 

6,991,343 

257,386 

8,258,173 

4,709,868 

13,225,427 

11 

12 

316,704 

444,357 

4,122,919 
4,767,31 1 

1,664,522 

1,779,212 

6.104,145 

6,990,793 

188,858 

171,820 

8,452,287 

7,487,314 

4,106,299 

5,602,358 

12,747,444 

13,261,492 

sS  si^l  | p c-  el  --I'1 