'o 

26  Sundries  Yards 

143,753 

150,000 

96,515 

196,506 

295,495 

16,360 

10,792 

9,857 

15,959 

22,323 

27  Hosiery  Doz.  Pr. 

938 

1,109 

488 

182 

903 

986 

717 

484 

163 

623 

28  Sundries  at  Value 

— 

— 

— 

_ — 

— 

6,153 

3,127 

5,088 

3,478 

3,068 

29  Foreign  . . Yards 

749 

504 

1,086 

815 

552 

225 

4,951 

9,774 

7,374 

4,968 

30  Linen  Manufactures  at  Value 

— 

— 

. 

— 

— 

21,024 

23,979 

35,374 

46,267 

48,676 

_31  Silk 

— 

— 

— 

— 

25,771 

15,377 

5,938 

10,755 

11,282 

32  Earthenware Pieces 

1,734,748 

1,194,772 

1,048,466 

1,513,196 

2,011,388 

I 21,022 

18,739 

16,499 

15,905 

30,470 

33  Guns  and  Pistols  Number 

16,242 

37,557 

30,182 

85,230 

49,833 

| 37,198 

63,062 

63,251 

171,148 

121,492 

34  Hats  of  all  sorts  . . Dozens 

2,793 

3,291 

2,309 

3,660 

2,290 

I 19,423 

22,122 

15,159 

12,051 

8,406 

35  Iron, 

Bar  and  Bolt  Tons 

11,618 

10,298 

9,127 

7,699 

14,121 

111,746 

103,116 

124,008 

93,330 

146,014 

36 

» Cast  & Wrought  Civts. 

73,946 

60,605 

57,701 

80,700 

102,830 

73,422 

65,421 

66,601 

99,925 

136,084 

37  Lace  & Thread  of  Gold  & Silver  ] f) s . 

1,375 

1,893 

1,482 

1,010 

635 

9,165 

12,185 

10,361 

7,766 

4,957 

38  Lead  & Shot Tons 

1,137 

1,656 

3,415 

3,246 

4,489 

24,956 

38,812 

81,536 

81,120 

88,518 

39  Ordnance  of  Brass  & Iron  » 

431 

2,063 

4,756 

6,405 

4,994 

5,803 

25,616 

89,849 

128,862 

100,000 

40  Opium It>s. 

3,385 

24,246 

56,703 

17,712 

50,806 

4,400 

23,034 

46,780 

11,513 

26,673 

41  Quicksilver « 

267,937 

8,284 

81,712 

105,162 

151,682 

23,444 

725 

7,831 

9,202 

13,904 

42  Soap  & Candles  . . Cwts. 

763 

1,153 

1,014 

674 

389 

3,223 

4,525 

3,772 

- 2,853 

1,926 

43  Spelter « 

97,887 

153,878 

105,361 

159,179 

134,865  I 

137,042 

200,041 

121,165 

119,384 

107,892 

44 

( British  Gallons 

8,057 

4,431 

4,293 

2,750 

4,112 

4,422 

2,211 

2,020 

1,352 

1,688. 

45  npuus^  poreign 

171,301 

227,179 

174,679 

91,633 

177,374 

28,927 

37,247 

31,532 

15,229 

29,834 

46  Steel  Unwrought  Cwts. 

7,335 

1,896 

2,070 

2,714 

6,789 

6,931 

1,931 

3,613 

4,555 

7,629 

47  Sugar  Refined // 

645 

732 

1,099 

1,052 

1,024 

1 1,593 

1,693 

2,813 

2,571 

3,273 

48  Swords  Number 

2,196 

5,370 

3,475 

10,010 

15,840 

4,743 

7,433 

5,725 

11,587 

18,871 

49  Tin  Unwrought  ....  Cwts. 

— 

1 

1? 

2,371 

126 

— 

5 

5 

9,247 

454 

50 

1 1 Plates  & W are  at  Value 

— — 

— 

— 

10,383 

8,438 

12,290 

14,333 

14,115 

51  Wines Gallons 

241,017 

253,996 

195,247 

147,197 

324,074 

117,354 

118,021 

94,006 

74,327 

157,566 

52  A pothecary  Wares  

The  articles  annexed  are  of  a nature  not  to  admit  0/  , 1 , 

their  quantities  being  distinctly  stated,  they  are  therefore  do  3 (jparel 