160,933 

363,978 

8,353 

24,948 

4,809,678 

2,830,966 

2 

609,952 

486,646 

48,459 

2,335 

558,760 

478,863 

42,856 

156,342 

3i0,984 

20,605 

23,237 

4,088,847 

2,816,545 

3 

625,694 

508,193 

33,625 

16,993 

493,253 

525,887 

25,815 

187,893 

341,715 

5 

24,884 

4,357,456 

3,189,482 

4 

602,681 

497,893 

17,009 

13,041 

479,003 

387,256 

15,889 

167,097 

318,023 

5 

38,812 

4,200,828 

2,991,676 

5 

597,098 

417,267 

24,072 

35,345 

438,605 

445,103 

20,605 

183,255 

70,968 

5 

81,421 

3,960,432 

2,643,159 

6 

584,974 

440,536 

33,961 

100,869 

555,653 

618,897 

23,359 

196,491 

189,694 

15,412 

81,081 

4,739,359 

2,879,075> 

. 7 

1,006,851 

602,296 

48,078 

294,501 

465,203 

321,100 

25,688 

282,048 

266,456 

14,570 

88,518 

5,201,600 

3,903,006 

lbs.  Weight  of 

Cwts 

Pieces 

Pieces  of  Silks 

Total 

Years 

Tea 

Coffee 

Cotton 

Silk 

Indigo 

°f 

Cottons 

Bandannocs 

Crapes 

1 Saar 

Flowersd  and 
Fancy  Silks. 

Value 

£ 

1814 

26,076,550 

7,944,445 

2,850,318 

1,116,113 

6,752,302 

43,789 

2,082,128 

76,550 

1,428 

35,508 

6,298,386 

15 

25,368,255 

26,505,975 

7,175,243 

1,077,508 

5,543,222 

124,318 

2,176,258 

137,701 

3,933 

240 

41,942 

8,038,736 

16 

36,234,371 

18,717,458 

6,972,790 

853,899 

7,238,114 

126,266 

1,539,961 

136,111 

1,016 

13,134 

8,310,697  , 

17 

31,463,878 

13,557,104 

31,007,570 

658,879 

4,926,105 

123,372 

1,528,423 

112,346 

6,099 

1,696 

29,798 

7,687,278 

18 

20,065,728 

2,045,504 

67,456,411 

1,118,079 

5,456,645 

162,394 

1,601,920 

78,674 

768 

3,261 

19,203 

7,337,689 

19 

23,750,411 

4,107,823 

58,856,261 

1,100,944 

3,688,694 

203,905 

1,478,924 

54,822 

1,886 

4,823 

19,789 

7,537,563 

1820 

30,147,994 

5,497,721 

23,125,825 

1,428,242 

4,922,750 

277,227 

1,650,473 

132,026 

913 

37,561 

17,062 

7,562,647 

1 

30,731,037 

1,904,021 

8,827,107 

1,325,588 

3,935,833 

269,158 

1,102,778 

87,013 

2,260 

14,330 

12,845 

6,233,571 

2 

27,362,589 

4,476,785 

4,554,225 

1,096,901 

2,483,475 

209,964 

464,653 

153,520 

1,314 

10,173 

18,495 

5,106,400 

3 

29,046,885 

4,114,289 

14,839,117 

1,619,357 

6,553,354 

219,580 

841,876 

143,489 

937 

7,718 

13,750 

6,918,540 

4 

31,681,977 

5,760,912 

16,420,005 

1,307,300 

4,584,969 

267,912 

1,480,534 

132,475 

71 

10,926 

5,969 

7,312,355 

5 

29,345,699 

4,085,197 

20,294,262 

1,029,346 

6,056,753 

244,068 

910,428 

104,153 

957 

28,075 

6,870 

6,582,058 

6 

29,840,401 

5,520,354 

21,187,900 

, 1,789,860 

7,673,710 

1 342,853 

1,091,820 

240,698 

5,287 

51,799 

14,755 

8,002,838 

7 

39,746,147 

5,872,381 

21,364,804 

1,250,627 

5,405,212 

379.867 

575,483 

224.696 

2.772 

25,880 

11,177 

8 

32,678,546  i 

7,364,610 

32,339,310 

1,426,635 

i 9,683,620 

516,830 

941,216 

162,259 