

Pieces  of  Woollens . 

Official 

Value 

of  all  others 
£ 

Tons  Weight  of 

Total 

Official 

Value, 

£ 

Proportion  on 
account  of 
Private  Trade 
£ 

Plain 

Printed 

Yarn. 

Cloths 

Stuffs 

Iron 

Copper  | 

Tin 

Lead 

ri8i4 

213,408 

604,800 

16,247 

8 

25,198 

217,011 

16,122 

11,108 

1,881 

619 

726 

1,969,404 

578,889 

15 

489,399 

866,077 

8,290 

28,880 

195,402 

19,784 

13,395 

2,069 

472|; 

2,195 

2,064,566 

946,264 

16 

714,611 

991,147 

13,350 

624 

19,729 

187,673 

28,628 

13,768 

1,772 

386| 

3,973 

2,185,642 

1,232,968 

17 

2,468,024 

2,848,705 

25,688 

2,701 

22,341 

146,572 

23,731 

15,815 

2,631 

465 

5,788 

2,779,026 

1,898,186 

18 

4,614,381 

4,227,665 

34,660 

1,861 

26,500 

183,150 

27,951 

15,354 

2,951 

\ 

4,765 

3,185,751 

2,365,185 

19 

3,414,060 

3,713,601 

9,134 

971 

27,627 

174,707 

10,273 

9,356 

2,679 

1 

2,436 

2,373,556 

1,486,058 

1820 

6,724,031 

7,601,245 

39,787 

224 

43,133 

211,593 

12,760 

11,265 

3,624 

— 

1,612 

3,272,811 

2,142,894 

1 

9,919,136 

9,976,878 

37,265 

5,865 

62,439 

204,682 

37,100 

12,664 

3,540 

122| 

1,068 

4,303,045 

2,766,388 

2 

11,712,639 

9,029,204 

68,742 

22,200 

49,485 

169,475 

32,613 

12,778 

3,069 

317 

1,050 

3,878,934 

2,886,864 

3 

13,750,921 

9,540,813 

46,736 

121,500 

50,543 

219,984 

21,435 

15,681 

3,303 

— 

1,137 

4,355,431 

3,372,592 

4 

14,858,515 

9,666,058 

26,971 

105,350 

52,313 

165,743 

15,293 

13,422 

3,070 

— 

1,656 

4,394,800 

3,344,100 

5 

14,214,896 

8,844,387 

34,422 

235,360 

46,608 

184,818 

19,706 

12,115 

563 

— 

3,415 

3,945,076 

2,944,109 

6 

16,006,601 

10,218,502 

49,389 

919,387 

54,131 

242,432 

22,551 

11,870 

1,592 

1181 

3,246 

4,877,133 

3,584,300 

7 

28,204,234 

14,406,931 

307,882 

3,266,478 

58,530 

139  119 

19,262 

2,614 

110 

4,489 

£ 

£ 

£ 

£ 

£ 

£ 

£ 

£ 

£ 

£ 

£ 

'1814 

30,818 

60,100 

18,562 

7 

438,490 

621,429 

24,516 

183,809 

242,239 

49,529 

19,393 

2,559,033 

830,344 

15 

57,967 

72,960 

11,484 

— 

543,902 

489,398 

27,466 

242,721 

263,195 

37,783 

46,909 

3,166,962 

1,422,505 

16 

70,828 

72,386 

17,320 

190 

409,553 

571,922 

45,776 

241,122 

192,396 

25,287 

72,501 

3,378,758 

1,847,777 

17 

195,170 

198,330 

29,314 

505 

368,410 

428,285 

31,032 

273,251 

281,836 

30,225 

112,404 

4,022,642 

2,716,862 

18 

373,633 

292,282 

34,977 

455 

378,584 

526,957 

37,644 

258,649 

336,493 

45 

114,352 

4,963,984 

3,117,018 

19 

219,399 

233,618 

8,249 

138 

421,696 

503,146 

13,376 

142,573 

330,225 

47 

60,667 

3,027,268 

1,673,142 

1820 

343,125 

474,004 

33,752 

24 

615,880 

715,790 

16,794 

159,091 

407,357 

52 

35,583 

3,987,528 

2,272,8051 

1 

508,858 

589,160 

24,046 

805 

729,258 

639,587 

52,709 

