

581,681 

4,035,328 

531,702 

73/44 

>Oft  /ft 

12,484,714 

66 

11 

4 

80/ 

60/ 

8,569,067 

3,993,280 

15 

3,493,116 

125,629  <4 

366,027 

3,987,782 

261,266 

61/104  1 

t 

10,803,184 

58 

13 

9 

60/ 

50/ 

6,817,134 

3,589,032 

16 

3,440,595 

127,203  ^ 

192,780 

3,760,518 

263,065 

48/6f  J 

. 27/0 

8,354,121 

62 

1 

2 

56/ 

50/ 

3,887,102 

2,777,863 

17 

3,563,741 

125,894  S 

105,916 

3,795,530 

245,261 

49/8  j 

on /ft 

8,849,956 

76 

16 

6 

54/ 

74/ 

6,335,230 

3,146,233 

18 

3,665,520 

162,395  ^ 

138,032 

3,965,940 

267,904 

50/  < 

r*  uD/U 

9,163,800 

78 

1 

5 

76/ 

112/ 

5,482,571 

3,157,303 

19 

3,785,434 

205,527  42 

86,048 

4,077,009 

285,543 

41/4  J 

’ 28/0 

7,823,221 

71 

19 

3 

78/ 

86/ 

6,386,514 

2,397,747 

1820 

3,623,319 

g 277,228  £ 

162,994 

4,063,541 

252,299 

36/24 

oT 

6,355,944 

68 

12 

0 

110/ 

100/ 

7,035,909 

3,731,771 

1 

3,734,292 

•f  269,162  J 

197,402 

4,200,856 

33/24 

33 

6,200,480 

74 

15 

5 

108/ 

73/ 

7,127,131 

3,158,050 

2 

3,303,698 

| 226,476  © 

112,953 

3,643,122 

31/04 

|| 

5,124,171 

79 

15 

0 

104/ 

80/ 

4,246,096 

1,855,898 

3 

3,583,874 

^ 219,672  =3 

208,598 

4,012,144 

190,809 

33/7 

6,338,322 

80 

5 

10 

106/ 

75/ 

4,864,741 

1,863,639 

4 

3,718,372 

271 

,848  

205,750 

4,195,970 

217,177 

31/3  ! 

[ 07  /n 

6,149,294 

94 

3 

6 

75/ 

53/ 

4,782,837 

1,950,004 

5 

3,323,632 

93,724 

150,346 

162,784 

3,730,487 

205,900 

38/114 

(-  z / / u cn 

6,875,235 

90 

0 

8 

62/ 

53/ 

3,945,182 

1,489,677 

6 

3,681,779 

186,245 

165,358 

65,065 

4,098,448 

220,647 

31/9 

-e  B 

6,195,100 

79 

8 

8 

57/ 

51/ 

3,996,710 

1,176,974 

7 

3,336,994 

204,344 

175,847 

178,902 

3,895,764 

213,924 i 

| No  Acct. 

g 

84 

12 

10 

51/ 

40/ 

4,792,626 

1,369,622 

8 

3,968,074 

361,325 

156,266 

136,783 

4,622,448 

245,571 

j these  Yrs 

& 

85 

14 

0 

38/ 

34/ 

6,289,350 

1,785,879 

9 

3,904,587 

291,567 

206,152 

199,568 

4,601,774 

254,619 

28/64 

5,935,532 

88 

16 

0 

39/ 

35/ 

6,905,278 

1 ,626,922 

1830 

3,913,269 

485,709 

293,769 

223,257 

4,916,005 

25/0  J 

24/0 

4,891,586 

89 

15 

4 

35/ 

37/ 

6,812,873 

1,578,581 

1 

3,815,976 

517,553 

237,416 

507,547 

5,078,492 

287,770 

24/14 

4,945,869 

78 

0 

10 

38/ 

83/ 

7,892,722 

2,375,527 

2 

3 

4 

5 

1 

1 

J 

r* 

1 

85 

7 

0 

Yrs. 

Cwts. 

Weight  RE-EXPORTED. 

Leaving  for 
Home  Con- 
sumption 

Gross 
Receipt 
of  Duty  on 
SUGAR. 
£ 

Nelt  Amount 
of  Do.,  after 
deducting 
Drawbacks  If 
Repayments. 
_£ 

■ Nett  Proceeds  of  Duty, — see  ustoms. 

British 

Plantatn. 

East 

India 

Foreign 

Refined 

mk 

TOTAL 

Re-exprtd. 

on  Cocoa 
Coffee. 
£ 

Melasses 
£ 

Ma- 

hogany. 

Rum 
£ 

1807 

596,856 

20,398 

42,657 

413,960 

703,731 

1,363,642 