

255,889 

308,645 

1,875,157 

7,405,382 

36,062,365 

8 

344,901  131,293 

1,349,316 

2,502,667 

126,132 

83,118 

540,710 

367,728 

231,223 

2,087,334 

7,764,422 

35,632,105 

635  547 

760,032 

3,494,571 

87,264 

96,084 

498,504 

252,290 

266,822 

1,306,898 

7,408,523 

24,891,313 

1829 

.1830 

Years 

See  General 
Statement  of 
Re-exports. 
V 

Indigo , 
at  3/10  S’  tb. 
£ 

Coffee, 

at  £7  ■S’  Cu  t. 
£ 

Saltpetre, 

at 

65 /OS’  Cwt. 
£ 

Pepper, 
at  13d.  If  lb. 

Rum, 

0/0  ^ Gallon. 
£ 

Brandy,  and 
Geneva, 
.5/0  S'  Gallon. 

Tobacco, 
4jd.  S’  tb. 

* £ 

Unenumerated 
Articles, 
Vat  ious 

£ 

TOT  A L 
of  the  preceding 
£ 

all  other 
Enumerated 
Articles 
£. 

f'1805 

1,851,025 

373,860 

2,471,608 

64,275 

83,630 

253,979 

112,104 

194,545 

1,302,725 

6,717,751 

3,232,757 

6 

1,216,658 

574,160 

3,027,259 

36,388 

103,771 

293,404 

187,175 

162,105 

548,637 

6,149,557 

2,974,942 

7 

742,389 

411,639 

3,143,116 

36,374 

57,180 

210,575 

204,963 

175,961 

394,940 

5,377,137 

4,018,012 

8 

822,345 

323,107 

1,847,920 

33,673 

55,201 

334,339 

252,630 

123,999 

413,618 

4,206,832 

3,655,473 

9 

1,179,728 

636,807 

5,845,160 

13,200 

190,131 

606,174 

271,647 

202,430 

448,096 

9,393,373 

5,287,151 

1810 

1,082,115 

491,298 

1,455,427 

13,627 

126,185 

339,470 

253,498 

165,032 

559,716 

4,486,368 

6,459,916 

11 

945,651 

339,437 

1,418,034 

17,149 

75,028 

487,679 

141,031 

150,419 

465,672 

4,030,100 

4,247,837 

12 

1,181,354 

398,946 

4,382,730 

29,299 

78,774 

1 641,246 

125,058 

217,682 

496,357 

7,551,446 

4,446,733 

14 

1,295,775 

1,058,142 

8,032,527 

19,154 

557,619 

1,150,059 

310,506 

202,081 

710,267 

13,336,730 

5,821,088 

15 

1,881,952 

820,997 

6,063,569 

41,729 

456,857 

1,039,503 

1 78,302 

206,678 

664,274 

11,353,861 

4,354,573 

16 

1,416,194 

808,038 

4,976,628 

101,859 

419,189 

819,048 

112,887 

219,992 

1 018,170 

9,891,996 

3,549,669 

17 

1,211,665 

465,459 

3,362,936 

114,511 

214,431 

932,677 

129,650 

174,292 

707,131 

7,312,752 

2,956,519 

18 

1,268,806 

568,249 

3,144,642 

51,880 

234,803 

934,310 

279,175 

91,806 

878,552 

7,452,221 

3,383,579 

19 

1,070,127 

599,340 

2,670,581 

66,705 

206,854 

708,062 

212,218 

360,608 

868,810 

6,763,305 

3,115,931 

1820 

I 1,194,013 

839,297 

2,755,353 

164,838 

211,960 

1,102,804 

244,483 

288,206 

946,418 

7,747,432 

2,777,594 

1 

1 1,176,698  | 

572,222 

2,597,560 

142,423 

84,804 

930,251 

166,980 

329,338 

918,284 

6,918,560 

3,683,530 

2 

1,088,621 

456,003 

2,217,080 

127,402 

240,354 

547,941 

204,237 

156,193 

646,133 

5,683,963 

3,527,965 

3 

780,207  249,736 

533,771 

1,871,042 

69,641 

279,554 

551,467 

231,758 

197,431 

642,060 

5,406,667 

3,182,329 

4 

777,768  235,407 

535,926 

2,463,910 

113,350 