

2,277,668 

4,311,495 

3,029,484 

182,087 

461 

35.704 

1,323,213 

8 

244,315 

49,061 

60,983 

327,243 

556,313 

910,672 

2,842,813 

5,068,061 

4,074,531 

250,014 

698 

21,391 

1,451,409 

9 

276,334 

16,887 

420,226 

460,732 

783,244 

1,496,661 

2,504,537 

4,784,170 

3,273,995 

194,876 

3,075 

24,045 

1,505,363 

1810 

90,480 

7,095 

519,320 

413,208 

702,454 

1,319,349 

3,489,314 

4,844,673 

3,117,330 

176,147 

999 

50,503 

1,799,302 

11 

275,991 

4,032 

239,153 

100,996 

171,693 

690,869 

3,226,674 

4,586,018 

3,339,218 

214,994 

2,270 

51,773 

1,810,090 

12 

310,803 

6,964 

356,546 

284,617 

483,849 

1,158,192 

2,605,231 

5,105,685 

3,939,939 

247,237 

7,355 

50,762 

2,123,910 

13 

430,500 

10,000 

410,000 

450,000 

765,000 

1,615,500 

2,384,500 

5,232,886 

3,481,350 

— 

— 

2,050,000 

14 

553.871 

41,311 

462,958 

555,335 

944,069 

2.002,105 

2,033,223 

4,615,305 

3,276,513 

228,828 

19,527 

44,801 

2,285,625 

15 

491,152 

68,422 

311,418 

609,247 

1,035,719 

1,906,711 

2,081,071 

4,518,329 

2,957,403 

280,259 

23,508 

69,719 

2,060.772 

16 

377,119 

102,058 

191,303 

584,182 

993,109 

1,663,617 

2,096,931 

4,714,707 

3,166,852 

310,981 

18,240 

49,805 

1,750,144 

17 

258,265 

95,494 

132,937 

697,085 

1,185,044 

1,671,740 

2,123,790 

5,662,465 

3,967,154 

324,364 

7,061 

65,626 

1,407,948 

18 

267,602 

110,323 

108,688 

711,185 

1,209,014 

1,695,627 

2,270,313 

4,061,537 

2,331,472 

272,134 

12,109 

88,075 

1,601,392 

19 

218,384 

88,214 

102,709 

525,219 

892,872 

1,302,179 

2,774,830 

4,802,239 

3,507,845 

304,978 

21,078 

69,074 

1,736,133 

1820 

179,462 

186,603 

138,297 

679,561 

1,155,254 

1,659,556 

2,403,985 

5,101,779 

3,477,771 

404,557 

13,906 

71,190 

1,580,025 

1 

1 149,203 

147,283 

186,325 

645,357 

1,097,107 

1,579,919 

2,620,937 

5,162,550 

3,660,567 

383,132 

28,481 

67.410 

2 

170,983 

102,467 

137,707 

374.784 

637,132 

1,048,297 

2,604,825 

4,469,308 

3,579,413 

387,285 

39,260 

67,737 

3 

143,368 

105,351 

176,716 

458,172 

778,893 

1,204,329 

2,807,815 

4,949,120 

4,022,782 

426,437 

80,386 

80,682 

1,588,711 

4 

89,903 

147,086 

213,980 

435,261 

739,944 

1,190,914 

3,005,056 

5,070,897 

4,223,241 

412,060 

119,512 

86,218 

1,631,129 

5 

85,122 

59,358 

173,075 

389,793 

662,649 

980,204 

2,750,283 

4,536,104 

3,756,653 

341,812 

165,625 

88,418 

1,278,977 

6 

102,292 

92,203 

105,881 

343,563 

584,058 

884,355 

3,214,093 

5,254,975 

4,518,688 

333,366 

138,987  j 

48,694 

1,817,146 

7 

40,924 

110,558 

103,965 

409,060 

695,402 

950,851 

2.944,913 

5,060,038 

4,218,623 

394,759 

205,296  j 

66,442 

1,386,726 

8 

50,578 

160,530 

160,329 

456,838 

776,624 

1,148,063 

3,474,385 

5,498,478 

4,576,287 

434,489 

188,984  I 

72,656 

