

Yearn 

Cotton  and  Silk 
Piece  Goods, 
Various. 

Indigo , 

E.  India  2/9 
all  other  1/3 

Coffee, 
£7  ¥ Cwt. 

Salt-petre 
14/6  S’  Cwt. 

Pepper, 
4d.  S'  lb. 
£_ 

Runiy 

I/S  Gallon 
£ 

Brandy,  1 
2/4£rf.S  Gul.\ 
Geneva  1 / do] 
£ 

Tobacco, 
2£d.  S’  It,. 
£_ 

Unenumerated 

Articles, 

Various 

.£ 

TOT  A L 

of  the  preceding 
. ._£ 

all  other 
Enumerated 
Articles 

£ 

fl805 

1,469,763 

734,369 

2,393,624 

62,787 

124,390 

327,491 

463,771 

173,006 

819,621 

6,568,822 

20,796,208 

6 

530,430 

392,022 

3,608,059 

52,133 

78,512 

327,310 

300,392 

227,978 

925,846 

6,442,682 

19,145,094 

7 

541,084 

791,284 

2,821,498 

53,899 

38,305 

400,704 

353,470 

243,551 

923,951 

6,167,746 

19,192,145 

8 

730,413 

780,945 

4,907,145 

68,521 

62,254 

539,624 

303,662 

77,527 

1,130,690 

8,600,781 

17,117,591 

9 

164,614 

373,278 

4,710,591 

46,495 

21,612 

607,083 

484,596 

275,591 

1,275,684 

7,959,544 

22,337,106 

1810 

525,294 

835,433 

5,330,419 

99,323 

40,272 

508,665 

185,816 

498,585 

1,625,696 

9,649,503 

28,205,885 

11 

522,998 

680,731 

3,764,841 

62,246 

18,325 

617,361 

52,536 

321,481 

938,204 

6,978,723 

18,328,978 

12 

578,306 

84,487 

145,780 

14 

919,013 

974,832 

6,405,043 

87,988 

108,937 

768,504 

164,632 

47,840 

1,251,286 

10,728,076 

21,892,694 

15 

985,724 

774,745 

5,303,493 

84,672 

213,921 

601,138 

157,961 

414,696 

1 ,202,846 

9,739,196 

22,082,857 

16 

766,490 

999,266 

3,325,270 

96,400 

199,761 

346,821 

147,574 

283,288 

1,055,343 

7,220,213 

19,154,707 

17 

716,592 

706,784 

3,520,218 

102,107 

67,862 

550,781 

160,766 

181,534 

1,184,856 

7,191,500 

22,724,820 

18 

767,824 

777,036 

2,803,549 

80,727 

98,539 

481,598 

213,991 

418,773 

1 ,357,524 

6,999,561 

28,845,779 

19 

662,360 

521,948 

2,450.979 

93,221 

88,331 

559,786 

218,445 

258,901 

1,086.562 

5,940,533 

23,714,366 

1820 

§ 704,539  ^ 

688,611 

2,973,944 

141,057 

10,916 

617,246 

301,824 

342,376 

1,151,759 

6,932,272 

24,551,837 

1 

3 490,386  § 

552,807 

2,771,411 

143,455 

13,476 

620,481 

176,039 

213,853 

1,055,333 

6,037,231 

23,687.943 

2 

283,655 

380,280 

2,672,097 

87,047 

119,756 

367,470 

218,425 

329;  116 

1 ,065,634 

5,523,480 

23,907,896 

3 

336,515  103,596 

957,209 

2,754,861 

98,476 

100,214 

428,298 

368,780 

328,322 

1,403,837 

6,880,108 

27,711,156 

4 

494,099  119,621 

667,707 

3,108,606 

96,936 

164,713 

419,676 

326,514 

200,788 

1,669,495 

7,250,155 

28,896,293 

5 

371,995  124,216 

895,960 

3,237,980 

58,582 

92,013 

342,893 

277,578 

371,576 

1,982,643 

7,755,436 

34,834,242 

6 

449,7%  275,525 

1,084,750 

2,569,246 

78,702 

234,976 

416,447 

217,777 

242,469 

1,682,449 

7,252,137 

28,786,814 

7 

273,098  176,209 

801,394 

2,945,023 

121,118 

151,642 

497,207 