1,382,025 

9 

16,193 

56,174 

172,950 

475,545 

808,427 

1,106,064 

3,495,710 

5,453.028 

4,452,794 

494,899 

192,405 

62,365 

1,425,747 

1830 

13,355 

131,796 

166,310 

607,680 

1,032,886 

1,344,348 

3,571,655 

6,063,322 

4,767,342 

592,986 

159,683 

59,890 

1,599,445 

1 

2 

3 

4 

5 

10,800 

• 

1 

122,276 

287,644 

581,835 

989,120 

1,409,841 

3,668,651 

5,346,428 

4,219,049 

| 

562,121 

i 

1 

156,578  1 

| 

46,233 

1,621,341 

80 

STATEMENT  shewing  the  Quantity  in  Cwts.  Weight  of  SUGAR,  Imported  into  Great  Britain  from  each  of  15  British  Islands,  an  1 
Colonies  in  the  WEST  INDIES  and  SOUTH  AMERICA,  in  each  of  the  18  Years  1814 — 1831;  and  Gallons  of  RUM,  from  each  of  do. 
in  each  of  the  24  Years  1808 — 1831;  and  of  fts.  Weight  of  COFFEE,  from  all  parts  of  the  World  in  each  cf  the  11  Years  1821 — 1831. 
— see  Index  for  reference  to  Observations  on  this  Statement. 

ex- Dutch  Colonies  of 

St. 

Mont 

Years 

Jamacia. 

Demerara. 

Berbice. 

Dominica 

Trinidad. 

St.  Lucia 

Barbadoes. 

, Vincents. 

Grenada. 

Antigua. 

St.  Kitts. 

Tobago. 

Nevis. 

Serat. 

Tortola 

1814 

1 ,448,331 

234,393 

9,914 

34,274 

142,435 

79,664 

214,492 

225,405 

208,230 

157,023 

122,067 

120,571 

54,012 

35,067 

14,909 

15 

1,593,217 

322,100 

8,318 

44,116 

153,651 

72,320 

196,746 

231,815 

231,833 

160,655 

141,338 

120,891 

55,224 

24,510 

24,013 

16 

1 ,389,412 

323,444 

15,308 

47,035 

132,893 

69,831 

288,623 

263,433 

266,056 

197,300 

124,758 

139,158 

71,656 

28,981 

51,094 

17 

1,717,260 

377,796 

14,159 

31,678 

128,434 

56,401 

239,723 

242,413 

196,959 

179,371 

125,978 

132,388 

45,852 

31,214 

42,932 

18 

1,653,318 

420,186 

17,764 

33,820 

138,154 

42,006 

249,077 

254,446 

220,959 

228,308 

130,218 

112,931 

82,369 

36,920 

43,573 

19 

1.614,347 

480,933 

29,967 

42,897 

166,581 

78,720 

282,516 

262,034 

204,565 

209,395 

141,501 

132,544 

63,154 

37,168 

36,422 

1820 

1,769,125 

536,561 

37,696 

45,933 

156,043 

50,220 

179,951 

216,680 

184,552 

162,573 

89,502 

109,195 

36,395 

32,815 

15,225 

1 

1,679,721 

492,146 

53,258 

38,120 

162,257 

77,971 

211,372 

233,418 

216,368 

207,548 

128,436 

108,244 

66,023 

33,283 

23,460 

• 2 

1,413,718 

530,948 

55,358 

41,650 

178,491 

92,061 

156,682 

261,160 

199,178 

102,938 

89,682 

100,726 

31,696 

27,071 

22,170 

1 3 

1,417,747 

607,858 

56,000 

39,014 

186,892 

62,148 

314,630 

232,575 

247,370 

135,466 

76,181 

113,015 

44,214 

24,466 

21,583 

4 

1,451,332 

615,991 

64,609 

42,330 

180,094 

73,100 

245,829 

246,821 

227,014 

222,207 

132,585 

123,868 

40,734 

30,649 

20,559 

A 5 

1,115,366 

650,276 

58,274 

38,036 

188,927 

82,363 

278,346 

257,800 

209,985 

142,901 

78,658 

