

19,753,715 

15,456,764 

I 

1830 

1,598,52S 

966  609 

3,242,513 

0,441 

1,938,366 

^,oiu,ifuy 

1*768 

82*537 

15^731 

*^5*863 

* 

7 C5G  491 

1 

2 

1,585  402 

613,360 

83  007 

Declared  Values  Official  Values 

81 

STA'I  LMENT  shewing  the  Official  Value  of  each  of  the  Ten  principal,  and  Total  including  all  other  Articles  of  British  Produce  and 
Manufactures  EXPORTED,  in  each  of  the  23  Years  1805-27,  and  the  Declared  Value  of  the  same  in  each  of  the  14  Years  1814-27. 

Years 

fl805 

6 

7 

8 
9 

1810 

11 

12 

14 

15 

16 
17 

< 18 
19 

1820 

2 

3 

4 

5 

6 

7 

8 
9 

_1830 

1814 

15 

16 

17 

18 
19 

1820 

2 

3 

4 

5 

6 

7 

8 
9 

1.1830 

MANUFACTURES 

Iron  Ilf  Steel 

Brass  unit 
Copper 
Wares 
£ 

J^.e  fined 

TOTAL 

Manufactures 

Cotton  Yarn 

Woollens 

Linens 

.£ 

Silks 

Wrought  and 
Un  wrought 
£ 

Corns  ; 
£ 

Salt 

Sugar 

1,111,759 

1,199,774 

other  Articles 
£ 

8,771,271 

9,896,616 

1,086,176 

854,424 

6,005,540 

6,247,727 

656,943 

800,492 

200,168 

218,423 

1,253,490 

1,532,793 

382,740 

320,198 

525,014 

557,515 

25,004,337 

27,402,685 

9,846,889 

669,948 

5,372,962 

766,146 

203,113 

1,394,969 

411,399 

494,240 

277,883 

1,203,695 

25,171,422 

12,835,803 

575,015 

4,853,999 

874,460 

128,775 

1,193,145 

356,442 

526,845 

201,669 

948,304 

26,691,962 

18,616,723 

1,115,422 

4,416,151 

1,157,030 

190,171 

1,414,524 

403,888 

405,634 

288,258 

1,346,770 

35,107,439 

18,033,794 

1,075,237 

5,773,719 

1,618,312 

189,550 

1,577,738 

358,132 

510,163 

296,774 

1,220,944 

34,923,575 

11,715,501 

545,237 

4,370,497 

702,612 

137,324 

1,244,635 

288,945 

527,555 

181,619 

315,996 

24,131,734 

15,972,826 

966,007 

5,084,991 

840,095 

165,894 

1,445,671 

393,784 

616,680 

240,293 

826,007 

31,243,362 

16,690,366 

1,185,099 

5,604,163 

1,556,321 

219,398 

1,093,089 

351,344 

675,228 

397,167 

1,600,632 

36,120,733 

21,677,505 

870,993 

7,486,022 

1,918,530 

257,427 

1,127,365 

575,361 

697,367 

378,876 

1,765,487 

44,048,701 

16,335,124 

1,435,394 

5,842,767 

1,574,348 

191,837 

1,060,668 

589,796 

681,033 

230,717 

1,694,284 

36,697,610 

20,357,147 

1,214,770 

6,074,729 

1,962,361 

188,380 

1,239,737 

738,194 

716,305 

216,102 

2,018,121 

41,590,516 

21,027,940 

1,412,895 

6,813,286 

2,174,595 

213,480 

1,469,098 

677,851 

681,941 

358,091 

2,050,765 

44,564,045 

10,878,266 

1,723,936 

5,086,501 

1,560,668 

178,468 

1,185,525 

533,476 

697,636 

298,970 

1.542,133 

35,634,416 

20,704,599 

2,129,541 

4,745,068 

1,953,705 

164,703 

1,214,427 

665,461 

659,671 

308,113 

1,974,973 

40,240,277 

21,639,493 

1,898,695 

5,500,922 

2,303,443 

136,002 

1,059,123 

672,496 

233,174 

217,021 

1,765,037 

40,194,893 

24,566,920 

2,353,217 

5,940,147 

2,594,783 

141,007 

