111,350 

49,770 

19,053 

13,670 

= 6 

1,500,860 

448,487 

46,444 

45,654 

206,638 

85,073 

247,720 

271,858 

2.29,459 

244,514 

107,832 

121,598 

73,567 

30,482 

21,589 

•2  7 

1,211,075 

711,959 

87,972 

41,342 

239,585 

79,046 

203,853 

250,834 

197,796 

75,631 

92,226 

71,339 

32,330 

19,708 

20,761 

C 8 

1,363,974 

717,165 

85,154 

49,956 

265,703 

83,246 

338,855 

288,062 

269,879 

176,966 

121,206 

123,344 

46,182 

25,091 

13,275 

9 

1,386.392 

778,805 

86,814 

56,319 

292,833 

79,925 

270,860 

258,285 

218,469 

156,658 

127,093 

90,633 

51,848 

27,238 

22,211 

1830 

1,379,348 

780,286 

110,967 

60,063 

204,987 

86,791 

336,881 

261,551 

213,160 

158,611 

133,452 

93,473 

54,236 

20,646 

17,099 

1 

2 

3 

1,395,893 

735,616 

122,088 

50,339 

240,765 

50,234 

322,779 

221,662 

185,680 

169,032 

101,968 

121,249 

49,923 

26,137 

15,559 

5 

1808 

3,771,892 

132,441 

34,726 

85,312 

12,682 

29,170 

205,701 

470,030 

99,367 

232,770 

467,651 

82,409 

79,767 

23,386 

9 

3,470,250 

353,374 

20,355 

56,993 

208,677 

21,632 

19,774 

243,462 

642,309 

143,223 

343,075 

525,327 

52,477 

51,132 

16.852 

1810 

3,428,452 

98,442 

6,193 

39,398 

87,742 

11,416 

7,909 

200,795 

546,895 

77,092 

220,886 

337,433 

67,010 

48,880 

7,711 

11 

4,604,772 

222,612 

1,866 

54,406 

95,123 

6,570 

46,689 

205,392 

545,236 

210,962 

196,040 

335,622 

70,136 

46,848 

6,383 

12 

3,763,281 

532,819 

23,139 

61,813 

39,126 

2,628 

3,602 

338,407 

496,453 

177,374 

181,616 

410,220 

13,178 

62,295 

38,867 

13 

4,047,882 

1,041,665 

16,420 

65,149 

194,377 

4,035 

10,560 

422,184 

614,421 

179,782 

312,604 

493,425 

137,163 

108,060 

77,040 

14 

3,818,565 

981,768 

44,244 

52,862 

120,285 

8,862 

23,957 

550,369 

722,086 

246,289 

250,922 

581,597 

107,160 

56,428 

59,557 

15 

4,145,321 

794,804 

25,275 

57,005 

58,070 

607 

8,513 

273,658 

579,905 

84,399 

130,187 

444,700 

74,430 

57,377 

7,419 

16 

2,686,851 

515,295 

8,997 

1,654 

6,052 

496 

2,465 

61,374 

257,226 

27,984 

16,852 

253,714 

8,583 

2,691 

10,218 

17 

3,717,895 

992,981 

14,298 

25,646 

28,980 

457 

2,319 

398,085 

552,466 

88,711 

86,538 

328,682 

5,301 

20,365 

23,010 

18 

3,529,325 

835,553 

18,896 

2,473 

4,332 

— 

1,928 

166,738 

417,890 

49,210 

69,390 

327,651 

17,656 

25,907 

2,342 

19 

3,660,918 

981,138 

28,190 

2,537 

63,743 

3,359 

1,051 

313,450 

497,695 

129,678 

149,228 

442,478 

16,577 

34,857 

3,261 

1820 

3,850,225 

1,529,088 

27,935 

21 ,696 

57,427 

13,428 

2,330 

225,924 

455,549 

101,713 

146,043 

484,243 

36,088 

47,768 

281 

1 

4,451,828 

1,207,764 

63,536 

24,523 

20,651 

4,487 

742 

250,646 

371,138 

65,445 

91,498 

402,486 

34,220 

27,651 

1 ,696 

~ 2 

2,318,137 