

1,193,550 

32,668 

2,268 

20,390 

18 

249 

40,787 

179,746 

57,232 

61,263 

310,984 

10,187 

14,935 

220 

| 3 

2,951,1 10 

941,195 

74,221 

14,310 

8,586 

4,807 

351 

80,439 

301,866 

28,242 

42,944 

309,829 

16,584 

42,943 

16,158 

5 4 

3,003,008 

930,132 

44,393 

27,885 

18,162 

1,978 

489 

£6,639 

267,079 

17,543 

68,216 

312,370 

7,006 

19,820 

311 

^ 5 

2.250,943 

778,889 

21,243 

14,570 

2,956 

3,589 

1,277 

66,534 

294,945 

30,491 

31,505 

388,680 

5,197 

23,075 

103 

1 6 

2,283,784 

837,464 

33,367 

7,407 

17,382 

6,390 

2,064 

55,313 

170,042 

54,447 

73,029 

406,778 

24,185 

17,538 

193 

~ 7 

2,437,274 

1,192,399 

110,469 

9,748 

26,068 

18,659 

439 

233,052 

277,497 

19,831 

105,107 

283,941 

16,586 

36,205 

103 

O 8 

9 

3,498,992 

1,353,786 

143,970 

1 1 ,250 

6,057 

19,855 

4,302 

108,075 

398,647 

70,447 

129,636 

494,573 

10,540 

21,453 

110 

3,516,651 

1,682,625 

201,302 

31,853 

15,821 

38,113 

1,554 

275,373 

394,289 

110,434 

176,807 

370,733 

45,971 

39,815 

206 

1830 

3,213,503 

1,859,710 

234,618 

36,321 

12,941 

12,817 

2,357 

173,262 

298,933 

155,514 

219,706 

428,810 

51,243 

49,075 

— 

1 

2 

3 

3,505,727 

2,319,892 

218,389 

63,007 

62,047 

1 

11,923 

20,730 

160,211 

328,471 

159,241 

256,932 

498,717 

147,750 

40,629 

48 

4 

5 

1 

Bahamas. 

all  other.  < 
B.  IV.  Inai. 

Polio  Rico. 

St.  Thomas. 

Cuba. 

St  Domingo 

Brazils. 

Colombia. 

E.  Indus. 

1621 

i ,73  sni 

9 nai  qkq 

1 711  OJQ 

irn  ai  1 

90B  4 90 

(in  q-o 

iirr'cro 

979  664 

2,467  80S 

8 745  ‘296 

4 561  450 

1 on  1 ooG 

lb,<  i0,d0S 

i ,yuo 

557,984 

o'JO,  5bo 

18,837,616 

7,394,128 

2,801,456 

1,156,096 

268,028 

172,704 

243.48S 

50.418 

191,744 

1,001*616 

*321*552 

4*662*728 

2|09l!l76 

130,645 

4,488,849 

3 

19,609,648 

24,862,636 

18,097,968 

17,801,223 

6,!  61,464 

2,076,144 
1 965  488 

1,919,232 
2 076  144 

330,736 

375,424 

89  152 

73,584 

— 

81  .',000 

2,785,684 

4,975,204 

1 ,396,304 

403,729 

1,114,260 

5,36S,160 

113  456 

202  608 

223,104 

528,864 

5,125,792 
11,352  104 

2,819.152 

882,801 

656,191 

815 

5,760,912 

^ • 4 

2 032  913 

138  208 

152*544 

114,384 

1 73*8 16 

48*832 

31,123 

1,713,049 

150,790 

6,132  336 

O 5 

w 6 

4,37^222 

805,951 

1 *385*002 

1 87^300 

359,594 

130,694 

2,164 

5*693,432 

3, 854*, 752 

5,520,354 

> 7 

21,881,991 

21,800,027 

3,619,091 
3 822  194 

2,186,185 

1,111,686 
1 769  093 

118,489 

138,377 

4,082 

21,904 

23,928 

20,546 

1,590,292 

4,327,176 
33  413 

6,002,680 
3 0)3  816 

532,945 

5,872,381 
7 397  037 

6 8 
"3  9 

4’, 068*1  IS 

9 417  40R 

2^482*898 

9 GIG  ono 

’942914 
1 016  641 

73, *667 

303*409 

45*806 

259*014 

12*955 

131 

1,515*068 

2 18*830 

3*393^928 

4:8*750  1 

fj’290’577 

18,690,654 