

160 

78,033 

27,054 

2,703 

14,239 

8,407 

516 

C 6 Hertford  4 

275,531 

960,435 

124,388 

27 

10 

715 

65 

93,893 

10,720 

1,850 

47,937 

6,494 

1,628 

| 7 Bedford  

48,369 

1,253,225 

161,315 

12 

11 

396 

271 

52,992 

21,005 

3,071 

6,768 

6,294 

41 

8 Northampton!!  . 

84,758 

618,511 

80,273 

8 

6 

184 

845 

13,347 

52,820 

952 

3,126 

18,282 

! 661 

9 Coventry 2 .... 

38,845 

777,468 

100,806 

11 

19 

103 

1,025 

12,949 

112,836 

2,737 

4,361 

37,978 

! 

30  Derby 

137,865 

751,521 

97,412 

12 

11 

81 

908 

7,375 

116  67" 

303 

2,452 

29,016 

1 Stafford 

413,152 

53,613 

13 

13 

89 

616 

39,094 

44,527 

3,694 

9,507 

13,447 

j 

i 17 

< 2 Litchfield 

420,209 

823,728 

106,562 

5 

85 

39 

875 

9,738 

166,769 

12,387 

3,870 

16,038 

53 

557  827 

72,358 

2 

11 

14 

587 

2 898 

62,259 

1 461 

514 

25,931 

4 Worcester  4 

149,543 

338^551 

43,871 

3 

13 

17 

465 

1,226 

46^529 

1,478 

443 

13,’  535 

77 

5 Stourbridge  3 . . 

2,461,945 

580,010 

75,072 

2 

49 

18 

766 

3,057 

86,698 

4,804 

1,079 

28,106 

— 

6 Hereford 5 .... 

59,387 

266,585 

34,596 

5 

4 

16 

561 

1,990 

33,323 

406 

776 

10,826 

56 

7 Oxford  2 

14,704 

470,585 

60,992 

17 

12 

389 

*374 

41,128 

28,663 

1,713 

6,252 

9,671 

446 

8 Reading  

59,723 

584,159 

75,697 

27 

10 

666 

22 

128,628 

2,773 

4,792 

24,992 

1,307 

1,805 

1 9 TTybfidgp 

407,079 

59,152 

31 

10 

783 

148 

75,299 

14,875 

2,399 

16,139 

6,148 

1,410 

/"  40  East 

368,302 

47,801 

11 

24 

172 

856 

15,350 

89, 709 

5,033 

662 

5,407 

1 1 Middle 

6 135 

255  816 

33,242 

18 

613 

27,782 

5,504 

1 2 North 

244,331 

31,677 

9 

6 

l42 

708 

6,273 

38,515 

767 

484 

2,301 

t 3 West 

165  761 

21  534 

7 

69 

683 

2 404 

25  626 

760 

9,633 

4 Northwich  . . . . 

24,539 

7o’, 672 

9' 140 

9 

24 

195 

641 

16,036 

56^858 

3,598 

1,477 

1,948 

33 

5 Chester  2 

4,010,623 

499,612 

64,769 

15 

7 

353 

449 

16,901 

35,704 

1,138 

7,093 

7,949 

6 Liverpool  * 

18,077,788 

18,761 

2,440 

63 

14 

1,194 

40 

111,182 

9,172 

2,312 

22,613 

2,884 

1 

7 Wijrn.n *S 

1,358,485 

184,953 

23,971 

36 

16 

480 

456 

68,467 

60,097 

1,703 

6,773 

3,458 

8 Manchester  * . . 

325,648 

309 

40 

27 

41 

309 

653 

97A88 

131,297 

7,319 

6 

141 

9 Lancaster  2 . . . . 

310,334 

246,737 

31,977 

4 

26 

60 

481 

1,191 

46,791 

3,025 

1,173 

13,456 

36 

50  Halifax 

323  117 

41  706 

14 

8 

189 

856 

23  781 

80  542 

1,249 

2,640 

80 

914 

1 Leeds  2 

454,106 

1,278,841 

165,400 

14 

18 

86 

819 

17,004 

106,791 

75,442 

1,760 

854 

2 Sheffield 

444,133 

605,033 

78,453 

7 

20 

138 

899 

20,727 

3,992 

307 

5,770 

4,286 

3 York 

572,915 

210,534 

74  460 

59 

2 

874 

440 

