

334,341 

33  Chester  

499,612 

366,352 

49,804 

14,419 

3,928,904 

868,608 

! 168,466 

9,501 

158,076 

1 

^34  Liverpool 

18,761 

6,438 

137,940 

23,473 

122,725,480 

1,886,365 

617,954 

13,972 

14,195 

1 

"35  Grantham 

1,002,730 

853,740 

140,191 

19,413 

478,523 

1 1,454,868 

221,906 

8,998 

201,536 

30  Lincoln 

1,035,718 

704,570 

60,108 

12,947 

387,446 

872,301 

i 187,337 

10,227 

176,916 

7 J 

37  Sheffield  

605,033 

489,150 

93,568 

4,779 

411,710 

1,145,093 

166,346 

* 10,732 

155,476 

I 

38  Leeds  

1,278,841 

1,153,853 

119,631 

3,222 

I 604,984 

1,386,404 

310,530 

t 10,945 

274,298 

39  Wigan 

184,953 

170,610 

129,908 

9,298 

X 2,310,513 

2,199,765 

505,536 

f 12,382 

489,823 

I 

40  York 

672,915 

442,984 

72,182 

8,806 

246,634 

1,366,207 

139,647 

10,318 

130,042 

1 

"41  Manchester 

309 

292  1 

236,028 

1,127 

28,670 

3,305,893 

776,800 

t 14,658 

753,393 

1 

42  Halifax  

323,117 

333,687 

98,064 

949 

- 

1,400,713 

513,375 

12,974 

478,726 

43  Lancaster 

240,737 

194,415 

61,759 

12,918 

349,885 

1,101,526 

116,603 

7,761 

105,4(i3 

ft  J 

44  Hull 

210,534 

155,416 

38,840 

10,749 

J 1,129,161 

736,177 

91,232 

5,085 

63,613 

l 

45  Whitby 

191,063 

138,542 

37 ,353 

7,359 

64,055 

788,782 

64,606 

7,455 

56,751 

j 

' 46  Durham  

205,106 

150,934 

55,606 

19,960 

1 1,056,629 

242,591 

9,382 

216,686 

| 47  Newcastle  

297,729 

212,758 

73,583 

28,813 

5,497,922 

847,671 

415,102 

f 9,796 

361,252 

i 

l_48  Cumberland 

316,603 

276,008 

50,289 

19,520 

391,038 

1,113,778 

117,501 

12,550 

103,237 

("49  Northumberland.. 

129,903 

113,611 

29,440 

8,756 

42,890 

545,972 

46,703 

* 6,103 

41,988 

j 

C 50  N orth  

244,331 

187,970  j 

42,252 

2,658 

450,840 

65,621 

* 7,982 

57,411 

•S  ) 51  Middle 

255,810 

212,280 

28,484 

4,973 

302,194 

59,942 

* 7,633 

51,806 

£ ) 52  East 

368,302 

290,387 

106,763 

5,066 

1,003,437 

126,960 

* 10,032 

111,223 

I (.53  West  

165,701 

165,592 

27,929 

10,317 

355,089 

49,681 

8,433 

40,776 

f 54  Worcester  

838,55  i 

276,017 

47,376 

13,116 

167,667 

825,380 

118,454 

f 8,249 

103,844 

I 55  Hereford 

266,585 

237,428 

35,956 

11,182 

65,743 

753,352 

102,970 

9,968 

108,498 

o.< 

| 50  Surrey 

949,792 

854,729 

161,568 

92,609 

5,991,848 

3,578,769 

527,332 

10,773 

494,761 

) 57  Rochester  

314,673 

266,469 

93,629 

j 61,038 

644,147 

2,103,473 

306,769 

f 10,286 

294,870 

58  Canterbury 

371,910 

288,044 

65,896 

24,806 

60,601 

1,302,554 

167,135 

t 8,197 

158,273 

1 69  Sussex 

411,503 

317,021 

81,906 

44,080 

628,032 

1 ,376,548 

201,732 

f 9,323 

189,800 

-UJNUUN 

40,078 

29,797 

1,469,994 

261,824 

29,196,591 

18,894,695 

6,433,549 

251,536 

■4,574,216 

VOTAL  England  and  Wales  29,359,164 