

561,423 

I 61,779 

8,809 

51,816 

5 Wellington  ..... 

297,980 

190,747 

I 25,241 

7,719 

194,243 

551,522 

84,434 

8,072 

74,944 

6 Somerset 

205,641 

130,931 

27,101 

7,620 

35,853 

634,250 

60,103 

7,695 

51,826 

7 Bristol 

318,097 

312,318 

111,243 

19,549 

1 7,717,722 

1,788,372 

449,752 

13,549 

427,174 

0 

8 Bath 

646,053 

460,302 

115,478 

42,313 

528,156 

1,508,305 

179,198 

9,274 

163,743 

9 Gloucester  

398,963 

302,190 

64,311 

18,057 

690,615 

964,889 

117,534 

8,213 

105,775 

10  Southampton  .... 

358.288 

277,673 

69,090 

28,374 

506,764 

1,362,554 

131,492 

7,863 

131,236 

Ill  Isle  of  Wight  .... 

321,993 

257,975 

42,055 

22,931 

12,823 

771,654 

81,080 

1 6,808 

68,861 

f 12  Dorset 

287,256 

212,169 

34,324 

11,819 

129,199 

839,757 

67,052 

6,154 

58,761 

13  Salisbury 

504,334 

402,538 

65,609 

19,849 

796,507 

1 123,897 

*7,097 

116,164 

3.  ■J 

14  Marlborough  .... 

384,302 

298,508 

39,254 

14,437 

56,238 

728,297 

83,874 

* 7,090 

76,216 

15  Reading  

584,159 

459,942 

124,735 

25,263 

49,196 

1,066,435 

196,932 

*7,007 

189,560 

_16  Stourbridge  ...... 

580,010 

460,570 

83,079 

26,105 

3,079,411 

994,733 

241,154 

12,385 

226,189 

fl7  Essex  

945,987 

769,911 

58,551 

16,734 

177,307 

844,397 

244,696 

t 8,063 

243,210 

18  Suffolk 

1 ,433,646 

1,153,524 

51,934 

16,069 

954,948 

2,131,046 

1 237,522 

1 10,136 

226,700 

19  Norwich  

1,212,167 

949,010 

68,377 

20,109 

704,107 

1,438,245 

1 207,417 

18,564 

195,356 

20  Lynn  

637,232 

472,297 

70,850 

20,760 

36,795 

707,521 

125,388 

5,893 

118,675 

^21  Cambridge  

1,190,899 

918,808 

104,229 

21,281 

27,044 

919,695 

; 218,291 

* 7,038 

210,940 

r22  Hertford  

900,435 

706,825 

104,152 

48,962 

198,325 

1,911,071 

1 564,121 

8,999 

555,345 

23  Bedford  

1,253,225 

1,034,207 

71,456 

10,970 

79,101 

918,372 

; 203,049 

*7,319 

j 194,886 

H 

24  Uxbridge 

457,079 

370,003 

87,244 

20,054 

1,000,878 

217,698 

* 8,706 

208,475 

25  Northampton  .... 

618,511  1 

497,938 

61,968 

19,592 

70,554 

1,212,383 

129,148 

* 10,243 

! 118,357 

1 

„ 20  Litchfield 

823,728  1 

711,091 

185,797 

19,505 

302,241 

1,470,119 

341,024 

12,286 

' 328,363 

r27  Oxford 

470,585 

378,064 

07,326 

14,991 

3,212 

835,824 

118,660 

*7,175 

1 111,238 

28  Coventry 

777,468 

624,960 

109,467 

37,390 

20,533 

1,849,648 

192,172 

*11,481 

| 173,366 

29  Derby 

751,521 

600,844 

112,069 

28,301 

210,379 

1,551,141 

196,917 

* 9,079 

1 179,531 

3 .. 

30  Stafford  

413,152 

336,158  | 

84,261 

21,213 

801,624 

, 126,673 

*9,141 

j 116,990 

31  Shrewsbury 

557,827 

450,790 

61,034 

25,226 

1,114,910 

133,061 

8,607 

1 124,197 

32  Northwich  

70,672 

52,998 

71,170 

4,139 

15,228 

1,438,245 

j 348,906 

j f 10,859 