

65,727 

179,945 

63,278 

] 142,593 

52,500 

1,925,091 

1810 

11 

64,797 

39,670 

236,314 

174,615 

72,493 

58,447 

186,573 

180,588 

101,993 

73,914 

| 134,296 
1 189,723 

54,779 

22,364 

1,974,127 

1,595,277 

12 

41,406 

219 

,153 

60,232 

214,923 

119,824 

articles. 

1.185,670 

32,540 

1,837,792 

14 

32,391 

78,195 

154,165 

82,912 

158,427 

84,853 

280,412 

56,295 

128,752 

232,276 

65,087 

2,277,160 

3 

15 

37,083 

127,184 

213,727 

95,369 

158,364 

152,152 

809,914 

69,466 

121,527 

253,049 

20,546 

2,470,240 

■3 

16 

32,181 

108,838 

214,027 

89,219 

116,179 

194,412 

739,864 

69,992 

111,724 

271,778 

117.714 

2,164,036 

**■ 

17 

24,813 

90,125 

195,196 

82,716 

122,340 

191,744 

439,287 

73,074 

125,125 

256,793 

27,825 

2,174,185 

"3 "" 

18 

28,959 

95,896 

187,314 

81,485 

138,409 

138,775 

580,465 

61,230 

140,005 

208,299 

64,267 

2,395,681 

19 

19,674 

69,508 

122,663 

54,480 

129,475 

154,626 

442,672 

61,557 

108,011 

228,868 

41,152 

1,934,92b 

1820 

17,545 

64,160 

117,818 

56,865 

117,142 

201,972 

342,655 

64,921 

106,348 

278,116 

91,388 

1,787,663 

1 

21,205 

78,373 

121,565 

63,694 

123,829 

168,699 

455,194 

53,103 

84,477 

196,760 

56,879 

1 773,983 

2 

22,796 

91,222 

136,060 

68,175 

114,992 

148,450 

534,900 

64,420 

79,040 

208,190 

21,265 

768,815 

3 

21 ,227 

92,004 

143,822 

65,957 

126,980 

117,447 

527,227 

64,877 

97,534 

262,274 

29,564 

745,684 

4 

26,282 

93,128 

131,326 

48,136 

142,442 

116,397 

604,045 

56,423 

97,030 

195,527 

11,297 

805,162 

5 

30,512 

95,185 

128,768 

49,343 

133,161 

90,260 

629,958 

62,677 

73,486 

178,430 

8,455 

849,962 

6 

33,833 

78,923 

111,409 

45,449 

91,810 

107,652 

563,148 

55,090 

59,556 

178,612 

9,112 

666,946 

7 

62,216 

91,710 

140,109 

55,505 

102,116 

141,094 

713,524 

53,832 

57,646 

187,252 

16,434 

743,286 

8 

44,224 

99,753 

137,414 

61,707 

94,155 

105,565 

710,595 

67,250 

41,314 

241,989 

52,769 

854,135 

1.1830 

”1814 

411,029 

386,778 

491,768 

314,304 

451,241 

198,568 

819,201 

189,209 

345,049 

371,300 

131,554 

2,805,870 

15 

533,460 

603,496 

723, 126 

383,296 

472,597 

304,701 

2,161,561 

243,136 

230,340 

379,320 

43,917 

3,133,313 

16 

451,599 

587,168 

752,592 

350,020 

342,837 

315,831 

1,855,750 

200,027- 

162,208 

304,669 

191,072 

2,800,797 

17 

365,208 

480,259 

731,622 

354,092 

326,930 

331,221 

1,079,620 

201,179 

231,593 

339,383 

57,439 

2,798,092 

18 

407,956 

515,602 

777,552 

355,664 

382,604 

319,447 

1,557,920 

212,881 

309,881 

292,757 

130,382 

3,093,335 

19 

270,415 

366,222 

531,348 

224,058 

349,149 

331,340 j 

1,149  511 

183,939 

228,555 

278,905 

73,067 

2,529,526 

1820 

242,667 

312,076 

498,813 

223,686 

297,709 