

— 

4/6 

4/9 

4/ 

3/10 

37 

37/6 

15,557 

1720 

il  l|i! 

1 

59,824 

192,737 

16/6 

81,632 

11,607 

338,942 

69,697 

577 

— 

5/ 

4/4* 

3/8 

3/6 

19,540 

1 

i 2 

67,757 

252,679 

16/5 

178,880 

37,528 

366,738 

42,578 

324 

4/6 

4/6 

3/ 

2/8 

36 

18,397 

2 

3 

98,846 

360,738 

18/11 

157,719 

45,780 

305,068 

12,737 

541 

112 

4/2 

4/6 

2/9 

3/2 

34  8 

17,321 

3 

l&sl. 

S*  4 

96,804 

450,210 

18/11 

245,865 

10,298 

241,895 

23,441 

516 

61,630 

4/6 

4/9 

3/10 

3/8 

37/ 

21,333 

4 

1 s 5 

123,270 

264,074 

23/10 

204,418 

13,782 

294,025 

20,569 

1,447 

2,152 

5/3 

6/10J 

5/ 

3/6 

3/6 

48/6 

21,805 

5 

Vo 

; 6 

98,018 

218,150 

24/3 

142,183 

20,017 

335,925 

18,835 

1,412 

20 

6/6 

3/6 

3/6 

46/ 

10,153 

6 

2 l?ll  Ills 

1 7 

41,764 

187,942 

24/ 

30,317 

8,688 

241,428 

9,169 

2,204 

15 

4/7* 

5/10* 

3/6 

3/6 

42/ 

17,999 

7 

8 

92,998 

205,852 

20/1 

*70,757 

*11,547 

195,340 

* 2,192 

1,383 

70,070 

6/11 

6/8 

4/ 

4/ 

54/6 

25,870 

8 

9 

204,142 

337,625 

19/7 

*21,322 

* 12,551 

130,743 

• 130,585 

2,541 

184,071 

6/4* 

5/6 

4/6 

4/4 

46/10 

22,071 

9 

| 1730 

113,455 

185,728 

16/11 

93,970 

14,982 

179,446 

12,394 

4,479 

95,149 

4/7* 

4/6 

3/6 

3/3 

36/6 

13,710 

1730 

^ 1 cl  1 

1 

116,315 

65,134 

17/7 

130,025 

13,562 

177,699 

21,089 

1,808 

15,892 

4/3 

4/ 

3/ 

3/3 

32/10 

20,808 

1 

i 2 

74,476 

79,313 

16/8 

202,058 

13,874 

161,075 

15,535 

1,274 

12,044 

3/5 

3/3 

3/3 

3/2 

26/8 

15,702 

2 

!1  III! 

3 

115,218 

155,606 

16/6 

427,199 

37,598 

203,155 

28,156 

1,487 

9 

3/7 

3/6 

2/10 

2/10 

28/4 

16,625 

3 

1 4 

103,318 

63,350 

19/9 

498,196 

70,224 

233,124 

10,735 

3,037 

9 

4/2 

5/3 

2/10 

2/10 

38/10 

17,771 

4 

5 

86,409 

68,768 

20/1 

153,333 

57,520 

219,710 

1,320 

1,920 

6,439 

5/ 

5/9 

2/10 

2/10 

43/ 

19,584 

5 

Wiliams  d.  5* 

6 

25,187 

20,952 

22/8 

118,170 

6,860 

192,602 

1,220 

1,196 

267 

4/10 

5/3 

3/ 

3/ 

40/4 

18,370 

6 

Thompson 5* 

r 

20,500 

49,901 

2,752 

34,432 

24/ 

21/1 

461,602 

580,599 

23,669 

103,718 

188,606 

7,849 

36,159 

1,921 

7 

4/9J 

4/7* 

4/7* 

4/3 

3/2 

3/6 

3/6 

3/6 

38/ 

21,830 

7 

Barnard 51 

1 8 

70,689 

1,777 

21 

35/6 

17,429 

8 

Perry 5 

l 9 

f"  1740 

92,192 

164,131 

110,069 

253,401 

19/6 

33/1 

279,542 

54,390 

54,447 

24,086 

191,876 

145,527 

29,791 

8,979 

1,116 

2,579 

32 

1,383 

4/5 

V 10* 

4/11 
7 10* 

3/2 

4/ 

3/4 

4/ 

38/6 

50/8 

17,163 

13,852 

9 

1740 

Salter 6 

Parsons  1 71 

93,224 

107,134 

35/3 

45,416 

6,618 

123,357 

3,390 

1,106 

84,821 

7/3 

4/6 

4/2 

4/ 

46/8 

23,571 

1 

Godschall  t 5 

1 3 
1 3 

56,330 

53,212 

71,638 

80,324 

22/2 

18/2 

293,259 

371,431 

11,482 

34,995 

189,525 