

43/3 

29,442,437 

3 

11,000,000 

400,068 

23,951 

8,161,710 

19,585,729 

13,840,000 

51/9 

35,811,000 

4 

11,500,000 

356,428 

85,163 

5,745,729 

17,187,320 

14,065,000 

62/ 

43,601,500 

5 

12,700,000 

396,018 

391,528 

3,122,320 

16,609,866 

14,290,000 

66/6 

47,514,250 

6 

13,000,000 

314,851 

582,276 

2,319,866 

16,216,993 

14,515,000 

56/11 

41,307,270 

7 

12,530,000 

405,255 

306,613 

1,701,993 

14,943,861 

14,740,000 

56/9 

41,824,750 

8 

13,500,000 

652,584 

758,327 

203,861 

15,114,772 

14,965,000 

60/5 

45,196,770 

9 

13,500,000 

519,493 

1,676,077 

149,772 

15,845,342 

15,190,000 

66/6 

50,316,875 

1830 

13,000,000 

529,716 

1,675,430 

655,342 

15,860,478 

15,415,000 

64/3 

49,520,687 

1 

2 

3 

4 

5 

14  000,000 

445  478 

15,640,000 

01 

STATEMENT  of  the  Quantity  of  Grain  and  Flour,  Shipped  Coastways  from  each  of  65  Ports  of  Great  Britain,  (to  43  other 
Ports  as  exhibited  in  the  following  Statement)  in  each  of  the  4 Years  ending  the  10th.  of  October  1827. 

Ports  from 
whence 

Exported  [Years 

Quarters  of  Grain 

Cu  ts.  Weight  of  Flour 

1824. 

1825. 

1826. 

1827. 

1824. 

1825. 

j 1826. 

1827.  ^ 

1 

Faversham 

70,522 

26,807 

40,805 

43,209 

85,974 

73,357 

66,852 

65,384 

2 Ramsgate 

39,042 

21,956 

45,992 

25,113 

26,075 

25,535 

15,219 

11,153 

3 Deal  

2,394 

1,008 

1,041 

.613 

2,378 

2,397 

4,855 

6,585 

4 Chichester  .....  ... 

6,129 

5,474 

5 

,112 

6,153 

41,410 

19,123 

32,688 

28,034 

5 Southampton  

2,212 

6,257 

6T0‘t 

19,650 

24,640 

28,678 

35,877 

61,296 

6 Poole  

3,484 

8,538 

7,309 

243 

3,653 

1,974 

10,144 

12,963 

7 Dartmouth  

7,912 

15,457 

21,720 

15,318 

69 

156 

6,995 

3,43l 

8 Barnstaple  

9,933 

9,161 

7,759 

4,674 

1,013 

924 

1,753 

2,149 

OMinehead 

8,089 

5,200 

5 

,396 

6,325 

17,938 

21,821 

25,412 

34,607 

10  Bridgewater 

25,181 

6,181 

7,509 

15,757 

24,436 

9,198 

8,838 

41,636 

11  Chepstow 

21,369 

16,447 

6,386 

909‘8 

8,224 

4,690 

3,979 

SIS 

12  Lancastet 

I86‘9 

7,418 

3 

,467 

2,839 

147 

2,688 

2,235 

3.52 

13 

Carlisle 

c£g‘g 

8 ,565 

26,686 

891 

Z86 

2,736 

2,268 

142 

( 14  Dumfries  

29,907 

47,209 

47,375 

15,787 

aot's 

3,628 

2,151 

**8‘l 

j 15  Thurso 

2,130 

1,074 

4,203 

17,358 

166‘9 

*56 ‘5 

993 

2,764 

16  Kirkwall  

3,407 

3,357 

4,482 

6,941 

R8t‘l 

736 

494 

2,354 

17  Banff 

38,900 

56,602 

55,246 

27,810 

16,899 

23,273 

14,477 

7,970 

18  Montrose 

42,881 

80,980 

57,820 

30,227 

14,232 

8,074 

3,326 

1,828 

1 19  Dundee 

42,882 

123,450 

55,330 

36,955 

18,796 

32,641 

16,923 

15,319 

b20  Kirkaldv  

13,583 

28,508 

15 

,726 

11,226 

8‘f-OS 

368 

351 

136 

21 

Berwick  

40,924 

222,965 

174,653 

107,064 

70,440 

101,158 

114,498 

87,587 