

2,837 

128 

286,013 

177,671 

392 

464,076 

i! 

•II 

1 

!i 

s5 

Quarters  of  Grain 

Years  ending  10 th.of  October 

1824. 

1825. 

1826. 

1827. 

1824. 

1825. 

1826. 

1827. 

f 1 Dublin  

137,639 

214,255 

112,274 

108,034 

31,052 

80,695 

27,662 

22,500 

2 Wexford  

70,785 

145,203 

89,237 

51,405 

2,665 

2,734 

5,830  , 

977 

3 Waterford 

166,763 

260,705 

169,018 

126,659 

169,066 

287,433 

191,415 

219,805 

4 Cork  

Baltimore 

218,083 

3,043 

218,965 

316,969 

10,260 

346,885 

234,686 

14,716 

247,201 

174,607 

11,945 

224,177 

51,891 

52,952 

27,445 

28,388 

20 

6 Limerick  

2,953 

5,927 

4,109 

3,802 

7 Galway 

21,401 

44,431 

30,233 

45,765 

7,340 

11,022 

1,720 

5,961 

8 Westport  

54,292 

98,660 

40,399 

68,666 

3,580 

745 

737 

366 

9 Sligo  

109,057 

171,630 

150,212 

196,933 

2,307 

3,563 

3,838 

8,464 

10  Londonderry 

3,613 

23,888 

36,582 

64,801 

4,441 

9,818 

14,784 

19,556 

11  Coleraine  

5,271 

10,811 

10,907 

9,463 

5,187 

2,437 

5,307 

2,169 

12  Belfast  

27,948 

54,920 

30,467 

33,562 

22,185 

24,415 

14,045 

14,921 

13  Newry  

59,099 

98,622 

74,794 

57,839 

2,112 

22,295 

2,999 

2,867 

14  Dundalk 

69,978 

131,803 

75,613 

92,065 

10,236 

45,920 

30,709 

19,756 

15  Drogheda  

79,551 

106,011 

72,779 

69,720 

24,940 

77,641 

121,373 

114,524 

Total  Exported  from  Ireland  1 

1,245,488 

2,025,053 

1,389,118 

1,335,641 

339,955 

627,597 

451,973 

464,076 

•<l  into  Ireland  from  Gt.  Britain \ 

48,455 

3,870 

23,496 

15,183  | 12,521 

4,247 

13,680 

8,593 

Cwts.  Weight  of  Meal  and  Flour 

To  GREA  T BRITAIN 

94 

AN  ACCOUNT  of  the  Quantity  of  Grain  and  Flour,  Animal  Food,  and  Live  Animals,  EXPORTED  from  IRELAND,  to  all  parts  of  the 
World  in  each  of  the  27  Years  1801-27,  distinguishing  the  proportion  Exported  to  GREAT  BRITAIN,  in  each  Year. 

GRAIN  and  FLOUR 

ANIMAL  FOOD 

Years 

r~ 

Wheat 

Quarto 

Oats 

” °f 

Barley 

lot.  Grain 

Cw 

Oatmeal 

ts.of 

1 Wheatmeal 

Barrels  of 
Beef  | Pork 

Cwt 

Bac  SfHams 

s.  of 
Butter 

58  911 

73,495 

21,100 

250  620 

2 

103,161 

303,043 

6,442 

3,837 

105,144 

89,852 

59,448 

43,128 

86,331 

323^077 

1 3 

60,915 

251,263 

14,522 

2,861 

76,749 

42,868 

62,226 

101,795 

60,916 

262,848 

4 

70,554 

239,355 

8,569 

4,278 

66,107 

19,416 

59,342 

56,579 

47,023 

239,922 

1 5 

72,012 

220,962 

10,316 

5,169 

32,760 

21,707 

88,519 

91,996 

94,485 

233,771  1 

1 6 

92,814 

297,649 

8,036 

5,070 

41,931 

34,974 

91,261 

91,373 

118,444 

258,407 

7 

41,729 

465,707 

26,923 

4,422 

43,652 

6,125 

! 85,255 

142,238 

149,936 

286,071 

0 

48,666 

602,177 

30,419 

3,574 

70,910 

4,555 

88,366 

126,752 

141,237 

311,311 

9 

85,318 

824,641 

21,212 

3,023 

88,403 

15,843 

89,771 