

British 

United  States 

Guernsey 

Ireland 

All  other 

TOTAL 

Years 

Rassia 

Sweden 

Denmark 

Prussia 

Germany 

Holland 

Flanders 

France 

America 

of  America 

J.&  Man 

parts 

QUARTERS. 

1800 

81,708 

21,497 

20,950 

665,955 

310,755 

58,408 

224 

21,258 

77,609 

120 

749 

5,282 

1,264,620 

1 

174,337 

13,194 

3,013 

528,032 

289,789 

93,824 

— 

— 

67,595 

245,371 

— 

522 

9,453 

1,424,765 

2 

8,665 

5,982 

110 

334,829 

30,645 

1,309 

— 

1,510 

75,164 

79,413 

— 

109,519 

1,283 

647,663 

3 

14,537 

142,774 

1,487 

525 

— 

— 

43,245 

109,131 

2 

61,267 

723 

373,725 

4 

7,108 

1,326 

4,148 

320,745 

4,860 

25,862 

— 

— 

21,213 

4,258 

29 

70,072 

1,517 

461,139 

5 

' 154,904 

18,810 

35,671 

559,628 

32,827 

9,636 

— 

2,089 

2,250 

13,453 

776 

84,087 

6,099 

920,833 

6 

56,733 

1,386 

51,524 

764 

— 

1,786 

9,800 

79,763 

64 

102,463 

6,133 

310,342 

7 

5*711 

10,424 

11,465 

3,407 

11,415 

— 

27,657 

27,259 

249,712 

7,950 

45,110 

5,043 

404,946 

8 

549 

63 

2,236 

1,051 

2 

2,870 

18,489 

12,836 

4 

43,496 

3,288 

84,888 

9 

3,437 

780 

8,846 

1,527 

33,575 

94,269 

20,198 

25,058 

18,766 

170,939 

502 

68,124 

11,126 

455,987 

1810 

58,133 

68,392 

110,501 

296,757 

176,463 

189,016 

167,154 

225,711 

24,202 

98,275 

6,167 

127,510 

19,523 

1,567,126 

11 

27,969 

19,028 

18,008 

95,170 

1 ,628 

— 

— 

4,186 

339 

18,011 

598 

147,567 

2,979 

336,130 

12 

50,974 

11,543 

19,589 

9,062 

603 

— 

— 

436 

23,724 

10,797 

1,202 

160,842 

4,425 

290,709 

13 

58,028 

66,088 

19,815 

115,946 

79,365 

810 

1,697 

217,154 

99 

559,000 

14 

8,432 

29,891 

4,461 

133,106 

76,532 

121,673 

122,513 

i26, 309 

3 

— 

3,788 

225,821 

377 

852,566 

15 

1,439 

607 

211 

18,046 

7,635 

14,535 

39,406 

62,343 

25 

45,583 

5,052 

189,543 

46 

384,575 

16 

19,301 

271 

5,999 

86,380 

30,318 

41,941 

17,221 

366 

3 

7,208 

1,850 

121,621 

— 

332,491 

17 

199,449 

467 

18,663 

264,115 

103,649 

52,901 

16,985 

2,363 

25,197 

311,436 

1,931 

59,025 

37,212 

1,089,854 

18 

242,628 

1,027 

63,797 

493,821 

248,181 

97,380 

155,400 

697 

54,137 

181,561 

3,455 

108,230 

47,003 

1,694,261 

19 

126,563 

19,645 

78,842 

74,805 

25,101 

74,593 

887 

10,423 

27,796 

2,647 

154,031 

39,483 

625,638 

1820 

93,138 

30,253 

217,461 

102,908 

1,092 

6,658 

40,735 

90,942 

6,306 

404,743 

3,582 

996,479 

4,786 

1,848 

25,522 

15,629 

2,615 

— 

96 

40,613 

38,488 

8,073 

569,700 

12 

707,385 

2 

2,836 

405 

10,808 

1,798 

— 

— 

48 

23,261 

3,953 

4,485 

463,804 

— 

510,602 

3 

1,595 

1,330 

6,856 

1,127 

186 

— 

101 

209 

4,237 

8,307 

400,068 

— 

424,019 

4 

1,953 

2,753 

20,269 

18,819 

237 

699 

576 

216 

33,781 