

Rye 

Indian  Corn 
Malt  

396,018 

1,629,856 

154,256 

11,354 

1,431 

220 

10,826 

314,851 

1,303,734 

64,884 

7,191 

1,452 

77 

1 ,202 

405,255 

1,343,267 

67,791 

10,037 

1,371 

256 

1,764 

571 

652,584 

2,075,631 

84,203 

7,068 

4,826 

1,424 

280 

853 

519,492 

1,673,628 

97,140 

10,444 

4,435 

568 

30 

2,010 

529,717 

1,471,252 

189,745 

19,053 

2,520 

414 

28 

2,820 

557,519 
1 ,655,934 
185,409 
15,039 
4,663 
515 
562 
10,888 

1 

| 

TOTALS 

2,203,961 

1,693,391 

1,830,312 

2,826,869 

2,307,748 

2,215,549 

2,430,529  | 

^3-  The  Statement  below  shews  the  Ports  in  Great  Britain,  into  which  Imported  from  Ireland  ; and  the  Ports  in  Ireland  from  whence  Exported,  in  each  of 
the  4 Years  1824-  185:7. 

Quarters  of  Grain 

1824. 

133,667 

10,863 

1,178 

137 

33,212 

4,233 

110,119 

96,210 

4,120 

5,226 

37,035 

188,714 

553,844 

59,784 

7,146 

1,245,488 

1,031,718 

177,677 

30,137 

5,834 

80 

42 

1,245,488 

1825. 

337,164 

32,474 

6,669 

645 

87,245 
3,122 
107,902 
1 43,942 
7,597 
361 
30,337 
301,828 
826,985 
130,256 
8,526 

2,025,053 

1,540,484 

347,040 

119,803 

9,918 

7,519 

289 

2,025,053 

302,333 

28,570 

7,363 

1,280 

260 

86,333 

2,795 

94,675 

85,462 

4,128 

2,619 

26,018 

119,559 

524,892 

96,396 

6,435 

1,389,118 

1,093,107 

198,200 

82,418 

11,157 

4,181 

55 

1,389,118 

1827. 

38,553 

8,539 

4,995 

2,724 

418 

110,173 

6,405 

95,438 

107,283 

2,338 

3,122 

46,950 

214,972 

583,410 

93,681 

16,580 

1,335,641 

1,015,013 

252,377 

61,295 

6,227 

525 

204 

1,335,641 

from  IRELAND 
Cwts.  Weight  of  Oatmi 

1824. 

4,631 

405 

363 

234 

2,488 

140 

26,269 

7,240 

2,726 

732 

3,305 

7,788 

38,909 

2,934 

2,010 

1825. 

2,719 

1,532 

807 

113 

3,595 

360 

56,864 

481 

2,765 

10 

496 

1,253 

130,847 

3,003 

3,270 

1826. 

722 

623 

547 

156 

455 

1,720 

51,139 
79 
1,623 
115 
100 
1,371 
112,353 
1 ,275 
106 

1827. 

867 

990 

370 

102 

391 

2,898 

68 

55,996 

1,666 

1,212 

473 

810 

3,121 

94,986 

5,312 

8,409 

Cwts.  Weight  of  Wheat  Flour 

1824. 

2,595 

75 

233 

353 

48,485 

58,008 

3,324 

338 

10 

6,007 

119,619 

726 

239,781 

100,174 

419,344 

208,115 

138 

339,955 

627,597 

100  74  208,115  172,384  177,671 

Oatmeal 

Proportion  of  Oats  Barlcymcal  . . . 

//  'Wheat 

U Barley  Total  M.  fy  Flour 

a Peas  Sf  Beans  

a Malt 

* yc  The  Sundry  Ports  in  Enuland  into  which  the  quantities 

from  Ireland  were  Imported,  arc  Newport  4 Cardiff,  " 

Total  Qrs.  of  Grain 

23,572 

6,793 

6,222 

99,703 

56,902 

6,164 

272 

75 

3,042 

213,611 

2,988 

1826. 

270 

1,471 

250 

22,030 

40,389 

7,200 

152 

78 

20 

15 

1,742 

205,621 

321 

30 

279,589 

172,384 

451,973 

1827. 

787 

1,175 

470 

54 

18,003 

41,455 

10,571 

1,174 

554 

208,805 