

102,065 

165,038 

330,155 

I 1810 

117,896 

463,516 

2,937 

2,894 

52,210 

80,803 

71,605 

79,817 

168,801 

337,070 

11 

153,513 

281,202 

4,476 

5,392 

35,280 

85,651  i 

108,282 

126,297 

216,322 

337,667 

12 

136,770 

476,587 

48,191 

5,161 

43,677 

94,467  | 

114,504 

98,561 

216,073 

342,889 

i 13 

171,233 

761,111 

62,648 

5,889 

99,928 

159,459  | 

104,516 

104,805 

218,592 

351,832 

14 

197,896 

586,704 

9,595 

7,767 

41,033 

132,126 

83,162 

113,563 

217,756 

351,675 

15 

151,770 

601,432 

26,646 

8,659 

41,064 

105,921 

60,307 

105,766 

213,569 

337,378 

16 

96,168 

706,679 

63,135 

6,596 

37,014 

82,331 

39,495 

59,284 

219,998 

303,964 

17 

54,569 

641,603 

27,583 

1,865 

31,600 

32,773 

105,555 

89,941 

179,093 

320,180 

18 

98,605 

1,056,644 

24,860 

4,016 

130,858 

39,012 

80,587 

87,992 

212,740 

381,554 

19 

138,056 

801,611 

20,827 

4,550 

49,181 

96,566 

70,504 

86,650 

221,309 

433,174 

1820 

398,752 

989,505 

94,250 

9,425 

44,753 

193,897 

52,591 

105,973 

260,549 

490,845  i 

1 

476,935 

1,156,576 

75,777 

7,861 

64,451 

294,774 

65,905 

96,449 

362,846 

413,088 

2 

386,231 

563,169 

21,832 

9,556 

28,892 

340,267 

43,139 

72,148 

238,985 

377,651 

3 

273,845 

980,877 

18,706 

7,314 

106,435 

353,840 

69,079 

84,442 

341,515 

466,834 

4 

260,322 

1,139,463 

44,699 

7,831 

134,549 

336,219 

54,810 

75,525 

312,000 

431,175 

5 

283,340 

1,500,264 

154,255 

23,832 

203,644 

394,374 

63,507 

83,783 

361,139 

425,670 

6 

241,925 

1,179,896 

64,884 

9,923 

194,602 

255,240 

L 7 

307,573 

1,194,554 

67,510 

11,968 

224,001 

337,888 

'"1801 

129 

1 

2,524 

203 

20,328 

8,106 

61 

54,046 

2 

571 

3,247 

785 

72 

3,050 

1,855 

20,713 

16,400 

312 

73,276 

3 

1,655 

893 

4,259 

9 

1,506 

275 

17,121 

17,254 

230 

71,403 

4 

23,287 

929 

1,465 

90 

1,126 

2,177 

20,189 

25,614 

482 

80,233 

5 

10,803 

2,272 

6,907 

133 

1,537 

1,067 

23,154 

18,429 

588 

60,644 

6 

1,259 

9 

2,482 

27 

1,524 

2,376  ! 

29,327 

22,003 

707 

80,101 

7 

2,156 

1,280 

12,381 

30 

3,128 

896  1 

25,963 

28,051 

1,407 

47,927 

8 

150 

1,166 

4,034 

113 

1,190 

3,505 

33,698 

41,851 

2,796 

35,545 

9 

281 

3,817 

5,346 

2,545 

2,244 

36,405 

34,503 

2,034 

55,798 

1 1810 

1,601 

24,041 

40,993 

5,446 

10,666 

23,893 

30,989 

2,929 

53,763 

n 

69,732 

83,428 

97,622 

1,358 

6,834 

40,333 

28,431 

50,953 

11,454 

96,047 

12 

71,433 

55,215 

80,375 

57 

2,151 

33,059 

30,093 

58,124 

33,909 

92,519 

13 

30,040 

47,218 

131,545 

45 

8,619 

108,435 

35,216  s 

36,966 

16,016 

109,682 

14 

17,815 

56,480 

47,977 

57 

4,335 

119,314 

27,348  , 

51,493 

16,805 

80,479 

I ^ 

56,253  i 

1,848 

54,863 

309 

3,739 

11,313 

20,963 