

50 

3 

6,184 

896 

700 

2,521 

665 

11,591 

30/1 

18/7 

40/10 

37/1 

6,820 

1,629 

121 

3,060 

297 

11,928 

5 

1,331 

1,039 

10,133 

7,250 

3,004 

15,656 

375 

43,305 

43/2 

47/5 

48/4 

54/4 

5,405 

1,869 

1,344 

2,005 

107 

10,736 

6 

183 

190 

685 

— 

— 

3,327 

1,000 

5,386 

37/6 

43/9 

43/6 

47/4 

442 

602 

6 

2,361 

3,406 

7 

201 

418 

77 

— 

2,151 

108 

23,048 

88 

26,092 

38/2 

47/3 

55/  1 

11 

47/6 

655 

3,465 

2,368 

3,777 

3,609 

13,774 

8 

2 

1,731 

359 

— 

627 

— 

30,586 

1,944 

35,250 

42/1 

60/8 

66/7 

52/4 

3,221 

2.053 

2,065 

3,400 

10,739 

9 

- 

155 

185 

— 

7,913 

1,222 

16,619 

3,885 

29,970 

45/7 

60/9 

60/2 

60/9 

— 

15,806 

10,881 

2,669 

610 

29,966 

1810 

331 

4,550 

290 

264 

6,053 

386 

8,321 

5,029 

26,318 

46/8 

53/7 

55/S 

) 

59/ 

— 

5,869 

5,698 

3,541 

100 

15,226 

11 

14,206 

8,416 

6 

209 

217 

— 

2,713 

43,262 

6,058 

42,840 

41/ 

47/10 

51/6 

49/11 

— 

316 

— 

4,081 

42 

4,438 

12 

15,294 

19,280 

511 

— 

5,438 

83,658 

64/9 

72/8 

73/7 

75/11 

— 

— 

— 

6,008 

16 

5,024 

13 

128 

9,750 

2,444 

3,657 

— 

63,560 

3,729 

83,268 

56/9 

76/5 

78/6 

70/7 
44/6  1 

— 

568 

— 

4,455 

382 

5,405 

14 

3,174 

573 

2,639 

2,684 

7,163 

16,779 

12,664 

46,031 

36/3 

46/7 

50/ 

7,102 

8,859 

17,098 

5,730 

4,595 

43,385 

15 

1,124 

436 

— 

66 

192 

27,108 

621 

29,578 

29/4 

36/1 

38/10 

37/10 

597 

7,413 

661 

6,371 

3,321 

18,363 

16 

488 

3,127 

1,375 

1,925 

2,766 

2,410 

62,254 

4,146 

78,393 

32/11 

38/4 

38/4 

43/2 

— 

— 

24 

5,983 

91 

6,100 

17 

17,228 

43,476 

1,279 

44,762 

19,992 

4,530 

26,766 

3,779 

161,812 

47/11 

52/ 

51/5 

56/6 

— 

2,606 

918 

2,274 

52 

5,850 

18 

74,588 

143,117 

1,991 

166,1 35 

149,380 

96,174 

25,387 

65,704 

722,843 

52/3 

63/1 

59  in 

54/10 

2,806 

24,877 

26,552 

4,835 

61,769 

120,77  9 

19 

37,620 

64,083 

1,822 

134,233 

108,784 

15,888 

20,310 

11,452 

394,180 

44/5 

55/5 

56/ 

49/ 

1,863 

8 981 

5,745 

3,904 

170,131 

190,628 

1820 

8,789 

6,360 

1,248 

2,393 

10,912 

— 

87,095 

216 

117,014 

32/10 

43/6 

44/1 

i 

40/10 

284 

4,742 

810 

8,443 

4,945 

19,218 

1 

19 

3,349 

2,049 

2,576 

6,77  9 

822 

82,884 

— 

98,479 

25/3 

30/ 

31/9 

31/1 

— 

140 

4,955 

— 

5,099 

2 

3,906 

1,574 

134 

7,257 

6,279 

10 

22,531 

— 

41,690 

21/3 

23/9 

25/7 

20/3 

■ 

— 

7,235 

7,234 

3 

2 

— 

494 

— 

— 

— 

19,274 

— 

19,772 

30/7 

32/1 

33/1 

1 

30/11 

— 

— 

227 

5,570 

— 

5.763 

4 

— 

8,226 

2,522 

852 

17,234 

— 

44,700 

— 

73,592 

35/3 

38/10 

39/5 

40/2 

— 

919 

506 

5,790 

661 

7,876 

5 

3,554 

146,725 

6,140 

58,451 

193,584 

20,631 

151, 256 

148 

583,490 

38/10 

41/6 

44/ 