

41/ 

— 

8,155 

1,608 

1 1 ,354 

982 

22,090 

6 

5,959 

108,447 

2,248 

39,972 

105,987 

15,629 

64,884 

1,781 

344,908 

33/4 

42/11 

46/2 

39/11  | 

1,140 

43,541 

33,648 

7,191 

37,281 

130,910 

7 

10,145 

39,494 

li 

>1 

45,440 

56,618 

10,325 

67,791 

43,867 

273,832 

36/6 

3 

V 

47/7 

47/7 

806 

23,869 

12,136 

10,037 

102,203 

152,748 

8 

3,217 

96,044 

5,563 

21,297 

33,031 

9,127 

84,205 

3,227 

255,711 

32/10 

3 

4/2 

38/4 

38/4 

1,710 

33,974 

6,538 

7,068 

16,722 

81,550 

9 

13,312 

143,200 

5,199 

49,323 

55,194 

4,106 

97,140 

9,986 

377,462 

32/6 

3 

4/10 

36/8 

36/8 

5,454 

17,654 

4,479 

10,444 

8,228 

55,495 

1830 

4,642 

73,465 

6,530 

29,508 

27,722 

1,184 

189,715 

1 

332,798 

32  7 

35/10 

36/1 

36/1 

950 

12,392 

297 

19,053 

13 

35,993 

2 

44,287 

115,658 

- 6,627 

60,779 

116,928 

12,284 

185,109 

25,357 

567,331 

38/ 

40/ 

39/10 

39/10 

1,158 

7,664 

7,070 

15,039 

6,178 

38,428 

3 

4 

-5.  S 

Total 

Total 

ii4« 

O ‘4r 

PEASE 

Russia.  1 

Sivedentf 

Denmark 

Prize. 

RYE. 

1800 

171 

39 

10 

2 

3,419 

19,301 

3,816 

26 

26,769 

2 

22,234 

32,080 

81,416 

6,588 

2,210  j 

144,531 

1 

700 

151 

129 

1 

10,711 

30,968 

1,439 

— 

120 

44,218 

11,502 

7 

18 

772 

27,980 

40,608 

15,980 

— 

49,272 

146,733 

2 

140 

78 

8 

26 

9,653 

311 

319 

113 

22 

10,671 

150 

606 

— 

12,634 

1,499 

282 

307 

15,478 

S 

540 

— 

54 

2 1 ,205 

1,332 

172 

611 

78 

23,992 

875 

— 

— 

2,472 

— 

752 

— 

4 099 

4 

2,634 

93 

— 

12,387 

2,862 

541 

1,078 

53 

19,648 

126 

1,614 

698 

206 

2,644 

5 

247 

56 

— 

52 

7,889 

262 

27 

1,634 

49 

10,218 

17,638 

2,314 

— 

2,097 

1,983 

235 

— 

24,267 

6 

— 

12 

20 

5 

35 

1J388 

98 

1,559 

499 

— 

— 

184 

330 

— 

1,014 

7 

114 

133 

25 

20 

2,157 

1,374 

1,390 

555 

6,070 

264 

4,219 

8 

431 

2,816 

7,740 

8 

3,307 

— 

3,010 

9 

— 

1,692 

3,860 

75 

931 

12,882 

3 

4,471 

— 

249 

— 

573 

5,297 

9 

10,858 

91 

4,971 

70 

468 

5,052 

9,665 

38 

1,875 

33,119 

539 

370 

4,270 

4,553 

3,063 

425 

395 

13,615 

1810 

3,306 

115 

1,735 

36 

3,313 

1,936 

1,136 

216 

480 

12.269 

6,793 

15,749 

8,965 

15,015 

34,676 

8,478 

20 

1,286 

90,982 

11 

2,996 

638 

100 

33 

638 

25 

— 

50 

562 

5,044 

6,216 

16,471 

3,025 

1,853 

242 

21 

— 

27,830 

12 

48 

286 

35 

13 

— 

16 

51 

252 

712 

60,342 

6,407 

5,202 

176 

691 

72,819 

13 

1,045 

48 

— 

11 

5,034 

1,388 

— 

77 

— 

7,603 

6,776 

2,861 

1,250 

9,713 

14,019 

420 

— 

35,040 

14 

344 

14 

— 

76 

2,952 

1,943 

3,576 

459 

477 

9,841 

337 

1,234 

1,271 

1,692 

684 

109 

4 

712  i 

6,018 

15 

4 

— — 

11 

504 

67 

281 

429 

332 

1,624 

— 

8 

216 