

Years 

British 

America 

United  Stati 
of  America 

Russia 

Sweden 

Denmark 

j Prussia 

Germany 

j Holland 
and  Flanden 

j France 

; Guernsey 
J.  and  Mar. 

( Ireland 

all  other 
; parts 

1 TOTAL 

Quarters 

r1800 

21,258 

77,609 

81,708 

21,497 

20,950 

| 665,955 

310,755 

58,408 

2-24 

120 

749 

5,282 

1,264,520 

1 

67,595 

245,371 

174,337 

13,194 

3,013 

528,032 

289,789 

93,824 

— 

— 

522 

9,453 

1,424,765 

2 

75,164 

79,413 

8,665 

5,982 

110 

j 334,829 

30,645 

1,309 

1,510 

— 

109,519 

1,283 

647,663 

3 

43,245 

109,131 

14,537 

— 

“■ 

| 142,774 

1,487 

525 

— 

2 

61,267 

723 

373,725 

4 

21,213 

4,258 

7,108 

1 ,326 

4,148 

320,745 

4,860 

25,862 

— — 

29 

70,072 

1,517 

461,139 

5 

2,250 

13,453 

154,904 

18,810 

35,671 

559,628 

32,827 

9,636 

2,089 

776 

84,007 

6,099 

920,833 

6 

9,800 

79^763 

56,733 

■ 

1,386 

51,524 

— 

764 

1,786 

64 

102,463 

6,133 

310,342 

7 

27,259 

249,712 

5,711 

• 

10,424 

11,465 

3,407 

11,415 

27,657 

7,950 

45,110 

5,043 

404,946 

8 

18,489 

12,836 

549 

— 

63 

— 

2,236 

1,054 

2,870 

4 

43,496 

3,288 

84,888 

9 

18,766 

170,939 

3,437 

780 

8,846 

1,527 

33,575 

114,465 

25,058 

502 

68,124 

11,126 

455,987 

1810 

24,202 

98,275 

58,133 

68,398 

110,501 

296,757 

176,463 

356,170 

225,711 

6,167 

127,510 

19,623 

1,567,126 

11 

339 

18,011 

27,969 

19,038 

18,008 

95,170 

1,628 

— 

4,186 

598 

147,567 

2,979 

336,130 

12 

23,724 

10,797 

50,974 

11,543 

19,589 

9,062 

603 

■ 

436 

1 ,202 

160,842 

4,425 

290,709 

13 

— 

810 

58,028 

66,088 

19,815 

115,946 

79,365 

— 

■ 

1,697 

217,154 

99 

559,000 

14 

3 

— 

8,432 

29,891 

4,461 

133,106 

76,532 

244,186 

126,309 

3,788 

225,821 

377 

852,566 

15 

25 

45,583 

1,439 

607 

211 

18,046 

7,635 

53,941 

62,343 

5,052 

189,543 

46 

384,475 

16 

3 

7,208 

19,301 

271 

5,999 

86,380 

30,318 

59,162 

366 

1,850 

121,621 

— 

332,491 

17 

25,197 

311,436 

199,449 

467 

18,663 

264,115 

103,649 

69,886 

2,363 

1,931 

59,025 

37,212 

1 ,089,854 

18 

54,137 

181,561 

242,628 

1,021 

63,797 

493,821 

248,181 

252,780 

697 

3,455 

108,230 

47,003 

1,694,261 

19 

10,423 

27,796 

126,563 

— 

19,645 

78,842 

74,805 

99,694 

887 

2,647 

154,031 

39,483 

625,638 

1820 

40,735 

90,942 

93,138 

— 

30,253 

217,461 

102,903 

7,750 

— 

6,306 

404,743 

3,582 

996,479 

1 

40,613 

38,488 

4,786 

— 

1,848 

25,522 

15,629 

2,615 

96 

8,073 

569,700 

12 

707,385 

2 

23,261 

3,953 

2,836 

■ 

405 

10,808 

1,798 

— 

48 

4,485 

463,004 

— 

510,602 

3 

209 

4,237 

1,595 

— 

1,330 

6,856 

1,127 

185 

101 

8,307  f 

400,068 

— 

424,019 

4 

216 

33,781 

1,953 

— 

2,753 

20,269 

18,819 

936 

576 

5.095 

356,408 

802 

441,591 

5 