

12,251 

5,319 

8,821 

17 

7,680 

101,035 

79,354  ; 

132,203 

46,651 

30,639 

33,601 

34,573 

7,492 

2,156 

25,684 

16,510 

4,664 

641 

18 

5,036 

207,107 

93,535 

175,889 

153,897 

63,669 

48,532 

10,327 

39,096 

4,536 

31,772 

| 1,107 

32,083 

2,370 

19 

1,483 

102,699 

27,634 

181,425 

37,791 

62,660 

38,697 

22,774 

15,795 

8,904 

20,729 

5,532 

24,227 

3,024 

1 820 

10,824 

145,544 

8,989 

136,235 

68,468 

5,508 

46,710 

33,763 

5,710 

12,502 

24,037 

9,092 

10,888 

9,654 

1 

7,620 

101,642 

3,950 

136,462 

20,001 

5,899 

21,789 

13,932 

14,512 

5,600 

7,087 

8,869 

13,139 

6,102 

2 

7,912 

68,774 

2,639 

182,924 

8,700 

5,072 

29,497 

37,435 

15,457 

6,356 

15,306 

9,920 

7,371 

2G2 

3 

10,636 

90,193 

9,319 

123,113 

36,291 

14,426 

41,431 

38,637 

7,624 

5,110 

22,612 

9,544 

10,962 

175 

4 

5,115 

112,175 

2,422 

219,219 ! 

15,014 

40,708 

24,570 

22,893 

39,975 

38,822 

7,033 

5,880 

14,782 

16,727 

5 

3,234 

165,155 

1,426 

281,923 

65,329 

115,080 

41,015 

25,584 

73,411 

11,760 

21,964 

4,995 

27,500 

7,519 

6 

— 

149,853 

2,1)2 

192,962  ! 

90,299 

113,201 

65,949 

28,522 

30,030 

58,464 

37,462 

8,127 

20,155 

35,289 

7 

2,156 

78,485 

13,527 

135,421 

22,012 

66,825 

45,058 

6,617 

23,114 

47,488 

22,484 

5,474 

12,163 

29,046 

AN  ACCOUNT  of  the  Quantity  in  Quarters  of  GRAIN,  Exported  from  East  and  West  Prussia, 
and  Pomerania,  in  each  of  the  Nine  Years  1816-24. 

Vide  Folios  6S  - 0,  Parliamentary  Paper  No.  159,  Session  1826. 

TOTAL  Quarters 

Imported  and  Exported  into,  and  from 
East,  and  West  Prussia,  and  Pomerania 

Quarters  of  WHEAT. 

Quarters  of  all  other  GRAIN. 

Vide  Fol.  70,  P.  Pa.  No.  159,  Session  1826. 

East  Pr 

USSlA. | 

West  Prussia. 

Pome 

East  Prussia. 

West  Prussia  . 

Pout 

RANiA. 

Imported. 

Exported. 

Years 

Kon- 

igsberg 

Fil'au 
if  Mimdl 

Duntxig 

Elbing 

Stettin  | 

all  other\ 
Ports 

Kon- 

igsberg 

Pillau 
Sf,  Memel 

Dantzig 

Elbing 

Stettin 

all  other 
Ports 

Wheat 

1 all  ither 
Grain 

Wheat 

all  other 
Grain 

1810 

54,172 

2.871 

140,199 

37,357 

1,693 

30,167 

121,150 

43,853 

59,815 

23,808 

2,302 

84,151 

156,660 

158,816 

266,459 

335,084 

17 

69,005 

6,815 

231,669 

52,382 

15,389 

37,928 

316,557 

97,126 

172,003 

91,779 

9,079 

115,057 

244,060 

413,046 

413,248 

801,601 

18 

19 

12,798 

613 

294,986 

84,747 

58,485 

15,155 

98,640 

5,594 

36,343 

30,148 

157,151 

54,715 

94,441 

72,867 

89,559 

65,532 

33,745 

53,652 

82,872 

91,241 

300,223 

315,092 

213,870 

311,340 

155,055 

495,158 

1820 

39,954 

5,369 

323,917 

37,581 

5,957 

51,966 

160,429 

82,651 

49,155 

47,912 

6,277 

86,716 

296,616 

279,471 

464,744 

453,140 

16,076 

565 

116,855 

18,963 

1,228 