

207 

1,375  i 

1,806 

16 

— 

2J 

— 

43 

650 

— 

227 

239 

— 

1,161 

4,796 

25 

— 

4,663 

3,316 

2,273 

43 

2 

15,118 

17 

4 

541 

6 7 9 

3 

10,936 

361 

495 

12 

110 

13,162 

69,322 

4,040 

— 

36,337 

19,159 

4,979 

613 

5.639 

140,092 

18 

2,306 

6,296 

2,515 

141 

29,973 

7,418 

9,287 

10 

4,350 

62,006 

49,073 

1,169 

, 

15,032 

4,775 

2,236 

4 

5,794 

78,085 

19 

968 

4,595 

2,791 

7 

27,961 

2,634 

284 

— 

2,771 

42,012 

4,653 

— 

5,942 

3,038 

— 

2 

5,038 

18,674 

1820 

58 

200 

4 

28 

7,368 

813 

437 

8 

8,926 

9,421 

— 

2,446 

233 

— 

134 

4 

12,240 

1 

— 

— 

303 

133 

261 

12 

1 

2,473 

1 

3,1 85 

— 

111 

■ 

550 

— 

661 

2 

— 

— 

178 

j ^ 

242 

— 

— 

728 

— 

1,152 

587 

5,580 

— 

— 

— 

— 

— 

353 

— 

197 

966 

4 

44 

1 I 

17 

4.059 

637 

70 

755 

Pranee 

847 

112 

6 

5 

525 

137 

1,016 

35 

5,080 

6,596 

3,273 

1,431 

18 

18,113 

3,646 

200 

— 

220 

1 

4,067 

6 

2,464 

5,352 

3,236 

| 79 

17,079 

25,345 

10,409 

1,452 

797 

66,214 

11,890 

9,909 

2,942 

16,284 

15,590 

11,263 

77 

9 

67,964 

7 

6,126 

2,186 

3,458 

215 

11,076 

8,581 

1,530 

1,372 

1,324 

35,868 

10,982 

44 

6,729 

| 8,559 

1,659 

1,390 

256 

— 

29,621 

8 

3,956 

21,490 

1,868 

138 

11,854 

9,533 

3,918 

4,826 

110 

57,694 

12.470 

1 

155 

13,910 

2,025 

— 

1,429 

2 

30,986 

9 

5,626 

14,523 

1,616 

136 

9,615 

4,225 

914 

4,435 

151 

41,242 

25,478 

7,535 

19,693 

8,662 

4,531 

568 

10 

66,478 

1830 

1,249 

1,900 

1,362 

180 

22,294 

6,671 

1,114 

2,520 

15 

37,307 

15,625 

2,086 

21,460 

5,785 

153 

414 

47 

45,570 

2 

3 

4 

5 

6 

6,407 

2,667 

462 

115 

35,211 

13,963 

471 

4,663 

263 

1 64,222 
| 

53,912 

5,893 

| 

137 

18,447 

7,104 

4,205 

515 

r 

2,121 

j 

92,334 

7 06 

STATEMENT  shewing  the  Number  of  Quarters  of  each  kind  of  GRAIN,  LEGUMES,  and  SEEDS,  and  of  Sacks  & Barrels  of  FLOUR, 
brought  to  Mark  Lane  Market,  LONDON,  according  to  the  Corn  Meters  Return,  made  to  the  Chamberlains  Office  at  Guildhall,  in  each  of  the 
20  Years  1812-  1837. 

Yrs. 

GRAIN. 

LEGUMES. 

Brank 

SEEDS. 

Malt 

FLOUR. 

Wheat 

Barley 

Oats 

Rye 

Beans 

Peas 

Tares 

Mustd. 

ta 

Linseed 

Various 

Sacks 

Barrels 

1812 

480,145 

200,173 

597,028 

33,582 

81,692 

36,492 

1,711 

1,091 

3,117 

8,887 

108,868 

14,299 

134,334 

289,902 

.. 

13 

656,426 

243,147 

755.630 

12,978 

76,644 

46,726 

2,156 

1,135 

4,104 

33,516 

75,879 

13,489 

164,840 

388,955 

11 

768,021 

292,578 

725,009 

3,415 

91,766 

44,007 

2,262 

1,708 

9,702 

21,971 

103,136 

13,429 

171,987 

399,502 

15 

471,840 

282,805 

842,572 

2,259 

106,616 

52,016 

2,236 

2,418 

5,965 

20,830 

59,298 

16,913 

177,804 

362,828 

