

94,043 

12,829 

11,208 

584 

27,164 

111,285 

112,280 

14,255 

311 

7,561 

396,018 

7 

787,546 

6 

27,264 

15,720 

20,057 

— 

62,032 

255,651 

134,669 

7,104 

— 

7,752 

314,851 

2,025 

897,127 

7 

56,942 

18,777 

40,386 

21,434 

132,209 

27,766 

2,515 

— 

6,423 

405,255 

160 

711,868 

8 

19,151 

13,563 

18,161 

1,304 

41,841 

253,043 

144,353 

166,973 

29,890 

40,929 

652,584 

29,118 

1,410,911 

9 

5,650 

113,819 

341,567 

17,015 

83,289 

353,959 

306,966 

144.549 

48,940 

22,099 

519,493 

238,223 

2,195,570 

1830 

1 

Wheat 

Oats 

1800 

110/5 

43/7 

10,498 

9,425 

13,462 

64,247 

246,698 

198,671 

— 

2,411 

4 

545,018 

1 

115/11 

35/11 

17,100 

8,988 

1,936 

71,800 

259,892 

22 1 ,403 

70 

— 

375 

1,481 

583,043 

2 

67/9 

19/9 

3,962 

3,954 

3,658 

16,240 

112,792 

100,447 

— 

795 

341,931 

— 

583,779 

3 

57/1 

20/11 

610 

— 

8,619 

4,549 

158,327 

80,974 

. — — 

226 

266,359 

1,501 

521,167 

4 

60/5 

23/7 

470 

15,905 

26,538 

184,529 

128,562 

143,753 

156 

219 

240,022 

240 

740,394 

5 

87/1 

27/6 

— 

2,282 

13,755 

117,462 

81,954 

58,504 

— 

953 

203,302 

200 

478,411 

6 

76/9 

26/9 

— 

— 

8,708 

37,369 

107,974 

29,148 

231 

357,076 

— 

540,506 

7 

73/1 

27/6 

2 

— 

61,071 

10,750 

130,356 

222,249 

96 

124 

389,649 

1,384 

815,681 

8 

78/11 

32/4 

— 

] 

— 

21,971 

11,170 

109 

368 

519,974 

1,061 

614,654 

9 

94/5 

30/6 

— 

387 

— 

102,552 

189,289 

■ 

1,125 

845,783 

4,147 

1,143,243 

1810 

103/3 

27/9 

6 

2,872 

14,814 

875 

30,480 

62,918 

— 

564 

493,231 

3,449 

609,209 

11 

92/5 

26/9 

94 

2,577 

6,917 

14 

— 

— 

— 

12 

275,757 

2,094 

287,464 

12 

122/8 

43/2 

1,779 

— 

10,115 

■ 

— 

— 

389 

390,926 

2,825 

406,035 

13 

106/6 

37/4 

— 

3,508 

27,013 

770 

26,159 

— 

— 

16 

691,469 

2,990 

751,954 

14 

72/1 

24/11 

991 

386 

8,646 

38,698 

26,158 

145,098 

27,962 

1,004 

564,010 

2,208 

815,161 

15 

63/8 

22/11 

— 

7,915 

280 

20,078 

79,075 

12,920 

440 

597,537 

163 

718,409 

16 

76/2 

22/6 

— 

— 

5,721 

1,173 

17,756 

50,627 

716 

683,714 

— 

759,707 

17 

94/ 

31/6 

119,923 

— 

82,969 

58,797 

107,635 

107,669 

502 

1,061 

611,118 

433 

1,090,112 

18 

83/8 

31/6 

308,503 

506 

125,602 

121,878 

137,222 

291,835 

1,247 

2,955 

1,069,385 

2 

2,059,135 

19 

72/3 

27/4 

375,206 

795 

32,459 

74,507 

36,844 

65,797 

— 

1,092 

789,613 

25 

1,376,338 

1820 

65/10 

23/6 

260,762 

13,492 

110,781 

126,334 

99,107 

69,564 

1,468 

2,136 

916,251 

6 

1,599,900 

1 

54/5 

18/11 

23,426 

— 

21,580 

10,899 

28,868 

16,527 

— 

1,901 

1,162,249 

— 

1,265,449 

2 

43/3 

17/7 

15,298 

— 

13,065 

10,441 

13,452 

3,013 

— 

374 

569,237 

— 

624,879 

3 

51/9 

22/3 

12,971 