16 

511,691 

230,592 

838,133 

3,094 

109,951 

47,398 

2,840 

3,902 

5,220 

6,560 

33.602 

16,517 

146,115 

338,049 

17 

681,495 

311,695 

716.689 

17,201 

93,176 

61,514 

2,300 

6,418 

5,152 

13,003 

97,781 

20,445 

151,123 

319,480 

102,841 

18 

| 1,001,379 

544,893 

1 

,232,767 

13,689 

145,941 

73,794 

2,763 

18,462 

3,283 

10,383 

129,104 

15,405 

183,964 

369,733 

18,347 

19 

! 113,433 

383,786 

887,705 

5,021 

159,388 

48,102 

5,290 

3,639 

3,331 

9,201 

64,860 

11,919 

162,402 

381,986 

1 3,200 

1820 

636,517 

253,452 

1 

,150,833 

1,063 

74,633 

50,233 

6,574 

6,691 

6,471 

7,410 

87,054 

15,865 

193,866 

406,849 

43,124 

1 | 

529,004 

242,070 

748,045 

2,312 

106,688 

52,553 

4,912 

14,247 

5,079 

6,580 

66,101 

18,925 

216,220 

447,759 

9,735 

o | 

471,852 

251,457 

801,079 

2,128 

104,250 

55,771 

3,423 

7,555 

4,973 

17,670 

79,112 

20,775 

241,393 

440,991 

2,530 

»| 

377,567 

168,381 

856,809 

820 

77,965 

51,920 

3,123 

7,848 

4,836 

8,446 

78,038 

12,048 

212,239 

489,973 

6,226 

4 

401,377 

240,260 

964,827 

3,074 

84,108 

60,074 

9,793 

17,585 

4,835 

13,333 

92,915 

16,407 

243,208 

486,493 

16,441 

5 

496,867 

467,088 

1 

,142,817 

398 

98,964 

60,910 

14,316 

13,719 

2,699 

11,010 

140,727 

5,570 

266,885 

521,365 

9,553 

6 

490,917 

384,275 

1 

,244,056 

24,381 

111,357 

75,040 

18,783 

3,634 

1,261 

21,093 

95,278 

4,872 

266,534 

466,715 

1 ,437 

7 

331,632 

253,181 

1 

,225,012 

7,958 

108,804 

53,838 

10,168 

6,356 

1,736 

10,180 

112,412 

6,258 

215,288 

119,789 

5,000 

8 

783,541 

262,285 

1; 

,530,425 

6,284 

96,755 

67,693 

15,888 

11,834 

6,134 

12,367 

111,305 

6,134 

246,905 

523,106 

10,242 

9 

1,040,829 

356,204 

1 

,145,754 

18,632 

82,070 

65,331 

8,280 

15,097 

6,639 

9,957 

91,431 

11,162 

219,478 

368,888 

77,085 

1830 

878,241 

337,496 

901,000 

7,148 

75, 165 

56,072 

4,282 

618 

5,319 

21,922 

47,059 

15,294 

234,137 

412,876 

92,837 

1 

2 

3 

4 

5 j 

967,094 

439,543 

1. 

,084,261 

18,842 

83,115 

50,949 

8,151 

6,388 

J 

5,420 

10,295 

145,866 

17,799 

269,641 

415,597 

229,751 

STATEMENT  shewing  the  Total  Number  of  Quarters  of  each  kind  of  GRAIN,  and  FLOUR  and  M EAL,  ( the  Flour  and  Meal  conver- 
ted into  Quarters  of  their  respective  kind  of  Grain, ) IMPORTED  into  all  the  Ports  of  Great  Britain,  from  all  parts  of  the  World,  in 
each  of  the  32  Years  1800-  1831  ; distinguishing  the  proportiou  Imported  from  Ireland,  in  each  Year. 

Years 

QUARTERS  of  \ 

! 

TOTAL 

Quarters 

Proportion 

Ireland 

Wheat 

Oats 

Barley 

Beans 

Peas 

Rye 

Indian  \ 
Corn  j 

1800 

1,264,520 

545,018 

130,796 

15,796 

26,796 

144,531 

11,198  i 

2,188,837 

3,238 

1,424,765 

583,043 

