

■ 1,562 

135,182 

4,781 

510,691 

1,  28,192  * 

3 

41,105,623 

„ 

53,872,284 

70,579 

49,916 

* 2,567 

14,651 

f‘2,414 

140,127 

4,791 

494,521 

3 28,028  S 

4 

38,118,041 

20 

61,867,329 

78,324 

35,697 

24,522 

13,788 

* 915 

153,246 

4,291 

448,751 

1 26,157  gg 

5 

40,383,491 

23 

59,682,406 

101,045 

39,416 

16,426 

17,286 

1.4,509 

178,684 

4,618 

463,482 

| 33,365  Sa 

G 

37,491,282 

22 

58,176,283 

100,273 

35,293 

17,338 

18,383 

71,985 

173,278 

4,676 

507,805 

| 44,560 

7 

66,212,737 

21| 

74,925,306 

143,756 

11,852 

21,092 

18,956 

11,690 

197,346 

5,791 

662,309 

* 62,831 

8 

12,064,366 

19 

43,605,982 

*25,426 

6,572 

16,329 

15,178 

•2,710 

66,215 

5,225 

516,836 

40,638 

9 

53,210,225 

16 

92,812,282 

130,581 

87,292 

15,998 

25,687 

1 7,728 

267,283 

6,023 

594,601 

47,580 

1810 

93,874,201 

7/ 

132,488,935 

199,220 

73,224 

22,258 

18,300 

1 7,500 

320,600 

6,729 

734,391 

65,782 

11 

62,186,081 

15! 

91 ,576,535 

97,626 

46,183 

19,798 

6,927 

^2,258 

172,792 

5,616 

611,190 

54,733 

12 

28,952,544 

io! 

63,025,936 

79,528 

62,676 

18,704 

7,904 

= 2,962 

171,774 

4,599 

446,788 

20,260 

24,143 

13 

19,399,911 

12 

50,966,000 

18,640 

88,113 

14,310 

12,223 

27,996 

141,282 

5,341 

547,426 

24,134 

26,042 

14 

17,806,479 

15 

60,060,239 

40,448 

103,248 

15,512 

17,341 

*6,174 

182,720 

5,706 

548,957 

28,631 

31,111 

15 

82,998,747 

21 

99,306,343 

160,128 

68,952 

18,401 

11,712 

11,791 

270,984 

6,440 

709,849 

36,310 

40,605 

16 

81,747,116 

29! 

93,920,055 

142,120 

93,730 

20,361 

8,372 

11,543 

276,525 

6,888 

774,243 

43,765 

48,881 

17 

85,649,328 

26! 

124,912,968 

164,153 

100,259 

13,563 

12,511 

23,689 

314,181 

6,079 

653,425 

35,186 

40,703 

18 

92,471,178 

34 

177,282,158 

173,000 

139,247 

14,410 

12,612 

86,126 

425,395 

6,779 

754,690 

43,842 

54,695 

19 

87,997,045 

24 

149,549,971 

175,545 

131,701 

9,865 

7,038 

62,037 

366,186 

7,849 

867,318 

50,042 

60,085 

1820 

127,860,152 

17 

150,043,082 

272,574 

161,628 

10,262  1 

6,561 

7,668 

458,693 

7,276 

805,033 

44,718 

49,695 

1 

124,893,405 

16 

130,982,479 

271,649 

114,951 

9,553 

13,149 

3,849 

413,151 

7,810 

839,848 

43,131 

51,425 

2 

144,675,095 

16! 

141,253,993 

291,293 

135,682 

14,640 

10,123 

2,162 

453,903 

8,136 

892,902 

47,229 

55,174 

3 

173,723,270 

12 

189,161,345 

410,782 

138,759 

8,962 

11,212 

8,832 

578,347 

8,916 

1,010,819 

52,837 

62,945 

4 

142,369,663 

15 

149,380,122 

254,430 

135,981 

|o  18,622 

37,293 

446,326 

10,001 

1,180,914 

60,878 

70,033 

5 

176,449,907 

21 

228,005,291 

395,349 

188,474 

.s!  24,134 

96,821 

704,778 

10,837 

1,223,820 

126,692 

6 1 

204,535,415 

11 

177,607,501 

371,020 

53,232 

