

166,689 

80,383 

103,505 

39,136 

57,346 

101,163 

2 Canterbury  

76,088 

14,116 

56,395 

3,940 

96,858 

46,163 

61,719 

15,066 

12,406 

60,398 

3 Sussex  

84,981 

18,369 

68,162 

3,548 

112,029 

71,440 

75,417 

9,969 

16,839 

73,177 

in 

c 

4 FI  ants  . . . . , t 

10,487 

572 

7,051 

1,278 

15,031 

4,890 

7,455 

917 

4,123 

8,715 

>- 

5 Salisbury  

7,272 

587 

5,197 

963 

10,133 

4,564 

4,684 

1,062 

3,773 

6,004 

6 Hereford  

31,249 

56/10 

15,132 

16,830 

42,447 

25,755 

28,764 

1,701 

3,172 

35,568 

'K 

7 Worcester 

6,288 

62/2 

4,621 

2,967 

7,314 

5,227 

7,230 

379 

379 

7,714 

'l 

8 Wales  

512 

193 

222 

503 

307 

339 

2 

13 

436 

s i 

9 Stourbridge  

2,855 

25/6 

1,099 

695 

3,032 

1,502 

2,128 

166 

91 

2,159 

4,133 

38 

1,896 

107 

5,252 

3,139 

933 

282 

1 513 

2,394 

1 

1]  Suffolk  

1,273 

87 

711 

30 

1,441 

693 

3,176 

83 

430 

950 

! 

1 12  Lincoln  

4,334 

13 

1,888 

1,872 

4,594 

284 

1,154 

412 

2,022 

3,921 

t all  other  

2,456 

121 

1,323 

1,606 

3,079 

10,607 

2,674 

158 

1,019 

1,540 

TOTAL  Amount  of  Duty  £ 

354,304 

45,319 

258,838 

42,290 

468,402 

254,954 

299,178 

69,333 

153,126 

304,139 

Amount  paid  in  each  Year  £ 

263,093 

35,836 

196,890 

212, IG0 

102,735 

442,841 

272,874 

245,025 

121,451 

152,297 

f"  1 Rochester 

1,362 

128 

1,083 

99 

1,466 

724 

952 

378 

558 

976 

2 Canterbury  

1 ,216 

242 

954 

59 

1.340 

690 

950 

241 

495 

961 

G 

3 Sussex  

1,389 

346 

1,150 

55 

1,518 

982 

1,084 

155 

700 

1,079 

15 

4 Hants  

1,150 

120 

544 

123 

1,306 

377 

583 

83 

358 

803 

£ 

5 Salisbury  

1,045 

328 

86 

709 

129 

1,349 

525 

551 

123 

428 

705 

6 Hereford  

160 

167 

410 

255 

287 

172 

321 

345 

{ 7 Worcester 

329 

248 

119 

393 

190 

382 

20 

20 

452 

£ 

| 8 Wales  

360 

146 

193 

428 

265 

269 

2 

22 

400 

9 Stourbridge  

431 

160 

102 

447 

254 

344 

29 

15 

362 

1 

1 0 Essex 

1,215 

12 

484 

28 

1,476 

747 

604 

79 

460 

707 

fc. 

5“ 

11  Suffolk 

1*040 

808 

82 

614 

25 

1,178 

554 

746 

73 

361 

820 

*?j 

j 1*2  Lincoln 

2 

383 

403 

968 

64 

707 

88 

480 

900 

1 all  other  

735 

4 

46 

60 

112 

400 

92 

65 

430 

533 

. 

Average  tbs.  Weight  Acre 

971 

1.31 

715 

108 

1,113 

655 

742 

! 80 

393 

774 

£1  0 In  £3  0 

£!s  OW  £8  6 

£7  to  l.  17  10 
9 to  22 

23  10  l°o  ' 5 16 

”9  “'I  5 

The  quantity  of  Hops  grown  in  the  22  Years  1785-1803,  averaged  22,538,000  ibs.  If  Annum, 
the  Years  1787,  1793,  1802,  and  1805,  having  been  Years  of  failure  ; and  1794,  & 1801,  Years  of 
great  abundance,  the  quantity  charged  with  Duty  in  1801,  having  been  50,057,112  lbs. 

In  1802,  only  3,707,170  • 

In  1803,  the  quantity  was  41,573,237  » 