113,966 

16,246 

44,218 

146,732 

77,472 

2,409,445 

900 

2 1 

647,663 

583,779 

15,262 

5,792 

10,672 

15,478 

5,261  ! 

1,286,201 

467,067 

» 

373,725 

521,166 

14,021 

1,737 

23,992 

4,099 

712  i 

939,485 

343,548 

4 

461,139 

740,393 

11,596 

11,928 

19,648 

2,644 

244  I 

1,247,593 

316,958 

5 

920,834 

478,411 

43,301 

10,736 

10,218 

24,267 

22 

1,487,791 

306,923 

6 

310,342 

540,506 

5,386 

3,406 

1,559 

1,014 

112 

862,328 

I 466,946 

7 ! 

404,946 

815,680 

26,092 

13,774 

6,070 

7,740 

1,068 

1,275,367 

463,406 

8 

84,888 

614,653 

35,250 

10,739 

12,882 

5,297 

4,308 

769,248 

656,770 

9 

455,987 

1,143,242 

29,969 

29,966 

33,109 

13,614 

1 ,262 

1,707,685 

933,658 

810  | 

1,567,126 

609,209 

26,318 

15,226 

12,268 

90,982 

36 

2,322,060 

632,848 

11 

336,130 

287,464 

42,840 

4,438 

5,015 

27,830 

16 

705,257 

430,188 

12 

290,709 

406,035 

83,658 

5,024 

712 

72,820 

16 

859,332 

600,268 

13 

559,000 

751,954 

83,268 

5,405 

7,603 

35,039 

593 

1,442,872 

977,164 

14 

852,566 

815,161 

46,032 

43,385 

9,842 

6,045 

— 

1,773,036 

812,805 

15 

384,475 

718,409 

29,578 

18,363 

1,624 

1,805 

2 

1,154,258 

821,192 

16 

332,491 

759,707 

78,494 

6,099 

1,161 

15,117 

— 

1,193,072 

873,865 

17 

1,089,854 

1,090.111 

161,812 

5,850 

13,161 

140,092 

157 

2,501,039 

699,809 

8 

1,694,261 

2,059,135 

722,843 

120,779 

62,006 

78,085 

1,414 

4,738,521 

1,207,851 

19 

625,638 

1,376,338 

394,180 

190,628 

42,012 

18,675 

27,903 

2,675,373 

967,861 

1820 

996,479 

1,599,900 

117,014 

19,218 

8,926 

12,240 

5,193 

2,758.970 

1,417,120 

1 | 

707,384 

1,265,419 

98,479 

5,099 

3,185 

661 

212 

2,080,471 

1,822,816 

2 

510,602 

624,879 

41,690 

7,234 

1,152 

353 

2,980 

1,188,893 

1 ,063,038 

3 

424,019 

1,131,452 

19,770 

5,768 

587 

198 

— 

1,581,794 

1,528,153 

4 

441,591 

1,713,191 

73,592 

7,876 

5,581 

966 

91 

2,244,062 

1,634,024 

5 

787,546 

1,835,524 

583,490 

22,099 

18,113 

4,067 

73 

3,261,7:>8 

2,203,961 

6 

j 897,127 

2,428,027 

344,908 

130,910 

66,214 

67,964 

6,369 

3,942,726 

1,693,391 

7 

711,868 

3,084,606 

273,832 

152,748 

35,868 

29.621 

152,515 

4,441,658 

1,830,312 

8 

1,410,911 

2,242,135 

255,711 

81,550 

57,694 

30,986 

19,988 

4,120,983 

2,826,869 

9 

1 2,195,570 

2,214,898 

377,462 

55,494 

41,242 

66,478 

23,943 

4,995,746 

2,307,748 

1830 

2,205,147 

1,976,110 

332,798 

35,991 

37,307 

45,570 

7,547 

4,643,300 

2,215,549 

1 

2 

3 

4 

2,868  881 

\ 

2,278,295 

567,331 

38,428 

64,222 

1 

92,334 

i 

45,265 

5,972,338 

2,430,529 

The  STATEMENT  below,  exhibits 
the  Official  Value  of  all  Corn,  Grain, 
Flour,  and  Meal,  IMPORTED  into, 
and  Re-exported  from,  Great  Britain,  to, 
and  from,  all  parts  ( except  Ireland ; ) and 
the  Official  &f  Declared  Value  of  Grain  $• 
Flour  ofBiitish  Produce,  EXPORTED 
from  Great  Britain  in  each  of  the  18  Years 
1814 — 1831.  For  the  Rates  of  Valu- 