64,100 

's'S 

9 

505,070 

163,290 

35,240 

25,600 

23,800 

753,000 

22,200 

18,800 

55,000 

1,300 

109,300 

1830 

534,400 

182,900 

47,300 

23,900 

15,700 

804,200 

9,700 

.3,000 

22,300 

200 

35,800 

S 0 
~ 0 

^ ir> 

1 

s S 

Is 

2 

3 

4 

| 

S*  ® 

31 

5 

£- 

300 

10/0 

300 

11/0 

360 

13/0 

3 f 7,250 

47,200 

18,600 

7,550 

80,600 

550 

20 

52,000 

18,100 

6,200 

3,600 

79,900 

325 

11/6 

167,000 

31,200 

15,800 

12,900 

76,600 

280 

9/0 

iK 

21,500 

34,900 

52,200 

6,000 

114,600 

220 

6/6 

g.  to 

50,680 

58,900 

162,800 

17,800 

290,180 

240 

8/0 

1819 

124  14 

154  18 

7 104 

) 

S.  s 

32,900 

35,200 

270,800 

13,600 

352,500 

220 

7/0 

1820 

84  102 

11  13 

6 9 

'S 

79,900 

68,600 

244,400 

14,600 

407,500 

200 

6/6 

1 

n m 

104  124 

5|  84 

St,  2-  g 

95,950 

54,850 

191,050 

11,700 

353,050 

235 

8/6 

2 

64  8| 

94  114 

H «2 

97,900 

52,800 

127,200 

8,750 

286,650 

200 

6/0 

3 

n n 

104  12 

6 74 

11  H| 

1 s' 

S.|£ 

156,400 

67,370 

105,280 

9,980 

339,030 

200 

6/6 

4 

8f  10| 

104  13 

o|  72 

104  114 

I «£ 

64,000 

46,100 

100,600 

8,900 

235,500 

200 

6/6 

5 

64  94 

104  124 

H 74 

94  11 

131,500 

108,740 

80,450 

12,630 

416,000 

200 

6/6 

6 

n n 

8|  11 

5 04 

74  82 

1 r§ 

118,650 

66,740 

74,620 

8,810 

342,360 

180 

5/0 

7 

5 6| 

74  9 

4 54 

7 84 

^ 2.  § 1 

250,100 

80,750 

74,600 

10,350 

452,500 

150 

4/6 

8 

5|  6| 

74  84 

3|  54 

74  84 

3s  M 

172,800 

101,770 

83,880 

11,630 

405,900 

145 

4/6 

9 

h n 

H 74 

34  54 

64  8 

8 j»| 

107,350 

79,380 

73,940 

6,310 

289,490 

140 

4/0 

1830 

H 74 

7 84 

44  54 

84  94 

£ 

' <5,1 

179,340 

85,770 

39,130 

4,470 

320,270 

135 

3/0 

1 

'2 

^<5, 

2 

3 

1 <? 

4 

5 

1 

J 

S 

20 

20 

22 

32 

21 

17 

11 

12/6 

11/6 

10/6 

12/6 

10/6 

10/0 

10/0 

10/0 

8/6 

8/0 

8/0 

8/0 

7/0 

1811 

12 

13 

14 

15 

16 

17 

18 
19 

1820 

1 

2 

3 

4 

5 

6 

7 

8 
9 

1830 

1 

2 

3 

4 

5 

The  annexed  Statement  ex-  ^ 
iiibits  the  proportion  of  Cotton  I 
Wool  in  lbs.  Weight  Imported 
into  the  United  Kingdom,  | 
from  each  respective  Country ^ 
of  Growth,  in  each  of  the  three  I 
Years  1827—1829,  by  which 
the  Wt.  of  the  respective  Bags 
and  Bales  may  be  inferred. 

f Years 

United  States  of  America  . . 

Brazils 

East  Indies 

Egypt 

British  West  Indies 

All  other  parts  

Total  United  Kingdom. 
Proportion  Great  Britain. 

do.  Ireland  

1827. 

1828. 

Iks.  * 

1829. 

j^3- 

1830. 

Iks. 

1831. 

Ite 

1832. 

1833. 

__  Hra 

216,924,812 
20,716,162 
20,930,542 
4,084,741 
7,165,881 
2,626,77 1 

151,752,289 

29,143,279 

32,187,901 

6,454,386 

5,893,800 

2,328,987 

157,187,396 
28,878,386 
24, v 57,800 
5,894,480 
4,640,414 
1,308,935 

* IDS. 

272,448,909 