29,711 

54,891 

51,454 

37,282 

26,756 

5 Germany  

460,425 

423,678 

544,681 

678,665 

500,830 

588,224 

6 Holland  and  Flanders  . . . . 

383,446 

326,903 

270,682 

357,374 

258,681 

254,752 

7 France 

72,256 

4,359 

5,916 

2,483 

1,304 

1,309 

8 Portugal,  Azores  & Madeira 

727,805 

568,453 

572,662 

381,613 

412,416 

426,852 

9 Spain , & the  Canaries  . . . . 

231,610 

146,540 

201,943 

184,048 

134,698 

123,214 

10  Gibraltar  

137,604 

103,542 

128,459 

105,861 

75,310 

90,886 

11  Italy 

123,460 

102,815 

169,220 

343,464 

290,529 

200,947 

12  Malta  and  Ionian  Isles  . . . 

153,927 

67,333 

84,797 

23,885 

15,633 

12,240 

13  Turkey  and  the  Levant  . . . . 

10,926 

11,072 

30,144 

29,643 

15,490 

12,871 

14  New  Holland  

2,161 

2,969 

1,493 

662 

4,369 

10,040 

15  Coast  of  Africa  and  Cape  .. 

44,204 

37,852 

36,530 

38,904 

27,885 

41,781 

16  British  North  America  . . . . 

599,685 

447,638 

194,784 

279,219 

370,115 

237,232 

17  „ West  Indies  

307,656 

177,023 

277,986 

284,450 

240,459 

172,598 

18  Brazils 

352,183 

343,135 

369,818 

564,393 

406,418 

342,044 

19  other  parts  of  S.  Am.  & Mex 

75,249 

74,683 

160,152 

237,194 

105,598 

153,444 

20  Foreign  West  Indies 

51,435 

75,487 

117,057 

46,364 

48,070 

75,752 

21  Guernsey,  Jersey  and  Man 

26,638 

25,819 

26,952 

32,126 

35,071 

38,209 

TOTAL  Declared  1S14.|£6,372,494 

9,338,142 

7,844,855 

7,163,471 

8,143,193 

5,987,442 

5,585,439 

u Official  « | 4,931,670 

7,122,570 

5,586,364 

5,676,920 

6,344,100 

4,602,270 

4,363,973 

Amounts  of  Declared  Values  in  proportion  to  1814. 

Annual  Aggregate  Deprciatiou  

Depreciation  Cent 

9,203,402 

7,218,461 

7,335,474 

172,003 

8,197,575 

54,382 

5,946,357 

5,633,940 

53,510 

Official  Value  to  Ireland  £ 

325,299 

227,649 

361,842 

452,681  | 

445,324 

343,338 

Declared  do.  to  do.  » 

817,785 

559,675 

783,949 

905,695  ; 

912,887 

995,733 

1821. 
— £ — 
1,421,555 
1,980,011 
566,966 
24,888 
566,119 
251,971 
1,208 
386,948 
28,720 
127,116 
198,421 
8,485 
3,772 
14,166 
50,762 
222,644 
177,461 
322,561 
220,508 
49,993 
39,649 

6,463,924 

5,400,922 

7,106,057 

644,133 

12  IP  Ct, 
+ltT.h'El 

1822. 

~£— 

1,080,479 

2,362,846 

113,851 

20,277 

581,901 

296,798 

2,955 

342,814 

26,463 

192,911 

386,386 

9,533 

1,744 

19,391 

23,119 

244,718 

177,137 

205,560 

318,496 

42,974 

37,317 

6,483,674 
5,943,612 
7,630,082 
1,184,418 
20  ■f’Cf. 

1823. 
— £ — 
1,044,806 
1,577,734 
139,785 
22,254 
576,588 
279,155 
1,919 
285,625 
34,787 
138,07  1 
326,394 
10,665 
4,698 
15,023 
47,979 
279,404 
156,995 
293,150 
295,124 
63,585 
40,728 

1824. 

—£— 

879,316 

1,767,454 

88,620 

14,046 

568,979 

302,236 

3,384 

475,685 

82,709 

160,191 

235,400 

11,388 

10,778 

14,991 

41,998 

352,015 

151,560 