

n 

71 

71 

71 

«i 

71 

8 

7f 

6 

61 

61 

61 

6 

61 

6 

61 

61 

61 

61 

6i 

71 

70/ 

55/ 

7 

n 

H 

7 

61 

7 

6 

61 

6 

61 

7 

61 

61 

61 

61 

61 

6 

7 

61 

51 

6 

6 

51 

6 

51 

54/ 

72/ 

1* 

8 

6 

Si 

61 

6i 

61 

71 

7 

8 

71 

61 

61 

61 

7 

61 

61 

6 

61 

51 

51 

6 

61 

71/112/ 

9 

6 

7 

7i 

7« 

«i 

8 

81 

8 

71 

8 

81 

7 

71 

7 

6| 

61 

61 

7 

61 

61 

7 

61 

6|* 

71 

110/ 

82/ 

3 

1810 

8 

n 

7$ 

81 

71 

81 

8 

81 

«1 

8 

71 

71 

71 

— 

71 

8 

71 

8 

71 

71 

7 

71 

84/ 

65/ 

1 

11 

n 

7 

7 

7 

71 

7f 

71 

8 

71 

81 

71 

71 

81 

8 

81 

71 

— 

71 

8 

71 

7 

71 

71 

62/ 

75/ 

12 

7 

n 

7 

8 

8 

71 

71 

8 

7| 

9 

8 

9 

81 

8 

81 

8 

81 

71 

71 

7 

71 

71 

8 

73/ 

90/ 

ST 

13 

8 

9 

8|  10 

9f 

101 

61 

9 10| 

9 

— 

9 

81 

8 1 

9 

81 

8 

71 

81 

81 

81 

9 

81 

84/100/ 

o* 

14 

n 

9 

91*11 

10| 

10 

10 

n 

10 

81 

9 

61 

8f 

— 

8 

71 

8 

81 

71 

71 

71 

71 

71 

8 

110/ 

78/ 

<5 

15 

8 

7 

6| 

7| 

n 

7 

71 

71 

6f 

— 

6# 

7 

61 

61 

61 

61 

61 

61 

61 

6 

61 

61 

61 

6 

82/ 

60/ 

S' 

16 

6 

— 

6 

— 

51 

6 

n 

8 

7 

61 

6| 

— - 

61 

51 

6 

51 

51 

6 

51 

51 

5| 

51 

55/ 

47/ 

17 

5I 

s| 

6 

— 

61 

6 

si 

51 

H 

6 

5f 

5i 

51 

6 

5| 

51 

51 

51 

5i 

51 

5 

51 

6 

61 

52/ 

77/ 

75 

, 

18 

6| 

7 

6| 

8 

71 

8 

71 

8 

71 

7 

6f 

7 

— - 

7 

71 

7 

71 

71 

8.7 

8 

71 

71 

8 

71/ 

90/ 

t©  ' 

19 

n 

7 

7J 

71 

71 

81 

81 

8| 

71 

8 

71 

7 

71 

71 

71 

— 

71 

71 

71 

71 

7 

6f 

7 

71/ 

52/ 

1820 

7 

6| 

71 

— 

71 

71 

7 

81 

81 

8 

81 

71 

71 

7f 

71 

71 

7 

61 

6 

51 

51 

6 

4 

6 

63/ 

48/ 

© 

1 

6 

Si 

61 

6i 

51 

6 

5f 

51 

51 

5f 

51 

5 

5 

4f 

5 

41 

41 

41 

5 

1 

41 

— 

41 

31 

40/ 

44/ 

to 

G> 

2 

4 

4i 

41 

4 

41 

4 

3f 

31 

31 

31 

31 

— 

31  s 

K'3i 

31 

4' 

31 

31 

31 

31 

31 

— 

3) 

31 

55/ 

32/ 

3 

n 

41 

41 

4f 

51 

51 

51 

6| 

51 

6 

6 

51 

51 

5 

51 

5 

5 1 

51 

51 

5 

4i 

5 

41 

51 

38/9  33/6 

4 

5| 

5 

S| 

si 

51 

— 

si 

51 

51 

6 

51 

31 

5| 

6 

51 

51 

51 

6 

51 

6 

51 

— 

51 

34/3  36/6 

S j 

5 

5f 

6| 

6| 

61 

7 

71 

71 

6| 

7 

7i 

7 

61 

6f 

61 

7 

6l 

61 

7 

6f 

7 

61 

— 

— 

61 

42/ 

35/3 

cc 

6 

6| 

6l 

61 

— 

6 

61 

5| 

61 

6| 

6 

61 

6 

51 

6 

6 

— 

a 

6i 

61 

51 

51 

51 

51 

6 

32/ 

39/3 

o 

w 

7 

5| 

61 

s| 

si 

51 

61 

6| 

71 

71 

71 

61 

7 

61 

6 

61 

— 

— 

61 

61 

6 

6 

51 

51 

6 

36/ 

39/3 

1 

8 

H 

6 

6| 

61 

7 

61 

61 

6 

61 

51 

6 

6 

6 

6 

51 

6 

37/ 

) 

CD 

1823 

38/9 

37/ 

36/ 

33/6 

34/9 

35/ 

34/6  | 

37/3 

38/9 