

190,330 

145, 114 

252,667 

130,014 

173,001 

274,366 

181,836 

38 

1,106 

3,879 

129 

15,222 

2,310 

39 

2,416 

36 

106 

16 

70 

30,196 

80,595 

723 

16,875 

9,942 

5,688 

830 

281 

11.012 

127 

832 

1 ,855 

59 

832 

1,159 

1,532 

672 

141 

14 

151 

42 

[ 

140 

21 

418 

681 

375 

395 

517 

372 

514 

506 

5,807 

100 

5,529 

10,101 

— 

2,508 

3,224 

— 

82 

718 

1 298 

4 

26 

1,501,015  1 617,881 

413,543  1 217,635 

197,053 

274,099 

1,050,810 

323,162 

244,926 

184,186 

131,343 

151,060 

1,502,173 

! 247,026 

247,788 

147,610 

170,550 

123,028 

2,158,780 

398,730 

326,784 

265,719 

174,924 

188,138 

1,833.933 

304,171 

191,988 

155,794 

107,402 

125,554 

1,983,903 

201,548 

1 1 1 ,020 

121,771 

80,222 

88,689 

2,110,812 

249,757 

136,639 

134,737 

82,029 

93,821 

2.051,030 

287,792 

161,789 

137,760 

131,333 

107,455 

1,973,630 

2-19,909 

170,009 

115,421 

111,117 

81,857 

2,084,005 

180,011 

165,452 

125,881 

157,218 

86,626 

2,145,764 

10!), 686 

190,586 

15!), 479 

207,188 

82,815 

1,012,241 

123,695 

84,441 

126,173 

6!), 926 

53,117 

1,859,405 

138,761 

153,443 

164,251 

81,280  j 

94,225 

136,905 

262,281 

12,020 

7,165 

9,087 

897 

262,569 

961,754 

1,251, 551 

877,885 

34,780 

90,879 

34,144 

128, 109 

4,072 

27,422 

36,872 

162 

5,571 

9,508 

1,230 

4,806 

3,185 

829 

454,11 1 

188,2)9 

13,035 

35,532 

1 1 ,980 

5,105 

84,654 

224,185 

7,860 

25,451 

136,500 

14,585 

1,850 

75 

2.111) 

1 1 ,600 

4,337  | 

25,788 

22,670 

25,590 

10,920 

30,977 

1,969 

26,343 

19,969 

13,150 

6,332 

2*2,470 

1,920 

17,745 

18,280 

3,200 

2,981 

41,733 

2,145 

85,955 

29,650 

5,232 

15,618 

106,450 

933 

1,192 

1,315 

750 

3,975 

258 

1,265 

6,000 

2,310 

— 

5,300 

142 

1,579 

50,459 

27,870 

5,296 

3,939 

1,455 

5,587 

31,681 

10,114 

2,720 

2,292 

572 

26,721 

303,7.59 

181,362 

61,818 

10,029 

10,270 

20,333 

87,893 

183,866 

13,553 

2,908 

1,851 

41,305 

34,485 

30,749 

28,307 

35,120 

1,269 

13,625 

36,155 

23,255 

38,363 

48,060 

1,701 

9,032 

10, 6 6 

110,359 

2,2C0 

2,539 

50. 

1,938 

30,859 

9,891 

13,800 

10  1 

4501 

278,93)1 

4,313 

104,857  I 

194,043 

2,426 

67,699 

161,902 

2,357 

74,512 

184,158 

3,060 

72,870 

89,136 

2,180 

97,758 

45,265 

2,328 

91,066 

38,987 

2,065 

3,932 

46,865 

1,781 

6,187 

44,516 

1,305 

3,604 

43,045 

2,829 

3,655 

45,221 

6,553 

14,167 

36,467 

8,089 

22,791 

43,121 

14,557 

37,911 

3,040 

60 

308 

9,001 

— 

27,772 

— 

137 

27,573 

63 

96 

552 

4,771 

2,062 

94,354 

3,089 

8,205 

30,935 

65 

254,493 

30,680 

3, GOO 

40 

3,790 

277 

— - 

1,410 

2,406 

264 

181 

1,016 

5 

3,567 

24 

— 

28 

24 

— 

— 

105 

— — 

424 

1,188 

80 

620 

3,351 

72 

10,048 

3,437 

156 

4 

3,066 