

98/ 

2,815,320 

40,224 

26,636,472 

14,840,814 

139 

395,572 

70/6 

793,245 

18,046 

25,986,801 

15,756,131 

118 

405,545 

61/10 

942,498 

19,894,822 

18,104,550 

107 

2,196,113 

87/4 

6,403,894 

15,524,282 

18,596,664 

107 

3,913,590 

90/7 

10,908,140 

16,940,59 

17,450,905 

1,013, 02-j 
82/9 

4,235,000 

19,066,459 

21,114,451 

89 

1,387,504 

69/5 

2,720,000 

16,723,467 

19,220,365 

84 

272,992 

62/5 

380,000 

15,013,317 
22,171,889 
76  : 

115,914 
53/ 

170,000 

12,023,292 

19,385,561 

76 

41.000 
41/11 

75.000 
10,310 

12,440,782 

20,330,605 

77 

456,290 

56/8 

790,000 

172,228 

4,006,274 

19,230,633 

76 

1,128,342 

62/9 

2,310,000 

299,319 

9,781,9' 

20,333,61 

67 

2,117,31 

64/8 

4,100,01 

437,55 

7 

1 

■> 

6,724,832 

22,583,212 

65 

3 1,994,214 
56/ 

see  Notes. 
781,032 

5,314,831 

22,155,936 

64 

1,673,417 

54/2 

193,228 

8,174,918 

25,529,744 

66 

3,500,433 

63/3 

896,720 

6,199,361 

27,856,748 

57 

3,270,745 

64/3 

790,110 

4,671,354 

66/4 

541,159 

g ( 17  Egypt 

y £ < 18  West  Coast  of  Africa 

q ^ ( 19  Cape  of  Good  Hope  & St.  Helena 
'<  20  New  South  Wales,  and  New  Zealand 

h 

5 f21  British  North  America  

^ 22  United  States  of  North  America 

* a 1 23  Brazil 

es  j 24  Foreign  West  Indies  

y | 1 25  Mexico 

§ 26  Columbia 

2 ^ 27  Rio-de-la-Plata  

| l_20  Chili  and  Peru  

^ l Total  British  Produce  Sf  Manufactures. 
m Total  Colonial  and  Foreign  Produce. 

n Total  EXPORT, 
o Total  IMPORT. 

£ p Excess  of  Export. 

y q Official  Value  of  line  l. 

^ L **  Ratio  of  line  a to  every  £100  of  l. 

113,178 

259,034 

6,068 

4,399,753 

8,129 

1,910,872 

1,791,167 

| 772,279 

123,188 

210,654 

40,519 

3,461,742 

13,255,374 

1,896,064 

1,156,875 

635,086 

112,836 

238,838 

27,204 

2,471,326 

9,556,577 

1,825,268 

860,948 

322,229 

145,818 

260,541 

19,422 

1,515,317 

6,930,360 

2,034,696 

1,279,782 

616,642 

174,879 

215,708 

13,546 

1,768,153 

9,451,010 

3,180,642 

1,169,610 

815,115 

132, 7ll 
183,58‘| 
61, 492 

2,020,00i 

4,929,81(1 
1,937,331 
892, 30S 

438, 9<)| 

145,117 

248,182 

117,123 

1.559,104 

3,875,286 

2,101,030 

'939,782 

820,271 

201,435 

280,682 

126,114 

1,141,278 

6,214,875 

1,858,357 

1,050,778 

l 

1,083,880  < 
1 

208,267 

176,677 

213,574 

1,338,903 
6,865,263 
1,523,812 
868,041 
f 89,360 

} 70,178 

} 981,047 

[ 501,675 

172,361 

334,967 

168,039 

1,634,977 

5,464,874 

2,415,077 

1,073,914 

267,418 

200,914 

664,436 

671,048 

172,687 

245,054 

166,474 

1,950,343 

6,090,394 

2,597,235 

1,171,221 

391,997 

297,394 

1,141,920 

1,144,033 

199,731 

201,857 

199,700 

1,980,453 

7,018,934 

2,952,684 

907,998 

1,043,916 

450,975 

849,920 

1,128,220 

126, 9£ 
168,71 
219,51 

1,401,8C 
4,659,01 
1,707,72 
570,40 
471,28 
204, 5fl 
371,11 
440,21 

8 

8 

[ 

53,624 

163,960 