

\ 2,672,214 
33,410 
66,424 
164,277 
492,409 
6,110,356 
, 1,118,108 
632,964 
390,744 
1,668,130 
626,194 
2,441,958 
1,191,096 
269,698 
551,792 
296,603 

1,590,716 

32,016 

58,706 

135,400 

274,449 

5,282,279 

947,416 

723,174 

438,255 

2,153,321 

324,504 

2,161,860 

1,217,983 

203,149 

360,214 

324,728 

837,678 

35,113 

43,948 

129,236 

234,186 

5,234,925 

1,011,393 

801,097 

437,009 

1,890,130 

395,643 

3,137,698 

1,660,352 

231,680 

521,574 

315,052 

1,129,524 

36,797 

70,959 

132,152 

186,295 

4,365,219 

1,194,010 

940,682 

349,636 

1,446,686 

278,099 

2,369,560 

1,142,294 

244,760 

650,256 

320,199 

1,505,749 

33,443 

56,579 

111,557 

110,581 

3,897,852 

1,138,148 

837,448 

338,635 

1,772,531 

479,372 

2,490,092 

1,645,907 

186,133 

747,739 

347,174 

1,345,624 

64,188 

68,548 

117,255 

160,362 

4,607,805 

1,201,671 

982,328 

360,710 

1,543,761 

323,835 

1,837,590 

908,722 

148,681 

633,449 

341,829 

1,407,1 
39,6 
53,5 
84,1 
114,6 
4,161,71 
1,268,8 
692,81 
488,4! 
1,392,21 
285,21 
1,971,4 
829,51 
216,8' 
567,61 
319, o; 

i9 

10 
>4 

11 

18 

3 

4 
1 
1 

5 

6 

1,408,970 
46,731 
39,129 
104,916 
174,338 
4,654,618 
| 2,104,561 
446,952 
1,466,647 
274,235 
1,942,752 
1,045,266 
237,145 
531,704 
320,959 

1,318,936 

42,699 

53,582 

111,880 

179,145 

4,394,104 

2,142,736 

498,938 

1,012,758 

339,305 

2,176,149 

1,038,925 

280,536 

186,177 

329,428 

1,435,805 

38,252 

64,234 

95,247 

189,011 

4,473,555 

2,050,014 

491,388 

1,266,931 

911,685 

2,202,030 

504,163 

254,475 

568,084 

319,996 

1,489,538 

40,488 

63,926 

118,813 

177,923 

4,463,605 

2,022,458 

475,884 

1,168,768 

649,688 

3,251,379 

292,760 

246,098 

1,149,310 

344,036 

26,869,591 

17,707,818 

20,736,244 

14,258,434 

18,653,555 

11,991,665 

19,420,074 

8,889,122 

19,795,113 

9,138,960 

17,120,321 

8,452,32 

18,726,377 

9,020,666 

16,228,170 

8,611,070 

16,916,714 

7,648,870 

14,857,128 

6,988,996 

15,698,940 

8,588,596 

14,646,358 

6,820,800 

13,893,2"] 

8,262,51 

0 

7 

14,798,923 

7,562,772 

14,105,298 

7,648,103 

14,865,470 

8,521,333 

15,954,674 

6,337,304 

c Total  EXPORT. 
d do.  IMPORT. 

44,577,409 

9,934,131 

34,994,678 

8,358,206 

30,645,220 

4,658,419 

28,309,196 

8,414,374 

28,934,073 

13,409,791 

25,572,645 

8,632,041 

27,747,043 

8,680,584 

24,839,240 

8,115,773 

24,565,584 

9,552,267 

21,846,124 
9,822,832  , 

24,287,536 

11,846,754 

21,467,158 

17,460,884 

22.155.81 

12.373.81 

7 

0 

22,391,695 

15,566,863 

21.753,401 

16,438,570 

23,386,803 

15,214,885 

22,291,978 

16,092,617 

e Excess  of  Export. 
f Official  Value  of  line  a 
g Ttatio  of  line  a to  every  £100  of  f. 
h Proportion  of  line  d in  Corn 
i Annual  average  price  of  Wheat 
j Estimated  Commercial  Value  of  h 
k Amount  of  Duty  paid  on  same 

34,643,278 

17,809,176 

150 

1,209,677 