P1: JZP
9780521879644App1    CUNY1040/Marichal       0 521 87964 7                 August 23, 2007       10:38




               268                                     Appendixes

                     Table I.1. General Treasury of Spain, Income, 1763–1811 (in millions of reales a )

                                                                                   Indies as
                            Ordinary Tax                Income Sent               Percentage
             Years       Income from Spain            from the Indies               of Total              total
             1763             416,854                     58,056                    12.22                 474,910
             1764             396,633                     55,923                    12.36                 452,556
             1765             402,453                     88,075                    17.96                 490,528
             1766             377,455                     63,635                    14.43                 441,090
             1767             384,356                     78,162                    16.90                 462,518
             1768             382,340                     65,593                    14.64                 447,933
             1769             391,856                     17,839                     4.35                 409,695
             1770             350,147                    109,487                    23.82                 459,634
             1771             367,308                     12,241                     3.23                 379,549
             1772             349,468                     94,688                    21.32                 444,156
             1773             351,053                     32,055                     8.37                 383,108
             1774             352,702                    134,503                    27.61                 487,205
             1775             348,477                     67,125                    16.15                 415,602
             1776             361,752                     80,021                    18.11                 441,773
             1777             390,050                     21,659                     5.26                 411,709
             1778             408,797                    123,970                    23.27                 532,767
             1779             427,300                     10,349                     2.36                 437,649
             1780             706,776                      5,329                     0.75                 712,105
             1781             627,975                     33,346                     5.04                 661,321
             1782             709,885                      4,826                     0.68                 714,711
             1783             503,624                     18,883                     3.61                 522,507
             1784             515,720                     79,903                    13.42                 595,623
             1785             548,013                     43,942                     7.42                 591,955
             1786             519,586                     77,143                    12.93                 596,729
             1787             533,063                     67,217                    11.20                 600,280
             1788             572,371                     85,152                    12.95                 657,523
             1789             498,084                     24,767                     4.74                 522,851
             1790             515,963                    100,768                    16.34                 616,731
             1791             514,289                    161,269                    23.87                 675,558
             1792             499,275                    130,331                    20.70                 629,606
             1793             473,391                    141,728                    23.04                 615,119
             1794             509,316                    195,718                    27.76                 705,034
             1795             595,364                    138,764                    18.90                 734,128
             1796             698,473                    236,896                    25.33                 935,369
             1797             664,232                     12,360                     1.83                 676,592
             1798             516,480                    131,800                    20.33                 648,280
             1799             460,132                     90,861                    16.49                 550,993
             1800             436,576                      1,326                     0.30                 437,902
             1801             432,619                        341                     0.08                 432,960
             1802             485,817                    350,195                    41.89                 836,012
             1803             561,257                    240,260                    29.98                 801,517
             1804             689,239                    291,200                    29.70                 980,439
