P1: JZP
9780521879644App1   CUNY1040/Marichal           0 521 87964 7                   August 23, 2007          10:38




                                                     Appendixes                                             273

                                                    Appendix II

                        Table II.1. Alcabala (Sales Tax) Income in New Spain, 1777–1811
                                                  (in silver pesos)

                    Años                  Garavaglia and Grosso                      Manuel Payno
                    1777                            881,263                             1,778,028
                    1778                          1,933,989                             2,535,302
                    1779                          1,659,801                             2,218,648
                    1780                          1,790,904                             2,421,281
                    1781                          2,334,125                             2,951,381
                    1782                          2,168,769                             3,197,260
                    1783                          2,262,980                             2,740,494
                    1784                          2,458,639                             3,671,521
                    1785                          2,331,007                             3,405,579
                    1786                          1,923,789                             2,863,327
                    1787                          2,023,582                             3,167,018
                    1788                          2,097,508                             2,753,568
                    1789                          2,086,678                             2,853,707
                    1790                          2,004,316                             3,112,557
                    1791                          2,146,169                             2,819,722
                    1792                          2,052,570                             2,538,449
                    1793                          1,976,792                             2,505,570
                    1794                          2,042,094                             2,481,194
                    1795                          2,177,870                             2,894,296
                    1796                          2,126,351                             2,659,414
                    1797                          1,907,246                             2,348,548
                    1798                          1,920,894                             2,263,669
                    1799                          2,067,975                             2,416,968
                    1800                          2,169,764                             2,497,986
                    1801                          2,179,105                             2,650,620
                    1802                          2,150,003                             2,822,665
                    1803                          2,310,710                             2,996,682
                    1804                          2,245,079                             3,038,030
                    1805                          2,134,983                             3,002,772
                    1806                          2,126,861                             2,426,001
                    1807                          2,279,947                             2,845,495
                    1808                          2,196,637                             2,969,329
                    1809                          2,386,709                             2,846,560
                    1810                          1,800,051                             2,943,989
                    1811                          1,228,518                             2,913,019
                    Source: Juan Carlos Garavaglia and Juan Carlos Grosso, Las alcabalas novohispanas,
                    1776–1821 (Mexico: AGN, 1987) and table by Manuel Payno in Archivo General
                    de la Nación (Mexico), Historia, vol. 660. f. 26.
