P1: JZP
9780521879644App1     CUNY1040/Marichal           0 521 87964 7                  August 23, 2007        10:38




             Table II.3. Tobacco Monopoly in Colonial Mexico: Expenditures, Sales and Profits, 1767–1809

                      Expenses in          Payments         Costs of        Total           Net
           Years      Manufacture         Tobacco leaf       Paper         Expenses        Profits     Total sales
           1767                                                           1,051,746        417,732     1,469,478
           1768                                                             724,912        807,382     1,532,294
           1769                                                             840,726        980,764     1,821,490
           1770                                                           1,211,865        816,093     2,027,958
           1771                                                           1,614,257        886,758     2,501,015
           1772                                                           1,899,680       959,588      2,859,268
           1773                                                           1,833,435      1,218,719     3,052,154
           1774        1,149,519             775,092          25,963      1,950,574      1,241,537     3,192,111
           1775        1,564,512             850,965          36,390      2,451,867      1,229,994     3,681,861
           1776        1,554,118             718,558          58,274      2,330,950      1,514,792     3,845,742
           1777        1,587,617             601,067         223,427      2,412,111      1,943,196     4,355,307
           1778        1,861,383             682,426         117,401      2,661,210      2,433,152     5,094,362
           1779        1,979,326             563,221         240,607      2,783,154      2,657,181     5,440,335
           1780        2,073,514             533,701          75,675      2,682,890      2,985,217     5,668,107
           1781        2,307,574             704,255         113,386      3,125,215      2,953,863     6,079,078
           1782        2,044,177             895,222         209,193      3,148,592      3,240,930     6,389,522
           1783        2,206,515             854,283         285,128      3,345,926      3,285,920     6,631,846
           1784        2,172,207             874,381         301,062      3,347,650      3,357,846     6,705,496
           1785        2,186,905             821,330         122,793      3,131,028      3,286,530     6,417,558
           1786        2,068,417             622,070          42,864      2,733,351      3,091,645     5,824,996
           1787        2,205,245             747,299          84,109      3,036,653      2,921,066     5,957,719
           1788        2,175,454           1,083,845          77,641      3,336,940      2,906,242     6,243,182
           1789        2,028,684             600,246          54,039      2,682,969      3,610,212     6,293,181
           1790        2,057,482             755,462          24,403      2,837,347      3,397,967     6,235,314
           1791        2,062,496             977,340          18,952      3,058,788      3,426,838     6,485,626
           1792        2,040,141             890,840          60,020      2,991,001      3,714,634     6,705,635
           1793        2,111,926           1,101,638          45,206      3,258,770      3,426,093     6,684,863
           1794        2,197,917           1,159,326          60,295      3,417,538      3,108,813     6,526,351
           1795        2,170,259             789,616          79,988      3,039,863      3,935,600     6,975,463
           1796        2,374,554             971,174          54,583      3,400,311      3,936,228     7,336,539
           1797        2,407,403             962,474         477,121      3,846,998      2,813,351     6,660,349
           1798        1,882,869             903,269         925,638      3,711,776      4,539,798     8,251,574
           1799        2,061,034           1,019,823       1,044,374      4,125,231      3,396,390     7,521,621
           1800        2,356,307             538,658       1,125,592      4,020,557      3,412,602     7,433,159
           1801        2,405,671             626,319         860,088      3,892,078      3,933,835     7,825,913
           1802        2,412,633             594,229        587,342       3,594,204      4,092,630     7,686,834
           1803        2,664,107           1,140,671         392,134      4,196,912      3,550,616     7,747,528
           1804        2,685,134           1,338,957         101,655      4,125,746      3,784,973     7,910,719
           1805        2,764,381           1,457,063         103,833      4,325,277      4,274,346     8,599,623
           1806        2,662,072           1,508,271       1,084,721      5,255,064      3,861,328     9,116,392
           1807        2,855,775           1,483,466       1,948,181      6,287,422      3,129,782     9,417,204
           1808        2,831,605           1,329,587         452,789      4,613,981      4,447,487     9,061,468
           1809        2,968,378           2,226,481         783,887      5,978,746      3,579,951     9,558,697
           Sources: Lucas Alamán, Historia de México, Mexico, Fondo de Cultura Económica, 1985, vol. 5, appendix
           1. Data in silver pesos.




                                                            275
