## Sheet: R2_loss_grid.csv (continued)
scenario,estate,e,b,n,r,p,d,retained_british_channel,gross_loss_pct,free_cash_loss_pct
S3,export,0.3,0.5,0.4,0.1,0.85,0.5,0.391,9.135,18.27
S3,export,0.3,0.5,0.4,0.35,0.65,0.25,0.3965,9.052499999999998,12.069999999999997
S3,export,0.3,0.5,0.4,0.35,0.65,0.5,0.3965,9.052499999999998,18.104999999999997
S3,export,0.3,0.5,0.4,0.35,0.85,0.25,0.5185,7.2225,9.629999999999999
S3,export,0.3,0.5,0.4,0.35,0.85,0.5,0.5185,7.2225,14.445
S3,export,0.3,0.75,0.15,0.1,0.65,0.25,0.15275,19.063125,25.417499999999997
S3,export,0.3,0.75,0.15,0.1,0.65,0.5,0.15275,19.063125,38.12625
S3,export,0.3,0.75,0.15,0.1,0.85,0.25,0.19974999999999998,18.005625,24.007499999999997
S3,export,0.3,0.75,0.15,0.1,0.85,0.5,0.19974999999999998,18.005625,36.01125
S3,export,0.3,0.75,0.15,0.35,0.65,0.25,0.290875,15.9553125,21.27375
S3,export,0.3,0.75,0.15,0.35,0.65,0.5,0.290875,15.9553125,31.910625
S3,export,0.3,0.75,0.15,0.35,0.85,0.25,0.380375,13.941562499999998,18.588749999999997
S3,export,0.3,0.75,0.15,0.35,0.85,0.5,0.380375,13.941562499999998,27.883124999999996
S3,export,0.3,0.75,0.4,0.1,0.65,0.25,0.29900000000000004,15.772499999999997,21.029999999999998
S3,export,0.3,0.75,0.4,0.1,0.65,0.5,0.29900000000000004,15.772499999999997,31.544999999999995
S3,export,0.3,0.75,0.4,0.1,0.85,0.25,0.391,13.702499999999999,18.269999999999996
S3,export,0.3,0.75,0.4,0.1,0.85,0.5,0.391,13.702499999999999,27.404999999999998
S3,export,0.3,0.75,0.4,0.35,0.65,0.25,0.3965,13.578749999999998,18.104999999999997
S3,export,0.3,0.75,0.4,0.35,0.65,0.5,0.3965,13.578749999999998,27.157499999999995
S3,export,0.3,0.75,0.4,0.35,0.85,0.25,0.5185,10.83375,14.445
S3,export,0.3,0.75,0.4,0.35,0.85,0.5,0.5185,10.83375,21.6675
S3,export,0.65,0.5,0.15,0.1,0.65,0.25,0.15275,27.535625000000003,36.71416666666667
S3,export,0.65,0.5,0.15,0.1,0.65,0.5,0.15275,27.535625000000003,55.071250000000006
S3,export,0.65,0.5,0.15,0.1,0.85,0.25,0.19974999999999998,26.008125000000003,34.67750000000001
S3,export,0.65,0.5,0.15,0.1,0.85,0.5,0.19974999999999998,26.008125000000003,52.01625000000001
S3,export,0.65,0.5,0.15,0.35,0.65,0.25,0.290875,23.0465625,30.728749999999998
S3,export,0.65,0.5,0.15,0.35,0.65,0.5,0.290875,23.0465625,46.093125
S3,export,0.65,0.5,0.15,0.35,0.85,0.25,0.380375,20.1378125,26.850416666666664
S3,export,0.65,0.5,0.15,0.35,0.85,0.5,0.380375,20.1378125,40.275625
S3,export,0.65,0.5,0.4,0.1,0.65,0.25,0.29900000000000004,22.7825,30.37666666666667
S3,export,0.65,0.5,0.4,0.1,0.65,0.5,0.29900000000000004,22.7825,45.565
S3,export,0.65,0.5,0.4,0.1,0.85,0.25,0.391,19.7925,26.389999999999997
S3,export,0.65,0.5,0.4,0.1,0.85,0.5,0.391,19.7925,39.585
S3,export,0.65,0.5,0.4,0.35,0.65,0.25,0.3965,19.61375,26.151666666666667
S3,export,0.65,0.5,0.4,0.35,0.65,0.5,0.3965,19.61375,39.2275
S3,export,0.65,0.5,0.4,0.35,0.85,0.25,0.5185,15.648750000000003,20.865000000000002
S3,export,0.65,0.5,0.4,0.35,0.85,0.5,0.5185,15.648750000000003,31.297500000000007
S3,export,0.65,0.75,0.15,0.1,0.65,0.25,0.15275,41.30343750000001,55.071250000000006
S3,export,0.65,0.75,0.15,0.1,0.65,0.5,0.15275,41.30343750000001,82.60687500000002
S3,export,0.65,0.75,0.15,0.1,0.85,0.25,0.19974999999999998,39.0121875,52.01625000000001
S3,export,0.65,0.75,0.15,0.1,0.85,0.5,0.19974999999999998,39.0121875,78.024375
S3,export,0.65,0.75,0.15,0.35,0.65,0.25,0.290875,34.569843750000004,46.093125
S3,export,0.65,0.75,0.15,0.35,0.65,0.5,0.290875,34.569843750000004,69.13968750000001
S3,export,0.65,0.75,0.15,0.35,0.85,0.25,0.380375,30.20671875,40.275625
S3,export,0.65,0.75,0.15,0.35,0.85,0.5,0.380375,30.20671875,60.4134375
S3,export,0.65,0.75,0.4,0.1,0.65,0.25,0.29900000000000004,34.173750000000005,45.565000000000005
S3,export,0.65,0.75,0.4,0.1,0.65,0.5,0.29900000000000004,34.173750000000005,68.34750000000001
S3,export,0.65,0.75,0.4,0.1,0.85,0.25,0.391,29.688750000000002,39.585
S3,export,0.65,0.75,0.4,0.1,0.85,0.5,0.391,29.688750000000002,59.377500000000005
S3,export,0.65,0.75,0.4,0.35,0.65,0.25,0.3965,29.420625,39.2275
S3,export,0.65,0.75,0.4,0.35,0.65,0.5,0.3965,29.420625,58.84125
S3,export,0.65,0.75,0.4,0.35,0.85,0.25,0.5185,23.473125000000003,31.297500000000007
S3,export,0.65,0.75,0.4,0.35,0.85,0.5,0.5185,23.473125000000003,46.946250000000006
S3,inland,0.03,0.5,0.15,0.1,0.65,0.25,0.15275,1.270875,1.6945
S3,inland,0.03,0.5,0.15,0.1,0.65,0.5,0.15275,1.270875,2.54175
S3,inland,0.03,0.5,0.15,0.1,0.85,0.25,0.19974999999999998,1.200375,1.6005000000000003
S3,inland,0.03,0.5,0.15,0.1,0.85,0.5,0.19974999999999998,1.200375,2.40075
S3,inland,0.03,0.5,0.15,0.35,0.65,0.25,0.290875,1.0636875000000001,1.41825
S3,inland,0.03,0.5,0.15,0.35,0.65,0.5,0.290875,1.0636875000000001,2.1273750000000002
S3,inland,0.03,0.5,0.15,0.35,0.85,0.25,0.380375,0.9294374999999999,1.23925
S3,inland,0.03,0.5,0.15,0.35,0.85,0.5,0.380375,0.9294374999999999,1.8588749999999998
S3,inland,0.03,0.5,0.4,0.1,0.65,0.25,0.29900000000000004,1.0514999999999999,1.4019999999999997
S3,inland,0.03,0.5,0.4,0.1,0.65,0.5,0.29900000000000004,1.0514999999999999,2.1029999999999998
S3,inland,0.03,0.5,0.4,0.1,0.85,0.25,0.391,0.9134999999999999,1.2179999999999997
S3,inland,0.03,0.5,0.4,0.1,0.85,0.5,0.391,0.9134999999999999,1.8269999999999997
S3,inland,0.03,0.5,0.4,0.35,0.65,0.25,0.3965,0.9052499999999998,1.2069999999999999
S3,inland,0.03,0.5,0.4,0.35,0.65,0.5,0.3965,0.9052499999999998,1.8104999999999996
S3,inland,0.03,0.5,0.4,0.35,0.85,0.25,0.5185,0.7222500000000001,0.9630000000000002
S3,inland,0.03,0.5,0.4,0.35,0.85,0.5,0.5185,0.7222500000000001,1.4445000000000001
S3,inland,0.03,0.75,0.15,0.1,0.65,0.25,0.15275,1.9063125,2.54175
S3,inland,0.03,0.75,0.15,0.1,0.65,0.5,0.15275,1.9063125,3.812625
S3,inland,0.03,0.75,0.15,0.1,0.85,0.25,0.19974999999999998,1.8005625,2.40075
S3,inland,0.03,0.75,0.15,0.1,0.85,0.5,0.19974999999999998,1.8005625,3.601125
S3,inland,0.03,0.75,0.15,0.35,0.65,0.25,0.290875,1.5955312499999998,2.127375
S3,inland,0.03,0.75,0.15,0.35,0.65,0.5,0.290875,1.5955312499999998,3.1910624999999997
S3,inland,0.03,0.75,0.15,0.35,0.85,0.25,0.380375,1.39415625,1.8588749999999998
S3,inland,0.03,0.75,0.15,0.35,0.85,0.5,0.380375,1.39415625,2.7883125
S3,inland,0.03,0.75,0.4,0.1,0.65,0.25,0.29900000000000004,1.5772499999999998,2.1029999999999998
S3,inland,0.03,0.75,0.4,0.1,0.65,0.5,0.29900000000000004,1.5772499999999998,3.1544999999999996
S3,inland,0.03,0.75,0.4,0.1,0.85,0.25,0.391,1.37025,1.8269999999999997
S3,inland,0.03,0.75,0.4,0.1,0.85,0.5,0.391,1.37025,2.7405
S3,inland,0.03,0.75,0.4,0.35,0.65,0.25,0.3965,1.3578749999999997,1.8104999999999996
S3,inland,0.03,0.75,0.4,0.35,0.65,0.5,0.3965,1.3578749999999997,2.7157499999999994
S3,inland,0.03,0.75,0.4,0.35,0.85,0.25,0.5185,1.083375,1.4445
S3,inland,0.03,0.75,0.4,0.35,0.85,0.5,0.5185,1.083375,2.16675
S3,inland,0.15,0.5,0.15,0.1,0.65,0.25,0.15275,6.354374999999999,8.4725
S3,inland,0.15,0.5,0.15,0.1,0.65,0.5,0.15275,6.354374999999999,12.708749999999998
S3,inland,0.15,0.5,0.15,0.1,0.85,0.25,0.19974999999999998,6.001874999999999,8.0025
S3,inland,0.15,0.5,0.15,0.1,0.85,0.5,0.19974999999999998,6.001874999999999,12.003749999999998
S3,inland,0.15,0.5,0.15,0.35,0.65,0.25,0.290875,5.3184375,7.0912500000000005
S3,inland,0.15,0.5,0.15,0.35,0.65,0.5,0.290875,5.3184375,10.636875
S3,inland,0.15,0.5,0.15,0.35,0.85,0.25,0.380375,4.647187499999999,6.19625
S3,inland,0.15,0.5,0.15,0.35,0.85,0.5,0.380375,4.647187499999999,9.294374999999999
S3,inland,0.15,0.5,0.4,0.1,0.65,0.25,0.29900000000000004,5.257499999999999,7.01
S3,inland,0.15,0.5,0.4,0.1,0.65,0.5,0.29900000000000004,5.257499999999999,10.514999999999999
S3,inland,0.15,0.5,0.4,0.1,0.85,0.25,0.391,4.5675,6.09
S3,inland,0.15,0.5,0.4,0.1,0.85,0.5,0.391,4.5675,9.135
S3,inland,0.15,0.5,0.4,0.35,0.65,0.25,0.3965,4.526249999999999,6.034999999999998
S3,inland,0.15,0.5,0.4,0.35,0.65,0.5,0.3965,4.526249999999999,9.052499999999998
S3,inland,0.15,0.5,0.4,0.35,0.85,0.25,0.5185,3.61125,4.8149999999999995
S3,inland,0.15,0.5,0.4,0.35,0.85,0.5,0.5185,3.61125,7.2225
S3,inland,0.15,0.75,0.15,0.1,0.65,0.25,0.15275,9.5315625,12.708749999999998
S3,inland,0.15,0.75,0.15,0.1,0.65,0.5,0.15275,9.5315625,19.063125
S3,inland,0.15,0.75,0.15,0.1,0.85,0.25,0.19974999999999998,9.0028125,12.003749999999998
S3,inland,0.15,0.75,0.15,0.1,0.85,0.5,0.19974999999999998,9.0028125,18.005625
S3,inland,0.15,0.75,0.15,0.35,0.65,0.25,0.290875,7.97765625,10.636875
S3,inland,0.15,0.75,0.15,0.35,0.65,0.5,0.290875,7.97765625,15.9553125
S3,inland,0.15,0.75,0.15,0.35,0.85,0.25,0.380375,6.970781249999999,9.294374999999999
S3,inland,0.15,0.75,0.15,0.35,0.85,0.5,0.380375,6.970781249999999,13.941562499999998
S3,inland,0.15,0.75,0.4,0.1,0.65,0.25,0.29900000000000004,7.886249999999999,10.514999999999999
S3,inland,0.15,0.75,0.4,0.1,0.65,0.5,0.29900000000000004,7.886249999999999,15.772499999999997
S3,inland,0.15,0.75,0.4,0.1,0.85,0.25,0.391,6.851249999999999,9.134999999999998
S3,inland,0.15,0.75,0.4,0.1,0.85,0.5,0.391,6.851249999999999,13.702499999999999
S3,inland,0.15,0.75,0.4,0.35,0.65,0.25,0.3965,6.789374999999999,9.052499999999998
S3,inland,0.15,0.75,0.4,0.35,0.65,0.5,0.3965,6.789374999999999,13.578749999999998
S3,inland,0.15,0.75,0.4,0.35,0.85,0.25,0.5185,5.416875,7.2225
S3,inland,0.15,0.75,0.4,0.35,0.85,0.5,0.5185,5.416875,10.83375