<!-- csv readout: the file's own rows, with a ```meta column summary added above them (parser-added, not file content). The rows are the file's, separator and quoting included, so a line quoted as it appears here verifies against it. -->

## Sheet: R2_loss_grid.csv

```meta
▸ table "R2_loss_grid.csv" (256 data rows)
▸ columns
    scenario: str, 2 uniq: ['S2', 'S3']
    estate: str, 2 uniq: ['export', 'inland']
    e: num, min=0.03, max=0.65
    b: num, min=0.5, max=0.75
    n: num, min=0.15, max=0.95
    r: num, min=0.1, max=0.35
    p: num, min=0.65, max=1
    d: num, min=0.25, max=0.5
    retained_british_channel: num, min=0.15275, max=0.965
    gross_loss_pct: num, min=0.0525, max=41.3034
    free_cash_loss_pct: num, min=0.07, max=82.6069
```
scenario,estate,e,b,n,r,p,d,retained_british_channel,gross_loss_pct,free_cash_loss_pct
S2,export,0.3,0.5,0.7,0.1,0.9,0.25,0.657,5.145,6.859999999999999
S2,export,0.3,0.5,0.7,0.1,0.9,0.5,0.657,5.145,10.29
S2,export,0.3,0.5,0.7,0.1,1,0.25,0.73,4.05,5.4
S2,export,0.3,0.5,0.7,0.1,1,0.5,0.73,4.05,8.1
S2,export,0.3,0.5,0.7,0.3,0.9,0.25,0.711,4.335000000000001,5.780000000000001
S2,export,0.3,0.5,0.7,0.3,0.9,0.5,0.711,4.335000000000001,8.670000000000002
S2,export,0.3,0.5,0.7,0.3,1,0.25,0.7899999999999999,3.150000000000001,4.200000000000001
S2,export,0.3,0.5,0.7,0.3,1,0.5,0.7899999999999999,3.150000000000001,6.300000000000002
S2,export,0.3,0.5,0.95,0.1,0.9,0.25,0.8594999999999999,2.107500000000001,2.8100000000000014
S2,export,0.3,0.5,0.95,0.1,0.9,0.5,0.8594999999999999,2.107500000000001,4.215000000000002
S2,export,0.3,0.5,0.95,0.1,1,0.25,0.955,0.6750000000000006,0.9000000000000008
S2,export,0.3,0.5,0.95,0.1,1,0.5,0.955,0.6750000000000006,1.3500000000000012
S2,export,0.3,0.5,0.95,0.3,0.9,0.25,0.8684999999999999,1.972500000000001,2.6300000000000012
S2,export,0.3,0.5,0.95,0.3,0.9,0.5,0.8684999999999999,1.972500000000001,3.945000000000002
S2,export,0.3,0.5,0.95,0.3,1,0.25,0.965,0.5250000000000005,0.7000000000000006
S2,export,0.3,0.5,0.95,0.3,1,0.5,0.965,0.5250000000000005,1.050000000000001
S2,export,0.3,0.75,0.7,0.1,0.9,0.25,0.657,7.717499999999998,10.289999999999997
S2,export,0.3,0.75,0.7,0.1,0.9,0.5,0.657,7.717499999999998,15.434999999999995
S2,export,0.3,0.75,0.7,0.1,1,0.25,0.73,6.075,8.1
S2,export,0.3,0.75,0.7,0.1,1,0.5,0.73,6.075,12.15
S2,export,0.3,0.75,0.7,0.3,0.9,0.25,0.711,6.5024999999999995,8.67
S2,export,0.3,0.75,0.7,0.3,0.9,0.5,0.711,6.5024999999999995,13.004999999999999
S2,export,0.3,0.75,0.7,0.3,1,0.25,0.7899999999999999,4.725000000000001,6.300000000000002
S2,export,0.3,0.75,0.7,0.3,1,0.5,0.7899999999999999,4.725000000000001,9.450000000000003
S2,export,0.3,0.75,0.95,0.1,0.9,0.25,0.8594999999999999,3.1612500000000017,4.215000000000002
S2,export,0.3,0.75,0.95,0.1,0.9,0.5,0.8594999999999999,3.1612500000000017,6.322500000000003
S2,export,0.3,0.75,0.95,0.1,1,0.25,0.955,1.0125000000000006,1.350000000000001
S2,export,0.3,0.75,0.95,0.1,1,0.5,0.955,1.0125000000000006,2.0250000000000012
S2,export,0.3,0.75,0.95,0.3,0.9,0.25,0.8684999999999999,2.958750000000001,3.945000000000001
S2,export,0.3,0.75,0.95,0.3,0.9,0.5,0.8684999999999999,2.958750000000001,5.917500000000002
S2,export,0.3,0.75,0.95,0.3,1,0.25,0.965,0.7875000000000008,1.050000000000001
S2,export,0.3,0.75,0.95,0.3,1,0.5,0.965,0.7875000000000008,1.5750000000000015
S2,export,0.65,0.5,0.7,0.1,0.9,0.25,0.657,11.147499999999999,14.863333333333332
S2,export,0.65,0.5,0.7,0.1,0.9,0.5,0.657,11.147499999999999,22.294999999999998
S2,export,0.65,0.5,0.7,0.1,1,0.25,0.73,8.775,11.700000000000001
S2,export,0.65,0.5,0.7,0.1,1,0.5,0.73,8.775,17.55
S2,export,0.65,0.5,0.7,0.3,0.9,0.25,0.711,9.3925,12.523333333333333
S2,export,0.65,0.5,0.7,0.3,0.9,0.5,0.711,9.3925,18.785
S2,export,0.65,0.5,0.7,0.3,1,0.25,0.7899999999999999,6.825000000000003,9.100000000000003
S2,export,0.65,0.5,0.7,0.3,1,0.5,0.7899999999999999,6.825000000000003,13.650000000000006
S2,export,0.65,0.5,0.95,0.1,0.9,0.25,0.8594999999999999,4.566250000000002,6.0883333333333365
S2,export,0.65,0.5,0.95,0.1,0.9,0.5,0.8594999999999999,4.566250000000002,9.132500000000004
S2,export,0.65,0.5,0.95,0.1,1,0.25,0.955,1.4625000000000012,1.9500000000000017
S2,export,0.65,0.5,0.95,0.1,1,0.5,0.955,1.4625000000000012,2.9250000000000025
S2,export,0.65,0.5,0.95,0.3,0.9,0.25,0.8684999999999999,4.2737500000000015,5.698333333333336
S2,export,0.65,0.5,0.95,0.3,0.9,0.5,0.8684999999999999,4.2737500000000015,8.547500000000003
S2,export,0.65,0.5,0.95,0.3,1,0.25,0.965,1.137500000000001,1.5166666666666682
S2,export,0.65,0.5,0.95,0.3,1,0.5,0.965,1.137500000000001,2.275000000000002
S2,export,0.65,0.75,0.7,0.1,0.9,0.25,0.657,16.72125,22.295
S2,export,0.65,0.75,0.7,0.1,0.9,0.5,0.657,16.72125,33.4425
S2,export,0.65,0.75,0.7,0.1,1,0.25,0.73,13.162500000000001,17.55
S2,export,0.65,0.75,0.7,0.1,1,0.5,0.73,13.162500000000001,26.325000000000003
S2,export,0.65,0.75,0.7,0.3,0.9,0.25,0.711,14.088750000000003,18.785000000000004
S2,export,0.65,0.75,0.7,0.3,0.9,0.5,0.711,14.088750000000003,28.177500000000006
S2,export,0.65,0.75,0.7,0.3,1,0.25,0.7899999999999999,10.237500000000004,13.650000000000006
S2,export,0.65,0.75,0.7,0.3,1,0.5,0.7899999999999999,10.237500000000004,20.47500000000001
S2,export,0.65,0.75,0.95,0.1,0.9,0.25,0.8594999999999999,6.849375000000004,9.132500000000004
S2,export,0.65,0.75,0.95,0.1,0.9,0.5,0.8594999999999999,6.849375000000004,13.698750000000008
S2,export,0.65,0.75,0.95,0.1,1,0.25,0.955,2.1937500000000023,2.925000000000003
S2,export,0.65,0.75,0.95,0.1,1,0.5,0.955,2.1937500000000023,4.387500000000005
S2,export,0.65,0.75,0.95,0.3,0.9,0.25,0.8684999999999999,6.410625000000003,8.547500000000003
S2,export,0.65,0.75,0.95,0.3,0.9,0.5,0.8684999999999999,6.410625000000003,12.821250000000006
S2,export,0.65,0.75,0.95,0.3,1,0.25,0.965,1.7062500000000016,2.275000000000002
S2,export,0.65,0.75,0.95,0.3,1,0.5,0.965,1.7062500000000016,3.412500000000003
S2,inland,0.03,0.5,0.7,0.1,0.9,0.25,0.657,0.5145,0.6859999999999999
S2,inland,0.03,0.5,0.7,0.1,0.9,0.5,0.657,0.5145,1.029
S2,inland,0.03,0.5,0.7,0.1,1,0.25,0.73,0.40499999999999997,0.5399999999999999
S2,inland,0.03,0.5,0.7,0.1,1,0.5,0.73,0.40499999999999997,0.8099999999999999
S2,inland,0.03,0.5,0.7,0.3,0.9,0.25,0.711,0.43350000000000005,0.5780000000000001
S2,inland,0.03,0.5,0.7,0.3,0.9,0.5,0.711,0.43350000000000005,0.8670000000000001
S2,inland,0.03,0.5,0.7,0.3,1,0.25,0.7899999999999999,0.3150000000000001,0.42000000000000015
S2,inland,0.03,0.5,0.7,0.3,1,0.5,0.7899999999999999,0.3150000000000001,0.6300000000000002
S2,inland,0.03,0.5,0.95,0.1,0.9,0.25,0.8594999999999999,0.21075000000000008,0.28100000000000014
S2,inland,0.03,0.5,0.95,0.1,0.9,0.5,0.8594999999999999,0.21075000000000008,0.42150000000000015
S2,inland,0.03,0.5,0.95,0.1,1,0.25,0.955,0.06750000000000006,0.09000000000000008
S2,inland,0.03,0.5,0.95,0.1,1,0.5,0.955,0.06750000000000006,0.13500000000000012
S2,inland,0.03,0.5,0.95,0.3,0.9,0.25,0.8684999999999999,0.19725000000000006,0.26300000000000007
S2,inland,0.03,0.5,0.95,0.3,0.9,0.5,0.8684999999999999,0.19725000000000006,0.39450000000000013
S2,inland,0.03,0.5,0.95,0.3,1,0.25,0.965,0.05250000000000004,0.07000000000000005
S2,inland,0.03,0.5,0.95,0.3,1,0.5,0.965,0.05250000000000004,0.10500000000000008
S2,inland,0.03,0.75,0.7,0.1,0.9,0.25,0.657,0.7717499999999998,1.029
S2,inland,0.03,0.75,0.7,0.1,0.9,0.5,0.657,0.7717499999999998,1.5434999999999997
S2,inland,0.03,0.75,0.7,0.1,1,0.25,0.73,0.6075,0.8100000000000002
S2,inland,0.03,0.75,0.7,0.1,1,0.5,0.73,0.6075,1.215
S2,inland,0.03,0.75,0.7,0.3,0.9,0.25,0.711,0.65025,0.8670000000000001
S2,inland,0.03,0.75,0.7,0.3,0.9,0.5,0.711,0.65025,1.3005
S2,inland,0.03,0.75,0.7,0.3,1,0.25,0.7899999999999999,0.4725000000000002,0.6300000000000002
S2,inland,0.03,0.75,0.7,0.3,1,0.5,0.7899999999999999,0.4725000000000002,0.9450000000000004
S2,inland,0.03,0.75,0.95,0.1,0.9,0.25,0.8594999999999999,0.31612500000000016,0.42150000000000015
S2,inland,0.03,0.75,0.95,0.1,0.9,0.5,0.8594999999999999,0.31612500000000016,0.6322500000000003
S2,inland,0.03,0.75,0.95,0.1,1,0.25,0.955,0.10125000000000008,0.13500000000000012
S2,inland,0.03,0.75,0.95,0.1,1,0.5,0.955,0.10125000000000008,0.20250000000000015
S2,inland,0.03,0.75,0.95,0.3,0.9,0.25,0.8684999999999999,0.2958750000000001,0.39450000000000013
S2,inland,0.03,0.75,0.95,0.3,0.9,0.5,0.8684999999999999,0.2958750000000001,0.5917500000000002
S2,inland,0.03,0.75,0.95,0.3,1,0.25,0.965,0.07875000000000007,0.10500000000000008
S2,inland,0.03,0.75,0.95,0.3,1,0.5,0.965,0.07875000000000007,0.15750000000000014
S2,inland,0.15,0.5,0.7,0.1,0.9,0.25,0.657,2.5725,3.4299999999999997
S2,inland,0.15,0.5,0.7,0.1,0.9,0.5,0.657,2.5725,5.145
S2,inland,0.15,0.5,0.7,0.1,1,0.25,0.73,2.025,2.7
S2,inland,0.15,0.5,0.7,0.1,1,0.5,0.73,2.025,4.05
S2,inland,0.15,0.5,0.7,0.3,0.9,0.25,0.711,2.1675000000000004,2.8900000000000006
S2,inland,0.15,0.5,0.7,0.3,0.9,0.5,0.711,2.1675000000000004,4.335000000000001
S2,inland,0.15,0.5,0.7,0.3,1,0.25,0.7899999999999999,1.5750000000000004,2.1000000000000005
S2,inland,0.15,0.5,0.7,0.3,1,0.5,0.7899999999999999,1.5750000000000004,3.150000000000001
S2,inland,0.15,0.5,0.95,0.1,0.9,0.25,0.8594999999999999,1.0537500000000004,1.4050000000000007
S2,inland,0.15,0.5,0.95,0.1,0.9,0.5,0.8594999999999999,1.0537500000000004,2.107500000000001
S2,inland,0.15,0.5,0.95,0.1,1,0.25,0.955,0.3375000000000003,0.4500000000000004
S2,inland,0.15,0.5,0.95,0.1,1,0.5,0.955,0.3375000000000003,0.6750000000000006
S2,inland,0.15,0.5,0.95,0.3,0.9,0.25,0.8684999999999999,0.9862500000000005,1.3150000000000006
S2,inland,0.15,0.5,0.95,0.3,0.9,0.5,0.8684999999999999,0.9862500000000005,1.972500000000001
S2,inland,0.15,0.5,0.95,0.3,1,0.25,0.965,0.26250000000000023,0.3500000000000003
S2,inland,0.15,0.5,0.95,0.3,1,0.5,0.965,0.26250000000000023,0.5250000000000005
S2,inland,0.15,0.75,0.7,0.1,0.9,0.25,0.657,3.858749999999999,5.144999999999999
S2,inland,0.15,0.75,0.7,0.1,0.9,0.5,0.657,3.858749999999999,7.717499999999998
S2,inland,0.15,0.75,0.7,0.1,1,0.25,0.73,3.0375,4.05
S2,inland,0.15,0.75,0.7,0.1,1,0.5,0.73,3.0375,6.075
S2,inland,0.15,0.75,0.7,0.3,0.9,0.25,0.711,3.2512499999999998,4.335
S2,inland,0.15,0.75,0.7,0.3,0.9,0.5,0.711,3.2512499999999998,6.5024999999999995
S2,inland,0.15,0.75,0.7,0.3,1,0.25,0.7899999999999999,2.3625000000000007,3.150000000000001
S2,inland,0.15,0.75,0.7,0.3,1,0.5,0.7899999999999999,2.3625000000000007,4.725000000000001
S2,inland,0.15,0.75,0.95,0.1,0.9,0.25,0.8594999999999999,1.5806250000000008,2.107500000000001
S2,inland,0.15,0.75,0.95,0.1,0.9,0.5,0.8594999999999999,1.5806250000000008,3.1612500000000017
S2,inland,0.15,0.75,0.95,0.1,1,0.25,0.955,0.5062500000000003,0.6750000000000005
S2,inland,0.15,0.75,0.95,0.1,1,0.5,0.955,0.5062500000000003,1.0125000000000006
S2,inland,0.15,0.75,0.95,0.3,0.9,0.25,0.8684999999999999,1.4793750000000006,1.9725000000000006
S2,inland,0.15,0.75,0.95,0.3,0.9,0.5,0.8684999999999999,1.4793750000000006,2.958750000000001
S2,inland,0.15,0.75,0.95,0.3,1,0.25,0.965,0.3937500000000004,0.5250000000000005
S2,inland,0.15,0.75,0.95,0.3,1,0.5,0.965,0.3937500000000004,0.7875000000000008
S3,export,0.3,0.5,0.15,0.1,0.65,0.25,0.15275,12.708749999999998,16.945
S3,export,0.3,0.5,0.15,0.1,0.65,0.5,0.15275,12.708749999999998,25.417499999999997
S3,export,0.3,0.5,0.15,0.1,0.85,0.25,0.19974999999999998,12.003749999999998,16.005
S3,export,0.3,0.5,0.15,0.1,0.85,0.5,0.19974999999999998,12.003749999999998,24.007499999999997
S3,export,0.3,0.5,0.15,0.35,0.65,0.25,0.290875,10.636875,14.182500000000001
S3,export,0.3,0.5,0.15,0.35,0.65,0.5,0.290875,10.636875,21.27375
S3,export,0.3,0.5,0.15,0.35,0.85,0.25,0.380375,9.294374999999999,12.3925
S3,export,0.3,0.5,0.15,0.35,0.85,0.5,0.380375,9.294374999999999,18.588749999999997
S3,export,0.3,0.5,0.4,0.1,0.65,0.25,0.29900000000000004,10.514999999999999,14.02
S3,export,0.3,0.5,0.4,0.1,0.65,0.5,0.29900000000000004,10.514999999999999,21.029999999999998
S3,export,0.3,0.5,0.4,0.1,0.85,0.25,0.391,9.135,12.18
