## Sheet: A1. Headline series (continued)
	A	B	C	D	E	F	G	H	I	J	K	L	M	N	O	P	Q	R	S	T	U	V	W	X	Y	Z	AA	AB	AC	AD	AE	AF	AG	AH	AI	AJ	AK	AL	AM	AN	AO	AP	AQ	AR	AS	AT	AU	AV	AW	AX	AY	AZ	BA	BB	BC	BD	BE	BF	BG	BH	BI	BJ	BK	BL	BM	BN	BO	BP	BQ	BR	BS	BT	BU	BV	BW	BX	BY	BZ	CA	CB	CC	CD	CE
743	1821	32587.4449108238	1.706116420565706	28412.23090982556	1.706116420565692	16.63241724448806	1.676261031445037	26492.33881503451	1.692110929461847	23087.0377387531	1.692110929461862	1.859489090337212	1.706116420565692	0.0187103263520782						1621.261645568075	1194.965448188567	341.8130282878207	419.0917755336141	474.5641191446103	15586	11456.81	7187.861500255658	6.663966875176796	66.66414177387557	2334.003979018886	-0.04802238214358578
744	1822	33216.95161101218	1.931746112378661	28961.08307586617	1.931746112378676	16.93686423366855	1.830443432877331	27001.54135903778	1.922074708308855	23530.7878520274	1.92207470830887	1.895409698549907	1.931746112378676	-0.190260541831954						1655.179253215943	1205.540363659263	325.2169523589624	399.1448459603747	452.9956798714625	15844.18310504196	11652.27	7321.149983841225	6.426419567223755	66.68276203680784	2376.487145059833	0.08682539882993257
745	1823	34195.75734920624	2.946705494400518	29814.48090210062	2.946705494400533	17.41811791633673	2.841456812953041	27794.80956022699	2.937862659916988	24222.09008191639	2.937862659916988	1.951261840278477	2.946705494400533	0.533459755913534						1641.612210156796	1409.988729426038	340.1217078056599	417.2716200513471	472.2901221656826	16097.60579364113	11839.11	7487.793803969336	5.721922901566759	66.70138750064996	2419.743582874564	0.8458749449059327
746	1824	36070.86319101093	5.483445863345423	31449.34182180477	5.483445863345437	18.35344833366563	5.369870739315886	29316.88244599539	5.476104747076263	25548.51710673331	5.476104747076278	2.058258226942265	5.483445863345423	3.67360579165662						1817.983769925708	1476.963194073775	366.0435063450819	448.7600212269412	506.0795239938633	16335.27122258955	12016.61	7673.72527031055	4.746283650587231	66.72001816685462	2463.787367431868	3.258641445578884
747	1825	36884.88457382244	2.256728314210037	32159.06802333013	2.256728314210022	18.75454936292774	2.185425986278418	29973.10788968336	2.238387539660138	26120.39193021837	2.238387539660167	2.104707523129228	2.256728314210008	3.72330703177692						1709.447425452531	1847.08523554811	404.9688432286736	495.937518099916	556.4794362492062	16562.18259027364	12207.69	7791.578115250724	4.710140904092172	66.7386540368749	2508.632829890856	0.597281667754575
748	1826	34915.2618124045	-5.339918463011259	30441.80001241997	-5.339918463011259	17.75374571070921	-5.33632471168211	28361.31596575282	-5.377460121462136	24715.77827060127	-5.377460121462121	1.992317857509264	-5.339918463011244	-3.93217069728323						1648.395731686369	1547.462630545077	354.0700230341393	434.6486993051451	490.9618212105468	16780.34313722228	12373.75	7589.196724323932	8.398599369342689	66.75729511216433	2554.294562264098	-4.502443144742408
749	1827	37604.80480704668	7.703058361964352	32786.74963380915	7.703058361964338	19.10160763569591	7.591986203641866	30543.58341156983	7.694521116199851	26617.53904866581	7.694521116199823	2.14578726482904	7.703058361964324	1.29582787916129						1919.736592869311	1787.160714547503	368.4581511267749	452.2182259363637	509.7835633962804	16998.7561466621	12527.84	7833.137965609035	6.591324153558949	66.7759413941768	2600.78742216564	5.03215476687134
750	1828	37720.21214138588	0.3068951824942872	32887.37058893178	0.3068951824942872	19.14947643421404	0.2506008888418165	30630.55120162438	0.2847334213627875	26693.32807828165	0.2847334213627875	2.152372582571376	0.3068951824942872	-0.615983676186937						1953.654200517179	1825.935404606719	368.0915546956011	451.9699753877114	509.6061793713463	17238.42494508006	12727.69	7810.057550135577	8.256226926164333	66.79459288436664	2648.126537645437	-0.2417453399271829
751	1829	38040.13725404777	0.8481530047145895	33166.30581075343	0.848153004714618	19.30128258426295	0.7927430839710752	30883.45208554852	0.8256491444095246	26913.72131317441	0.8256491444095104	2.170627995303109	0.848153004714618	-2.02740624646108						2102.891674167796	1804.785573665328	355.7526276248394	437.2079472737658	493.7443945148821	17473.35290279344	12903.03	7877.4947072881	8.680347909079673	66.81324958418854	2696.327312111788	-0.4061917833206345
752	1830	39745.32535852398	4.482602397273851	34653.01943011345	4.48260239727388	20.15031100958174	4.398818687888863	32263.00303068435	4.466958361113299	28115.94603765999	4.466958361113299	2.267928617856464	4.48260239727388	0.0562941117236204	43279.03980013473	33341.52020684193	1348.894019964547	0	5442.995948565478	2096.108152638223	1892.909869254456	369.2547914596153	453.7186643186883	511.4086835132911	17702.54343452738	13074.14	8104.75881157948	7.246718907595831	66.83191149509757	2745.405429343343	2.004502512535764
753	1831	40957.09524993041	3.048836260555476	35764.75279111297	3.208186124275855	20.70767638715006	2.766038585227207	33262.24936370599	3.097189471393264	29031.57390242525	3.256614106240008	2.340687989083016	3.208186124275855	0.8811155477368431	44249.7394993948	34049.24115462867	1608.296716111575	0.425531914893617	5442.995948565478	2191.077454052252	2048.00862949132	363.3336505356611	446.5454206960038	503.0120957517152	17941	13254.05	8289.39788643109	6.381179236506981	66.69761806890644	2820.695090214479	0.9555715846584931
754	1832	41179.56607560223	0.5431801848110638	35914.14667707925	0.4177126201286256	20.86695544020844	0.7691787822086127	33414.01057592205	0.456256612583914	29127.63866036745	0.3308975195939183	2.350465338211251	0.4177126201286114	-1.05378941703481	45794.74669089058	34127.87681549386	1193.25240227633	-0.6109979633401222	5637.388661014245	2360.66549229159	1766.010883606113	361.0566893533839	444.3768572829703	502.5835103228574	18143.24785784269	13394.34	8217.498890375588	8.395957987901722	66.5635944947054	2898.049485486416	-0.01194479649317803
755	1833	41640.57932984344	1.119519456311977	36361.58806484475	1.245863898114166	21.07824537589248	1.012557563988949	33794.17305795271	1.13773376939254	29495.84142297438	1.264100969186785	2.379748937297712	1.245863898114166	-2.18246772315418	45987.92442453997	34599.69078068502	1193.25240227633	0.4132231404958678	5637.388661014245	2408.150142998605	1857.660151018805	352.9723064383782	434.5542912458438	491.7079925093997	18337.52911138996	13565.08	8370.466076145774	8.055974291874504	66.42984023024826	2977.525238181432	-0.7779001674812192
756	1834	43083.15263412993	3.46434494308923	37674.59999024198	3.610986195255535	21.76151021315579	3.241564110667269	34983.25079143074	3.518588046048407	30576.95432078947	3.665306177612578	2.465681342905273	3.610986195255549	-1.00220738958596	47766.96949466416	35543.31871106734	1452.655098423358	0.4073319755600815	5442.995948565479	2537.037052060502	2019.8088549028	373.8420151657489	459.8320668539824	518.5428507207862	18561.84391451805	13760.37	8579.274909393229	7.265973834322375	66.29635473437847	3059.180524144631	1.229588953169019
757	1835	45694.76411067486	6.061792874637618	40041.44018221984	6.282323349394275	23.0813473755113	6.065007205049668	37097.55858584836	6.043771652391797	32492.37566327008	6.264264656268608	2.620583417632269	6.282323349394261	2.75975896149263	50674.04502942199	36329.67531971927	2127.102108405632	0.1953125	5442.995948565479	2781.243827125149	2009.233939432104	394.8592495251391	485.2697705687164	545.4072618816267	18798.1924218122	13921.32	8811.978984304063	6.068022098477092	66.16313746702686	3143.075114628308	3.693503930884864
758	1836	46899.04316855257	2.635485884030146	40996.23167220535	2.384508363436638	23.69275014918589	2.648904172393614	38067.65741167287	2.614993716040857	33260.51696819432	2.364066305538117	2.683071448396544	2.384508363436638	2.86805365276026	52221.52655942017	37902.38853702313	2023.341029946821	-0.5576208178438662	5442.99594856548	2910.130736187046	2396.980840024265	427.4126882935484	524.8878676199613	588.1770627329923	19034.57478856995	14099.52	8949.019906699179	6.007045097888328	66.03018788920947	3229.270420044269	0.5130869648376559
759	1837	46498.96565598858	-0.8530611405570454	40702.14025657853	-0.7173620687342606	23.47715278446526	-0.9099718832262198	37743.50203587009	-0.8515243591096038	33022.43047663573	-0.7158231839458722	2.663824111548708	-0.7173620687342606	0.00104697795670905	52438.20589988198	37430.57457183197	2386.504804552661	-0.1824817518248175	5637.388661014247	2645.573396533679	2248.93202343453	414.7817306436802	509.8373876618612	572.704424509963	19243.99117080436	14261.31	8929.981409272112	7.489638223055042	65.89750546302544	3317.829534915877	-1.466537562220612
760	1838	48749.85166378308	4.840722747355599	42697.88984526731	4.903303797068048	24.56975172391506	4.653881795124562	39586.22382394489	4.882222604366547	34655.33300579583	4.944828425985847	2.794439500357491	4.903303797068062	2.73262144308348	54534.51644416411	38531.47382394468	2749.6685791585	0.5514705882352942	5831.781373463014	3127.2034251334	2502.729994731217	436.1081106606375	535.5662064408226	599.5002890278411	19460.44172524738	14416	9114.493361181794	6.815952338390055	65.76508965165473	3408.817284062932	2.776196934244075
761	1839	49806.9372796535	2.168387348459859	43696.02346615001	2.337664986489571	25.00920235013378	1.788583910642359	40484.44936798277	2.269035682798744	35500.39639778855	2.438480079967462	2.859764134125982	2.337664986489557	3.06934001494469	55689.56231734239	40025.55138038335	2853.429657617311	0	6026.174085911782	3242.52329113615	2664.878698615212	453.9886915024908	557.0926793523938	621.6941643960506	19719.92660935312	14594.44	9362.717823941512	5.651131839712981	65.63293991935603	3502.300270053158	-0.1399819434153333
762	1840	50031.11289110566	0.450089131547017	43870.09664477613	0.3983730436271173	25.21384705816912	0.8182776290513658	40614.22754632423	0.320563031898601	35595.86180228739	0.268913629665235	2.871156663547656	0.3983730436271173	1.53770053449422	55331.98649726306	39160.55911086623	2853.429657617311	-0.8347245409015025	6609.352223258084	3412.111329375488	2700.128416850862	435.2374388020866	534.7949226127231	599.1126284631331	19971.44598130118	14769.38	9069.84619606134	9.888601929934266	65.50105573146453	3598.346921954866	1.333941518017083
763	1841	48660.55209809785	-2.739416962382734	42537.68497402496	-3.037175143560646	24.5451507618893	-2.652099438602562	39484.21552214422	-2.782305838246288	34499.53320860646	-3.079932717376948	2.783954607029702	-3.037175143560631	-3.49981610378866	54211.13816889485	38924.65212827065	1867.699412258604	-0.6872852233676976	6803.744935706851	3561.348803026106	2689.553501380167	424.0886103450815	521.2310065269357	584.125224392413	20198	14936.71	8941.725068458487	12.33599851535775	65.36943655438982	3726.374789227546	-3.282069377754646
764	1842	48236.86641284906	-0.8706964203666843	42223.68643729103	-0.7381655511475742	24.30813188161234	-0.9656444263726911	39152.85338794129	-0.8392268399433931	34255.74091257349	-0.7066538974856371	2.763404413161023	-0.7381655511475742	-6.300470100423131	53108.0400995217	38374.20250221429	1712.057794570387	0.5347593582887701	6998.137648155617	3473.163023141651	2555.604572084693	402.0963678817531	494.2387628365667	554.757302769717	20410.15815988522	15073.126	9011.679713411851	12.35395293496415	65.23808185561367	3858.957841187491	-2.321140460666264
765	1843	49914.80425810904	3.478538242718486	43718.22151500328	3.539565594140797	25.40261748594092	4.502549227801794	40410.45063015799	3.212019389125857	35376.8934801834	3.272889558778729	2.861216924996238	3.539565594140797	-5.03664669254513	55733.38782733963	38688.74514567506	1608.296716111576	1.436265709156194	7192.530360604384	3853.040228797769	2604.954177614604	399.6634317698327	492.5672494729024	558.524646262859	20623.55535961206	15263.728	9468.11064773701	8.90113994742133	65.10699110368792	3996.258149639688	-1.09737613512392
