## Sheet: A1. Headline series (continued)
	A	B	C	D	E	F	G	H	I	J	K	L	M	N	O	P	Q	R	S	T	U	V	W	X	Y	Z	AA	AB	AC	AD	AE	AF	AG	AH	AI	AJ	AK	AL	AM	AN	AO	AP	AQ	AR	AS	AT	AU	AV	AW	AX	AY	AZ	BA	BB	BC	BD	BE	BF	BG	BH	BI	BJ	BK	BL	BM	BN	BO	BP	BQ	BR	BS	BT	BU	BV	BW	BX	BY	BZ	CA	CB	CC	CD	CE


`data region 4: AZ717:BB772`
	AZ	BA	BB
717	1.056100710975777	4.525396656666667	67.71269464263766
718	1.071913999618004	4.28628728	62.4040635053196
719	0.8618233787780059	4.436509425000001	60.41041327555451
720	0.8403624833599908	4.388216175	62.64473478563146
721	0.9826819261903309	4.132357275	71.35197374482522
722	1.104670056937695	4.548144465	100.009341920968
723	1.105799588622832	4.3808890575	89.93378601442033
724	1.214233442448344	4.4849993175	84.30736781491058
725	1.031251272152249	4.540404	79.79205153423261
726	1.005272353293484	4.551661200000001	81.94602734932045
727	1.097892918476768	4.34744821	88.49657942069341
728	1.183736396849027	4.4328835	83.28031736704635
729	1.23004673109057	4.425488765000001	87.16269984900684
730	1.261673256725124	4.6259143125	88.32960806509358
731	1.349775798467659	4.569583635000001	97.08848328023603
732	1.358811948648959	4.299209565	92.41977172790044
733	1.277486545367351	3.816461625000001	78.05683890732904
734	1.169052686181944	3.61615982	81.09145836268685
735	1.105799593982727	3.74971422	70.51050201350739
736	1.161146049657042	4.239822084999999	65.18272804983009
737	1.077561606393792	4.9044337875	73.58813370184602
738	0.9713867730593927	5.2235420625	93.9708351118128
739	1.041416982279953	4.60172956	88.33490038741525
740	1.266191363487883	4.4997753225	88.12368974380081
741	1.259414246466538	4.512798675	84.73961477811943
742	1.201808751785109	4.52167212	85.59780129342452
743	1.254896168452308	4.8207943275	87.78096922919424
744	1.356552923772477	4.97776246	80.7256984380509
745	1.433360250014382	4.799583165	90.07043398695907
746	1.719128684414413	4.86730524	103.297396642419
747	1.616342409590687	4.82957475	105.2965382526043
748	1.486827793437587	4.92038547	102.6122412060966
749	1.519638162863039	4.9356882	97.4398281655449
750	1.521365024411747	4.9283408325	103.3667995042503
751	1.550721670739783	4.861937975	106.1163015621875
752	1.476466624145339	4.761609405	101.5277502446048
753	1.403938439099603	4.8601425525	111.9542137302708
754	1.495462101181126	4.8576836425	108.9857771974278
755	1.604254378749731	4.78722024	105.0050725161133
756	1.650879640564846	4.638146105	97.31343468748526
757	1.771759948974406	4.84985556	95.42708920162845
758	1.968622165527118	4.81746474	98.46971885499896
759	2.080868166193138	5.15253731180625	106.1890398445792
760	2.334716813853214	4.832254227325	106.5337639021049
761	2.30363330597647	4.8567087089125	110.5910064250637
762	2.510856691821429	4.79307839115	116.3401259649658
763	2.45905084536019	4.8615752724125	114.7646060953003
764	2.58856546151329	4.769962214525	113.7227544088127
765	3.00301223320321	4.7878468353875	115.6220851022442
766	3.410551558698297	4.859506982925	119.8659777918393
767	4.094388731986665	4.8713083994125	119.2232618620519
768	4.199727286457852	4.8159512396	130.4433769454982
769	3.540066174851397	4.7934433834125	129.1774134653234
770	3.441635066575041	4.8685101254	117.1536010278082
771	3.358745712237057	4.8140046142	114.7031702056569
772	3.985596454418061	4.870213422625	108.7464462789371