## Sheet: A1. Headline series (continued)
	A	B	C	D	E	F	G	H	I	J	K	L	M	N	O	P	Q	R	S	T	U	V	W	X	Y	Z	AA	AB	AC	AD	AE	AF	AG	AH	AI	AJ	AK	AL	AM	AN	AO	AP	AQ	AR	AS	AT	AU	AV	AW	AX	AY	AZ	BA	BB	BC	BD	BE	BF	BG	BH	BI	BJ	BK	BL	BM	BN	BO	BP	BQ	BR	BS	BT	BU	BV	BW	BX	BY	BZ	CA	CB	CC	CD	CE


`data region 2: A717:AE772`
	A	B	C	D	E	F	G	H	I	J	K	L	M	N	O	P	Q	R	S	T	U	V	W	X	Y	Z	AA	AB	AC	AD	AE
717	1795	22377.81828570195	10.86184535975227	19510.69628598898	10.86184535975228	11.37183783998592	10.86184535975224	18323.17225273217	10.83690921650937	15967.92839794241	10.83690921650937	1.276912291886692	10.86184535975227	2.70161021114324						717.4828291259203	775.3438974887903	203.9351389796608	247.473019647839	240.1107074319876	10978.22330505128	8169.106	5517.43462428067	4.894929479466429	64.18603755519761	1577.262873049678	7.549345459936404
718	1796	22779.40530349523	1.79457627489036	19860.83061260325	1.79457627489036	11.57591414388131	1.79457627489036	18647.79921950295	1.77167448023296	16250.82811039062	1.77167448023296	1.299827456928049	1.794576274890346	2.52073353344049						874.2095066765273	797.0381236673829	213.5537214352445	259.2038354491475	251.4925319428565	11093.80539276563	8256.325	5574.835407695055	4.799313124110777	64.59836147785288	1603.436419279062	0.1174501173525861
719	1797	22614.07057901146	-0.7258079053468691	19716.67913394943	-0.7258079053468691	11.49189524390886	-0.7258079053468833	18508.28614064376	-0.7481476887271583	16129.24791548371	-0.7481476887271583	1.290393206489796	-0.7258079053468549	-0.130883628239225						871.8486998097317	702.5189393024189	214.0328150424356	259.8354472251651	252.1053532943629	11242.65973042711	8333.74	5579.831554335279	5.497424569334974	65.01333412324706	1630.044296737518	-1.838398145665551
720	1798	22831.42121088831	0.9611300677489538	19906.1820654674	0.9611300677489396	11.60234730445227	0.9611300677489396	18681.96892631011	0.9384055570922953	16280.6056742398	0.9384055570922811	1.302795563589559	0.9611300677489396	-1.05237723791643						940.2167165163844	934.1223681312806	225.610594611251	273.9399757554774	265.790272677604	11376.89440587802	8435.048	5654.628380039456	5.239742577969051	65.43097250647864	1657.093712840305	-0.8942118607838876
721	1799	23431.45953323152	2.628125147360763	20429.34144220936	2.628125147360763	11.90727151164472	2.628125147360734	19168.63799545384	2.605020225991026	16704.71874496759	2.605020225991012	1.337034661414957	2.628125147360777	-0.285204602551536						929.7698411821779	939.9888552167881	249.6606508937743	303.20295097657	294.1826755823731	11514.92837136326	8525.74	5696.997847092787	5.424618508578911	65.85129375194919	1684.591994604576	1.123830202062564
722	1800	24573.50606228874	4.873988013582846	21425.06509535656	4.873988013582832	12.48763049786704	4.873988013582846	20098.38827602678	4.850372158905856	17514.95977219703	4.850372158905856	1.40220157054977	4.873988013582832	2.71867547225322						1028.047220080351	1036.636720121555	284.911424605139	346.1119173379656	335.8151019489782	11595.505989822	8619.513	5818.985073595128	4.325218423533491	66.27431509406574	1712.546590634075	2.543157269654546
723	1801	24794.42620006955	0.8990175729129675	21617.68019557186	0.8990175729129675	12.59989649048331	0.8990175729129817	20274.50878374163	0.8762916971055006	17668.44191043216	0.8762916971055148	1.414807609076674	0.8990175729129817	1.95128191279454						1014.392445597641	1079.446294714612	303.9795321903081	369.3623379540501	411.8978538543944	11683.62634362155	8671.439	5842.956227655701	4.451798073008589	66.29282647274505	1737.499659324542	0.02879887790245694
724	1802	25082.05001336709	1.160034158389763	21868.45267009195	1.160034158389763	12.75620538555796	1.240556977533217	20500.23317244708	1.11334085137716	17865.15189202284	1.11334085137716	1.431219860617461	1.160034158389763	1.52881509775949						1166.073644792134	1078.388134870862	262.4502863508335	319.8058313698263	359.8624695025721	11788.06971707065	8730.845	5858.840372874596	4.797529126943925	66.31134302192126	1762.816312655854	0.3467646321844549
725	1803	24557.00680767266	-2.093302602517014	21410.67978121871	-2.093302602517014	12.49917567791561	-2.014938611237412	20061.75349891848	-2.138900908297643	17483.03399593561	-2.138900908297643	1.401260098027415	-2.093302602517028	-2.1004964110925						921.5422123480797	998.9000570353228	258.6337157754577	315.4398529976345	355.8019864570672	11928.78411837713	8831.874	5790.963645796772	6.840758572052305	66.32986474303857	1788.501848324753	-2.080641545439302
726	1804	24534.63291073985	-0.09111003270082563	21391.17250386858	-0.09111003270082563	12.4928711543732	-0.05043951461171048	20036.49944422349	-0.1258815920370182	17461.02607440516	-0.1258815920370182	1.399983409493879	-0.09111003270081142	-3.68416883223048						955.6638552661308	1005.543904387889	275.2215101798179	335.585823145371	377.9459340456373	12096.7740147569	8945.472	5805.552992009695	7.631052346584083	66.34839163754157	1814.561641219359	-0.8812308850082065
727	1805	26023.07019391862	6.066678432051148	22688.90615252363	6.066678432051162	13.24818817937944	6.04598427113234	21248.50519780492	6.048989530108997	18517.24171349552	6.048989530108997	1.484915901049938	6.066678432051148	0.715928936713822						923.5538644912091	1036.391009415917	300.8774723818743	366.6219227812475	411.6620476205694	12280.04394705676	9092.471	5993.956466313787	5.950292892271694	66.36692370687526	1841.001144543867	3.56742359414049
728	1806	25922.29920700962	-0.38723711751949	22601.04628634189	-0.38723711751949	13.20152319841711	-0.352236700826424	21159.2228614401	-0.4201817282377363	18439.4356472418	-0.4201817282377363	1.479165755517124	-0.38723711751949	-1.14271737070761						1001.240584150714	1028.603229423692	304.7954653170159	371.5414304954829	417.4502085376936	12460.59853096799	9232.495	6052.610427541248	6.263483534798643	66.38546095248503	1867.825890959691	-1.594963342266819
729	1807	27615.57236591923	6.532110232150032	24077.37154338499	6.532110232150018	14.0622556531046	6.519948052590522	22537.05408657451	6.511728876608828	19640.16170296694	6.511728876608814	1.575786493183717	6.532110232150004	3.7439863257519						991.6041843334596	1106.509827030522	326.1337056050271	397.3742546313211	445.4363425602793	12636.44245825996	9367.758	6244.716572951228	4.486281604211245	66.40400337581673	1895.0414937432	4.071423955562142
730	1808	26329.14908609985	-4.658325609817794	22955.76917860851	-4.658325609817794	13.41862105420415	-4.577036677315363	21476.88235992168	-4.704127356575754	18716.26348342196	-4.704127356575754	1.50238122741569	-4.658325609817808	-2.41597314372503						999.830254031676	811.6115242285535	318.12819237382	387.9762333584442	435.9495847399986	12804.58049803417	9498.47	6217.400568302687	6.036406745544107	66.42255097831654	1922.653647960366	-5.062618230161084
731	1809	27156.43303132994	3.142083865014996	23677.05869805966	3.14208386501501	13.84321406898173	3.164207507332208	22145.28124381116	3.112178353860074	19298.74698420444	3.112178353860088	1.549587305553333	3.142083865015039	-0.6755354607755439						1358.625183640935	952.9415220899648	348.1391222469679	424.2574515911648	475.1019653486927	12976.01749799878	9623.669	6289.562360884872	6.010566401683191	66.4411037614311	1950.668131658459	1.833113422727035
732	1810	28906.34903349083	6.443835978539724	25202.76952510519	6.44383597853971	14.73540657676828	6.444980936801841	23566.89110345992	6.41947078475711	20537.62440867964	6.419470784757124	1.649440169867463	6.44383597853971	4.25967998054815						1309.987389522372	1270.30210747026	383.962337926925	467.5665129325724	521.8706336313235	13144.75838576431	9737.937	6455.050773646415	4.51777592891821	66.45966172660741	1979.090807075176	4.292432435320667
733	1811	28607.07475036357	-1.035323702694242	24941.83927847638	-1.035323702694242	14.59040929241265	-0.9840059967142594	23314.03827971505	-1.072915483993313	20317.27305635452	-1.072915483993327	1.632363124827065	-1.035323702694228	1.96885096944503						908.1941290647237	739.5952493292347	366.8524290196996	447.2090197381457	500.5731087978283	13320.80817016059	9863.959	6452.430821480117	5.611570760372326	66.4782248752929	2008.380152245698	-1.65585017193071
734	1812	27429.26261664757	-4.117205775123978	23914.93243128081	-4.117205775123978	13.99787691107397	-4.061108701363239	22345.20269437619	-4.155588893331355	19472.97071379685	-4.155588893331355	1.565155375980691	-4.117205775123992	-3.45296253651095						1203.817871146331	948.0222573063901	373.0559311117476	454.8631919634387	509.0813363836183	13525.17194257549	9988.059	6375.99159931856	7.664753856470295	66.4967932089354	2038.102961983609	-4.068602387945943
735	1813	28918.60606841934	5.429761173630112	25213.45614713437	5.429761173630112	14.75452495847952	5.405448642050487	23554.7935760887	5.413201653422192	20527.08188644652	5.413201653422192	1.650139574892675	5.429761173630112	0.6011978206308						1611.88135705225	1109.903080356296	401.5713550936705	489.3989795301258	546.4337927122559	13741.85487831565	10140.77	6462.50223004823	7.543617189796973	66.51536672898315	2068.265651301951	4.012633549068179
736	1814	28278.928991622	-2.211991391576433	24655.73666764085	-2.211991391576461	14.43350039506951	-2.175770242101279	23026.02358006376	-2.2448509018636	20066.27950359234	-2.2448509018636	1.613638629547053	-2.211991391576447	-2.89629486186724						1564.689753178008	1109.27626552338	382.9712842319628	467.2775222009029	523.4555804743065	13958.8622379897	10274.05	6406.764632121247	9.292887867855386	66.53394543688478	2098.874730152069	-2.346273524179686
737	1815	31298.89059836048	10.67919371215643	27288.7705475374	10.67919371215643	15.96442297436382	10.60673112821109	25484.24128887971	10.67582381416608	22208.52014945398	10.67582381416609	1.785962224610569	10.67919371215643	5.94307010573073						1791.345417594658	1213.850936780684	395.2007970483622	482.2057148189169	539.7837868666998	14191.19936891423	10458.06	6796.161715000929	5.138414272866588	66.55252933408934	2129.936804828649	6.509126220224676
738	1816	29659.64704307589	-5.237385491773509	25859.55243799732	-5.237385491773495	15.13632204248169	-5.187164817744573	24140.25757876253	-5.273783491854005	21037.29088002701	-5.273783491854005	1.69242449817026	-5.23738549177348	-0.779471835248424						1540.504070522752	1044.475272646896	350.452151333504	428.4671799927643	482.4956002784096	14429.87170654298	10628.38	6692.830932990543	7.764939580176211	66.57111842204627	2161.458579395537	-4.990213545439918
739	1817	30157.90164257911	1.679907379813343	26293.96896778994	1.679907379813358	15.39146466979146	1.685631599233218	24539.82757050279	1.655201857049704	21385.50050934617	1.655201857049704	1.720855662212791	1.679907379813358	-0.540816195011129						1542.745121996737	1181.376275228623	363.8124542507134	444.7365708636576	500.1472926355646	14659.8847759195	10801.77	6741.010086592627	8.284278693018724	66.58971270220543	2193.446857132656	0.6271662838561587
740	1818	30128.19385208603	-0.09850748518634589	26268.06744020409	-0.09850748518634589	15.38019065954929	-0.07324845610240516	24508.25073345179	-0.1286758717447185	21357.98253013879	-0.1286758717447327	1.719160490576259	-0.09850748518634589	-2.19366042013527						1701.663440170956	1459.369716926067	377.9829557189341	462.060510481221	519.2608150604133	14886.24419315389	10957.25	6780.537559452205	8.787371725065327	66.60831217601708	2225.908542004358	-1.078863292889974
741	1819	29634.01010616271	-1.640270068459841	25837.20019241958	-1.640270068459841	15.13497297656846	-1.594373492558617	24097.4248354288	-1.676275889662904	20999.96381846766	-1.676275889662918	1.690961615620549	-1.640270068459841	-5.56364690531185						1414.564984306073	1190.598800170605	352.3224451624116	431.3389560184957	486.8258746865562	15103.95566692377	11121.51	6748.570297743689	10.2804993771489	66.62691684493187	2258.850640149472	-2.006747157892308
742	1820	32040.79170231142	8.121687167975253	27935.6167650114	8.121687167975239	16.35821092923963	8.082194494598383	26051.51822781097	8.109137825836058	22702.8798278829	8.109137825836072	1.82829622817179	8.121687167975253	0.353368946644416						1533.07586568362	1279.564771954129	357.2593890601879	437.5203090524407	493.9589222963496	15335.025	11267.75	7067.841014274009	7.004760340125969	66.64552671040087	2292.280261393471	4.731430729055803
