## Sheet: A1. Headline series (continued)
	A	B	C	D	E	F	G	H	I	J	K	L	M	N	O	P	Q	R	S	T	U	V	W	X	Y	Z	AA	AB	AC	AD	AE	AF	AG	AH	AI	AJ	AK	AL	AM	AN	AO	AP	AQ	AR	AS	AT	AU	AV	AW	AX	AY	AZ	BA	BB	BC	BD	BE	BF	BG	BH	BI	BJ	BK	BL	BM	BN	BO	BP	BQ	BR	BS	BT	BU	BV	BW	BX	BY	BZ	CA	CB	CC	CD	CE


`data region 5: BH717:BN772`
	BH	BI	BJ	BK	BL	BM	BN
717	16.66035330793196	16.13917641672545	44.02360903377891				
718	12.21335765935643	11.71188885206343	43.35186112680217				
719	11.1433821764056	10.77378887994068	42.43493021982543				
720	12.79410309679269	12.15985553065061	43.02600731284869				
721	12.69081553509076	12.04870406700401	42.34034140587195				
722	12.80449081216234	12.00964366696215	41.40593949889521				
723	12.26246045684613	11.4660515896795	40.52940659191847				
724	10.21363634661993	9.525170106643847	39.52365968494172				
725	11.90097967788056	11.27309869416018	38.67014777796498				
726	12.85807852576705	12.05317071977114	36.66979487098823				
727	13.41028759147115	12.84202759105572	35.13701796401149				
728	11.47584947480178	10.94614847239917	33.69769605703475				
729	11.28203278544184	10.7431017711187	31.734976150058				
730	11.12374178367718	10.45525358419265	31.74189224308126				
731	11.12324191263782	10.53036384377043	30.78332533610452				
732	11.94071566922479	10.37091790255695	29.60595442912777				
733	12.06902792205263	10.15079153173753	28.32858952215103				
734	13.08337386268716	10.78710018600396	26.90581461517429				
735	12.57801950363103	10.59216350130011	25.86359870819755				
736	12.34734940763812	10.45726598145668	24.45573180122081				
737	13.8630839110101	11.51410381278041	21.99850389424406				
738	13.58190456631037	11.48712930969747	19.91212798726732				
739	19.25834902953208	12.66855561747265	17.86333508029057				
740	14.4770759182155	11.92251896376101	22.36515917331383				
741	12.78067886357497	10.37323768483955	22.32677826633709				
742	12.74106969314486	10.41073368714567	20.01638335936034				
743	13.04764094805888	10.79245397825415	27.8618004523836				
744	12.2446736003494	9.922226449577447	32.09734554540686				
745	13.2528693619287	10.83741038818133	30.18801763843012				
746	13.08509670350483	11.31998025511237	34.20353573145338				
747	12.39989601744393	10.75929867103351	41.20017082447664				
748	12.17139010399266	10.06802130867228	43.1524099174999				
749	14.98514112756463	11.09900572050991	43.64295101052315				
750	14.82553956359875	10.73049475162651	43.8842341035464				
751	14.30967044758223	10.36078468704255	44.98458919656966				
752	15.98720618777602	10.96643629169386	45.28825828959291				
753	15.47655993068824	10.57462250799097	45.65466538261617				
754	15.75584022121171	9.89364999671026	46.19029547563943				
755	16.99308700765994	10.99917923243144	45.62888256866268	72.54893825454947	81.17555311838558		
756	17.04721837808074	11.44599535708203	44.39266664558576	70.60318128986806	79.8084298131914		
757	16.03036680419401	10.10230089385026	42.42986072250883	69.49132016719298	77.98671307125673		
758	15.66272980715932	10.2574413282872	43.04567679943191	68.75007941874293	79.05658854982246		
759	14.03545224507649	8.828899058027615	39.21086487635498	70.97380166409309	76.0125015954342		
760	15.37449231792846	9.253585386580156	39.20036595327805	71.90035259965566	76.11000075238289		
761	14.20464474515084	8.12290534332041	39.31609403020113	66.98963264117404	75.12893504677523		
762	12.9117392250814	7.499888716644014	36.6028531071242	64.95122058293636	71.2869846604208		
763	13.94597832672573	7.609838702502258	33.46493018404728	64.76591039582387	67.61220521632343		
764	14.68585829343678	8.23846153860398	34.44090326097035	67.54556320251157	68.91700457901123		
765	16.74622434002994	9.881289099970761	37.08333533789343	70.60318128986805	72.42444539753109		
766	16.83395233620005	10.43825123473389	38.1678024148165	75.32859106123718	74.7396298235036		203.7330393296711
767	11.76226671189077	10.09333879383104	41.04719649173958	76.9963827452498	78.42941830534667		223.6014239570681
768	12.56532223313711	11.33005182392908	42.31010556866266	78.47886424214992	78.76693550151319		228.4973609865593
769	10.07781942271533	9.06505344970913	43.53957890199599	71.9930076932119	77.82345774970081		195.5611528616014
770	10.05768474120072	8.478441607898775	40.73719823532932	68.19414885740535	72.97340623593847		191.8174040358784
771	10.7958420720454	9.050651378723051	38.63459156866266	66.06308170561144	70.84435143986178		223.0459604715929
772	11.30408592435341	9.364140141202093	39.51594290199599	67.82352848318033	71.80512144391761		238.0652667940633