## Sheet: A41. Trade by region 1784+ (continued)
	A	B	C	D	E	F	G	H	I	J	K	L	M	N	O	P	Q	R	S	T	U	V	W	X	Y	Z	AA	AB	AC	AD	AE	AF	AG	AH	AI
76	1887	31.3	13.7	77.2	48.8	29.6	29.7	19.4	18.9	157.5	111.1	11.9	9.6	7.5	8.5	49.4	51	2.1	5.4	16	22.9	23.3	22.3	93.6	49.40000000000001		361.3000000000001	280.1999999999999	-0.8999999999999204	-1.000000000000057		362.2	281.2	0.9975151849806739	0.9964438122332857
77	1888	44.6	15.5	80.6	52.2	32.5	30	21.2	17.1	178.9	114.8	11.9	9	8.1	9.7	52.7	54.1	2.7	5.8	17.4	25.6	25.8	28.6	89.1	49.90000000000001		386.6	297.5	-1.000000000000057	-1		387.6	298.5	0.9974200206398347	0.9966499162479062
78	1889	47.7	17.9	90.1	52.1	32.8	34.1	22	20	192.6	124.1	14.4	10.3	9	13.7	57.7	50.9	2.4	6	15.9	30.6	26.8	25.6	107.7	53.3		426.5	314.5	-1.100000000000023	-1.100000000000023		427.6	315.6	0.9974275023386342	0.9965145754119138
79	1890	43.4	18.8	88.1	54.8	32.4	33.7	22.8	21.4	186.7	128.7	13.5	11.7	9.4	14.1	51.6	55.8	2.1	7	17.2	29.6	29.3	25.5	109.7	54.59999999999999		419.5000000000001	327	-1.199999999999932	-1.199999999999989		420.7	328.2	0.9971476111243168	0.9963436928702011
80	1891	43.9	17.8	89.3	52.6	33.7	33.4	21	19.1	187.9	122.9	16.4	12.1	9.6	13.1	53.3	52	1.8	5.9	16.7	24.2	31.3	28.3	117	49.40000000000001		434	307.9	-1.399999999999977	-1.199999999999989		435.4	309.1	0.9967845659163987	0.9961177612423164
81	1892	35	18.2	89.4	49.8	30	32.7	21.5	17.1	175.9	117.8	16.4	10.5	8.7	12.7	48.7	46.6	2.1	5.9	17.5	25.5	30.6	21.5	122.8	49.9		422.7	290.4	-1.099999999999966	-1.200000000000045		423.8	291.6	0.9974044360547429	0.9958847736625512
82	1893	39.5	19.5	89.4	48.6	32.3	31.2	18.6	15.5	179.8	114.8	14	10	9.1	13.9	44.7	46.3	2	5.6	18.8	24.1	29.9	16.9	105.1	54.3		403.4	285.9	-1.300000000000011	8.700000000000045		404.7	277.2	0.996787744007907	1.031385281385282
83	1894	45.1	21.1	88.1	46.7	32.4	32.8	18.9	16.1	184.5	116.7	14.5	11.5	8.5	13.6	43.9	47	2.3	5.1	18.9	22.4	31.8	17.9	102.5	38.2		406.9	272.4	-1.399999999999977	-1.399999999999977		408.3	273.8	0.9965711486651972	0.9948867786705625
84	1895	47.2	29.4	93.4	43.5	30.4	36	19.7	15.7	190.7	124.6	15.6	9.6	9	15.9	43.5	43.5	2.1	4.7	21.1	25	33.4	19.3	99.9	50.7		415.3000000000001	293.3	-1.39999999999992	7.5		416.7	285.8	0.9966402687784979	1.026242127361791
85	1896	47.2	21.7	98.6	45.3	32.4	37.7	20.4	15.3	198.6	120	15.2	9.7	8.9	20.5	41.8	51.9	1.9	4.2	21.7	25.6	29.4	24.3	122.7	38.7		440.1999999999999	294.9	-1.60000000000008	-1.400000000000034		441.8	296.3	0.9963784517881392	0.9952750590617616
86	1897	48.1	22.9	103.2	45.6	30.1	36	22.2	15.7	203.6	120.2	15.8	12.1	8.9	20.3	40	47.7	1.6	3.7	17.4	20.5	29.3	23.7	132.5	44.4		449.1	292.6	-1.899999999999977	-1.600000000000023		451	294.2	0.9957871396895788	0.9945615227736233
87	1898	45.9	26.6	101.5	47.4	32.3	37.3	23.2	16.2	202.9	127.5	14.1	11.8	10.4	19.4	42.9	49.7	1.4	3.1	21.4	21.4	28.8	23.5	140.9	36		462.8	292.4000000000001	-7.700000000000045	-1.699999999999932		470.5	294.1	0.9836344314558979	0.994219653179191
88	1899	46.5	30.4	106.3	50.9	33.5	42.1	24.6	20.5	210.9	143.9	16.1	11.4	10.6	19.4	46.1	57.7	1.6	4.7	23.4	22.2	33.3	24.7	140.8	44.8		482.8	328.8	-2.200000000000045	-0.6999999999999886		485	329.5	0.9954639175257731	0.9978755690440061
89	1900	51.6	31.4	108.5	45.7	34	42.5	26.6	23.2	220.7	142.8	18.6	12.2	8.4	21.6	47	57.2	1.8	4.7	28.4	25.3	35.4	29.4	161	47		521.3	340.1999999999999	-1.800000000000068	-14.20000000000005		523.1	354.4	0.9965589753393231	0.9599322799097064
90	1901	51.7	27.7	112	50.1	37.5	48.5	24.2	21.7	225.4	148	18	14.6	9.5	26.9	45.8	60.7	2	4.6	26.7	22.5	34.8	29.6	161.4	47.40000000000001		523.6	354.3000000000001	1.600000000000023	6.500000000000057		522	347.8	1.003065134099617	1.018688901667625
91	1902	56.4	26.4	112.1	48	43.1	37.3	24.9	21.7	236.5	133.4	20.3	13.2	10.2	34.1	47	56.2	2.3	4.3	29.2	22.7	30.6	27.7	150.6	55.5		526.6999999999999	347.1	-1.700000000000045	-2.100000000000023		528.4	349.2	0.996782740348221	0.9939862542955326
92	1903	63.8	29.1	113.3	49.9	41.5	38.3	24.2	22.1	242.8	139.4	19.2	13.1	10.9	36.2	51.1	57.6	2	4.9	35.9	26	30.6	25.1	149.4	54.8		541.9	357.1	-0.8999999999999773	-3.300000000000011		542.8	360.4	0.9983419307295506	0.9908435072142064
93	1904	62.9	28.2	116.3	48.1	39.9	40.8	23.1	22.8	242.2	139.9	20.5	16.8	11.3	28	56.5	69.2	2.2	5.4	41.4	30.1	36.3	26.7	142.3	52.09999999999999		552.7	368.2	1.700000000000045	-2.799999999999955		551	371	1.003085299455535	0.9924528301886794
94	1905	66	29.2	86	52.6	61.7	47.4	26.6	22.8	240.3	152	20.9	15.8	11.8	27.4	57.2	83	3.4	5.5	49	34.3	40.4	26.5	139.7	61.59999999999999		562.6999999999999	406.1	-2.300000000000068	-1.5		565	407.6	0.9959292035398228	0.9963199214916585
95	1906	65.7	32.2	89.2	52.4	66	53.9	30.2	26.9	251.1	165.4	23.4	18.3	13	27.5	62.4	86.8	3.8	5.6	47.4	45.1	44.9	30.9	159.8	69.30000000000001		605.7999999999998	448.9	-2.100000000000136	-11.80000000000001		607.9	460.7	0.9965454844546798	0.9743868026915563
96	1907	69	38.2	88.3	71.9	68.7	48.8	32.1	30.8	258.1	189.7	28.9	19.1	16.7	26.8	71.7	93.9	3.6	6.6	52.7	49.4	51.59999999999999	36.5	160.1	77.8		643.4	499.8	-2.399999999999977	-18.09999999999997		645.8	517.9	0.9962836791576339	0.9650511681791852
97	1908	66.2	37.6	82.7	64.7	65.7	54.4	27.1	31.6	241.7	188.3	23.1	17.8	14.2	24.5	53.8	85.3	3.8	5.5	60.7	41	43.8	35.2	148.7	57.2		589.8	454.8	-3.200000000000045	-1.900000000000034		593	456.7	0.9946037099494097	0.995839719728487
98	1909	73.2	35	87.2	67.1	69	54.4	27.4	27.3	256.8	183.8	25.4	16.6	16.9	27.5	63.8	77.3	3.8	5.7	61.5	43.5	50.3	35.3	143.9	78.1		622.4	467.8	-2.300000000000068	-1.699999999999989		624.7	469.5	0.9963182327517207	0.9963791267305645
99	1910	81.8	39.7	91.8	73.1	72.8	63	28.5	29.2	274.9	205	26.3	18.8	19.7	37.2	79.5	84.2	6.3	6.1	65.9	54.6	59.5	40.5	143.8	85.80000000000001		675.8999999999999	532.2	-2.400000000000091	-1.999999999999886		678.3	534.1999999999999	0.9964617425917734	0.9962560838637217
100	1911	82.1	41.1	91.2	76.4	79.1	67.6	29.3	30.8	281.7	215.9	27.9	21.4	19.1	37.4	83.8	97.2	3.8	6.6	56.6	51.7	57	45.1	148	79.5		677.9	554.8000000000001	-2.300000000000068	-2.099999999999909		680.2	556.9	0.996618641576007	0.9962291255162509
101	1912	83	42.3	101.2	81.2	80.8	70.1	31	34.8	296	228.4	33.5	19.3	20.9	40.3	97.2	104.9	5.3	6.8	70.3	54.7	56.40000000000001	49.5	162.3	92.8		741.8999999999999	596.6999999999999	-2.700000000000159	-2.200000000000045		744.6	598.9	0.9963738920225622	0.9963265987644013
102	1913	86	50.2	104.4	87.2	90.2	68.8	30.6	36.7	311.2	242.9	27.6	19.2	22.9	41.8	92.6	128.3	6.1	6.3	73.7	56.5	58.40000000000001	49.59999999999999	173.2	87.8		765.7000000000002	632.3999999999999	-2.999999999999886	-2.400000000000205		768.7	634.8000000000001	0.9960973071419281	0.9962192816635157
103	1914	75.4	45.4	88.3	72.5	54.9	42.8	31	32.5	249.6	193.2	22.4	15.1	23.9	35.2	93.5	107	7.1	5.6	66.2	34.3	59.9	47.5	171	85.69999999999999		693.6	523.6	-3	-2.600000000000023		696.6	526.2	0.9956933677863911	0.9950589129608514
104	1915	77.8	56.6	71.7	116	0.3	1.4	40.5	38.8	190.3	212.8	24.4	10.3	33.4	34.3	130.7	77.6	12.6	5.4	100.1	26.4	75.6	42	280	73		847.1	481.8	-4.799999999999955	-2.200000000000045		851.9	484	0.9943655358610166	0.9954545454545454
105	1916	78.4	70.1	65.5	146.5	0.1	0.1	50.7	49.2	194.7	265.9	28.5	13.3	38.6	44.3	151.8	97.9	18.4	5.9	91.8	35.5	67.80000000000001	52	352.3	86.6		943.9	601.4	-4.600000000000023	-2.5		948.5	603.9	0.9951502372166579	0.9958602417618811
106	1917	69.6	73.3	54.4	160	0	0	42.6	54.8	166.6	288.1	34.1	17.3	39.6	39	148.3	98.1	24.4	4.9	91.6	36.5	93.4	31.4	461.4	78.3		1059.4	593.5999999999999	-4.799999999999955	-3.200000000000159		1064.2	596.8000000000001	0.9954895696297689	0.9946380697050936
107	1918	58.2	17.6	55.9	169.1	0	0	68	59.1	182.1	245.8	55.2	26.1	47.1	43	157.8	92.4	31	4.2	121.2	44.7	69.9	36.1	640.6999999999999	42.1		1305	534.4	-11.20000000000005	2.100000000000023		1316.2	532.3	0.9914906549156662	1.00394514371595
108	1919	78.8	117.7	94.3	324.6	1.5	32.6	76.9	78.9	251.5	553.8000000000001	72.2	45.4	74.4	48.2	230.4	134.8	29.4	5	138.7	50.9	164.1	37.7	659.4	84.1		1620.1	959.9000000000001	-6.099999999999909	-3.399999999999864		1626.2	963.3	0.9962489238716026	0.9964704661060938
109	1920	145.5	132.8	197	321.9	36.3	66	78.2	114.9	457	635.6	86.1	80.2	80.6	104.5	238.6	327.2	41	15.6	201.9	112.1	159.8	96.3	660.6999999999999	181		1925.7	1552.5	-6.900000000000091	-4.800000000000182		1932.6	1557.3	0.9964296802235331	0.9969177422461952
110	1921	86.7	50.3	145.3	129.4	33.1	58.9	43.9	52.9	309	291.5	39.4	36.6	48.5	59.2	101.5	200.4	13.1	7.7	112.2	60.3	116.8	63.9	338.6	86.19999999999999		1079.1	805.8	-6.400000000000091	-4.5		1085.5	810.3	0.994104099493321	0.9944465012958164
111	1922	94.1	51.1	128.4	152.6	39	59.2	42.2	51.7	303.7	314.6	45.5	29.7	42.7	51.7	100.6	171.8	15.7	7.6	98.2	54	113.3	82.3	278.6	105.7		998.3000000000001	817.4	-4.799999999999955	-5.800000000000068		1003.1	823.2	0.9952148340145549	0.9929543245869775
112	1923	110	52.4	143	147.8	54.5	72.5	47	50.4	354.5	323.1	46.4	28.3	46.4	57.8	130	163.6	16.1	9.2	107	65.2	92	83.6	266.2	116.7		1058.6	847.5000000000002	-37.60000000000014	-38.29999999999973		1096.2	885.8	0.9656996898376208	0.9567622488146311
113	1924	126.5	61.4	166.6	137.6	64.5	86.6	51.2	51.8	408.8	337.4	50.8	28.8	52.2	61.1	142.4	173.9	21.3	8.9	128.2	67	106	87.30000000000001	309	111.2		1218.7	875.6	-58.70000000000005	-65.39999999999998		1277.4	941	0.9540472835447001	0.9304994686503719
114	1925	130	62.1	166.6	125.3	70.1	87.2	51.1	51.6	417.8000000000001	326.2	45.3	31.7	60.2	67.9	160.5	157.1	22.3	8.6	120.9	74.1	123.9	88.2	317.9	115.4		1268.8	869.2000000000002	-51.90000000000009	-59.0999999999998		1320.7	928.3	0.9607026576815324	0.9363352364537328
115	1926	127.7	46.9	169.1	93.4	97.9	59.6	42.8	33.1	437.5000000000001	233	38.7	22	53.7	63.9	137.9	150	13.3	7.4	111.5	51.7	107.8	85.19999999999999	294.5	104.9		1194.9	718.0999999999999	-46.50000000000023	-60.40000000000009		1241.4	778.5	0.9625422909618171	0.9224149004495824
116	1927	134.1	47.3	169.5	102.4	83.1	86.6	47.9	42.8	434.6	279.1	40.1	23.3	56.2	68.1	142.7	150.9	16.8	8.2	122.7	66.1	99.2	84.1	257.6	99.2		1169.9	779.0000000000001	-48.39999999999986	-53.09999999999991		1218.3	832.1	0.9602725108758107	0.936185554620839
117	1928	130.9	42.2	161.8	107	81	85.5	45.5	43.2	419.2	277.9	41.6	21.4	60	69.7	127	157.2	22.9	8.6	122.6	73.1	101.7	78	247.6	106.9		1142.6	792.8	-52.99999999999955	-51.10000000000002		1195.6	843.9	0.9556707929073273	0.9394478018722597
118	1929	146.6	47.5	157.1	112.4	91.6	86.7	48	46.8	443.3	293.4	38.1	23.7	59	68.1	135.7	149.7	18.4	8.6	129.3	73.4	103.3	78.5	244.4	100.6		1171.5	796.0000000000001	-49.29999999999995	-42.99999999999989		1220.8	839	0.9596166448230669	0.9487485101311086
119	1930	143.4	50.3	140	95.1	89.8	57.1	41.6	38.5	414.8	241	27.5	19.4	45.8	58.7	106.6	100.8	17.3	7.3	97.4	55.6	91.3	51.7	193.9	72		994.5999999999999	606.5	-49.40000000000009	-51.09999999999991		1044	657.5999999999999	0.9526819923371647	0.922293187347932
120	1931	123.1	38.2	121.3	68.3	87.7	41.3	37.5	27.4	369.6	175.2	20.5	12.9	29.7	42.5	79.2	66.8	13.2	5.8	82.7	30.4	83.5	26.9	138.9	48.9		817.3	409.4	-44	-45.10000000000002		861.3	454.5	0.9489144316730523	0.9007700770077007
121	1932	99.7	39.1	62.7	58.5	45.9	34.3	30.9	25.4	239.2	157.3	21.2	13.8	35	36.4	68.4	67.6	18.1	6.2	75.3	25.1	83	31.2	128.7	38.90000000000001		668.9000000000002	376.5000000000001	-32.79999999999984	-39.49999999999994		701.7	416	0.9532563773692464	0.9050480769230771
122	1933	94.7	36.2	56.1	57.7	46.8	34.3	28.2	23.9	225.8	152.1	23.5	14.1	33.9	41.5	69.8	61.4	19.2	6.2	67.9	30.9	85.80000000000001	31.9	124.2	45.5		650.1	383.5999999999999	-24.89999999999998	-33.40000000000009		675	417	0.9631111111111111	0.9199040767386089
123	1934	98.5	45.8	60.9	55.9	49.2	34.5	28.9	27.4	237.5	163.6	22.9	15.1	32.2	48.4	89.9	65.5	20.2	6.6	80.1	32.7	90.3	38.7	134.8	45.2		707.9000000000001	415.8	-23.49999999999989	-31.39999999999998		731.4	447.2	0.9678698386655731	0.9297853309481217
124	1935	101.3	50.7	66.2	55.6	50.1	37.9	28.3	26.8	245.9	171	25.9	17.7	37.8	57	86.5	66.3	22.5	6.8	73.8	32.5	92.4	43.6	145.7	53.7		730.5	448.6	-25.5	-32.5		756	481.1	0.9662698412698413	0.9324464768239451
