## Sheet: A41. Trade by region 1784+ (continued)
	A	B	C	D	E	F	G	H	I	J	K	L	M	N	O	P	Q	R	S	T	U	V	W	X	Y	Z	AA	AB	AC	AD	AE	AF	AG	AH	AI
125	1936	108.5	56.7	76.3	59.3	62.2	39.7	23.6	15.5	270.6	171.2	27.6	16.9	44	62.7	94.7	63.6	27.2	7.3	79.7	33.3	105	50.6	170.6	62.3		819.4000000000001	467.9000000000001	-28.39999999999986	-33.49999999999994		847.8	501.4	0.9665015333805145	0.9331870761866774
126	1937	137.1	72.7	88.8	69.9	67.5	37.1	29.2	20.4	322.6	200.1	33.8	19	59.4	73	122.9	76.9	33.7	8.7	97.9	43.1	121.6	58.9	206.1	72.4		998	552.1	-29.79999999999995	-44.39999999999998		1027.8	596.5	0.9710060323020043	0.9255658005029338
127	1938	122.4	66	79.4	55.1	57.6	42.6	25	22.3	284.4	186	27.9	22.3	46.5	63.8	108.2	68.8	31.5	8.1	70.7	37	118.7	58.4	199.3	53.40000000000001		887.2	497.8000000000001	-32.29999999999995	-34.49999999999989		919.5	532.3	0.9648722131593258	0.9351869246665416
128	1939	106.4	59.7	85.1	52	39.1	26.9	27	17.8	257.6	156.4	29	21	51	57.9	99.6	61	32.9	7.2	77.8	36.8	103.8	49.3	199.4	60.8		851.0999999999999	450.4	-34.40000000000009	-35.09999999999997		885.5	485.5	0.9611518915866741	0.9277033985581875
129	1940	34.3	20.4	41.5	36.6	12.2	3	25.5	14.3	113.5	74.3	31.7	24.2	75.4	59.6	149.1	66	44.4	7.5	108.4	37	152.6	63.5	428.3	72.1		1103.4	404.2	-48.69999999999982	-32.99999999999994		1152.1	437.2	0.9577293637705062	0.9245196706312901
130	1941	9.6	34.1	1.4	0.9	0.4	0.1	16	9.2	27.4	44.3	17.3	23.8	75.9	62.7	118.6	62.1	71.6	6.8	88.8	29.9	102.8	53	602.8	72.3		1105.2	354.9	-39.90000000000009	-23.19999999999993		1145.1	378.1	0.9651558815823945	0.93864057127744
131	1942	10.3	80.5	1.2	1.2	0.1	0	16.8	6.2	28.4	87.9	20.2	23.3	85.8	59.1	84.1	28.7	49.2	6.7	83.6	26.7	100.5	89.2	714	59		1165.8	380.6	-40.40000000000009	-21.10000000000008		1206.2	401.7	0.9665063836842978	0.9474732387353745
132	1943	9.5	61.8	1	0.4	0	0	21.8	20.5	32.3	82.69999999999999	14.8	23.4	87.4	59	85.5	20.8	57.6	6.5	98.6	22.7	82.6	64	1388.9	57.09999999999999		1847.7	336.2	-37.70000000000005	-14.29999999999995		1885.4	350.5	0.980004243131431	0.959201141226819
133	1944	13	58.7	3.1	12.5	0	0	29.5	18.2	45.6	89.4	24.5	19.9	102.7	60.4	86.3	28.2	52.6	5.6	113.4	11.3	111	67.8	1780.5	49.5		2316.6	332.1	-43.20000000000027	-13.19999999999999		2359.8	345.3	0.9816933638443934	0.9617723718505647
134	1945	45.1	46.3	9.1	52.8	2.1	11.1	35	18.4	91.30000000000001	128.6	25.9	29.9	78.3	70.9	87.1	42.7	50.4	7	87.9	17.6	115.7	64.7	933.5999999999999	50.40000000000001		1470.2	411.8000000000001	-46.70000000000005	-73.79999999999995		1516.9	485.6	0.9692135275891621	0.848023064250412