## Sheet: A4. Ind Production 1270-1870

`data region 1: A1:N8`
	A	B	C	D	E	F	G	H	I	J	K	L	M	N
1		A4. English and GB Industrial Production 1270-1870 												
2	Back to front page	For a summary overview of the methodology and construction of this database, see:												
3		 Broadberry, Stephen, Bruce M.S. Campbell, Alexander Klein, Mark Overton and Bas van Leeuwen (2015), British Economic Growth, 1270-1870, Cambridge: Cambridge University Press												
4		http://www.cambridge.org/gb/academic/subjects/history/economic-history/british-economic-growth-12701870?format=PB												
5		When using this data, please cite this source.												
6		Notes:  The data for Wool/Textiles in Table 4.02 in an earlier version of this spreadsheet have been corrected.												
7		Table 4.02:  Output of key industries 									Table 4.03: Output of key industrial sectors			
8	Year	Tin	Iron	Coal	Wool/Textiles	Leather	Foodstuffs	Construction	Printed books		Metals and Mining	Textiles and Leather	Other Industries	Total Industry

`data region 2: A534:N589`
	A	B	C	D	E	F	G	H	I	J	K	L	M	N
534	1795	240.625	354.7528805336568	356.2647754137117	316.6627649795333	135.3987830464879	138.8820756469718	378.4027479604975	94.97559178410242	316.6627649795333	343.2871839216389	250.5674863992712	161.8026568989141	220.4348107411053
535	1796	214.0624999999999	357.3453608247422	326.9565396668316	321.0559897753247	145.1197213164922	148.1171272642759	536.8769225473493	86.09576003193024	321.0559897753247	332.6982520037037	258.2821206098956	186.159007796517	231.7076961201263
536	1797	226.5625	415.6306852637963	347.7527626587505	294.5926686249348	134.3572539461303	156.4042401791514	421.4191284860112	85.32360074913265	294.5926686249348	372.7668090370805	237.6410595518049	172.5809070919006	218.9459952247563
537	1798	200	455.9960582171012	308.8817417120238	320.921630985975	134.3572539461303	153.1117347189666	322.9652368857202	89.18439716312055	320.921630985975	381.0842875224446	252.3903962188888	160.8860769298195	224.1990414107992
538	1799	200	477.1300788356579	355.8112045741926	385.5457687119131	129.4967848111282	160.1580876131128	318.5795802411894	85.32360074913265	385.5457687119131	406.0048429284628	285.965687600339	163.4321818569447	245.9426972325199
539	1800	179.6875	534.733171619163	421.276595744681	385.4882017645081	135.051606679702	124.71668288058	420.5788385062566	387.2378803229867	385.4882017645081	458.2284524874188	288.9354814247267	253.1441037795771	280.4242521933083
540	1801	165.625	590.888417222559	359.3428860906066	358.0624293416343	138.8705467143466	124.5919488037163	484.2180985742144	179.5270332504375	358.0624293416343	466.6869797132763	275.6356221502886	201.8131905648173	257.2248256876862
541	1802	185.9375	610.8171619163129	431.9557823129252	371.2349122341307	142.4496845162627	136.1164510295681	367.7329148966897	127.7923613029996	371.2349122341307	510.0635920725062	284.9817236136142	181.8369814805304	256.6924399549345
542	1803	206.2499999999999	659.9530018192844	432.2861485019548	380.5741385034464	125.2698230670652	139.8128828713199	429.4276114416867	159.8369715390992	380.5741385034464	535.5985399187982	281.2509519114711	199.2362508988154	265.4065522149958
543	1804	214.0624999999999	641.4190418435414	480.2250687509048	417.66028236479	125.9856506274485	133.1767572026538	422.9617595352433	138.2165116207669	417.66028236479	552.815361434461	302.6086484526621	182.9708327205895	269.1611548143132
544	1805	192.1875	653.2519708914493	480.7624113475179	410.5963381727863	143.1655120766459	135.1757541676135	447.2305710605403	192.6537410579963	410.5963381727863	565.7879554899908	307.6276981052685	194.800732567772	277.9432639204622
545	1806	206.2499999999999	711.127956337174	502.1709806854184	403.4663073571421	141.0180293954963	139.6786377580809	350.0777638753251	184.9321482300205	403.4663073571421	603.0255801798332	302.4823033589502	174.4198545836809	270.2948768147302
546	1807	171.875	769.5042449969678	454.5490851975143	450.6123072871443	139.5863742747298	144.5577516368736	505.5587530777161	182.229590740229	450.6123072871443	596.7170742405666	328.4276191237516	203.1110437505735	293.8277274188059
547	1808	165.625	803.7295330503335	525.5752360045669	388.1972382671936	144.5971671974124	145.8439291413965	300.3835016497964	176.4383961192472	388.1972382671936	643.051244159383	295.6942211193456	166.2526540952348	267.6767918747429
548	1809	179.6875	801.917828987265	467.721718316956	410.4908154985494	151.0396152408615	136.2541991175295	367.3499073490688	168.3307236498726	410.4908154985494	618.927464423279	311.7331981663722	171.0857933723158	274.4265212273765
549	1810	145.3125	819.0191024863553	539.2730496453902	458.5071126479506	153.9029254823944	142.8183308481462	636.1363308589575	258.6733597371895	458.5071126479506	649.0602791665592	340.3879409080408	237.393148135431	319.6240506662708
550	1811	165.625	903.6309884778653	539.7191029682166	500.2821215450896	143.165512076646	156.4649080138607	653.4231629827141	197.2866967547818	500.2821215450896	686.4933356743211	358.4387219588675	244.7698365558059	334.5412090659232
551	1812	165.625	898.5142510612491	550.1516942474384	455.2953774173661	135.2914089124304	146.9410016273235	464.9066374958186	236.2807405360597	455.2953774173661	693.9030279690596	328.832129562642	209.3756239553843	306.5202391845548
552	1813	165.625	884.7710733778048	539.4301615445236	451.2648951932173	153.9029254823944	145.4517935723624	347.640551586209	205.3943692241565	451.2648951932173	685.1576443974919	336.2873552477274	184.4037387016367	297.7180920162903
553	1814	185.9375	866.3432383262583	614.1124901497253	448.4575387494259	157.4820632843106	151.944714858457	249.8428180430213	187.6347057198121	448.4575387494259	713.4988457626492	336.5855787032381	168.8825979301858	293.7310966633975
554	1815	206.2499999999999	854.5861127956338	614.3617021276598	503.261864889716	178.9568900958075	152.2546730183296	538.6002576212961	221.9957938043044	503.261864889716	712.8113868453029	378.8818741029505	227.8333342001995	338.5058591193176
555	1816	234.375	707.1103699211643	656.0002251491615	484.0708707476894	181.8202003373404	149.1001180692935	412.1475479431391	194.5841392649903	484.0708707476894	676.6246513950523	369.5442804603555	197.2220795939818	317.1115410281287
556	1817	289.0625	690.7519708914493	610.172051484109	574.0461499338236	200.4317169073044	155.8221570860049	394.7192123714501	203.8500506585613	574.0461499338236	650.6822506182405	430.2261152103087	195.9073283442319	340.4008474992651
557	1818	282.8125	732.9214675560945	651.5113137453562	600.2475832443145	193.2734413034721	165.3966805199062	448.1923440444062	219.2932363145129	600.2475832443145	692.5485021378232	441.3468121601804	213.8439787469752	357.4658699554307
558	1819	234.375	727.3726500909643	627.6246294420047	563.0881397503139	184.6835105788733	164.2099338817238	543.5586324847472	214.2742009763286	563.0881397503139	676.3374238520545	415.7823653272792	229.5134925835613	351.7099284586917
559	1820	206.2499999999999	825.6443298969073	679.3735224586289	579.4702272664027	171.7986144919752	189.9507011041802	516.4688929916025	316.9713855884068	579.4702272664027	742.5440607865568	418.2863737569671	242.1464307312543	365.0738848579894
560	1821	234.375	993.1852637962401	664.7658475148239	634.617433769439	173.2302696127416	164.4587228555065	533.5451525330365	210.7994842037395	634.617433769439	811.0181750314347	450.2600666478156	223.4031181792233	377.4718149468728
561	1822	226.5625	924.09793814433	693.7493756867448	682.0038175290689	176.8094074146578	174.1658598815143	522.1601222502799	242.4580147984403	682.0038175290689	802.2963673807286	478.9782778490859	228.2987307666288	391.3194088809003
562	1823	295.3124999999999	1140.213765918739	778.8192247786694	712.1944867741713	193.9892688638553	161.3922588592888	554.8798197322643	238.2111387430536	712.1944867741713	925.5388659190224	505.0911063885542	232.712113809583	417.0011224354323
563	1824	351.5625	1339.804426925409	786.8058099054002	751.9721093396113	209.7374751922864	172.6475345577914	631.9409356189427	301.5281999324552	751.9721093396113	1013.887336653265	535.9135114611671	264.2464705293232	453.3929519119449
564	1825	303.1249999999999	1401.902668283808	806.1465721040191	795.6147113315169	206.8741649507534	193.3673312021965	711.4212108200937	324.3068987749838	795.6147113315169	1049.470686803852	559.0957477353209	296.6070898041528	481.5494169526294
565	1826	323.4374999999999	1270.557913887204	863.8336459524156	647.7054108087478	182.5360278977236	200.5355247183521	721.4640179048021	391.4847563783734	647.7054108087478	1034.330024577956	462.5848267160188	307.7821337617929	442.9403766107876
566	1827	385.9374999999999	1666.926925409339	797.9803549428959	839.5463917220926	198.2842342261547	186.5449289183485	605.9550329956783	305.0029167050443	839.5463917220926	1173.343357779179	579.4455670589082	265.1693318637014	488.7290358715024
567	1828	343.75	1690.706488781079	810.1151622104586	892.411979248174	229.7806468830168	202.010249057137	654.2316291428878	278.7495010899266	892.411979248174	1185.732774894406	626.9821169098519	280.7953788804747	517.6991779858656
568	1829	309.375	1665.767131594906	886.57939969737	842.9875956533027	234.0756122453162	200.5926456651848	743.8779839522759	286.8571735593012	842.9875956533027	1207.006877984965	600.2108238496205	296.5162425590811	515.1854884662386
569	1830	309.375	1648.809884778653	960.874704491726	963.1553642135256	244.8130256510647	211.4058107507222	680.3571741882673	406.927942034325	963.1553642135256	1246.161573714154	673.9138086055098	302.1689312114516	553.7790603500183
570	1831	303.1249999999999	1460.241055184961	970.5442781744971	993.0723151800818	224.054026399951	231.5015251777118	804.0580710579933	342.0665622793282	993.0723151800818	1185.616920076039	679.9464993464142	328.1079472199959	561.9740169345331
571	1832	303.1249999999999	1542.245300181928	1035.424630157686	1005.685703641095	199.7158893469211	214.1529566544845	872.1270228136825	406.5418623929262	1005.685703641095	1234.925235967835	667.8533650238156	343.1991733181023	574.7893999130132
572	1833	282.8125	1905.139478471801	1045.322810124594	1080.229203570015	231.9281295641665	222.9605479998234	838.1755901888666	323.5347394921862	1080.229203570015	1319.61970006459	730.7841872551247	339.1564440393957	600.4162271126061
573	1834	206.2499999999999	1925.13644633111	1054.763777523227	1090.242070386687	256.9820941775795	226.7137535792457	802.2903100804486	347.0855976175125	1090.242070386687	1367.313839634961	754.9993824877384	347.3544941282111	617.5365502965241
574	1835	295.3124999999999	2278.373256519102	1146.483451536643	1119.588782804271	240.5180602887653	233.1290311910771	990.3392013739792	403.8393049031347	1119.588782804271	1509.41306655305	757.6298204655268	388.3428592829705	661.1959440007222
575	1836	282.8125	2373.650697392359	1203.675363597037	1298.689330844888	252.6871288152801	238.8707251491083	914.3647446232361	386.0796413987903	1298.689330844888	1535.281282053382	858.683415207671	385.0460863665397	697.4268596567412
576	1837	329.6875	2538.280776228017	1314.069589913723	1199.781179261508	241.2338878491485	232.5223799947122	1012.351913002633	366.389579687452	1199.781179261508	1590.797866466986	799.0799926623483	401.1134379431321	696.0540525844483
577	1838	357.8124999999999	2758.141297756216	1329.908480021203	1330.885761437459	248.3921634529808	236.2551989176961	966.7366859524068	428.5484019526573	1330.885761437459	1699.365366931748	871.8874648639238	409.8595015506914	735.0321537384671
578	1839	371.875	3049.787750151607	1322.108536076381	1256.254677839443	260.5612319794957	236.0932121256166	982.7196700901513	439.3586319118233	1256.254677839443	1834.06758117412	842.9686072734222	417.8799453806881	739.1071742375697
579	1840	364.0625	3408.586308992963	1355.691489361702	1370.451319391088	243.3813705302982	241.3093336634796	958.3984045756652	518.5049583985754	1370.451319391088	1944.924813830584	888.399611977845	426.3428862282294	769.1479683239108
