## Sheet: A4. Ind Production 1270-1870 (continued)
	A	B	C	D	E	F	G	H	I	J	K	L	M	N
580	1841	362.4999999999999	3587.985588413646	1414.644458476441	1329.692476470178	291.3418170759746	237.5876192375756	914.1825068727669	424.3015258972706	1329.692476470178	1971.584578260682	904.1018118229599	398.3371319842221	758.9781670102157
581	1842	362.4999999999999	2556.439731744723	1431.094902296417	1294.761779186411	315.6799541290044	230.576711472967	673.4924572748014	433.5674372908416	1294.761779186411	1703.640145881692	904.6540656346783	350.8762941294991	704.0145009404669
582	1843	371.875	2690.989191310234	1373.988924363821	1463.627220110061	315.6799541290044	230.4284419554014	873.3091946288216	445.5359061742039	1463.627220110061	1823.267584495619	991.2985878277179	379.3055125318858	757.7119284007142
583	1844	400	4798.930724503251	1348.588382587038	1589.692380159534	346.4605392254833	233.2162784172225	923.9000928667499	480.669153541494	1589.692380159534	2424.553270353981	1079.419784674007	403.0604801057667	852.1134614404812
584	1845	420.3124999999999	3677.685228123987	1656.761229314421	1728.499592167671	348.608021906633	239.2632873068789	1338.085015027907	577.5751435325903	1728.499592167671	2210.924259442531	1152.062717299593	508.0304148281344	941.4845342112004
585	1846	434.375	4215.883066386034	1575.548008137939	1668.064437798656	292.7734721967411	246.149432522615	1517.255536986994	581.4359399465782	1668.064437798656	2387.831702803927	1078.228142758205	538.0952812261886	943.8568445747052
586	1847	446.875	4664.38126493774	1790.890966271447	1363.43579162689	321.4065746120702	249.6914374455427	1246.733221178679	528.1569494335452	1363.43579162689	2543.290832363936	943.9750446363817	490.4679432944017	888.2181634579691
587	1848	460.9375	4843.780544358422	1849.813512678563	1684.73176676567	302.7950580421062	242.6479499649353	1346.57302849601	494.5680206318504	1684.73176676567	2655.12467675567	1094.523082568024	499.718298307188	955.124003726169
588	1849	481.25	4933.480184068763	1747.882710157113	1780.360122339931	317.827436810154	256.5084054292698	1134.806630896672	543.214055448098	1780.360122339931	2687.692089301411	1155.087842378661	470.2230541311432	948.904481715403
589	1850	468.75	5381.978382620468	1912.748997213012	1705.306841062753	297.7842651194237	273.3162320862254	1058.090711166843	667.5316999785084	1705.306841062753	2858.828085347789	1101.874317434509	482.7569320542408	957.4038891740109