## Sheet: A41. Trade by region 1784+

`data region 1: A1:AI134`
	A	B	C	D	E	F	G	H	I	J	K	L	M	N	O	P	Q	R	S	T	U	V	W	X	Y	Z	AA	AB	AC	AD	AE	AF	AG	AH	AI
1	Back to front page	A41. Breakdown of Trade by Geographical region based on computed and declared values, 1784-2015																																	
3		Computed Values of External Trade- Great Britain, 1784-6 to 1854-6																																	
4		Source: Davis (1979)																																	
5	£ 000s																																		
6			Ireland				Northern Europe				North Western Europe				Southern Europe				Europe Total																
7		Imports	Exports 	Re-exports  		Imports	Exports 	Re-exports  		 Imports	Exports 	Re-exports		 Imports	Exports	   Re-exports			 Imports	Exports	   Re-exports														
8	1784-6	2375	924	2668		3808	535	193		2247	2335	1471		2871	2478	193			8926	5348	1857														
9	1794-6	3591	2258	6944		6822	978	679		3589	2056	4445		4632	2500	373			15043	5534	5497														
10	1804-6	4939	3706	8311		13195	7448	3494		3626	2749	2547		6370	3524	508			23191	13721	6549														
11	1814-6	7055	3528	16067		8575	3086	1779		6482	10103	10896		7661	7955	1516			22718	21144	14191														
12	1824-6	9414	4608	8121		7245	1762	1041		9862	6995	4110		6009	5145	980			23116	13902	6131														
13	1834-6					7430	1890	859		13069	9752	4767		5839	5968	1641			26338	17610	7267														
14	1844-6					8826	2590	1017		15499	14754	5350		5869	5907	1070			30194	23251	7437														
15	1854-6					11235	2404	1304		33663	22396	13629		10182	8191	1608			55080	32991	16541														
17			Near East				Africa				Asia				Australasia																				
18		Imports	Exports   	Re-exports   		Imports	Exports   	Re-exports  		 Imports	Exports 	Re-exports		 Imports	Exports 	Re-exports																			
19	1784-6	273	64	14		148	489	160		4952	1813	69																							
20	1794-6	378	62	70		191	483	283		7340	3539	87			7																				
21	1804-6	241	137	33		386	1187	208		8011	2703	287		8	36	4																			
22	1814-6	416	222	94		703	353	80		11796	2757	438		23	22	2																			
23	1824-6	1154	650	57		681	372	133		11019	3676	657		177	196	50																			
24	1834-6	1274	1300	84		2017	967	274		11535	4852	473		1232	730	282																			
25	1844-6	1798	3038	228		2898	1368	325		14120	9645	815		2494	1176	204																			
26	1854-6	6309	6613	465		5218	2623	409		25701	13458	604		4844	9491	1360																			
28			Canada				U.S.A.				West Indies				Latin America				Total excl Irish Trade																
29		 Imports	Exports 	Re-exports		 Imports	Exports 	Re-exports		 Imports	Exports 	Re-exports		 Imports	Exports 	Re-exports			 Imports	Exports 	Re-exports														
30	1784-6	350	703	214		1156	2838	209		4573	1428	144		8	7	1			20386	12690	2668														
31	1794-6	562	1177	211		1943	6399	238		8594	4490	548		275	79	10			34326	21770	6944														
32	1804-6	940	1223	303		4174	10143	274		12398	7260	569		1270	1125	84			50619	37535	8311														
33	1814-6	2226	3246	538		3976	7348	246		16656	6906	367		6227	2476	111			64741	44474	16067														
34	1824-6	3081	1675	234		6061	5695	307		8577	4123	280		3109	5009	272			56975	35298	8121														
35	1834-6	3320	2132	370		13223	9438	779		7946	4117	392		3380	5047	305			70265	46193	10226														
36	1844-6	5559	3280	413		14058	7162	547		5937	3866	375		4905	5634	450			81963	58420	10794														
37	1854-6	5740	4326	251		30282	20078	813		8709	3947	254		9698	8974	358			151581	102501	21055														
39		Declared and computed values of external trade for the UK																																	
40	£mn	Source: Mitchell (1988) derived from Annual Statement of Trade																																	
41		North and North East Europe		Western Europe		Central and South East Europe		Southern Europe and North Africa		Europe + North Africa total		Turkey and Middle East		Remainder of Africa		Asia		West Indies		Central and South America		Australia+New Zealand		North America (USA+Canada)			Total Coverage					Total Goods trade		% coverage	
42		Imports	Exports 	Imports	Exports	Imports	Exports	Imports	Exports	Imports	Exports	Imports	Exports	Imports	Exports	Imports	Exports	Imports	Exports	Imports	Exports	Imports	Exports	Imports	Exports		Imports	Exports				Imports	Exports		
43	1854	10.9	2.2	21	16.6	17.6	15	9	7.4	58.5	41.2	5.7	4.9	4.8	2.9	23	12.6	7.6	4	11.3	8.7	4.3	13.4	36.9	28.6		152.1	116.3	-0.3000000000000114	0.5		152.4	115.8	0.998031496062992	1.004317789291883
44	1855	7.7	2.5	18.2	21.5	17.4	16.4	9.4	8.3	52.7	48.7	6.1	8.6	5.1	3	24.3	13.6	6.5	3.4	12.2	9.8	4.5	7.2	30.4	21.2		141.8	115.5	-1.699999999999989	-1.199999999999989		143.5	116.7	0.9881533101045297	0.9897172236503857
45	1856	17.2	6.3	20.8	22.6	12.1	18.4	10.8	10.6	60.90000000000001	57.9	8.3	7.2	6.2	3.4	29.8	16	7	3.4	11.5	11	5.699999999999999	11.7	42.9	27		172.3	137.6	-0.1999999999999886	-1.599999999999994		172.5	139.2	0.998840579710145	0.9885057471264368
46	1857	19.1	7.3	22.6	24.1	14.7	19.6	9.6	10.3	66	61.3	10.3	6	6.6	4.4	33.8	17.5	8.9	4.3	16	13.1	6	13.2	40	24.8		187.6	144.6	-0.2000000000000171	-1.599999999999966		187.8	146.2	0.9989350372736954	0.9890560875512998
47	1858	16.6	7.1	22.6	21.7	9.6	18.6	8.4	11	57.2	58.4	8.9	7.5	5.6	4	25.5	23.3	8.9	4	13.8	10.5	5.3	11.6	39	19.2		164.2	138.5	-0.3999999999999773	-1.299999999999983		164.6	139.8	0.997569866342649	0.9907010014306152
48	1859	19.8	8.7	27.1	21.4	11.5	17.3	9.8	10.5	68.2	57.9	11.4	7.3	5.5	4.2	27.5	29.4	7.7	3.8	12.1	10.7	5.8	12.5	39.8	28.4		178	154.2	-1.199999999999989	-1.5		179.2	155.7	0.9933035714285715	0.9903660886319846
49	1860	23.3	7.9	30.1	26.4	16.4	20.4	12.5	13	82.30000000000001	67.69999999999999	13.6	7.9	5.9	4.7	28.5	27	7.9	4.1	13	13.7	6.4	10.6	51.5	26.9		209.1	162.6	-1.399999999999977	-1.900000000000006		210.5	164.5	0.9933491686460809	0.9884498480243161
50	1861	17.8	8.5	29.3	33.2	16.5	21.4	10.7	15.2	74.3	78.3	12.1	6.4	5.7	4.6	36.9	25.5	8.9	3.8	13.8	12.5	6.9	11.6	58.09999999999999	15.2		216.7	157.9	-0.799999999999983	-1.699999999999989		217.5	159.6	0.9963218390804599	0.9893483709273184
51	1862	20.3	6.3	34.4	37	16.9	21.6	10.3	14.4	81.89999999999999	79.30000000000001	16.6	7.1	5	4.6	52.1	21.6	9.1	5.1	16.2	9.8	7.1	12.9	36.2	24		224.2	164.4	-1.500000000000028	-1.800000000000011		225.7	166.2	0.9933540097474522	0.9891696750902527
52	1863	18.5	8.2	37.9	41	15.9	24.9	11.5	17.8	83.8	91.89999999999999	21.9	11.6	6	3.9	69.6	29	11	5.9	18.6	13.2	7.100000000000001	13.6	27.8	25.2		245.8	194.3	-3.100000000000023	-2.600000000000023		248.9	196.9	0.9875451988750501	0.9867953275774504
53	1864	21.5	9.8	43.7	43.9	16.4	26.3	11.9	16.4	93.5	96.4	25.5	13.9	5.5	4.7	74.9	30.1	13.9	6.7	23.1	18.5	10	13	24.8	26.5		271.2	209.8	-3.800000000000011	-2.800000000000011		275	212.6	0.9861818181818182	0.986829727187206
54	1865	25.3	10.2	51.4	47.2	17.6	29.2	12	15.4	106.3	102	27.3	13.5	6.2	4.1	56.7	29.9	10.6	5.6	24.8	17.4	9.3	13.1	28	30.9		269.2	216.5	-1.899999999999977	-2.300000000000011		271.1	218.8	0.9929915160457397	0.9894881170018281
55	1866	27.5	11.1	56.7	48.2	20.9	26.4	13.4	15.7	118.5	101.4	20.8	15.8	6.9	4.1	54.5	35.7	8	6	20.9	20.9	11.5	14.7	53.8	38.5		294.9	237.1	-0.3999999999999773	-1.800000000000011		295.3	238.9	0.9986454453098544	0.9924654667224779
56	1867	31.4	11.3	52.1	45.4	20.6	31.5	13.2	13.8	117.3	102	19.7	15.4	6.6	4.7	40.8	37.6	9.1	5.3	20.4	19.1	12.9	10.3	47.8	30.8		274.6	225.2	-0.5999999999999659	-0.5999999999999659		275.2	225.8	0.9978197674418606	0.9973427812223208
57	1868	28.7	11.1	53.5	48.6	21.6	34.2	14.5	13.4	118.3	107.3	23.8	14.1	7.2	4.4	49.8	36.6	10	5.5	22.4	16.6	11.6	13.1	49.9	29.4		293	227	-1.699999999999989	-0.799999999999983		294.7	227.8	0.994231421784866	0.9964881474978051
58	1869	25.3	14	55.7	49.6	21.9	34.6	15.2	15.1	118.1	113.3	24.5	15.5	6.6	4.3	51.8	33.6	9.9	4	21.5	18.5	12.2	14.4	50.3	32.7		294.9	236.3	-0.6000000000000227	-0.799999999999983		295.5	237.1	0.9979695431472081	0.9966258962463096
59	1870	32.2	15.6	63.2	48.2	17.6	30.8	14.9	15.2	127.9	109.8	20.8	16.4	6.8	5	42.9	36.9	10.2	6.9	21.6	18.4	14	10.7	58.3	38.9		302.5	243	-0.8000000000000114	-1.099999999999966		303.3	244.1	0.9973623475107154	0.995493650143384
60	1871	33.8	15.4	57.4	68.3	21.7	41.4	19.5	17.1	132.4	142.2	23.5	13.7	7.4	5.3	51	35	8.5	6.8	22.5	20.5	14.5	10.87916666666666	70.4	47.8		330.2	282.1791666666667	-0.8000000000000114	-1.420833333333348		331	283.6	0.997583081570997	0.9949900094029148
61	1872	35	16.7	68.1	65.7	21.2	46	21.1	18.5	145.4	146.9	21.9	15.6	8.8	7.4	57.2	36.4	10.9	7.8	28.3	26.8	15.7	15.5	63.8	57.2		352	313.6	-2.699999999999989	-1		354.7	314.6	0.9923879334649	0.9968213604577241
62	1873	35.4	21.6	69.7	69	21.8	39.7	22.8	20.5	149.7	150.8	20.3	14.6	8.7	8.4	53.5	37.4	10.2	7.2	27.7	25.9	17.3	19.2	82.8	46.1		370.2	309.6	-1.100000000000023	-1.399999999999977		371.3	311	0.9970374360355507	0.9954983922829582
63	1874	36.2	21.8	76	63.3	21.4	37.9	19.9	20	153.5	143	16.7	11.5	8.8	8.2	52.7	41.4	8.7	5.8	24.5	23.4	18.5	20.7	85.80000000000001	42.40000000000001		369.2	296.4	-0.9000000000000341	-1.299999999999955		370.1	297.7	0.9975682248041069	0.9956331877729259
64	1875	33.9	20.4	76.4	61.2	23.7	36.7	22.4	19.4	156.4	137.7	17.8	9.6	8.6	8.3	56	43.1	9.7	6.8	25.1	19.4	20.6	21.2	79.8	34.8		374.0000000000001	280.9	0.1000000000000796	-0.6999999999999886		373.9	281.6	1.000267451190158	0.9975142045454546
65	1876	32.4	17.7	75.8	60.5	23.2	31.6	19.9	19.7	151.3	129.5	19.2	9.3	8.3	7.7	55.8	39.5	7.9	5.7	22.8	16	22	19.5	86.9	28.2		374.1999999999999	255.4	-1.000000000000057	-1.300000000000011		375.2	256.7	0.9973347547974412	0.9949357226334242
66	1877	36.5	14.8	78.6	53.5	28.1	30.6	23.4	18.2	166.6	117.1	18.3	8.7	9.4	8.1	58.3	44.3	6.6	5.8	22.7	17.9	21.7	21.5	89.8	28.2		393.4	251.6	-0.9999999999999432	-0.8000000000000114		394.4	252.4	0.9974645030425965	0.9968304278922345
67	1878	31.5	15.7	75.2	52.6	26.2	31.3	18.8	16.4	151.7	116	11.3	10.8	8	8.9	51.4	39.9	6.4	5.5	19.5	17	20.8	21.5	98.6	24.5		367.7	244.1	-1.099999999999966	-1.300000000000011		368.8	245.4	0.9970173535791758	0.9947025264873676
68	1879	28.9	16.5	71.1	53.9	24.7	31.8	17.8	15.6	142.5	117.8	12.7	10.4	8.2	9.6	47	39.3	8	5.4	19.6	15.2	21.9	18	102.2	31.6		362.1	247.3	-0.9000000000000341	-1.500000000000057		363	248.8	0.9975206611570246	0.9939710610932474
69	1880	32.3	18.4	79.1	56.6	26.2	31.1	21.2	16.5	158.8	122.6	13.5	10.8	9.5	10.5	55.2	52	6.5	5.9	19.4	18.4	25.6	18.8	120.5	46.5		409	285.5	-2.199999999999989	-1		411.2	286.5	0.9946498054474708	0.9965095986038395
70	1881	28.7	16.7	74.5	58.9	27.9	31.8	20.5	18.4	151.6	125.8	13.9	11.1	8.8	10.9	56	51.1	5.5	5.51	18.7	21.1	26.8	23.8	114.5	46.09999999999999		395.8	295.41	-1.199999999999989	-2.590000000000032		397	298	0.9969773299748111	0.9913087248322147
71	1882	38.1	16.2	79.4	61.1	32.7	32.8	22.1	18.8	172.3	128.9	13	10	10	12	65.1	47.7	6.1	6.3	21.6	23.3	25.1	27.5	98.80000000000001	49.40000000000001		412.0000000000001	305.1000000000001	-0.9999999999999432	-1.599999999999909		413	306.7	0.9975786924939468	0.9947831757417674
72	1883	39.1	15.6	79.9	60	34.3	34.9	22.3	19.7	175.6	130.2	16	11.4	9.6	9.2	63.6	50.8	4.6	6.6	19.2	22.5	25.9	26.7	111.6	46.8		426.1	304.2	-0.7999999999999545	-1.199999999999989		426.9	305.4	0.9981260248301711	0.9960707269155207
73	1884	32.1	15.5	78.5	59.4	28.8	33.3	20.1	19.4	159.5	127.6	15.5	10.6	9.3	8.9	58	49.7	3.8	5.7	17.2	23.2	28.3	26.6	97.3	42.40000000000001		388.9	294.7	-1.099999999999966	-1.199999999999989		390	295.9	0.9971794871794872	0.9959445758702264
74	1885	33.5	13.6	75.8	52.7	28.3	29.1	19.1	17.4	156.7	112.8	13.8	11.1	7.3	7.4	53.1	48.8	3.7	5	15.4	17.8	23.1	28.1	96.8	39.5		369.9	270.5	-1.099999999999966	-1		371	271.5	0.9970350404312669	0.996316758747698
75	1886	28.7	13	76.2	47.6	25.8	28.7	17.1	16.8	147.8	106.1	11.7	9.8	7.3	6.8	52.9	48.1	1.9	5.2	13.8	20	20.9	25	92	46.6		348.3	267.6	-1.599999999999966	-1.300000000000011		349.9	268.9	0.9954272649328381	0.995165489029379
