## Sheet: A47. Wages and prices (continued)
	A	B	C	D	E	F	G	H	I	J	K	L	M	N	O	P	Q	R	S	T	U	V	W	X	Y	Z	AA	AB	AC	AD	AE	AF	AG	AH	AI	AJ	AK	AL	AM	AN	AO	AP	AQ	AR	AS	AT	AU	AV	AW	AX	AY	AZ	BA	BB	BC	BD	BE	BF	BG	BH	BI	BJ	BK	BL	BM	BN	BO	BP	BQ	BR	BS	BT	BU	BV	BW	BX	BY	BZ	CA	CB	CC	CD


`data region 3: BG593:BP648`
	BG	BH	BI	BJ	BK	BL	BM	BN	BO	BP
593	97.87853903123107	4.709184274523811	147	143	128.2	94.9				124.406535839136
594	103.2428105810861	4.946156074205416	154	150	131.3	91.4				120.962941128976
595	93.39329513348903	4.391541223886767	148	130	118.2	87.4				110.3244022243216
596	91.1486725349044	4.426834896179772	148	128	119.8	89.6				122.049159092048
597	100.4636518271297	5.021785371976142	160	146	144.9	102.1				140.985080996048
598	130.2317608735786	6.620084531530798	212	196	188.4	128.9				268.050965618304
599	137.5566786396768	6.882266097135978	228	205	178.2	123.3				214.781493740832
600	111.0072865080346	5.183127873887022	174	151	137.5	105.2				136.197196776416
601	106.7632501095753	5.016743418791427	156	147	135.6	105.7				172.420089354848
602	110.3739816388095	5.369680141721477	161	151	145	114.5				179.254930254144
603	122.1915915903283	6.181434604460592	187	174	162.8	120.9				171.365572296848
604	120.9037486603353	5.788162256052821	184	165	156.6	117.7				154.194670012528
605	123.0156232303882	5.525980690447642	186	158	155.3	114.6				173.045417948384
606	125.9782873094248	5.868833507008262	204	169	163.6	121.2				207.166576361792
607	136.9291649183876	6.610000625161367	212	192	178.3	128.8				198.392058884816
608	139.8768967078976	6.801594846180538	207	203	180.4	134.3				189.07445170048
609	135.6998054510397	6.887308050320692	206	192	183.3	133.4				203.452648056176
610	151.0277650112317	7.688978606690378	237	223	203.5	144.4				259.261487343376
611	154.6325225819845	7.537720011148928	243	217	204.8	147				195.882092465056
612	138.832515969827	6.529329374205928	209	188	184	129.2				200.937653428048
613	128.3845253989112	5.404973814014483	191	161	157.5	116.4				163.029670550016
614	124.9455599974668	6.095721400320438	172	177	172.5	127.5				160.871404798016
615	135.6004038391841	6.413364450957482	189	183	174.2	129.6				216.504012533008
616	135.1571316515174	5.979756477071992	194	176	170	126.3				161.711303791184
617	127.3093650744753	5.722616864651528	192	163	163	123.4				160.567695780944
618	120.1608969139523	5.475561158600493	162	148	151.4	115.6				148.496074931824
619	111.5478848704053	5.112540529301013	139	124	140.5	107.2				136.551718105632
620	101.6322175634126	4.739435993632101	125	131	129.7	101.6				123.108583169376
621	102.2639403060663	4.830191150956972	128	131	134.1	101.5				117.908639160256
622	108.6165646651791	5.057079044269147		140	139.7	106.6				125.31757682928
623	117.3528417665096	5.319260609874329		148	147.2	111				140.030125810784
624	113.1450842262182	4.961281933759562		133	140.8	107.6				137.572091140032
625	108.6982635692949	4.870526776434691		129	134.4	107.3	309	300	302.7	131.105465281248
626	110.9434154052688	4.850358963695832		133	135.7	104.3	224	197	205.1	100.5438472733952
627	107.5824310072392	5.077246857008008		136	138.6	106.7	251	221	230	113.816639737376
628	107.2351863449314	4.925988261466556		133	134.2	103.1	269	259	262	135.328774707744
629	104.74529022668	4.981449746498422		134	135.9	104.7	282	269	272.9	113.163908288096
630	99.93810652053745	4.769687712740391		127	131.1	99.5	228	195	204.9	96.6704799370072
631	97.64933247098097	4.613387164014226		120	125.7	94.1	216	179	190.1	100.0309621778104
632	95.78385570952321	4.512548100319926		114	122.6	93.4	250	246	247.2	109.745547171664
633	91.72416095649334	4.270534347453607		107	118.3	88	225	188	199.1	99.99999925290959
634	97.38809867108347	4.588177398090651		123	129.8	92.4	255	242	245.9	124.439087484392
635	103.3930334238841	4.860442870065262		127	134.5	95.5	309	321	317.4	122.051229457736
636	104.8376599909652	4.981449746498423		137	140	97.3	260	247	250.9	126.87416880888
637	109.9936943711308	5.344470375797902		140	144.6	103	296	283	286.9	145.332648557592
638	107.4667760811928	5.294050843950751		137	143.2	101.8	287	273	277.2	136.647526014216
639	104.624509661672	5.152876154778732		132	140.6	98.9	265	253	256.6	123.815189815528
640	100.8100062054987	4.951198027390131		124	132.6	96.9	278	284	282.2	120.063225207
641	94.86677307336184	4.507506147135212		111	121.9	86.5	215	198	203.1	99.3238769805
642	94.18661349939384	4.668848649046092		115	125.9	89.5	235	224	227.3	113.017762268
643	94.3595272574965	4.608345210829512		113	126.3	87.6	241	220	226.3	112.188567187
644	98.10068187894703	5.228505452549458		118	141.3	96.3	304	308	306.8	172.194754608
645	107.7596365713168	5.848665694269402		139	151.4	106.9	496	625	586.3	252.883525021
646	94.85396431456805	4.905820448727698		113	129.6	90.5	382	472	445	176.606643652
647	90.69131065235155	4.724310134077957		103	124.3	86.5	331	396	376.5	144.663758867
648	86.81401311604591	4.447002708918632		101	119	84.6	312	367	350.5	163.085879779