## Sheet: A47. Wages and prices (continued)
	A	B	C	D	E	F	G	H	I	J	K	L	M	N	O	P	Q	R	S	T	U	V	W	X	Y	Z	AA	AB	AC	AD	AE	AF	AG	AH	AI	AJ	AK	AL	AM	AN	AO	AP	AQ	AR	AS	AT	AU	AV	AW	AX	AY	AZ	BA	BB	BC	BD	BE	BF	BG	BH	BI	BJ	BK	BL	BM	BN	BO	BP	BQ	BR	BS	BT	BU	BV	BW	BX	BY	BZ	CA	CB	CC	CD
631	1833	0.4851631026824889	40.65458670653641	1.125013378888051	-4.118993135011451	1.229034952197125	0.92857188033136	0.7770269980194675	1.309174279191286	1.115532357978485	1.075895313896183	0.5447130085574985	0.9530830443602176	0.9693864834775902	1.043583682646803	1.054123167685366	1.044659252507122	1.055186737278735	36.39280243670671	2.665770949327809	3.212667037071289		8.14	4.06		20.20091917102714	31.2	42.76623083577689	27.32316704411932	0.38	34.82257523769906	35.1051023380953	48	32	19	60	36	1.25	1.125	48	30	58	30.25276848130306	154.5		47	28	102.1739130434783	99.4945321517022	100.8342225975902	93.43494644245624		25.67497758530114	143.7069954130748
632	1834	0.4864191883852267	40.70556958658701	1.097268418867741	-2.466189339697692	1.133170225925749	0.8561432736655139	0.8524885816175655	1.277651647939126	1.140341861705254	1.052108512738614	0.5453614764248288	0.9727222509303909	0.9888522696204398	1.0673129488897	1.082133738481836	1.068832832065938	1.083651247339844	37.31327666247041	2.693241770659617	3.24571734552651		8.3	4.2		19.47578904816593	31.6	41.58713197951	26.59222691919877	0.38	33.7909845902121	34.16548901485185	48	32	19	60	36	1.25	1.125	48	30	58	30.33939300069636	154.9		47	27	102.1739130434783	97.45575128016027	99.81483216181927	92.25152060424838		25.7071752881577	143.8872111550885
633	1835	0.4823369098513287	40.31024313082992	1.05878347432344	-3.507340946166408	1.152434119766487	0.8706977093178275	0.7767864822025465	1.248961128088527	1.138479437964177	1.120880483815187	0.5453614764248288	0.9711561431333227	0.9900102544874654	1.061981126313225	1.087484415198589	1.064615343391633	1.090158272013311	37.37185126938144	2.803482449745821	3.424175033140711		8.54	4.39		18.87039150953061	31.6	44.31502533975137	25.98522096541587	0.38	34.26903608100157	34.81181902092192	48	32	19	60	36	1.25	1.125	48	30	57	30.06557452256834	153.6		46	26	100	100.0000004732523	100.0000002366261	93.20488087583122		25.45751101377441	142.4897998968155
634	1836	0.4930136383246003	41.12692020924395	1.161708326011686	9.721048182586657	1.279201872940801	0.9664744573427887	0.9666260173765282	1.406328013792671	1.200606627765196	1.269004729210882	0.5265559082722484	1.018961023425389	1.042338382707066	1.119186729958527	1.161915162487775	1.123052227100289	1.165902975313644	39.80550024253264	2.96334562896605	3.567751288537063		9.02	4.7		18.91083629844954	32.40000000000001	42.73545023192223	29.87171219065981	0.38	35.11972514534253	35.79920420187072	48	32	19	60	36	1.25	1.125	48	30	58	30.73795863381487	157		45	25	97.82608695652173	102.096789524439	99.96143824048036	91.15126791827919		25.97327485203618	145.3766133825553
635	1837	0.5011781953923962	41.73826653436578	1.203773265397318	3.620955315870575	1.311181919764321	0.9906363187763584	0.9480774588727013	1.392906268454837	1.159137030281488	1.178361534267247	0.5265559082722484	0.9856798337448279	1.00545818970153	1.096448878957374	1.130561377636899	1.099207948878554	1.133381730144836	38.84807278606368	2.660857153421432	3.158336337302306		9.27	4.9		19.97473264112362	36.8	43.76584820961413	29.57844693451154	0.38	35.88881710230267	36.64748233074519	48	32	19	60	36	1.25	1.125	48	30	59	31.24449599695573	159.6		44	23.99999999999999	95.65217391304348	98.8389354983963	97.24555470571988	87.23017451407904		26.3593642078981	147.5376178511103
636	1838	0.51059883816293	42.573347497829	1.252998194465609	4.089219330855016	1.320360193202671	0.9975707730077927	0.9855414000771048	1.445485032301214	1.171442094297215	1.178361534267248	0.5265559082722484	0.995536632082276	1.016427254646286	1.098600689361076	1.142379047555078	1.101952480389564	1.145839577802579	39.18660148631524	2.612275848350496	3.242912308658247		9.02	4.83		20.19427416178383	34	42.3647984426191	28.64777996426224	0.38	35.15220141223158	35.80603999391376	48	32	19	60	36	1.25	1.125	48	30	59	31.83416484758514	162.6		44	24	95.65217391304348	98.8389354983963	97.24555470571988	85.62076170016614		26.88675082662328	150.4894859158927
637	1839	0.5184493738050414	43.28596175807333	1.294168135140908	3.285714285714278	1.416746487306466	1.070393439437362	1.128924376656395	1.541407414119311	1.192155215807382	1.199786289435743	0.5265559082722484	1.012128909283647	1.033330101186053	1.1185041879296	1.162957711785311	1.121686133018897	1.166240850221693	39.91920359620988	2.651074670457631	3.452431661391842		9.02	4.9		20.98408108912159	34.4	42.72331508732847	29.05085607840911	0.38	35.80042431670753	36.45050565744381	48	32	19	60	36	1.25	1.125	48	30	60	32.3314599770714	165.1		44	23.99999999999999	95.65217391304348	102.6774595639734	99.16481673850845	85.98850745432509		27.33679488415633	153.0084551767894
638	1840	0.5212755666362016	43.55730449349078	1.281638153196252	-0.9681881051175623	1.442247924077982	1.089660521347234	1.0614595182727	1.514760939888969	1.152623747400874	1.178361534267247	0.5110689697936528	0.9786948469530645	0.9973209697635866	1.068924698470573	1.104892791080432	1.071902521901101	1.107946808914906	37.93333247302169	2.478937933877348	3.422371151762627		8.38	4.63		21.38404550630133	33.2	41.38455700336937	26.0419044961783	0.36	34.67398768545129	34.89921600616136	48	32	19	60	36	1.25	1.125	48	30	60	32.49757739978882	166		44	24	95.65217391304348	104.4338028665365	100.04298838979	86.27966266542285		27.5081585411052	153.9676052356864
639	1841	0.5212755666362016	43.58442703996673	1.258368186727605	-1.815642458100541	1.409076221824189	1.064598329356248	0.9617796645858092	1.443638003126282	1.143043498071828	1.145629269426491	0.4964669992281199	0.9692394380272725	0.9838633312119631	1.071157198291038	1.104300127133205	1.074320377664626	1.107537182119117	37.89245800716731	2.378926803646	3.160810509053445		8.46	4.75		21.46612490734173	30.8	43.63256573167534	29.44914719637366	0.36	36.81503336944314	37.32237362345671	48	32	19	60	36	1.25	1.125	48	30	60	32.49427343271923	166		45	24	97.82608695652173	103.8483252964528	100.8372061264873	86.96461659880744		27.52528750069477	154.0634787884086
640	1842	0.5181353523793569	43.52026927123666	1.186768289900999	-5.68990042674254	1.301986428965551	0.9836888563251728	0.9326349104720025	1.312006390592846	1.104228203640818	1.106945683705596	0.4973028022571235	0.9385402600164969	0.9542253077048966	1.024607939094722	1.046669275200789	1.027208083989376	1.049302669790346	36.00657500891183	2.213245068369206	3.029119381305401		7.9	4.51		21.33252934200991	30	43.91218270734001	30.41475802613683	0.36	37.2184841319719	37.79366096050659	48	32	19	60	36	1.25	1.125	48	30	60	32.30408353667272	165		45	23.99999999999999	97.82608695652173	102.5274888702548	100.1767879133883	86.91866123075086		27.48476933515644	153.836692073218
641	1843	0.5105988381629298	43.06476637031822	1.091003427895413	-8.069381598793356	1.154861962492443	0.8725320155604283	0.7715344557480708	1.177912072492836	1.05001212110787	1.026314884684377	0.4980934267440186	0.8957947766940708	0.9140970482852001	0.9868159492839864	1.011097698971523	0.9892283678189969	1.013547517268161	34.79360630608464	2.148777280775232	2.761690131575419		7.17	4.16		20.44290966841353	28.4	42.9423617455966	32.37705367549582	0.36	37.18900118780225	37.89763839245356	48	32	19	60	36	1.25	1.125	48	30	60	31.83991056055352	162.6		45	24	97.82608695652173	101.0851811779471	99.45563406723443	87.56664682492408		27.19710125835268	152.226567396132
642	1844	0.5131110095684056	43.46535670422083	1.126803376308716	3.281378178835112	1.153707100529951	0.8716594835448679	0.877906706344391	1.197983122860423	1.083244716541248	1.071237758424771	0.5123246675081335	0.9237862441844544	0.9450983027268166	0.9936933923903194	1.025742507872785	0.9951602934560707	1.027234463046604	35.41502970124769	2.199198246797075	2.762452911612103		7.25	4.28		20.66278191572072	29.2	42.22007386732484	28.08012278968278	0.36	35.41996548502078	35.99634835775731	48	32	19	60	36	1.25	1.125	48	30	60	32.0036100195774	163.4		46	23.99999999999999	100	102.0066555369215	101.0033277684607	88.49393376771694		27.45008987973705	153.6425855613691
643	1845	0.5184493738050414	44.07524839835227	1.130383371150046	0.3177124702144454	1.210238748455919	0.9143707982385664	0.871465630995974	1.296031042892941	1.08498880320517	1.153290012261561	0.4973028022571235	0.9231965999932525	0.9492548442725197	1.008747458229167	1.04372392439125	1.010574745292757	1.045591914380021	35.99394088543796	2.251388298159485	2.768028909133546		7.33	4.4		20.72743337943194	31.6	43.3496570496856	28.877505972425	0.36	36.16594735220214	36.90842701439929	48	32	19	60	36	1.25	1.125	48	30	60	32.31835638174322	165.1		46	23.99999999999999	100	102.783936332975	101.3919681664875	87.91973098163405		27.8352605786626	155.7984481587111
644	1846	0.5394888093259003	46.08851066731059	1.264633177699933	11.87648456057009	1.258648298394155	0.9509456301681091	1.337585586849765	1.357679671416626	1.083426766997603	1.231923422188486	0.4725501740904793	0.9189568911528702	0.9533068430872175	1.009922930216931	1.04842589902968	1.011622471873808	1.050167481097067	36.17318592416134	2.216009912826673	2.819585540932879		7.41	4.51		21.13326008771563	32.8	42.97681533375871	29.13825605911478	0.36	36.3061508466045	37.06529118061424	48	32	19	60	36	1.25	1.125	48	30	60	33.64500231244575	171.8		46	24	100	102.2775127719656	101.1387563859828	84.27995985877723		29.10671523645959	162.9149851865982
645	1847	0.5533057520560164	47.47075046412603	1.355028047443524	7.147912243453646	1.409686094201454	1.065059105788282	1.964365052756006	1.460085605284453	1.177808627418396	1.264583109945339	0.4988424394158142	0.9972239823061444	1.023752240630001	1.082765960598356	1.126394975123997	1.084726205914453	1.12840975732462	38.84532370195209	2.240544252832743	2.937436630130491		7.98	4.93		21.92757784374335	33.2	44.90484933845833	28.19486733553051	0.36	37.02857826023511	37.7641642851277	49	33	19	60	36	1.224489795918367	1.090909090909091	48	30	60	34.50121411066731	176.2		46	23.99999999999999	100	99.41730645949622	99.70865322974811	81.01339205080292		29.97965427423468	167.8009659388952
646	1848	0.5300681665553666	45.70889557318064	1.159918328591022	-14.39894319682961	1.239114076803078	0.9361869539879001	1.371856544809367	1.212337582547897	1.078470499511722	1.14607765661609	0.5140188628371949	0.920340104864239	0.9456507950638232	0.9854545532923233	1.021663038750857	0.9865586000413045	1.022785490658801	35.31343659494988	1.985446554332474	2.426125890397729		7.65	4.81		21.43217091329011	30	43.4333592429449	28.53042186979813	0.36	36.3838440184453	37.07691076472338	49	33	19	60	36	1.224489795918367	1.090909090909091	48	30	61	33.05330247693823	168.8		46	24	100	101.7504698866081	100.875234943304	85.55432857446279		28.86697330762918	161.5731108985957
647	1849	0.5206475237848328	45.04373623543868	1.112483396943395	-4.089506172839506	1.161049889964485	0.8772071758866624	1.123728531920212	1.150432618770475	1.104791078587202	1.02466220371065	0.5140188628371949	0.9411182309716696	0.95197800363453	0.9725355687052838	1.00710011719145	0.9730979857080689	1.007660689820311	34.86761478278938	1.897912245185208	2.428945367764688		7.41	4.72		20.45368592110196	30	44.35949560827869	29.1328368474901	0.36	36.51399519142777	37.44265977064349	49	33	19	60	36	1.224489795918367	1.090909090909091	48	30	61	32.46362334491948	165.8		47	23.99999999999999	102.1739130434783	102.8338339136937	102.503873478586	88.50863056699554		28.44689890838722	159.2218866545062
648	1850	0.5181353523793572	44.97230280251767	1.065048465295768	-4.263877715205169	1.086742697006758	0.8210659166299159	1.266829077968727	1.18068017871141	1.029571944468833	0.971631440536151	0.4764077265320342	0.8767145179305207	0.8883961751528854	0.9121732310329891	0.9394238141917244	0.9129819980068808	0.9402363703994413	32.49560942800338	1.967107826929173	2.561181925838566		7.57	4.82		18.60959125880241	30	44.13019755803156	29.12661613616195	0.32	36.37651391422931	36.83085325368197	49	33		60	36	1.224489795918367	1.090909090909091	48	30	61	32.29990778095924	165		47	24	102.1739130434783	103.1405463316316	102.6572296875549	89.07082325113623		28.4017858734835	158.9693817135208