

1782-3 

6 

4,138,295 

16 

14,630,200 

— 

— 

16 

14,630,200 

22 

18,768,495 

1783-4 

13 

9,916,760 

21 

19,072,300 

— 


21 

19,072,300 

34 

28,989,060 

1784-5 

14 

X0,5S3,62S 

1 16 

16,551,000 

2 

880,100 

IS 

17,531,100 

32 

28,114,728 

1785-6 

18 

13,480,691 

1 12 

15,715,900 

1 

695,000 

13 

16,410.900 

31 

29,891,591 

1786-7 

27 

20,610,919 

9 

10,165,160 

5 

1,181,8 60 

14 

11,347,020 

41 

31,957,939 

17S7-8 

29 

22,096,703 

13 

13,578,000 

2 

750,900 

15 

14,328,900 

44 

36,425,603 

17SS-9 

27 

20,141,745 

11 

9,875,900 

4 

1,1SS.800 

15 

11,064,700 

42 

31,206,445 

17S9-90 

21 

17,991,032 

: ^ 

7,174,200 

14 

3,093,200 

21 

10,267,400 

42 

28,25S,432 

1790-1 

25 

22,369,620 

7 ! 

2,291,560 

3 

743,100 

10 

3,034,660 

35 

25,404,280 

1791-2 

11 

13,185,467 

9 

4,431,730 

3 

1,863,200 

12 

6.294.930 

23 

19,480,397 

1792-3 

! 16 | 

16,005,414 

13 

7,864,800 

6 

1,538,400 

19 

9,403.200 

35 

25,408,614 

1793-4 1 

IS 

20,728,705 

5 

3,462,800 

7 

1,974,130 

12 

5,436,930 

30 

26,165,635 

179-4-5 

21 

23,733,S10 

7 

4,138,930 

7 

1,438,270 

14 

5,577,200 

35 

29,311,010 

1795-6 

15 

19,370,900 

4 

2,759,800 

10 

2,819,000 

14 

5,579,400 

29 

24,950,300 

1796-7 

23 

36,904,200 

3 

2,515,460 

13 

3.450.400 

16 

5,965,860 

39 

42,870,060 

1797-S 

17 

29.934,100 

5 

2,714,000 

10 

3,100,400 

15 

5,814,400 

32 

35,748,500 

179S-9 

16 

16,795,400 

6 

4,319,300 

13 

5,674,000 

19 

9,993,300 

35 

26,788,700 

1799-0 

14 

26,585,337 

4 

1,577,066 

18 

5,665,067 

22 

7,242,133 

36 

33,827,470 

1800-1 

19 

29,772,400 

7 

3,968,207 

23 

4,762,866 

30 

8,731,133 

49 

38,503,533 

1801-2 

25 

38,479,733 

1 

185,533 

31 

5,740,734 

22 

5,926,267 

57 

44,406,000 

1802-3 

38 

35,058,400 

12 

5,812.266 

20 

2,612,436 

32 

S,424,702 1 

70 

43,4S3,102 

1803-4 

44 

31,801,333 

2 

2,132,666 

13 

2,371,600 

15 

4,504,266 j 

59 

36,305,599 

1804-5 

38 

28,506,667 

3 

, 3,318,799 

31 

8,546,800 

34 

11,865,599 

72 ■ 

40,372,266 

1805-6 

49 

22,810,533 

4 

1,809,466 

37 

11,702,SCO 

41 

13,512,266 

90 

36,322,799 

1806-7 

AS 

32,683,066 

2 

1,534,267 

27 

8,464,133 

29 

9,998,400 

87 

4>2,6S 1,466 

1S07-8 

51 

25,347,733 

2 

1,144,266 

31 

6,408,266 

33 

7,552,532 

84 

32,900,265 

1SOS-9 

54 

26,335,446 

— 

none. 

6 

1,082,400 

6 

1,082,400 

60 

27,417,846 

1809-1C 

> 40 

26,301,066 

— 

none. 

29 

9,737,066 

29 

9,737,066 

69 

36,038,132 

1810-11 

. 34 

27,163,066 

— 

none. 

12 

2,884,400 

12 

2,884.400 

1 46 

30,047,466 


In the foregoing account the teas exported for the use of the British settlements, about 4000 chests 
per annum, are included. Of the quantities exported in ships under American colours, a great portion has 
been landed in various parts of Foreign Europe, more particularly in the years 1804-5 to 1809-10. 