


1703. There were imported from India 77,974 lbs. 
1701. Imported from India 63,141 lbs. 

1705. Imported from Holland and India 6,739 lbs. 

1706. Imported from India———A37,748 lbs. 


1707. Imported from India 32,909 Ik. 

1708. Ditto 138,7121bs. saleamoimt i?127,862 

1709. Ditto 98,7151bs. ditto^^ £ 85,053 

1710. Ditto 127,298 lbs. ditto104,758 


The following is an account of the quantities of tea sold at the East India Company’s sales in 100 
years, 1711 to 1810 inclusive, together with the sale amount, the quantity exported, and the balance 
remaining for home consumption in each year during the same period. 


Years, ^ 

Quantity 
sold." ' 

ale Amount. 

Quantity 
Exported, j 

Balance 
smaining for 
Home Use. 

Years. 

Quantity c 
sold. 

sale Amount. 

Quantity 

exported. 

Balance 
remaining for 
Horae Use. 

i.... 

Jbs. j 

£ 

lbs. 

Ibs. 


lbs. 

£ 

lbs. 

lbs. 

1711 ! 

156,236 

114,631 

14,241 

141,995 j 

1761 

2,862,773 

960,017 

243,496 

2,619,277 

1712 

159,478 

117,377 

9,014 

150,464 

1762 

2,703,363 

922,844 

410,651 

2,292,712 

1713 

>163,268 

120,392 

72,121 

91,147 | 

1763 

4,425,731 

1,068,760 

333,170 

4,092,561 

1714 

297,566 

172,801 

139,154 

158,412 

1764 

5,684,707 

1,219,696 

698,681 

4,986,026 

1715 

155,844 

105,866 

35,175 

120,659 

1765 

5,473,1P6 

1,137,238 

566,640 

4,906,546 

1710 

210,578 

163,444 

26,445 

181,133 

1766 

5,586,556 

995,858 

582,502 

5,003,854 

1717 

233,201 

187,562 

26,070 

207,131 

1767 

5,303,474 

911.423 

621,583 

4,681,891 

1713 

399,872 

251,515 

117,081 

282,791 

1768 

8,525,883 

1,321,973 

1,857,166 

6,068,717' 

1719 

672,669 

406,663 

325,558 

347,111 

1769 

9,447,522 

1,4 25,708 

1,462.838 

7,984,684 

1720 

196,625 

129,398 

58,721 

237,904 

I77n 

8,574,421 

1,555,968 

850,883 

7,723,538 

1721 

1722 

282,861 

783,967 

158,875 

297,897 

351,146 

562,753 

£ 149,929 

1771 

1772 

6,799,010 

1 7,032,134 

1,316,568 

1,238,434 

1,232,217 

1,149,181 

5,566,793 

5,882,953 

1723 

1,055,290 

395,110 

608,192 

447,098 

1773 

| 4,577,477 

830,902 I 

2,005,575 

| 2,571,902 

1724 

1,185,920 

433,298 

126,906 

1,059,014 

1774 

6,831,534 1 

1,041,841 

1,144,150 

5,687,384 

1725 

349,966 

103,905 

63,672 

286,294 

1775 | 

6,225,343 

1,031,216 | 

749,845 

5,475,498 

1726 

436,550 

149,658 

62,183 

374,367 

1776 

4,577,933 

777,011 

814,393 

3,763,540 

1727 

589;846 

244,125 

48,753 

541,093 

1777 

5,582,752 

930,280 

1,278,475 

4,304,277 

1728 

1,320,660 

476,947 

186,346 

1,154,314 

1778 

4,770,520 

809,583 

1,368,249 

3,402,271 

1729 

1,416,028 

446,836 

185,685 


1779 

6,733,202 

1,263,162 

1,276,064 

5,457,138 

1730 

46,786 

24,427 

203,097 


1780 

7,559,278 

1,309,305 

1,970,963 

5.588,315 

1731 

971,128 

302,579 

154,355 

816,773 

1781 

5,023,419 

1,007,457 

1,444,920 

3,578,199 

