

For footnotes, see page 525.




                                               52 3
                                       APPENDICES


Year       Capital           Henry Hope      P.C.Labouchere    Adrian Elias       J.Williams
                               & Co.                              Hope              Hope

1802     5,180,928.14.8     5,000,000. 0.0     180,928.14.8
1803     5,232,382. 3.0     5,000,000. 0.0     232,382. 3.0
1804     5,276,211.13.0     5,000,000. 0.0     276,211.13.0
1805     5,360,211. 9.8     5,000,000. 0.0     360,211. 9.8
1806     5,496,114.10.0     5,000,000. 0.0     496,114.10.0
1807     5,601,308. 3.8     2,000,000. 0.0     601,308. 3.8    3,000.000, 0.0
1808     5,710,834.14.0     2,000,000. 0.0     710,834.14.0    3,000.000. 0.0
1809     5,485,717. 7.0                        485,717. 7.0    3,000.000. 0.0   2,000,000. 0.0
1810     5,403,700. 6.8                        403,700. 6.8    3,000.000. 0.0   2,000,000. 0.0
1811     2,443,700. 6.8                        443,700. 6.8                     2,000,000. 0.0
        'Oude Boeken'                                                              John Hope
1812       378,000. 0.0 1                                                         378.000. 0.0
       'Nieuwe Boeken'                                                             John Hope
1812     1,000,000. 0.0 2                                                       1,000,000. 0.0
        'Oude Boeken'                                                             Henry Hope
                                                                                     & Co.
1813     1,000,000. 0.0                                                         1,000,000. 0.0
       'Nieuwe Boeken'                                                            Henry Hope
                                                                                     & Co.
1813    1,000,000. 0.0                                                          1,000,000. 0.0

Year       Capital                              A.Baring                         Henry Hope
                                                                                   & Co.

1814    1,433,019.14.8                          433,019.14.8                    1,000,000. 0.0
1815    1,750,000. 0.0                        1,750,000. 0.0

1 Carried forward to the account of Hope & Co., London, in 1813 as 'Debt owed by John
  Hope.'
2 Credit.
                                          APPENDICES


Year    Distributed       Henry Hope      P.G.Labou-                                      Remaining
          profit            & Co.            chare                                         in credit
                                                                                             (clf)

1802 1,161,300. 0.0 '3     995,400. 0.0 165,900. 0.0                                      408.17.0
1803 840,000. 0.0          720,000. 0.0 120,000. 0.0                                   14,004.18.0
1804 574,000. 0.0          492,000. 0.0     82,000. 0.0                                 1,048. 0.0
1805 980,000. 0.0          840,000. 0.0 140,000. 0.0                                    1,296.10.0
1806 1,190,000. 0.0      1,020,000. 0.0 170,000. 0.0                                      650. 2.8
1807 910,000. 0.0          780,000. 0.0 130,000. 0.0                                    3,092. 6.0
1808 938,000. 0.0          804,000. 0.0 134,000. 0.0                                      918. 3.0
1809 735,000. 0.0 '4       615,000. 0.0 120,000. 0.0                                   15,875.17.0
1810    44,100. 0.0         36,900. 0.0      7,200. 0.0                                 2,483.17.8
18ll   245,000. 0.0        205,000. 0.0     40,000. 0.0
1812 212,715.18.8        (loss, charged to Henry Hope & Co. in 1813) (,OudeBoeken')
1812    18,421. 9.8      (loss, charged to Henry Hope & Co. in 1813) ('Nieuwe Boeken')
1813    41,350.14.8      (loss, 'Oude Boeken')
1813    59,454. 5.0      (profit, 'Nieuwe Boeken')
1814 106,223.18.0        (profit)