

1800     15,229,568.13.8   3,214,535. 7.0   1,678,544.17.0   4,194,377. 3.8   3,354,083.10.0
                                                                              Henry Ph.Hope
                                                                              2,788,027.16.0
                                                                                Adrian Elias
                                                                                   Hope
1801     16,561,849.14.0   3,305,350.15.8   1,942,730. 4.0   4,759,761. 2.0   3,589,888. 8.8
                                                                              Henry Ph.Hope
                                                                              2,964,119. 4.0




                                             522
                                         APPENDICES




                 G-ll. PROFITS AND THE SHARE OF THE PARTNERS
        IN THESE, IN 'GULDENS COURANT,' IN THE PERIOD 1786-1801

        Distributed      J.C.Hartsinck   J.Williams     Henry Hope      John Hope's    Remaining
          profit                           Hope                            heirs        in credit
                                                                                          (elf)

(1785)                     15,000. 0.0
1786 1,058,390. 0.0 7      15,000. 0.0 130,423.17.0     443,803. 7.0   469,163.10.0
1787 918,528. 1.8 8        15,000. 0.0 225,881.19.0     329,411. 5.0   438,234.17.8
1788   480,000. 0.0 9      30,000. 0.0  70,000. 0.0     185,000. 0.0   195,000. 0.0      3,269.15.8
1789   378,000. 0.0 10                  58,800. 0.0     155,400. 0.0   163,800. 0.0

         Distributed     Thomas Hope     J.Williams     Henry Hope      Adrian Elias   Remaining
           profit                           Hope                         and Henry      in credit
                                                                         Ph.Hope

1790 720,000. 0.0"        127,500. 0.0   112,500. 0.0   277,500. 0.0 202,500. 0.0
1791 1,457,376. 0.0       258,077. 0.0   227,715. 0.0   561,697. 0.0 409,887. 0.0           30. 6.0
1792 720,000. 0.0         127,500. 0.0   112,500. 0.0   227,500. 0.0 202,500. 0.0          406. 7.8
1793   526,080. 0.0        93,160. 0.0    82,200. 0.0   202,760. 0.0 147,960. 0.0          277. 5.0
1794 560,000. 0.0          99,167. 0.0    87,500. 0.0   215,833. 0.0 157,500. 0.0       16,777.14.0

Year    Distributed      Thomas Hope     J.Williams     Henry Hope      Adrian Elias   Remaining
          profit                           Hope                          and Henry      in credit
                                                                        Philip Hope

1795   560,000. 0.0        99,167. 0.0    87,500. 0.0   215,833. 0.0   157,500. 0.0    119,416. 7.0
1796   465,280. 2.8        85,000. 0.0    75,000. 0.0   185,500. 0.0   135,000. 0.0     14,219.17.8
                                                                                        (too much
                                                                                       distributed)
1797   624,000. 0.0       110,500. 0.0    97,500. 0.0 240,500. 0.0   175,500. 0.0        8,661. 3.0
1798   840,000. 0.0       148,750. 0.0   131,250. 0.0 323,750. 0.0   236,250. 0.0        8,336. 1.0
1799   840,000. 0.0       148,750. 0.0   131,250. 0.0 323,750. 0.0   236,250. 0.0       11,909. 1.0
1800   840,000. 0.0       148,750. 0.0   131,250. 0.0 323,750. 0.0    Adrian Elias      77,835.13.0
                                                                         Hope           (too much
                                                                     118,125. 0.0      distributed)
                                                                      Henry Philip
                                                                         Hope
                                                                     118,125. 0.0
1801 1,920,000. 0.0       340,000. 0.0   300,000. 0.0   740,000. 0.0 270,000. 0.0       41,381. 5.8
                                                                      Adrian Elias
                                                                         Hope
                                                                     270,000. 0.0