# 1809–1815 James 年度表：主笔接手后的实值交接

更新：2026-09-23。前子代理仅写空值，因无web_fetch及bash权限受限；本次主笔先试直接HTTP（七页均403，无原HTML获得），改用web_fetch成功读到七页。fetch_annual.py为失败路径的记录，不参与复算；extract_captured_tables.py从已保存正文提取。旧“缺失交接”已被完整重写，不保留其全空值CSV作实证。

来源级别：William James 1837 年度附表的Paul Benyon现代HTML转录；网页页脚2002更新。未逐页对原书影本，不能称独立双源。网页表头实际读取：For Sea-service/In commission/In ordinary/TOTAL；Harbour同分；Building,or ordered；GRAND TOTAL；Built/King's yards/Merchants yards。

每行40个数值的零基索引：0海勤现役数、1吨；2预备数、3吨；4海勤总数、5吨；6/7英造/外造；8港勤现役数、9吨；10港勤ordinary数、11吨；12/13港勤英造/外造；14在建或订购数、15吨；16大合计数、17吨；18王家Built数、19吨；20商业Built数、21吨。后续是购入/类别转换/订单增减，不能再当新造。

检查：每年Line现役+ordinary=海勤总；海勤+港勤两类+在建=grand；吨位海勤加总；Cruisers加总。检查零残差只验证本次转录加法，不证明史料无误。Cruisers包含Line不能再加；Built属上年且不是净增长；ordinary不是全部12月可动员。1814表末脚注字母存在而解释未抓到，不据字母补造内容。

## 1809｜Abstract 17
URL: https://sites.rootsweb.com/~pbtyc/Naval_History/Vol_V/Abstract_17.html
捕获正文: downloads/pages/00a2dabd2063.md；SHA256 00a2dabd20637bbddf4b7d0d712253c541ac31c11f1cf7775116fb8117df5084
Line原序列：[113, 199712, 14, 26145, 127, 225857, 109, 18, 28, 44782, 40, 69649, 25, 43, 47, 87922, 242, 428210, 4, 7813, 3, 5143, 0, 0, 0, 0, 6, 12829, 6, 10538, 12, 23367, 0, 0, 7, 14136, 0, 0, 7, 14136]
Cruisers原序列：[684, 451651, 44, 49945, 728, 501596, 563, 165, 39, 53131, 135, 123580, 87, 87, 82, 116422, 984, 794729, 8, 10478, 72, 26884, 13, 2173, 20, 7914, 7, 13215, 51, 33501, 91, 56803, 34, 11674, 9, 15041, 17, 4335, 60, 31050]
Built属1808年：王家4+商业3=7。

## 1810｜Abstract 18
URL: https://sites.rootsweb.com/~pbtyc/Naval_History/Vol_V/Abstract_18.html
捕获正文: downloads/pages/ddccd80edb3a.md；SHA256 ddccd80edb3a77cf9d11b08b5d07f386ce2d434bfd0711bd870b55ddf17a7936
Line原序列：[108, 193014, 16, 29906, 124, 222920, 107, 17, 35, 56437, 42, 73101, 33, 44, 42, 79519, 243, 431977, 1, 1819, 7, 12476, 0, 0, 1, 1871, 0, 0, 3, 5892, 4, 7763, 1, 1384, 0, 0, 2, 2612, 3, 3996]
Cruisers原序列：[664, 450114, 35, 43763, 699, 493877, 542, 157, 47, 66513, 150, 133611, 105, 92, 72, 102921, 968, 796922, 4, 4660, 19, 19410, 4, 506, 21, 13560, 2, 1276, 13, 10569, 40, 25911, 31, 11546, 3, 1604, 22, 10568, 56, 23718]
Built属1809年：王家1+商业7=8。

## 1811｜Abstract 19
URL: https://sites.rootsweb.com/~pbtyc/Naval_History/Vol_V/Abstract_19.html
捕获正文: downloads/pages/b5b76ec14c26.md；SHA256 b5b76ec14c2648931b2a3922bf1d95ed417d51e87cf66dbd88cd9122bb1981d5
Line原序列：[107, 192941, 17, 32480, 124, 225421, 108, 16, 38, 60930, 42, 72925, 38, 42, 36, 68079, 240, 427355, 3, 6722, 8, 14067, 0, 0, 0, 0, 0, 0, 5, 9349, 5, 9349, 1, 1718, 3, 4431, 4, 7822, 8, 13971]
Cruisers原序列：[620, 435397, 37, 44589, 657, 479986, 525, 132, 46, 67789, 169, 143899, 110, 105, 59, 89498, 931, 781172, 7, 10614, 22, 22215, 3, 534, 5, 4130, 0, 0, 16, 19406, 24, 24070, 16, 9052, 13, 12026, 32, 18742, 61, 39820]
Built属1810年：王家3+商业8=11。

## 1812｜Abstract 20
URL: https://sites.rootsweb.com/~pbtyc/Naval_History/Vol_VI/Abstract_20.html
捕获正文: downloads/pages/682e933f431c.md；SHA256 682e933f431cc88ad327ea884ae588b27cdb0b43ee42b585cb6201231c87a4a8
Line原序列：[102, 185640, 18, 34089, 120, 219729, 104, 16, 40, 64966, 46, 78175, 46, 40, 30, 57063, 236, 419933, 2, 3899, 6, 10593, 0, 0, 0, 0, 1, 1876, 2, 3476, 3, 5352, 3, 5299, 1, 1876, 3, 5599, 7, 12774]
Cruisers原序列：[584, 413782, 39, 50160, 623, 463942, 503, 120, 50, 72673, 142, 135604, 106, 86, 80, 86503, 895, 758722, 6, 7311, 9, 11830, 1, 111, 6, 4328, 5, 3237, 36, 16146, 48, 23822, 24, 13454, 6, 4293, 54, 28525, 84, 46272]
Built属1811年：王家2+商业6=8。