

## 1813｜Abstract 21
URL: https://sites.rootsweb.com/~pbtyc/Naval_History/Vol_VI/Abstract_21.html
捕获正文: downloads/pages/e62d2b040709.md；SHA256 e62d2b040709efa9f842b1be6d1ae73083dbb371080b5b7ed90752bdc7895fab
Line原序列：[102, 186084, 22, 41940, 124, 228024, 108, 16, 41, 67166, 50, 84136, 51, 40, 29, 58440, 244, 437766, 1, 1860, 11, 19317, 0, 0, 1, 1804, 0, 0, 11, 22554, 12, 24358, 0, 0, 0, 0, 4, 6525, 4, 6525]
Cruisers原序列：[570, 404303, 40, 56093, 610, 460396, 506, 104, 51, 74873, 148, 146817, 110, 89, 110, 115118, 919, 797204, 8, 8575, 43, 31751, 4, 1326, 4, 2835, 0, 0, 81, 68941, 89, 73102, 26, 10610, 7, 5372, 32, 18638, 65, 34620]
Built属1812年：王家1+商业11=12。

## 1814｜Abstract 22
URL: https://sites.rootsweb.com/~pbtyc/Naval_History/Vol_VI/Abstract_22.html
捕获正文: downloads/pages/1fe8a9e1b008.md；SHA256 1fe8a9e1b008717097d64d07f1c8f2976f9478f952bec3ab5aa2103146e06899
Line原序列：[99, 180851, 19, 37608, 118, 218459, 102, 16, 39, 63955, 47, 79434, 46, 40, 27, 54880, 231, 416728, 2, 3555, 1, 1773, 0, 0, 0, 0, 1, 1874, 1, 1768, 2, 3642, 1, 1639, 6, 10212, 8, 12829, 15, 24680]
Cruisers原序列：[594, 424609, 43, 55544, 637, 480153, 531, 106, 48, 70406, 156, 149770, 115, 89, 71, 85343, 912, 785672, 9, 9329, 60, 39795, 15, 3329, 4, 3440, 5, 8124, 30, 19349, 54, 34242, 21, 7280, 12, 16017, 28, 22477, 61, 45774]
Built属1813年：王家2+商业1=3。

## 1815｜Abstract 23
URL: https://sites.rootsweb.com/~pbtyc/Naval_History/Vol_VI/Abstract_23.html
捕获正文: downloads/pages/c2105af935e9.md；SHA256 c2105af935e98951a29e8884fe408b3ef761cd3e539f06305986d25094e0cd96
Line原序列：[47, 85084, 62, 119027, 109, 204111, 96, 13, 11, 16759, 71, 122454, 48, 34, 23, 46637, 214, 389961, 4, 8203, 1, 1758, 0, 0, 1, 1883, 0, 0, 1, 1718, 2, 3601, 0, 0, 0, 0, 19, 30368, 19, 30368]
Cruisers原序列：[439, 287936, 115, 158784, 554, 446720, 470, 84, 16, 20869, 180, 185957, 135, 61, 42, 63259, 792, 716805, 7, 11506, 24, 13380, 6, 1520, 11, 11888, 1, 258, 2, 2802, 20, 16468, 20, 6105, 8, 6892, 112, 72338, 140, 85335]
Built属1814年：王家4+商业1=5。
## 注释与解释边界
- Abstract20注b：hired vessels约52，未并入Line。
- Abstract21注a–c：Forth为fir，Liffey/Severn亦fir；Glasgow/Liverpool为pitch-pine；14艘订造巡防舰中2柚、4橡、余红松；另12巡防舰2橡、3黄松、余红松。证明按舰类材料替代，订单不等于交付寿命。
- Abstract23注a：Nelson自1809-12始建、1814-07-04下水；作者说尚未出海，航行品质不能报告。再次约束“下水=即战”的误读。
- 1815年初海勤现役47、ordinary62是1814和平及退役的结果，不能固定移植法国帝国继续作战的1815。
- 1808年以后的新造战列舰Built序列7、8、11、8、12、3、5（1808–14）表明8–12/年已有实绩高段，但不等于可持续净增8–12。同期海勤总舰127（1809）至109（1815）因分类/报废等变化而下降。
