## Sheet: mensuel (continued)
	A	B	C	D	E
342	1828M04		4.32900432900433		4
343	1828M05		4.27655024946543		4
344	1828M06		4.206098843322819		4
345	1828M07		4.14651002073255		4
346	1828M08		4.130808950086061		4
347	1828M09		4.07331975560081		4
348	1828M10		4.05679513184584		4
349	1828M11		4.02549480040255		4
350	1828M12		4.00667779632721		4
351	1829M01		4.01740877134248		4
352	1829M02		3.92798690671031		4
353	1829M03		3.84245917387128		4
354	1829M04		3.78548895899054		4
355	1829M05		3.83631713554987		4
356	1829M06		3.77239861678717		4
357	1829M07		3.704847175054031		4
358	1829M08		3.75234521575985		4
359	1829M09		3.7037037037037		4
360	1829M10		3.65408038976857		4
361	1829M11		3.5799522673031		4
362	1829M12		3.53669319186561		4
363	1830M01		3.55344980752147		4
364	1830M02		3.55977454761198		4
365	1830M03		3.634161114476081		4
366	1830M04		3.57462019660411		4
367	1830M05		3.66300366300366		4
368	1830M06		3.83754397185801		4
369	1830M07		3.940886699507389		4
370	1830M08		3.96956665564009		4
371	1830M09		4.373177842565601		4
372	1830M10		4.62784419591207		4
373	1830M11		4.75435816164818		4
374	1830M12		5.07829030892933		4
375	1831M01		4.8582995951417		4
376	1831M02		5.14800514800515		4
377	1831M03		5.82241630276565		4
378	1831M04		5.63380281690141		4
379	1831M05		4.765687053216839		4
380	1831M06		4.777070063694269		4
381	1831M07		5.251641137855579		4
382	1831M08		5.55555555555556		4
383	1831M09		5.12601452370782		4
384	1831M10		4.82703137570394		4
385	1831M11		4.398826979472141		4
386	1831M12		4.3557168784029		4
387	1832M01		4.62962962962963		4
388	1832M02		4.53343407631281		4
389	1832M03		4.35097897026831		4
390	1832M04		4.318100035984171		4
391	1832M05		4.33839479392625		4
392	1832M06		4.3557168784029		4
393	1832M07		4.44115470022206		4
394	1832M08		4.34940195723088		4
395	1832M09		4.3557168784029		4
396	1832M10		4.45269016697588		4
397	1832M11		4.43458980044346		4
398	1832M12		4.46262551134251		4
399	1833M01		4.06641816333446		4
400	1833M02		3.83386581469649		4
401	1833M03		3.84738698300737		4
402	1833M04		3.87722132471729		4
403	1833M05		3.81558028616852		4
404	1833M06		3.79987333755542		4
405	1833M07		3.88098318240621		4
406	1833M08		3.91134289439374		4
407	1833M09		3.96825396825397		4
408	1833M10		4.095563139931739		4
409	1833M11		4.0133779264214		4
410	1833M12		3.9814200398142		4
411	1834M01		3.974826101358069		4
412	1834M02		3.96170353251898		4
413	1834M03		3.87096774193548		4
414	1834M04		3.83754397185801		4
415	1834M05		3.78190986448156		4
416	1834M06		3.81558028616852		4
417	1834M07		3.9177277179236		4
418	1834M08		4.01740877134248		4
419	1834M09		3.96432111000991		4
420	1834M10		3.84122919334187		4
421	1834M11		3.84615384615385		4
422	1834M12		3.886010362694299		4
423	1835M01		3.88349514563107		4
424	1835M02		3.811944091486659		4
425	1835M03		3.7359900373599		4
426	1835M04		3.68098159509202		4
427	1835M05		3.730183400683871		4
428	1835M06		3.83631713554987		4
429	1835M07		3.808314820691841		4
430	1835M08		3.808314820691841		4
431	1835M09		3.74882849109653		4
432	1835M10		3.6697247706422		4
433	1835M11		3.69913686806412		4
434	1835M12		3.77833753148615		4
435	1836M01		3.711722858026599		4
436	1836M02		3.72786579683131		4
437	1836M03		3.69913686806412		4
438	1836M04		3.66188587122368		4
439	1836M05		3.666361136571951		4
440	1836M06		3.70713623725672		4
441	1836M07		3.73250388802488		4
442	1836M08		3.747657713928789		4
443	1836M09		3.82287352660083		4
444	1836M10		3.82775119617225		4
445	1836M11		3.79987333755542		4
446	1836M12		3.77714825306893		4
447	1837M01		3.76647834274953		4
448	1837M02		3.77358490566038		4
449	1837M03		3.79746835443038		4
450	1837M04		3.80348652931854		4
451	1837M05		3.7914691943128		4
452	1837M06		3.80348652931854		4
453	1837M07		3.79626700411262		4
454	1837M08		3.78548895899054		4
455	1837M09		3.78429517502365		4
456	1837M10		3.73134328358209		4
457	1837M11		3.708281829419039		4
458	1837M12		3.767660910518051		4
459	1838M01		3.78190986448156		4
460	1838M02		3.76647834274953		4
461	1838M03		3.75351892399124		4
462	1838M04		3.71862410907964		4
463	1838M05		3.7025609379821		4
464	1838M06		3.71517027863777		4
465	1838M07		3.72555107109593		4
466	1838M08		3.71402042711235		4
467	1838M09		3.71517027863777		4
468	1838M10		3.69913686806412		4
469	1838M11		3.666361136571951		4
470	1838M12		3.75469336670839		4
471	1839M01		3.80469245402663		4
472	1839M02		3.831417624521069		4
473	1839M03		3.77002827521206		4
474	1839M04		3.71517027863777		4
475	1839M05		3.685503685503691		4
476	1839M06		3.74064837905237		4
477	1839M07		3.77358490566038		4
478	1839M08		3.72208436724566		4
479	1839M09		3.71287128712871		4
480	1839M10		3.68437212158428		4
481	1839M11		3.66300366300366		4
482	1839M12		3.685503685503691		4
483	1840M01		3.71517027863777		4
484	1840M02		3.68211107701749		4
485	1840M03		3.612281757977119		4
486	1840M04		3.5799522673031		4
487	1840M05		3.54505169867061		4
488	1840M06		3.519061583577711		4
489	1840M07		3.5724918130396		4
490	1840M08		3.747657713928789		4
491	1840M09		4.037685060565279		4
492	1840M10		4.201680672268911		4
493	1840M11		3.83264132864899		4
494	1840M12		3.85356454720617		4
495	1841M01		3.89105058365759		4
496	1841M02		3.92798690671031		4
497	1841M03		3.89357560025957		4
498	1841M04		3.811944091486659		4
499	1841M05		3.7866834963711		4
500	1841M06		3.863490019317449		4
501	1841M07		3.915171288743881		4
502	1841M08		3.882238757683601		4
503	1841M09		3.83386581469649		4
504	1841M10		3.77595972309629		4
505	1841M11		3.73831775700935		4
506	1841M12		3.79027163613392		4
507	1842M01		3.808314820691841		4
508	1842M02		3.75		4
509	1842M03		3.73366521468575		4
510	1842M04		3.697996918335901		4
511	1842M05		3.66188587122368		4
512	1842M06		3.730183400683871		4
513	1842M07		3.831417624521069		4
514	1842M08		3.81922342457034		4
515	1842M09		3.76411543287328		4
516	1842M10		3.75		4
517	1842M11		3.73831775700935		4
518	1842M12		3.77595972309629		4
519	1843M01		3.78310214375788		4
520	1843M02		3.74414976599064		4
521	1843M03		3.67309458218549		4
522	1843M04		3.63856882959369		4
523	1843M05		3.66188587122368		4
524	1843M06		3.74064837905237		4
525	1843M07		3.75		4
526	1843M08		3.70942812982998		4
527	1843M09		3.66300366300366		4
528	1843M10		3.67421922841396		4
529	1843M11		3.66748166259169		4
530	1843M12		3.68324125230203		4
531	1844M01		3.63967242948135		4
532	1844M02		3.65519342065184		4
533	1844M03		3.622094778146699		4
534	1844M04		3.584229390681		4
535	1844M05		3.54819633353045		4
536	1844M06		3.602521765235659		4
537	1844M07		3.66524129505192		4
538	1844M08		3.70942812982998		4
539	1844M09		3.69571912534647		4
540	1844M10		3.65853658536585		4
541	1844M11		3.624282694050139		4
542	1844M12		3.55344980752147		4
543	1845M01		3.52216025829175		4
544	1845M02		3.5325287017957		4
545	1845M03		3.513909224011709		4
546	1845M04		3.49854227405248		4
547	1845M05		3.49040139616056		4
548	1845M06		3.53877912120318		4
549	1845M07		3.6003600360036		4
550	1845M08		3.56718192627824		4
551	1845M09		3.57888458097226		4
552	1845M10		3.61554685146128		4
553	1845M11		3.64963503649635		4
554	1845M12		3.65742151782993		4
555	1846M01		3.60144057623049		4
556	1846M02		3.55766380077083		4
557	1846M03		3.55766380077083		4
558	1846M04		3.59066427289048		4
559	1846M05		3.57462019660411		4
560	1846M06		3.58744394618834		4
561	1846M07		3.604686091919499		4
562	1846M08		3.59281437125748		4
563	1846M09		3.59389038634322		4
564	1846M10		3.626473254759751		4
565	1846M11		3.66300366300366		4
566	1846M12		3.68324125230203		4
567	1847M01		3.814367450731089		5
568	1847M02		3.84738698300737		5
569	1847M03		3.82775119617225		5
570	1847M04		3.83754397185801		5
571	1847M05		3.83754397185801		5
572	1847M06		3.83754397185801		5
573	1847M07		3.863490019317449		5
574	1847M08		3.8961038961039		5
575	1847M09		3.96170353251898		5
576	1847M10		3.96956665564009		5
577	1847M11		3.91389432485323		5
578	1847M12		3.940886699507389		4
579	1848M01		4.043126684636119		4
580	1848M02		4.04040404040404		4
581	1848M03		6.25		4
582	1848M04		7.45341614906832		4
583	1848M05		6.4		4
584	1848M06		6.55737704918033		4
585	1848M07		6.21761658031088		4
586	1848M08		6.83760683760684		4
587	1848M09		6.70391061452514		4
588	1848M10		6.78349349915206		4
589	1848M11		7.21587492483464		4
590	1848M12		6.69269380925823		4
591	1849M01		6.553795740032769		4
592	1849M02		6.17601646937725		4
593	1849M03		5.529953917050691		4
594	1849M04		5.31208499335989		4
595	1849M05		5.70071258907363		4
596	1849M06		5.78313253012048		4
597	1849M07		5.58399255467659		4
598	1849M08		5.524861878453039		4
599	1849M09		5.36193029490617		4
600	1849M10		5.39568345323741		4
601	1849M11		5.33807829181495		4
602	1849M12		5.27936647602288		4
603	1850M01		5.242463958060291		4
604	1850M02		5.179110919292191		4
605	1850M03		5.33570475767008		4
606	1850M04		5.45702592087312		4
607	1850M05		5.39325842696629		4
608	1850M06		5.24017467248908		4
609	1850M07		5.21739130434783		4
610	1850M08		5.14579759862779		4
611	1850M09		5.176876617773941		4
612	1850M10		5.249343832021		4
613	1850M11		5.251641137855579		4
614	1850M12		5.21512385919166		4
615	1851M01		5.253940455341511		4
616	1851M02		5.167958656330749		4
617	1851M03		5.18806744487678		4
618	1851M04		5.300353356890461		4
619	1851M05		5.36672629695885		4
620	1851M06		5.40540540540541		4
621	1851M07		5.298013245033109		4
622	1851M08		5.28169014084507		4
623	1851M09		5.359535506922731		4
624	1851M10		5.378753922008069		4
625	1851M11		5.32859680284192		4
626	1851M12		4.92813141683778		4
627	1852M01		4.40366972477064		4
628	1852M02		4.61361014994233		4
629	1852M03		4.36681222707424		3
630	1852M04		4.225352112676059		3
631	1852M05		4.24628450106157		3
632	1852M06		4.22684043677351		3
633	1852M07		4.112405757368061		3
634	1852M08		3.96956665564009		3
635	1852M09		3.89483933787731		3
636	1852M10		3.761755485893419		3
637	1852M11		3.582089552238811		3
638	1852M12		3.63856882959369		3
639	1853M01		3.774771940861911		3
640	1853M02		3.76647834274953		3
641	1853M03		3.77121307353865		3
642	1853M04		3.75		3
643	1853M05		3.73948270489249		3
644	1853M06		3.899902502437439		3
645	1853M07		3.903708523096941		3
646	1853M08		3.79746835443038		3
647	1853M09		3.903708523096941		3
648	1853M10		4.080244814688879		4
649	1853M11		4.05679513184584		4
650	1853M12		4.01069518716577		4
651	1854M01		4.26439232409382		5
652	1854M02		4.40205429200293		5
653	1854M03		4.61361014994233		5
654	1854M04		4.75435816164818		5
655	1854M05		4.44938820912125		4
656	1854M06		4.13223140495868		4
657	1854M07		4.00667779632721		4
658	1854M08		4.13223140495868		4
659	1854M09		4.043126684636119		4
660	1854M10		3.96039603960396		4
661	1854M11		4.166666666666669		4
662	1854M12		4.30570505920344		4
663	1855M01		4.442798963346909		5
664	1855M02		4.46760982874162		5
665	1855M03		4.34940195723088		5
666	1855M04		4.341534008683069		5
667	1855M05		4.341534008683069		4
668	1855M06		4.39399487367265		4
669	1855M07		4.51297480255735		4
670	1855M08		4.487658937920721		4
671	1855M09		4.51807228915663		4
672	1855M10		4.6583850931677		6
673	1855M11		4.604758250191861		6
674	1855M12		4.58015267175573		6
675	1856M01		4.52830188679245		6
676	1856M02		4.16233090530697		6
677	1856M03		4.1407867494824		5
678	1856M04		4.38756855575868		5
679	1856M05		4.0147206423553		5
680	1856M06		4.13793103448276		5
681	1856M07		4.21052631578947		5
682	1856M08		4.247787610619469		5
683	1856M09		4.33526011560694		6
684	1856M10		4.480955937266621		6
685	1856M11		4.44115470022206		6
686	1856M12		4.41988950276243		6
687	1857M01		4.52488687782805		6
688	1857M02		4.41176470588235		6
689	1857M03		4.25531914893617		6
690	1857M04		4.28877769835597		6
691	1857M05		4.373177842565601		6
692	1857M06		4.341534008683069		5.5
693	1857M07		4.451038575667661		5.5
694	1857M08		4.480955937266621		5.5
695	1857M09		4.49101796407186		5.5
696	1857M10		4.398826979472141		7.5
697	1857M11		4.49775112443778		9
698	1857M12		4.444444444444439		5
699	1858M01		4.29799426934097		5
700	1858M02		4.325883201153571		4
701	1858M03		4.347826086956521		4
702	1858M04		4.316546762589929		4
703	1858M05		4.30416068866571		4
704	1858M06		4.31965442764579		3.5
