## Sheet: mensuel (continued)
	A	B	C	D	E
2058	1971M04	5.99	8.07	4.25	6.5
2059	1971M05	6.53	8.15	4.25	6.5
2060	1971M06	6.95	8.119999999999999	4.25	6.75
2061	1971M07	6.29	8.1	4.25	6.75
2062	1971M08	6.41	8.09	4.25	6.75
2063	1971M09	6.41	8.130000000000001	4.25	6.75
2064	1971M10	6.18	8.14	4.25	6.75
2065	1971M11	5.87	8.210000000000001	4.25	6.5
2066	1971M12	5.68	8.01	4.25	6.5
2067	1972M01	5.389999999999999	8.1	4.25	6.5
2068	1972M02	5.41	8.02	4.25	6
2069	1972M03	4.97	7.83	4.25	6
2070	1972M04	5.110000000000001	7.67	4.25	6
2071	1972M05	5.42	7.65	4.25	5.75
2072	1972M06	4.889999999999999	7.56	4.25	5.75
2073	1972M07	4.849999999999999	7.56	4.25	5.75
2074	1972M08	4.730000000000001	7.55	4.25	5.75
2075	1972M09	4.78	7.61	4.25	5.75
2076	1972M10	5.82	7.63	4.25	5.75
2077	1972M11	6.81	7.69	4.25	5.75
2078	1972M12	7.9	8.029999999999999	4.25	6.5
2079	1973M01	7.72	8.11	4.25	7.5
2080	1973M02	7.89	8.23	4.25	7.5
2081	1973M03	7.8	8.25	4.25	7.5
2082	1973M04	7.68	8.32	4.25	7.5
2083	1973M05	7.84	8.32	4.25	7.5
2084	1973M06	8	8.36	4.25	7.5
2085	1973M07	8.94	8.66	4.25	7.5
2086	1973M08	9.41	8.880000000000001	4.25	8.5
2087	1973M09	10.37	8.9	4.25	9.5
2088	1973M10	11.36	9.06	4.25	11
2089	1973M11	11.18	9.08	4.25	11
2090	1973M12	11.36	9.289999999999999	4.25	11
2091	1974M01	13.43	10.21	6	11
2092	1974M02	12.49	10.48	6	11
2093	1974M03	12.33	10.69	6	11
2094	1974M04	12.27	10.7	6	11
2095	1974M05	12.78	10.8	6	11
2096	1974M06	13.74	11.45	6	11
2097	1974M07	14.13	11.4	6.5	13
2098	1974M08	13.97	11.4	6.5	13
2099	1974M09	13.92	11.38	6.5	13
2100	1974M10	13.38	11.14	6.5	13
2101	1974M11	12.26	11.12	6.5	13
2102	1974M12	11.53	11.1	6.5	13
2103	1975M01	11.03	10.9	7.5	13
2104	1975M02	9.789999999999999	10.69	7.5	12
2105	1975M03	8.94	10.34	7.5	11
2106	1975M04	8.24	10.36	7.5	11
2107	1975M05	7.58	10.31	7.5	10
2108	1975M06	7.26	10.21	7.5	10
2109	1975M07	7.33	10.2	7.5	9.5
2110	1975M08	7.12	10.11	7.5	9.5
2111	1975M09	7.05	11.1	7.5	9.5
2112	1975M10	7.01	10.15	7.5	8
2113	1975M11	6.98	10.19	7.5	8
2114	1975M12	6.75	10.18	7.5	8
2115	1976M01	6.41	10.16	6.5	8
2116	1976M02	7.43	10.16	6.5	8
2117	1976M03	7.84	10.29	6.5	8
2118	1976M04	7.68	10.24	6.5	8
2119	1976M05	7.8	10.19	6.5	8
2120	1976M06	7.99	10.37	6.5	8
2121	1976M07	8.48	10.51	6.5	8
2122	1976M08	9.61	10.61	6.5	9.5
2123	1976M09	9.59	10.66	6.5	9.5
2124	1976M10	10.34	10.95	6.5	10.5
2125	1976M11	10.54	10.94	6.5	10.5
2126	1976M12	10.57	11.04	6.5	10.5
2127	1977M01	10.02	10.66	6.5	10.5
2128	1977M02	9.84	10.72	6.5	10.5
2129	1977M03	9.960000000000001	10.88	6.5	10.5
2130	1977M04	9.39	11.12	6.5	10.5
2131	1977M05	9.14	11.19	6.5	10.5
2132	1977M06	9.039999999999999	11.11	6.5	10.5
2133	1977M07	8.720000000000001	11.07	6.5	10.5
2134	1977M08	8.49	11	6.5	10.5
2135	1977M09	8.380000000000001	10.97	6.5	9.5
2136	1977M10	8.449999999999999	11.01	6.5	9.5
2137	1977M11	9.31	11.1	6.5	9.5
2138	1977M12	9.85	11.07	6.5	9.5
2139	1978M01	9.26	11.25	6.5	9.5
2140	1978M02	10.47	11.36	6.5	9.5
2141	1978M03	9.91	11.07	6.5	9.5
2142	1978M04	8.44	10.75	6.5	9.5
2143	1978M05	8.24	10.76	6.5	9.5
2144	1978M06	7.93	10.6	6.5	9.5
2145	1978M07	7.63	10.49	6.5	9.5
2146	1978M08	7.45	10.4	6.5	9.5
2147	1978M09	7.4	10.37	6.5	9.5
2148	1978M10	7.37	10.21	6.5	9.5
2149	1978M11	7.11	10.14	6.5	9.5
2150	1978M12	6.67	9.94	6.5	9.5
2151	1979M01	6.57	9.16	6.5	9.5
2152	1979M02	6.88	9.27	6.5	9.5
2153	1979M03	7.1	9.199999999999999	6.5	9.5
2154	1979M04	7	9.17	6.5	9.5
2155	1979M05	7.61	9.470000000000001	6.5	9.5
2156	1979M06	8.68	10.38	6.5	9.5
2157	1979M07	9.94	10.77	6.5	9.5
2158	1979M08	10.84	11.06	6.5	9.5
2159	1979M09	11.69	11.47	6.5	9.5
2160	1979M10	12.13	11.45	6.5	9.5
2161	1979M11	12.77	11.78	6.5	9.5
2162	1979M12	12.59	12.44	6.5	9.5
2163	1980M01	12.37	12.52	6.5	9.5
2164	1980M02	12.63	14.11	6.5	12
2165	1980M03	13.99	14.44	6.5	12.75
2166	1980M04	12.94	13.95	7.5	12.75
2167	1980M05	12.65	13.49	7.5	12.75
2168	1980M06	12.35	13.34	7.5	12.75
2169	1980M07	11.93	13.43	7.5	12.25
2170	1980M08	11.27	13.46	7.5	11.5
2171	1980M09	11.83	13.85	7.5	11.5
2172	1980M10	11.73	14.27	7.5	11.5
2173	1980M11	11.26	14.34	7.5	11.25
2174	1980M12	11.56	14.31	7.5	10.75
2175	1981M01	11.43	14.58	7.5	10.75
2176	1981M02	11.9	15.05	7.5	10.75
2177	1981M03	12.57	14.98	7.5	12
2178	1981M04	13	14.97	7.5	12.5
2179	1981M05	15.9	17.25	7.5	13.5
2180	1981M06	18.92	17.32	7.5	22
2181	1981M07	17.29	17.11	7.5	22
2182	1981M08	17.44	17.03	7.5	17.25
2183	1981M09	17.59	17.08	7.5	17.125
2184	1981M10	16.46	16.94	8.5	17.75
2185	1981M11	15.35	16.75	8.5	15.25
2186	1981M12	15.26	16.44	8.5	15.25
2187	1982M01	15.07	16.42	8.5	14.75
2188	1982M02	14.52	16.29	8.5	14.75
2189	1982M03	15.25	16.35	8.5	14
2190	1982M04	16.36	16.29	8.5	17
2191	1982M05	16.19	16.13	8.5	16.5
2192	1982M06	15.7	15.98	8.5	16.125
2193	1982M07	14.63	15.96	8.5	15.25
2194	1982M08	14.48	15.78	8.5	14.875
2195	1982M09	14.06	15.76	8.5	14.25
2196	1982M10	13.45	15.81	8.5	14
2197	1982M11	12.97	15.79	8.5	13.5
2198	1982M12	12.71	15.4	8.5	13.125
2199	1983M01	12.58	14.99	8.5	12.5
2200	1983M02	12.9	14.9	8.5	12.75
2201	1983M03	12.65	14.65	8.5	12.875
2202	1983M04	12.13	14.55	8.5	12.875
2203	1983M05	12.56	14.55	8.5	12.625
2204	1983M06	12.63	14.52	8.5	12.25
2205	1983M07	12.37	14.04	8.5	12.75
2206	1983M08	12.37	13.96	7.5	12.25
2207	1983M09	12.43	14.03	7.5	12.25
2208	1983M10	12.45	14.15	7.5	12.25
2209	1983M11	12.35	14.12	7.5	12.25
2210	1983M12	12.19	13.96	7.5	12
2211	1984M01	12.25	13.76	7.5	11.785
2212	1984M02	12.45	13.87	7.5	12
2213	1984M03	12.54	13.98	7.5	12
2214	1984M04	12.48	13.81	7.5	12
2215	1984M05	12.2	13.82	7.5	12
2216	1984M06	12.23	13.99	7.5	11.75
2217	1984M07	11.78	13.91	7.5	11.25
2218	1984M08	11.41	13.58	6.5	11.25
2219	1984M09	11.05	13.05	6.5	11.25
2220	1984M10	10.8	12.5	6.5	11
2221	1984M11	10.55	12.36	6.5	11
2222	1984M12	10.69	12.7	6.5	10.75
2223	1985M01	10.46	12.12	6.5	10.75
2224	1985M02	10.63	12.25	6.5	10.5
2225	1985M03	10.73	12.27	6.5	10.5
2226	1985M04	10.48	11.98	6.5	10.5
2227	1985M05	10.18	11.72	6.5	10.25
2228	1985M06	10.2	12.12	6.5	10.125
2229	1985M07	9.98	11.87	6	10.125
2230	1985M08	9.81	11.96	6	9.625
2231	1985M09	9.619999999999999	11.97	6	9.625
2232	1985M10	9.32	11.59	6	9.25
2233	1985M11	8.960000000000001	11.22	6	9.125
2234	1985M12	8.949999999999999	11.33	6	8.75
2235	1986M01	8.960000000000001	10.79	6	8.75
2236	1986M02	8.81	10.1	6	8.75
2237	1986M03	8.31	9.289999999999999	6	8.5
2238	1986M04	7.61	8.56	6	8.25
2239	1986M05	7.24	8.58	4.5	7.5
2240	1986M06	7.24	8.65	4.5	7.25
2241	1986M07	7.13	8.5	4.5	7
2242	1986M08	7.11	8.050000000000001	4.5	7
2243	1986M09	7.08	8.51	4.5	7
2244	1986M10	7.41	8.970000000000001	4.5	7
2245	1986M11	7.51	9.49	4.5	7
2246	1986M12	8.103999999999999	9.800000000000001	4.5	7
2247	1987M01	8.5817	9.539999999999999	4.5	7.25
2248	1987M02	8.4777	9.84	4.5	8
2249	1987M03	7.9622	9.42	4.5	8
2250	1987M04	8	9.51	4.5	7.75
2251	1987M05	8.2203	9.86	4.5	7.75
2252	1987M06	8.3318	10.4	4.5	7.75
2253	1987M07	7.9541	10.39	4.5	7.5
2254	1987M08	8.004	10.6	4.5	7.5
2255	1987M09	7.9766	11.06	4.5	7.5
2256	1987M10	8.3276	10.95	4.5	7.5
2257	1987M11	8.787000000000001	10.46	4.5	7.5
2258	1987M12	8.6043	10.56	4.5	8
2259	1988M01	8.3286	9.73	4.5	7.75
2260	1988M02	7.6767	9.33	4.5	7.25
2261	1988M03	8.0388	9.61	4.5	7.25
2262	1988M04	8.1286	9.42	4.5	7.25
2263	1988M05	7.9335	9.380000000000001	4.5	7.25
2264	1988M06	7.3927	9.07	4.5	7
2265	1988M07	7.4456	9.18	4.5	7
2266	1988M08	7.746	9.449999999999999	4.5	6.75
2267	1988M09	7.9904	9	4.5	7
2268	1988M10	8.0152	8.77	4.5	7
2269	1988M11	8.1401	8.869999999999999	4.5	7.25
2270	1988M12	8.469799999999999	8.81	4.5	7.25
2271	1989M01	8.6835	8.77	4.5	7.75
2272	1989M02	9.2355	9.470000000000001	4.5	8.25
2273	1989M03	9.158	9.210000000000001	4.5	8.25
2274	1989M04	8.7464	8.99	4.5	8.25
2275	1989M05	8.921900000000001	9	4.5	8.25
2276	1989M06	8.9995	8.960000000000001	4.5	8.25
2277	1989M07	9.1782	8.800000000000001	4.5	8.75
2278	1989M08	9.0973	8.81	4.5	8.75
2279	1989M09	9.3491	9.18	4.5	8.75
2280	1989M10	10.0217	9.34	4.5	8.75
2281	1989M11	10.5083	9.529999999999999	4.5	9.5
2282	1989M12	10.8863	9.800000000000001	4.5	9.5
2283	1990M01	11.3332	10.12	4.5	10
2284	1990M02	11.046	10.76	4.5	10
2285	1990M03	10.6716	10.21	4.5	10
2286	1990M04	10.0167	10.06	4.5	10
2287	1990M05	9.814299999999999	10.05	4.5	9.5
2288	1990M06	10.0737	10.1	4.5	9.5
2289	1990M07	10.0501	10.04	4.5	9.5
2290	1990M08	10.1915	10.71	4.5	9.5
2291	1990M09	10.3466	11.11	4.5	9.5
2292	1990M10	10.0364	10.72	4.5	9.5
2293	1990M11	10.003	10.58	4.5	9.5
2294	1990M12	10.2737	10.53	4.5	9.25
2295	1991M01	10.2747	10.1	4.5	9.25
2296	1991M02	9.7937	9.61	4.5	9.25
2297	1991M03	9.4259	9.66	4.5	9.25
2298	1991M04	9.3466	9.4	4.5	9
2299	1991M05	9.234400000000001	9.39	4.5	9
2300	1991M06	9.7066	9.59	4.5	9
2301	1991M07	9.593	9.66	4.5	9
2302	1991M08	9.5992	9.41	4.5	9
2303	1991M09	9.430199999999999	9.300000000000001	4.5	9
2304	1991M10	9.324999999999999	9.26	4.5	9
2305	1991M11	9.5406	9.31	4.5	8.75
2306	1991M12	10.1104	9.19	4.5	9.25
2307	1992M01	9.982200000000001	8.869999999999999	4.5	10
2308	1992M02	10.0471	8.86	4.5	9.875
2309	1992M03	10.1195	9.130000000000001	4.5	9.9375
2310	1992M04	10.0409	9.08	4.5	9.875
2311	1992M05	9.9674	8.92	4.5	9.875
2312	1992M06	10.1126	9.15	4.5	10
2313	1992M07	10.2229	9.52	4.5	10
2314	1992M08	10.3892	9.57	4.5	10.0625
2315	1992M09	11.0405	8.98	4.5	19.5
2316	1992M10	11.1165	8.630000000000001	4.5	9.75
2317	1992M11	9.7556	8.619999999999999	4.5	9.75
2318	1992M12	11.341	8.44	4.5	11.3125
2319	1993M01	12.1036	8.32	4.5	12.0625
2320	1993M02	12.0578	8.050000000000001	4.5	11.25
2321	1993M03	11.292	7.75	4.5	10.75
2322	1993M04	9.0996	7.58	4.5	8.5
2323	1993M05	7.6392	7.48	4.5	7.9375
2324	1993M06	7.3169	7.02	4.5	7.5625
2325	1993M07	8.0968	7.01	4.5	10.6875
2326	1993M08	7.9281	6.5	4.5	7.5625
2327	1993M09	7.2893	6.45	4.5	7.125
2328	1993M10	6.9791	6.23	4.5	6.9375
2329	1993M11	6.721	6.25	4.5	6.8125
2330	1993M12	6.5189	5.86	4.5	6.6875
2331	1994M01	6.3185	5.96	4.5	6.4375
2332	1994M02	6.2992	6.43	4.5	6.375
2333	1994M03	6.247	6.76	4.5	6.125
2334	1994M04	6.0139	7.06	4.5	5.9375
2335	1994M05	5.642	7.25	4.5	5.5
2336	1994M06	5.5647	7.87	4.5	5.4375
2337	1994M07	5.6413	7.49	4.5	5.3125
2338	1994M08	5.598900000000001	8.039999999999999	4.5	5.3125
2339	1994M09	5.6268	8.33	4.5	5.3125
2340	1994M10	5.6477	8.5	4.5	5.3125
2341	1994M11	5.611900000000001	8.14	4.5	5.3125
2342	1994M12	5.9482	8.369999999999999	4.5	5.375
2343	1995M01	5.9223	8.220000000000001	4.5	5.375
2344	1995M02	5.8157	8.15	4.5	5.8125
2345	1995M03	8.064299999999999	7.99	4.5	7.75
2346	1995M04	7.7796	7.96	4.5	7.625
2347	1995M05	7.4723	7.58	4.5	7.625
2348	1995M06	7.1956	7.74	4.5	7.125
2349	1995M07	6.4612	7.49	4.5	6.4375
2350	1995M08	5.942	7.4	4.5	5.8125
2351	1995M09	5.9635	7.65	4.5	5.5625
2352	1995M10	6.8688	7.61	4.5	6.3125
2353	1995M11	5.8904	7.19	4.5	5.1875
2354	1995M12	5.5625	6.89	4.5	4.75
2355	1996M01	4.6996	6.77	4.5	4.3125
2356	1996M02	4.4096	7	4.5	4.125
2357	1996M03	4.2709	6.92	3.5	4
2358	1996M04	3.9982	6.76	3.5	3.75
2359	1996M05	3.9046	6.71	3.5	3.75
2360	1996M06	3.9671	6.84	3.5	3.6875
2361	1996M07	3.8392	6.59	3.5	3.5625
2362	1996M08	3.9608	6.62	3.5	3.5
2363	1996M09	3.7494	6.2	3.5	3.4375
2364	1996M10	3.5144	6.11	3.5	3.3125
2365	1996M11	3.4691	5.79	3.5	3.3125
2366	1996M12	3.4446	5.82	3.5	3.3125
2367	1997M01	3.3532	5.69	3.5	3.25
2368	1997M02	3.3303	5.389999999999999	3.5	3.1875
2369	1997M03	3.3646	5.8	3.5	3.1875
2370	1997M04	3.3996	5.93	3.5	3.1875
2371	1997M05	3.4778	5.96	3.5	3.1875
2372	1997M06	3.4323	5.67	3.5	3.25
2373	1997M07	3.3907	5.5	3.5	3.1875
2374	1997M08	3.4274	5.65	3.5	3.1875
2375	1997M09	3.4098	5.55	3.5	3.1875
2376	1997M10	3.5904	5.8	3.5	3.375
2377	1997M11	3.6873	5.66	3.5	3.375
2378	1997M12	3.6906	5.45	3.5	3.375
2379	1998M01	3.6184	5.26	3.5	3.375
2380	1998M02	3.5686	5.110000000000001	3.5	3.375
2381	1998M03	3.5694	5.04	3.5	3.375
2382	1998M04	3.6273	5.12	3.5	3.375
2383	1998M05	3.6073	5.05	3.5	3.375
2384	1998M06	3.5716	4.95	3	3.4375
2385	1998M07	3.5634	4.91	3	3.375
2386	1998M08	3.5578	4.610000000000001	3	3.375
2387	1998M09	3.5374	4.389999999999999	3	3.375
2388	1998M10	3.5555	4.51	3	3.375
2389	1998M11	3.5856	4.43	3	3.375
2390	1998M12	3.323	4.41	3	3.0625
2391	1999M01	3.1321	4.13	3	4.5
2392	1999M02	3.0934	4.42	3	4.5
2393	1999M03	3.0467	4.389999999999999	3	4.5
2394	1999M04	2.6965	4.25	3	3.5
2395	1999M05	2.579	4.45	3	3.5
