## Sheet: mensuel (continued)
	A	B	C	D	E
1663	1938M05	2.62	3.93959290873276		2.7
1664	1938M06	2.4	4.089979550102249		2.5
1665	1938M07	2.5	3.99201596806387		2.5
1666	1938M08	2.5	4.062288422478		2.5
1667	1938M09	2.65	3.90625		2.6
1668	1938M10	3	3.84615384615385		3
1669	1938M11	2.9	3.78310214375788		2.9
1670	1938M12	2.23	3.65853658536585		2.5
1671	1939M01	1.88	3.519061583577711		2
1672	1939M02	1.96	3.59281437125748		2
1673	1939M03	1.94	3.59281437125748		2
1674	1939M04	1.88	3.75469336670839		2
1675	1939M05	1.94	3.75		2
1676	1939M06	1.88	3.75		2
1677	1939M07	1.88	3.93700787401575		2
1678	1939M08	1.95	3.94218134034166		2
1679	1939M09	2.7	4.35413642960813		2
1680	1939M10		4.46760982874162		2
1681	1939M11		4.21052631578947		2
1682	1939M12		4.16377515614157		2
1683	1940M01		3.89105058365759		2
1684	1940M02		4.067796610169489		2
1685	1940M03		4.07608695652174		
1686	1940M04		3.96825396825397		
1687	1940M05		4.01606425702811		
1688	1940M06		4.28571428571429		
1689	1940M07		4.172461752433939		
1690	1940M08		3.95778364116095		
1691	1940M09		3.95778364116095		
1692	1940M10		4.043126684636119		
1693	1940M11		3.66524129505192		
1694	1940M12		3.478260869565221		
1695	1941M01		3.43839541547278		
1696	1941M02		3.40909090909091		
1697	1941M03		3.27510917030568		
1698	1941M04		3.244997295835591		
1699	1941M05		3.16789862724393		
1700	1941M06		3.16622691292876		
1701	1941M07		3.33333333333333		
1702	1941M08		3.29489291598023		
1703	1941M09		3.193187865886111		
1704	1941M10		3.14630309386471		
1705	1941M11		3.16622691292876		
1706	1941M12		3.13152400835073		
1707	1942M01		3.11203319502075		
1708	1942M02		3.09278350515464		
1709	1942M03		3.1413612565445		
1710	1942M04		3.16122233930453		
1711	1942M05		3.14630309386471		
1712	1942M06		3.125		
1713	1942M07		3.16455696202532		
1714	1942M08		3.17124735729387		
1715	1942M09		3.1496062992126		
1716	1942M10		3.12825860271116		
1717	1942M11		3.10077519379845		
1718	1942M12		3.09757356737223		
1719	1943M01		3.06122448979592		
1720	1943M02		3.05654610290372		
1721	1943M03		3.06122448979592		
1722	1943M04		3.11203319502075		
1723	1943M05		3.13152400835073		
1724	1943M06		3.13152400835073		
1725	1943M07		3.08959835221421		
1726	1943M08		3.113648157758169		
1727	1943M09		3.110419906687399		
1728	1943M10		3.125		
1729	1943M11		3.13152400835073		
1730	1943M12		3.12662845231892		
1731	1944M01		3.09757356737223		
1732	1944M02		3.113648157758169		
1733	1944M03		3.13152400835073		
1734	1944M04		3.1055900621118		
1735	1944M05		3.07377049180328		
1736	1944M06		3.03030303030303		
1737	1944M07		2.98953662182362		
1738	1944M08		2.95566502463054		
1739	1944M09		2.97029702970297		
1740	1944M10		2.97619047619048		
1741	1944M11		2.92682926829268		
1742	1944M12		2.97176820208024		
1743	1945M01				
1744	1945M02				
1745	1945M03				
1746	1945M04				
1747	1945M05				
1748	1945M06				
1749	1945M07				
1750	1945M08				
1751	1945M09				
1752	1945M10				
1753	1945M11				
1754	1945M12				
1755	1946M01				
1756	1946M02				
1757	1946M03				
1758	1946M04				
1759	1946M05				
1760	1946M06				
1761	1946M07				
1762	1946M08				
1763	1946M09				
1764	1946M10				
1765	1946M11				
1766	1946M12				
1767	1947M01				
1768	1947M02				
1769	1947M03				
1770	1947M04				
1771	1947M05				
1772	1947M06				
1773	1947M07				
1774	1947M08				
1775	1947M09				
1776	1947M10				
1777	1947M11				
1778	1947M12	2.04			2.5
1779	1948M01	2.02			2.5
1780	1948M02	2			2.5
1781	1948M03	2.09			2.5
1782	1948M04	2			2.5
1783	1948M05	2.12			2.5
1784	1948M06	2.02			2.5
1785	1948M07	2.04			2.5
1786	1948M08	1.88			2.5
1787	1948M09	2.84			3.5
1788	1948M10	2.09			3
1789	1948M11	2.03			3
1790	1948M12	2			3
1791	1949M01	2.37			3
1792	1949M02	2.37			3
1793	1949M03	2.4			3
1794	1949M04	2.44			3
1795	1949M05	2.56			3
1796	1949M06	2.75			3
1797	1949M07	2.62			3
1798	1949M08	2.62			3
1799	1949M09	2.44			3
1800	1949M10	2.37			3
1801	1949M11	2.62			3
1802	1949M12	2.62			3
1803	1950M01	2.18	7.37		3
1804	1950M02	2.4	7.29		3
1805	1950M03	2.7	7.51		3
1806	1950M04	2.64	7.18		3
1807	1950M05	2.68	7.35		3
1808	1950M06	2.52	7.33		2.5
1809	1950M07	2.59	7.32		2.5
1810	1950M08	2.35	7.22		2.5
1811	1950M09	2.22	7.1		2.5
1812	1950M10	2.28	7.24		2.5
1813	1950M11	2.19	7.07		2.5
1814	1950M12	2.41	7.06		2.5
1815	1951M01	2.45	7.39		2.5
1816	1951M02	2.42	7.27		2.5
1817	1951M03	2.45	7.26		2.5
1818	1951M04	2.6	7.47		2.5
1819	1951M05	2.61	7.39		2.5
1820	1951M06	2.52	7.39		2.5
1821	1951M07	2.57	7.27		2.5
1822	1951M08	2.64	7.09		2.5
1823	1951M09	2.56	7		2.5
1824	1951M10	2.78	7.22		3
1825	1951M11	3.27	7.24		4
1826	1951M12	3.5	7.28		3
1827	1952M01	3.5	7.3		4
1828	1952M02	3.93	7.47		4
1829	1952M03	3.51	7.6		4
1830	1952M04	3.65	7.5		4
1831	1952M05	3.77	7.39		4
1832	1952M06	3.66	7.3		4
1833	1952M07	3.84	6.9		4
1834	1952M08	3.77	6.72		4
1835	1952M09	4	6.4		4
1836	1952M10	3.98	6.47		4
1837	1952M11	3.98	6.61		4
1838	1952M12	3.93	6.69		4
1839	1953M01	3.97	6.83		4
1840	1953M02	4.099999999999999	6.89		4
1841	1953M03	3.93	7.12		4
1842	1953M04	4.05	7.11		4
1843	1953M05	4.22	6.87		4
1844	1953M06	3.94	6.99		4
1845	1953M07	4.13	7.07		4
1846	1953M08	4.18	7		4
1847	1953M09	4.34	6.88		3.5
1848	1953M10	3.91	6.93		3.5
1849	1953M11	4	6.85		3.5
1850	1953M12	3.75	6.5		3.5
1851	1954M01	3.66	6.72		3.5
1852	1954M02	3.55	6.67		3.25
1853	1954M03	3.42	6.57		3.25
1854	1954M04	3.55	6.72		3.25
1855	1954M05	3.54	6.72		3.25
1856	1954M06	3.57	6.71		3.25
1857	1954M07	3.79	6.75		3.25
1858	1954M08	3.82	6.72		3.25
1859	1954M09	3.77	6.68		3.25
1860	1954M10	3.65	6.57		3.25
1861	1954M11	3.51	6.42		3.25
1862	1954M12	3.29	6.24		3
1863	1955M01	3.27	5.69		3
1864	1955M02	3.25	5.63		3
1865	1955M03	3.28	5.47		3
1866	1955M04	3.23	5.32		3
1867	1955M05	3.27	5.360000000000001		3
1868	1955M06	3.19	5.32		3
1869	1955M07	3.3	5.29		3
1870	1955M08	3.06	5.2		3
1871	1955M09	3	5.269999999999999		3
1872	1955M10	3.02	5.49		3
1873	1955M11	3.06	5.480000000000001		3
1874	1955M12	2.99	5.519999999999999		3
1875	1956M01	2.95	5.89		3
1876	1956M02	3.05	5.84		3
1877	1956M03	3.06	5.89		3
1878	1956M04	3.08	5.77		3
1879	1956M05	3.1	5.81		3
1880	1956M06	3.02	5.96		3
1881	1956M07	3.21	6		3
1882	1956M08	3.02	6.04		3
1883	1956M09	3	6.67		3
1884	1956M10	3.47	6.75		3
1885	1956M11	3.71	6.62		3
1886	1956M12	3.55	6.78		3
1887	1957M01	3.92	6.93		3
1888	1957M02	3.52	7.22		3
1889	1957M03	4.099999999999999	7.32		3
1890	1957M04	4.610000000000001	7.02		4
1891	1957M05	5.190000000000001	7.08		4
1892	1957M06	5.78	7.6		4
1893	1957M07	7.82	7.6		4
1894	1957M08	7.94	7.86		5
1895	1957M09	5.77	7.85		5
1896	1957M10	4.940000000000001	7.73		5
1897	1957M11	4.87	7.62		5
1898	1957M12	5.72	7.47		5
1899	1958M01	5.17	8.029999999999999		5
1900	1958M02	5.25	8.119999999999999		5
1901	1958M03	5.96	8.039999999999999		5
1902	1958M04	6.78	8.039999999999999		5
1903	1958M05	10.04	7.78		5
1904	1958M06	7.51	7.95		5
1905	1958M07	6.85	7.62		5
1906	1958M08	6.97	7.38		5
1907	1958M09	6.46	7.04		5
1908	1958M10	5.5	7.16		4.5
1909	1958M11	5.26	7.12		4.5
1910	1958M12	6.07	7.13		4.5
1911	1959M01	4.389999999999999	6.79		4.5
1912	1959M02	4.230000000000001	6.82		4.5
1913	1959M03	4.360000000000001	6.52		4.25
1914	1959M04	4.13	6.34		4.25
1915	1959M05	3.88	6.32		4
1916	1959M06	3.67	6.47		4
1917	1959M07	4.269999999999999	6.43		4
1918	1959M08	3.93	5.8		4
1919	1959M09	4.05	5.96		4
1920	1959M10	3.87	6.03		4
1921	1959M11	4.019999999999999	5.97		4
1922	1959M12	4.07	5.94		4
1923	1960M01	3.91	5.82	3.25	4
1924	1960M02	4.110000000000001	5.8	3.25	4
1925	1960M03	4.17	5.76	3.25	4
1926	1960M04	4.22	5.81	3.25	4
1927	1960M05	4.25	5.74	3.25	4
1928	1960M06	4.150000000000001	5.73	3.25	4
1929	1960M07	4.53	5.68	3.25	4
1930	1960M08	4.05	5.51	3.25	4
1931	1960M09	4.150000000000001	5.54	3.25	4
1932	1960M10	3.99	5.559999999999999	3.25	3.5
1933	1960M11	3.76	5.519999999999999	3.25	3.5
1934	1960M12	3.7	5.49	3.25	3.5
1935	1961M01	3.65	5.55	3.25	3.5
1936	1961M02	3.59	5.64	3.25	3.5
1937	1961M03	3.7	5.59	3.25	3.5
1938	1961M04	3.7	5.5	3.25	3.5
1939	1961M05	3.91	5.51	3.25	3.5
1940	1961M06	3.76	5.47	3.25	3.5
1941	1961M07	3.65	5.45	3.25	3.5
1942	1961M08	3.52	5.43	3.25	3.5
1943	1961M09	3.57	5.45	3.25	3.5
1944	1961M10	3.6	5.53	3.25	3.5
1945	1961M11	3.52	5.55	3.25	3.5
1946	1961M12	3.58	5.559999999999999	3.25	3.5
1947	1962M01	3.51	5.519999999999999	3.25	3.5
1948	1962M02	3.56	5.62	3.25	3.5
1949	1962M03	3.65	5.62	3.25	3.5
1950	1962M04	3.93	5.480000000000001	3.25	3.5
1951	1962M05	3.98	5.53	3.25	3.5
1952	1962M06	3.59	5.400000000000001	3.25	3.5
1953	1962M07	3.66	5.32	3.25	3.5
1954	1962M08	3.46	5.33	3.25	3.5
1955	1962M09	3.48	5.37	3.25	3.5
1956	1962M10	3.51	5.34	3.25	3.5
1957	1962M11	3.5	5.37	3.25	3.5
1958	1962M12	3.51	5.309999999999999	3.25	3.5
1959	1963M01	3.39	5.34	3.25	3.5
1960	1963M02	3.45	5.360000000000001	3.25	3.5
1961	1963M03	3.43	5.360000000000001	3.25	3.5
1962	1963M04	3.92	5.29	3.25	3.5
1963	1963M05	3.91	5.360000000000001	3.25	3.5
1964	1963M06	4.76	5.28	3.25	3.5
1965	1963M07	5.26	5.24	3.25	3.5
1966	1963M08	4.099999999999999	5.28	3.25	3.5
1967	1963M09	3.13	5.37	3.25	3.5
1968	1963M10	3.64	5.41	3.25	3.5
1969	1963M11	4.139999999999999	5.41	3.25	3.5
1970	1963M12	4.71	5.360000000000001	3.25	4
1971	1964M01	4.269999999999999	5.45	3.25	4
1972	1964M02	4.37	5.440000000000001	3.25	4
1973	1964M03	5.059999999999999	5.42	3.25	4
1974	1964M04	5.05	5.46	3.25	4
1975	1964M05	6.28	5.49	3.25	4
1976	1964M06	4.860000000000001	5.47	3.25	4
1977	1964M07	4.769999999999999	5.400000000000001	3.25	4
1978	1964M08	4.72	5.400000000000001	3.25	4
1979	1964M09	4.75	5.46	3.25	4
1980	1964M10	4.360000000000001	5.5	3.25	4
1981	1964M11	4.150000000000001	5.45	3.25	4
1982	1964M12	4.17	5.45	3.25	4
1983	1965M01	3.97	5.440000000000001	3.25	4
1984	1965M02	4.21	6.31	3.25	4
1985	1965M03	4.42	6.31	3.25	4
1986	1965M04	3.96	6.32	3.25	3.5
1987	1965M05	4.29	6.28	3.25	3.5
1988	1965M06	4.41	6.27	3.25	3.5
1989	1965M07	4.32	6.15	3.25	3.5
1990	1965M08	4	6.16	3.25	3.5
1991	1965M09	3.81	6.22	3.25	3.5
1992	1965M10	3.96	6.34	3.25	3.5
1993	1965M11	4.66	6.35	3.25	3.5
1994	1965M12	4.47	6.28	3.25	3.5
1995	1966M01	3.92	6.32	3	3.5
1996	1966M02	4.34	6.37	3	3.5
1997	1966M03	4.55	6.41	3	3.5
1998	1966M04	4.38	6.44	3	3.5
1999	1966M05	4.82	6.43	3	3.5
2000	1966M06	4.78	6.72	3	3.5
2001	1966M07	4.78	6.6	3	3.5
2002	1966M08	4.769999999999999	6.66	3	3.5
2003	1966M09	4.599999999999999	6.71	3	3.5
2004	1966M10	5.269999999999999	6.76	3	3.5
2005	1966M11	5.41	6.74	3	3.5
2006	1966M12	5.7	6.79	3	3.5
2007	1967M01	5.58	6.78	3	3.5
2008	1967M02	5.05	6.73	3	3.5
2009	1967M03	5	6.64	3	3.5
2010	1967M04	5.07	6.72	3	3.5
2011	1967M05	4.889999999999999	6.67	3	3.5
2012	1967M06	4.5	6.71	3	3.5
2013	1967M07	4.769999999999999	6.68	3	3.5
2014	1967M08	4.480000000000001	6.63	3	3.5
2015	1967M09	4.32	6.71	3	3.5
2016	1967M10	4.480000000000001	6.69	3	3.5
2017	1967M11	4.650000000000001	6.77	3	3.5
2018	1967M12	4.76	6.75	3	3.5
2019	1968M01	5	6.78	3	3.5
2020	1968M02	4.769999999999999	6.77	3	3.5
2021	1968M03	5.09	6.77	3	3.5
2022	1968M04	5.110000000000001	6.73	3	3.5
2023	1968M05	5.64	6.98	3	3.5
2024	1968M06	5.773	7.01	3	3.5
2025	1968M07	6	6.94	3	5
2026	1968M08	5.927	6.9	3	5
2027	1968M09	6.721	6.93	3	5
2028	1968M10	7.149	6.95	3	5
2029	1968M11	8.342	7.23	3	6
2030	1968M12	8.218	7.42	3	6
2031	1969M01	8.068	7.56	3.5	6
2032	1969M02	7.866	7.58	3.5	6
2033	1969M03	8.18	7.74	3.5	6
2034	1969M04	8.300000000000001	7.68	3.5	6
2035	1969M05	8.83	7.75	3.5	6
2036	1969M06	9.460000000000001	7.69	4	6
2037	1969M07	9.199999999999999	7.92	4	7
2038	1969M08	8.85	7.86	4	7
2039	1969M09	9.4	7.94	4	7
2040	1969M10	9.369999999999999	8.220000000000001	4	7
2041	1969M11	9.57	8.19	4	8
2042	1969M12	10.4	8.25	4	8
2043	1970M01	10.35	8.68	4	8
2044	1970M02	9.86	8.73	4	8
2045	1970M03	9.550000000000001	8.699999999999999	4	8
2046	1970M04	8.949999999999999	8.59	4	8
2047	1970M05	9.02	8.550000000000001	4	8
2048	1970M06	9.59	8.470000000000001	4	8
2049	1970M07	9.1	8.33	4.25	8
2050	1970M08	8.64	8.32	4.25	8
2051	1970M09	8.279999999999999	8.42	4.25	7
2052	1970M10	8.279999999999999	8.369999999999999	4.25	7
2053	1970M11	7.96	8.300000000000001	4.25	7
2054	1970M12	7.52	8.119999999999999	4.25	7
2055	1971M01	6.67	8.130000000000001	4.25	7
2056	1971M02	6.29	8.06	4.25	6.5
2057	1971M03	6.17	8.039999999999999	4.25	6.5
