## Sheet: mensuel (continued)
	A	B	C	D	E
1344	1911M10	3.5	3.1813361611877		3.5
1345	1911M11	3.38	3.136434918975431		3.5
1346	1911M12	3.3	3.14795383001049		3.5
1347	1912M01	3.34	3.17057704502219		3.5
1348	1912M02	3.09	3.1496062992126		3.5
1349	1912M03	3.18	3.15955766192733		3.5
1350	1912M04	3.19	3.24851109907959		3.5
1351	1912M05	3	3.174603174603171		3.3
1352	1912M06	2.88	3.2		3
1353	1912M07	2.56	3.244997295835591		3
1354	1912M08	2.62	3.25027085590466		3
1355	1912M09	2.88	3.25027085590466		3
1356	1912M10	3.12	3.31858407079646		3.3
1357	1912M11	3.72	3.34075723830735		4
1358	1912M12	3.88	3.3167495854063		4
1359	1913M01	4	3.359462486002239		4
1360	1913M02	3.92	3.37078651685393		4
1361	1913M03	3.97	3.36889387984279		4
1362	1913M04	4	3.476245654692929		4
1363	1913M05	3.95	3.50262697022767		4
1364	1913M06	3.75	3.50877192982456		4
1365	1913M07	3.75	3.588516746411479		4
1366	1913M08	3.6	3.478260869565221		4
1367	1913M09	3.75	3.34075723830735		4
1368	1913M10	3.8	3.41607834206331		4
1369	1913M11	3.75	3.46820809248555		4
1370	1913M12	3.56	3.50058343057176		4
1371	1914M01	3.52	3.521126760563379		4
1372	1914M02	2.94	3.44036697247706		3.5
1373	1914M03	2.75	3.39750849377123		3.5
1374	1914M04	2.64	3.46020761245675		3.5
1375	1914M05	2.75	3.45821325648415		3.5
1376	1914M06	2.75	3.50877192982456		3.5
1377	1914M07	2.75	3.62756952841596		3.6
1378	1914M08		4		5.599999999999999
1379	1914M09		3.94736842105263		5
1380	1914M10		3.94736842105263		5
1381	1914M11		4		5
1382	1914M12		4.25230333097094		5
1383	1915M01		4.16088765603329		5
1384	1915M02		4.123711340206191		5
1385	1915M03		4.28877769835597		5
1386	1915M04		4.10396716826265		5
1387	1915M05		4.14364640883978		5
1388	1915M06		4.13223140495868		5
1389	1915M07		4.28571428571429		5
1390	1915M08		4.347826086956521		5
1391	1915M09		4.379562043795619		5
1392	1915M10		4.51127819548872		5
1393	1915M11		4.61183704842429		5
1394	1915M12		4.65116279069767		5
1395	1916M01		4.70588235294118		5
1396	1916M02		4.918032786885249		5
1397	1916M03		4.82315112540193		5
1398	1916M04		4.75059382422803		5
1399	1916M05		4.76190476190476		5
1400	1916M06		4.7808764940239		5
1401	1916M07		4.7244094488189		5
1402	1916M08		4.6875		5
1403	1916M09		4.6875		5
1404	1916M10		4.85436893203883		5
1405	1916M11		4.90998363338789		5
1406	1916M12		4.90998363338789		5
1407	1917M01		4.838709677419349		5
1408	1917M02		4.81927710843374		5
1409	1917M03		4.8582995951417		5
1410	1917M04		4.88997555012225		5
1411	1917M05		4.87804878048781		5
1412	1917M06		4.94233937397035		5
1413	1917M07		4.97925311203319		5
1414	1917M08		4.90596892886345		5
1415	1917M09		4.815409309791329		5
1416	1917M10		4.950495049504951		5
1417	1917M11		4.938271604938269		5
1418	1917M12		5.04201680672269		5
1419	1918M01		5.128205128205131		5
1420	1918M02		5.1948051948052		5
1421	1918M03		5.21739130434783		5
1422	1918M04		5.21739130434783		5
1423	1918M05		5.128205128205131		5
1424	1918M06		5		5
1425	1918M07		4.92610837438424		5
1426	1918M08		4.850444624090539		5
1427	1918M09		4.680187207488299		5
1428	1918M10		4.81927710843374		5
1429	1918M11		4.838709677419349		5
1430	1918M12		4.769475357710651		5
1431	1919M01		4.874086108854591		5
1432	1919M02		4.60829493087558		5
1433	1919M03		4.702194357366771		5
1434	1919M04		4.79233226837061		5
1435	1919M05		4.769475357710651		5
1436	1919M06		4.8582995951417		5
1437	1919M07		4.897959183673469		5
1438	1919M08		4.91400491400491		5
1439	1919M09		4.90998363338789		5
1440	1919M10		4.90196078431373		5
1441	1919M11		4.99583680266445		5
1442	1919M12		4.99583680266445		5
1443	1920M01		5.05050505050505		5
1444	1920M02		4.615384615384619		5
1445	1920M03		5.18134715025907		5
1446	1920M04		5.17241379310345		5.8
1447	1920M05		5.26315789473684		6
1448	1920M06		5		6
1449	1920M07		5.14579759862779		6
1450	1920M08		5.221932114882509		6
1451	1920M09		5.39083557951483		6
1452	1920M10		5.535055350553509		6
1453	1920M11		5.47945205479452		6
1454	1920M12		5.31914893617021		6
1455	1921M01		5.154639175257731		6
1456	1921M02		5.12382578992314		6
1457	1921M03		5.1150895140665		6
1458	1921M04		5.15021459227468		6
1459	1921M05		5.333333333333331		6
1460	1921M06		5.244755244755239		6
1461	1921M07		5.305039787798411		5.9
1462	1921M08		5.31914893617021		5.5
1463	1921M09		5.300353356890461		5.5
1464	1921M10		5.376344086021511		5.5
1465	1921M11		5.581395348837211		5.5
1466	1921M12		5.469462169553331		5.5
1467	1922M01		5.535055350553509		5.5
1468	1922M02		5.30973451327434		5.5
1469	1922M03		5.244755244755239		5.2
1470	1922M04		5.249343832021		5
1471	1922M05		5.244755244755239		5
1472	1922M06		5.18134715025907		5
1473	1922M07		5.19930675909879		5
1474	1922M08		5.09770603228547		5
1475	1922M09		4.8582995951417		5
1476	1922M10		5.033557046979871		5
1477	1922M11		5.14579759862779		5
1478	1922M12		5.046257359125321		5
1479	1923M01		5.1063829787234		5
1480	1923M02		5.21739130434783		5
1481	1923M03		5.11945392491468		5
1482	1923M04		5.22648083623693		5
1483	1923M05		5.21739130434783		5
1484	1923M06		5.1948051948052		5
1485	1923M07		5.3715308863026		5
1486	1923M08		5.26777875329236		5
1487	1923M09		5.21739130434783		5
1488	1923M10		5.30973451327434		5
1489	1923M11		5.385996409335729		5
1490	1923M12		5.40540540540541		5
1491	1924M01	4.75	5.60747663551402		5.599999999999999
1492	1924M02	4.875	5.55555555555556		6
1493	1924M03	4.875	5.2863436123348		6
1494	1924M04	5	5.4249547920434		6
1495	1924M05	5	5.576208178438661		6
1496	1924M06	4.875	5.79710144927536		6
1497	1924M07	4.875	5.71428571428571		6
1498	1924M08	4.875	5.76923076923077		6
1499	1924M09	4.875	5.6390977443609		6
1500	1924M10	5	5.74712643678161		6
1501	1924M11	5.25	6.13496932515337		6
1502	1924M12	5.875	5.92300098716683		6.7
1503	1925M01	6.4	6.02409638554217		7
1504	1925M02	6.31	6.19195046439628		7
1505	1925M03	6.31	6.269592476489031		7
1506	1925M04	6.37	6.41025641025641		7
1507	1925M05	6.3	6.651884700665189		7
1508	1925M06	6	6.75675675675676		7
1509	1925M07	5.47	6.99300699300699		6.3
1510	1925M08	5.22	6.269592476489031		6
1511	1925M09	5.37	6.44468313641246		6
1512	1925M10	4.92	6.31578947368421		6
1513	1925M11	4.78	6.69642857142857		6
1514	1925M12	4.8	6.41711229946524		6
1515	1926M01	4.57	6		6
1516	1926M02	4.269999999999999	6.06060606060606		6
1517	1926M03	4.25	6.09756097560976		6
1518	1926M04	4.25	6.22406639004149		6
1519	1926M05	5.150000000000001	6.36942675159236		6
1520	1926M06	5.73	6.28930817610063		6
1521	1926M07	6	6.59340659340659		6
1522	1926M08	7	5.859375		7.5
1523	1926M09	6.98	6.00600600600601		7.5
1524	1926M10	7.25	6.2111801242236		7.5
1525	1926M11	6.69	5.94059405940594		7.5
1526	1926M12	5.77	6.03015075376884		7
1527	1927M01	4.99	5.71428571428571		6.5
1528	1927M02	4.45	5.60747663551402		5.599999999999999
1529	1927M03	3.89	5.74162679425837		5.5
1530	1927M04	3.17	5.3475935828877		5.2
1531	1927M05	2.46	5.231037489102001		5
1532	1927M06	2.25	5.12382578992314		5
1533	1927M07	2.13	5.23560209424084		5
1534	1927M08	2.04	5.11073253833049		5
1535	1927M09	2.01	5.18134715025907		5
1536	1927M10	1.82	5.18134715025907		5
1537	1927M11	2.75	5.49450549450549		5
1538	1927M12	2.95	5.18582541054451		4.900000000000001
1539	1928M01	2.81	4.75435816164818		3.8
1540	1928M02	2.75	4.36363636363636		3.5
1541	1928M03	2.72	4.494382022471911		3.5
1542	1928M04	2.62	4.43458980044346		3.5
1543	1928M05	2.62	4.347826086956521		3.5
1544	1928M06	2.9	4.249291784702551		3.5
1545	1928M07	3.12	4.213483146067419		3.5
1546	1928M08	3.23	4.408523144746511		3.5
1547	1928M09	3.26	4.408523144746511		3.5
1548	1928M10	3.37	4.63320463320463		3.5
1549	1928M11	3.37	4.604758250191861		3.5
1550	1928M12	3.41	4.615384615384619		3.5
1551	1929M01	3.5	4.437869822485211		3.5
1552	1929M02	3.39	4.09276944065484		3.5
1553	1929M03	3.37	4.267425320056901		3.5
1554	1929M04	3.44	4.120879120879121		3.5
1555	1929M05	3.49	4.05679513184584		3.5
1556	1929M06	3.5	4.02144772117963		3.5
1557	1929M07	3.5	4.026845637583891		3.5
1558	1929M08	3.5	4.002668445630421		3.5
1559	1929M09	3.5	3.92927308447937		3.5
1560	1929M10	3.5	3.72670807453416		3.5
1561	1929M11	3.5	3.77595972309629		3.5
1562	1929M12	3.5	3.68324125230203		3.5
1563	1930M01	3.38	3.54609929078014		3.5
1564	1930M02	2.91	3.365114974761639		3
1565	1930M03	2.7	3.4324942791762		3
1566	1930M04	2.57	3.342618384401111		3
1567	1930M05	2.36	3.42857142857143		2.5
1568	1930M06	2.11	3.42270393610953		2.5
1569	1930M07	2.08	3.4443168771527		2.5
1570	1930M08	2.1	3.37078651685393		2.5
1571	1930M09	1.99	3.35382895472331		2.5
1572	1930M10	2	3.389830508474579		2.5
1573	1930M11	2	3.48229831688915		2.5
1574	1930M12	2.03	3.46220427005193		2.5
1575	1931M01	1.89	3.49040139616056		2
1576	1931M02	1.77	3.42270393610953		2
1577	1931M03	1.57	3.39174674957603		2
1578	1931M04	1.47	3.36700336700337		2
1579	1931M05	1.28	3.37078651685393		2
1580	1931M06	1.06	3.35382895472331		2
1581	1931M07	1.2	3.41296928327645		2
1582	1931M08	1.5	3.42465753424658		2
1583	1931M09	1.5	3.35195530726257		2
1584	1931M10	1.8	3.53356890459364		2.4
1585	1931M11	1.9	3.55450236966825		2.5
1586	1931M12	1.75	3.6036036036036		2.5
1587	1932M01	1.75	3.831417624521069		2.5
1588	1932M02	1.75	3.78071833648393		2.5
1589	1932M03	1.8	3.79987333755542		2.5
1590	1932M04	1.66	3.851091142490369		2.5
1591	1932M05	1.5	3.9344262295082		2.5
1592	1932M06	1.22	3.93700787401575		2.5
1593	1932M07	0.99	3.965631196298739		2.5
1594	1932M08	1.02	3.67872470876763		2.5
1595	1932M09	1	3.5650623885918		2.5
1596	1932M10	1.01	3.640776699029131		2.5
1597	1932M11	1	3.73831775700935		2.5
1598	1932M12	0.91	3.89357560025957		2.5
1599	1933M01	1.12	3.87346675274371		2.5
1600	1933M02	1.89	3.861003861003861		2.5
1601	1933M03	2.04	3.874967708602431		2.5
1602	1933M04	1.87	4.322766570605191		2.5
1603	1933M05	1.76	4.542013626040879		2.5
1604	1933M06	1.5	4.437869822485211		2.5
1605	1933M07	1.39	4.46428571428571		2.5
1606	1933M08	1.45	4.46760982874162		2.5
1607	1933M09	1.13	4.52488687782805		2.5
1608	1933M10	1.25	4.398826979472141		2.5
1609	1933M11	1.85	4.47761194029851		2.5
1610	1933M12	2.26	4.50112528132033		2.5
1611	1934M01	2.12	4.562737642585551		2.5
1612	1934M02	2.59	4.6260601387818		2.9
1613	1934M03	2.75	4.3661766846165		3
1614	1934M04	2.7	4.41176470588235		3
1615	1934M05	2.6	3.814367450731089		3
1616	1934M06	2.09	3.869969040247679		2.5
1617	1934M07	1.78	3.86847195357834		2.5
1618	1934M08	1.75	4.12654745529574		2.5
1619	1934M09	1.5	4.112405757368061		2.5
1620	1934M10	1.45	4.219409282700419		2.5
1621	1934M11	1.44	4.216444132115249		2.5
1622	1934M12	1.5	3.87346675274371		2.5
1623	1935M01	1.79	3.64963503649635		2.5
1624	1935M02	2.12	3.60144057623049		2.5
1625	1935M03	2.12	3.66300366300366		2.5
1626	1935M04	2.14	3.9241334205363		2.5
1627	1935M05	2.56	3.944773175542409		3
1628	1935M06	5.72	3.68324125230203		5.7
1629	1935M07	4.059999999999999	3.99467376830892		3.9
1630	1935M08	3.06	3.80469245402663		3.1
1631	1935M09	2.85	3.75704445835942		3
1632	1935M10	2.71	3.92156862745098		3
1633	1935M11	3.89	4.029550033579579		4
1634	1935M12	5.89	4.026845637583891		6
1635	1936M01	4.26	4.1958041958042		4.3
1636	1936M02	3.81	4.192872117400421		3.6
1637	1936M03	3.74	4.428044280442799		3.7
1638	1936M04	5.03	4.535147392290251		5
1639	1936M05	5.599999999999999	4.47761194029851		5.8
1640	1936M06	5.599999999999999	4.451038575667661		5.599999999999999
1641	1936M07	3.3	4.29799426934097		3.3
1642	1936M08	3	4.5662100456621		3
1643	1936M09	3.38	4.53857791225416		3.4
1644	1936M10	2.52	3.83631713554987		2.4
1645	1936M11	1.96	3.89357560025957		2
1646	1936M12	1.99	3.886010362694299		2
1647	1937M01	2.22	4.048582995951419		2.3
1648	1937M02	4.01	4.029550033579579		4
1649	1937M03	4.059999999999999	4.05405405405405		4
1650	1937M04	4	4.26439232409382		4
1651	1937M05	3.93	4.5662100456621		4
1652	1937M06	5.019999999999999	4.90196078431373		5.099999999999999
1653	1937M07	5.2	4.062288422478		5.2
1654	1937M08	4.110000000000001	3.98936170212766		4.099999999999999
1655	1937M09	3.54	4.135079255685729		3.5
1656	1937M10	3.62	4.10116199589884		3.5
1657	1937M11	3.26	4.187020237264479		3.2
1658	1937M12	3	4.225352112676059		3
1659	1938M01	3	4.27655024946543		3
1660	1938M02	3	4.33212996389892		3
1661	1938M03	3.01	4.41501103752759		3
1662	1938M04	3.25	4.316546762589929		3
