## Sheet: mensuel (continued)
	A	B	C	D	E
1028	1885M06	2.25	3.66748166259169		3
1029	1885M07	2.58	3.70141887723627		3
1030	1885M08	2.16	3.71517027863777		3
1031	1885M09	1.84	3.67647058823529		3
1032	1885M10	2.3	3.73134328358209		3
1033	1885M11	2.47	3.76884422110553		3
1034	1885M12	2.41	3.7243947858473		3
1035	1886M01	2.58	3.708281829419039		3
1036	1886M02	2.47	3.67421922841396		3
1037	1886M03	2.28	3.64520048602673		3
1038	1886M04	2.6	3.72902423865755		3
1039	1886M05	1.78	3.66524129505192		3
1040	1886M06	1.09	3.61881785283474		3
1041	1886M07	2.25	3.614457831325299		3
1042	1886M08	2.25	3.6319612590799		3
1043	1886M09	1.81	3.60144057623049		3
1044	1886M10	2.3	3.6374658987572		3
1045	1886M11	2.47	3.63636363636364		3
1046	1886M12	2.55	3.5799522673031		3
1047	1887M01	2.78	3.685503685503691		3
1048	1887M02	2.58	3.88098318240621		3
1049	1887M03	2.09	3.75704445835942		3
1050	1887M04	2.32	3.690036900369001		3
1051	1887M05	2.16	3.72902423865755		3
1052	1887M06	2.16	3.65853658536585		3
1053	1887M07	2.55	3.7197768133912		3
1054	1887M08	2.34	3.690036900369001		3
1055	1887M09	2.08	3.651856360316489		3
1056	1887M10	2.53	3.64963503649635		3
1057	1887M11	2.69	3.660768761439899		3
1058	1887M12	2.72	3.66658518699585		3
1059	1888M01	2.72	3.685503685503691		3
1060	1888M02	2.34	3.67197062423501		2.5
1061	1888M03	2.02	3.63636363636364		2.5
1062	1888M04	2.25	3.65965233302836		2.5
1063	1888M05	2.25	3.651856360316489		2.5
1064	1888M06	2.15	3.614457831325299		2.5
1065	1888M07	2.38	3.610108303249101		2.5
1066	1888M08	2.15	3.59066427289048		2.5
1067	1888M09	2.78	3.560830860534119		2.5
1068	1888M10	3.88	3.642987249544629		4.5
1069	1888M11	3.85	3.63967242948135		4.5
1070	1888M12	4.03	3.60793746241732		4.5
1071	1889M01	3.42	3.63636363636364		3.5
1072	1889M02	2.31	3.59281437125748		3
1073	1889M03	2.47	3.50877192982456		3
1074	1889M04	2.31	3.521126760563379		3
1075	1889M05	2.2	3.43367288542978		3
1076	1889M06	2.47	3.46620450606586		3
1077	1889M07	2.47	3.57462019660411		3
1078	1889M08	2.22	3.53356890459364		3
1079	1889M09	2.38	3.49040139616056		3
1080	1889M10	2.55	3.4443168771527		3
1081	1889M11	2.88	3.442340791738379		3
1082	1889M12	2.88	3.41880341880342		3
1083	1890M01	2.61	3.41685649202733		3
1084	1890M02	2.44	3.42075256556442		3
1085	1890M03	2.31	3.39366515837104		3
1086	1890M04	2.44	3.39366515837104		3
1087	1890M05	2.58	3.35758254057079		3
1088	1890M06	2.66	3.271537622682659		3
1089	1890M07	2.68	3.29851566794942		3
1090	1890M08	2.44	3.2345013477089		3
1091	1890M09	2.53	3.12989045383412		3
1092	1890M10	2.9	3.1813361611877		3
1093	1890M11	2.97	3.186404673393519		3
1094	1890M12	2.84	3.14465408805031		3
1095	1891M01	2.18	3.15789473684211		3
1096	1891M02	2.47	3.14300680984809		3
1097	1891M03	2.84	3.13807531380753		3
1098	1891M04	2.88	3.12989045383412		3
1099	1891M05	2.78	3.16789862724393		3
1100	1891M06	2.22	3.139717425431711		3
1101	1891M07	2.6	3.16038978140637		3
1102	1891M08	2.41	3.14795383001049		3
1103	1891M09	2.25	3.12337324310255		3
1104	1891M10	2.7	3.125		3
1105	1891M11	2.53	3.15126050420168		3
1106	1891M12	2.42	3.134796238244511		3
1107	1892M01	2.7	3.14465408805031		3
1108	1892M02	2.28	3.136434918975431		3
1109	1892M03	1.51	3.10077519379845		3
1110	1892M04	1.92	3.10077519379845		3
1111	1892M05	1.23	3.08324768756423		2.5
1112	1892M06	1.12	3.04568527918782		2.5
1113	1892M07	2	3.04506699147381		2.5
1114	1892M08	1.31	3.03030303030303		2.5
1115	1892M09	1.14	2.98804780876494		2.5
1116	1892M10	2.03	3.01507537688442		2.5
1117	1892M11	2.28	3.036437246963559		2.5
1118	1892M12	2.2	3.02114803625378		2.5
1119	1893M01	2.28	3.17628374801482		2.5
1120	1893M02	1.97	3.0690537084399		2.5
1121	1893M03	2.02	3.05498981670061		2.5
1122	1893M04	2.28	3.09757356737223		2.5
1123	1893M05	2.12	3.07692307692308		2.5
1124	1893M06	2.15	3.05810397553517		2.5
1125	1893M07	2.34	3.07534597642235		2.5
1126	1893M08	2.22	3.042596348884379		2.5
1127	1893M09	2.12	3.01583312390048		2.5
1128	1893M10	2.34	3.05343511450382		2.5
1129	1893M11	2.35	3.04105423213381		2.5
1130	1893M12	2.44	3.01962757926522		2.5
1131	1894M01	2.34	3.06435137895812		2.5
1132	1894M02	2.34	3.07062436028659		2.5
1133	1894M03	2.02	3.01507537688442		2.5
1134	1894M04	1.97	3.0241935483871		2.5
1135	1894M05	1.34	2.99790146897172		2.5
1136	1894M06	1.78	2.98507462686567		2.5
1137	1894M07	1.72	2.97766749379653		2.5
1138	1894M08	1.3	2.94550810014728		2.5
1139	1894M09	1.3	2.88739172281039		2.5
1140	1894M10	1.8	2.92682926829268		2.5
1141	1894M11	1.94	2.94117647058824		2.5
1142	1894M12	1.62	2.93111871030777		2.5
1143	1895M01	2.02	2.9513034923758		2.5
1144	1895M02	1.53	2.92255236239649		2.5
1145	1895M03	1.44	2.90556900726392		2
1146	1895M04	1.69	2.91828793774319		2
1147	1895M05	1.62	2.9382957884427		2
1148	1895M06	1.53	2.93398533007335		2
1149	1895M07	2.12	2.93973542381186		2
1150	1895M08	0.98	2.93628266614466		2
1151	1895M09	1.31	2.94261893084845		2
1152	1895M10	1.8	2.9925187032419		2
1153	1895M11	1.78	3		2
1154	1895M12	1.78	2.95712173484475		2
1155	1896M01	1.68	2.9600394671929		2
1156	1896M02	1.53	2.91545189504373		2
1157	1896M03	1.62	2.923976608187129		2
1158	1896M04	1.75	2.95275590551181		2
1159	1896M05	1.75	2.9126213592233		2
1160	1896M06	1.75	2.94840294840295		2
1161	1896M07	1.75	2.9600394671929		2
1162	1896M08	1.5	2.93973542381186		2
1163	1896M09	1.69	2.91120815138282		2
1164	1896M10	1.86	2.95420974889217		2
1165	1896M11	1.81	2.92682926829268		2
1166	1896M12	1.88	2.909796314258		2
1167	1897M01	1.94	2.9296875		2
1168	1897M02	1.81	2.91545189504373		2
1169	1897M03	1.69	2.9296875		2
1170	1897M04	1.78	2.923976608187129		2
1171	1897M05	1.78	2.90697674418605		2
1172	1897M06	1.75	2.88461538461538		2
1173	1897M07	1.8	2.88267512251369		2
1174	1897M08	1.66	2.846299810246679		2
1175	1897M09	1.78	2.88739172281039		2
1176	1897M10	1.78	2.909796314258		2
1177	1897M11	1.97	2.90219599496953		2
1178	1897M12	2	2.89296046287367		2
1179	1898M01	1.94	2.909796314258		2
1180	1898M02	1.78	2.901353965183749		2
1181	1898M03	1.8	2.8804608737398		2
1182	1898M04	1.94	2.90556900726392		2
1183	1898M05	1.75	2.9126213592233		2
1184	1898M06	1.72	2.909796314258		2
1185	1898M07	1.75	2.9219830524983		2
1186	1898M08	1.75	2.89855072463768		2
1187	1898M09	1.68	2.902757619738751		2
1188	1898M10	2.16	2.93685756240822		3
1189	1898M11	2.75	2.94550810014728		3
1190	1898M12	2.88	2.9296875		3
1191	1899M01	2.88	2.94985250737463		3
1192	1899M02	2.72	2.92255236239649		3
1193	1899M03	2.7	2.92255236239649		3
1194	1899M04	2.81	2.94985250737463		3
1195	1899M05	2.72	2.93973542381186		3
1196	1899M06	2.78	2.93973542381186		3
1197	1899M07	2.75	2.9673590504451		3
1198	1899M08	2.69	3.00902708124373		3
1199	1899M09	2.75	2.98507462686567		3
1200	1899M10	2.94	2.98953662182362		3
1201	1899M11	2.95	2.99550673989016		3
1202	1899M12	3.38	2.99102691924227		4.5
1203	1900M01	4.190000000000001	3.0241935483871		4
1204	1900M02	3.34	2.98507462686567		3.5
1205	1900M03	3.32	2.94117647058824		3.5
1206	1900M04	3.44	2.97029702970297		3.5
1207	1900M05	3.18	2.97766749379653		3.4
1208	1900M06	2.72	2.97619047619048		3
1209	1900M07	2.75	3.01295570955107		3
1210	1900M08	2.62	2.997002997003		3
1211	1900M09	2.62	2.97029702970297		3
1212	1900M10	2.75	2.9747149231532		3
1213	1900M11	2.75	2.98953662182362		3
1214	1900M12	2.75	2.9585798816568		3
1215	1901M01	2.85	2.93973542381186		3
1216	1901M02	2.61	2.94406280667321		3
1217	1901M03	2.55	2.93398533007335		3
1218	1901M04	2.72	2.9585798816568		3
1219	1901M05	2.61	2.94985250737463		3
1220	1901M06	2.12	2.9673590504451		3
1221	1901M07	2.09	2.98359025360517		3
1222	1901M08	1.71	2.96442687747036		3
1223	1901M09	1.69	2.94985250737463		3
1224	1901M10	2.48	2.96677215189873		3
1225	1901M11	2.78	2.97914597815293		3
1226	1901M12	2.75	2.9585798816568		3
1227	1902M01	2.79	2.99341448812612		3
1228	1902M02	2.53	2.97914597815293		3
1229	1902M03	2.3	2.96589223924864		3
1230	1902M04	2.33	2.98151460942159		3
1231	1902M05	2	2.96882731321128		3
1232	1902M06	2.2	2.94117647058824		3
1233	1902M07	2.42	2.95712173484475		3
1234	1902M08	1.91	2.98507462686567		3
1235	1902M09	1.89	2.9585798816568		3
1236	1902M10	2.63	3.00150075037519		3
1237	1902M11	2.97	3.00751879699248		3
1238	1902M12	2.73	3.003003003003		3
1239	1903M01	2.81	3.01204819277108		3
1240	1903M02	2.77	3.01507537688442		3
1241	1903M03	2.89	2.99550673989016		3
1242	1903M04	2.84	3.04506699147381		3
1243	1903M05	2.67	3.07850179579271		3
1244	1903M06	2.52	3.05903946160906		3
1245	1903M07	2.71	3.09917355371901		3
1246	1903M08	2.22	3.07062436028659		3
1247	1903M09	2.55	3.07377049180328		3
1248	1903M10	2.74	3.10719834282755		3
1249	1903M11	2.8	3.06435137895812		3
1250	1903M12	2.84	3.05343511450382		3
1251	1904M01	2.81	3.08483290488432		3
1252	1904M02	2.58	3.07850179579271		3
1253	1904M03	2.75	3.14795383001049		3
1254	1904M04	2.69	3.09757356737223		3
1255	1904M05	2.22	3.1023784901758		3
1256	1904M06	1.61	3.06435137895812		3
1257	1904M07	1.31	3.03428744816426		3
1258	1904M08	1.14	3.06748466257669		3
1259	1904M09	1.32	3.04568527918782		3
1260	1904M10	2.27	3.05810397553517		3
1261	1904M11	2.58	3.05654610290372		3
1262	1904M12	2.45	3.22927879440258		3
1263	1905M01	2.47	3.06748466257669		3
1264	1905M02	2.17	3.03030303030303		3
1265	1905M03	1.61	2.99341448812612		3
1266	1905M04	2.02	3.0241935483871		3
1267	1905M05	1.59	3.02724520686176		3
1268	1905M06	1.67	3.00902708124373		3
1269	1905M07	1.88	3.02267002518892		3
1270	1905M08	1.34	3.01507537688442		3
1271	1905M09	1.75	3		3
1272	1905M10	2.72	3.00902708124373		3
1273	1905M11	3.06	3.0060120240481		3
1274	1905M12	3.02	3.00450676014021		3
1275	1906M01	2.69	3.03490136570561		3
1276	1906M02	2.45	3.0241935483871		3
1277	1906M03	2.78	3.01507537688442		3
1278	1906M04	2.94	3.03490136570561		3
1279	1906M05	2.5	3.036437246963559		3
1280	1906M06	2.52	3.04878048780488		3
1281	1906M07	2.62	3.09597523219814		3
1282	1906M08	2.25	3.08008213552361		3
1283	1906M09	2.59	3.05810397553517		3
1284	1906M10	2.91	3.125		3
1285	1906M11	2.97	3.139717425431711		3
1286	1906M12	2.98	3.1331592689295		3
1287	1907M01	3	3.14795383001049		3
1288	1907M02	3	3.16455696202532		3
1289	1907M03	3.15	3.12662845231892		3.2
1290	1907M04	3.31	3.16789862724393		3.5
1291	1907M05	3.34	3.16288877174486		3.5
1292	1907M06	3.36	3.15457413249211		3.5
1293	1907M07	3.31	3.16455696202532		3.5
1294	1907M08	3.31	3.16622691292876		3.5
1295	1907M09	3.41	3.17628374801482		3.5
1296	1907M10	3.34	3.18742031449214		3.5
1297	1907M11	3.82	3.174603174603171		3.9
1298	1907M12	3.84	3.134796238244511		4
1299	1908M01	3.41	3.14465408805031		3.5
1300	1908M02	2.6	3.10880829015544		3
1301	1908M03	2.53	3.07377049180328		3
1302	1908M04	2.66	3.121748178980231		3
1303	1908M05	2.15	3.11138767890479		3
1304	1908M06	1.66	3.1413612565445		3
1305	1908M07	1.38	3.15291644771414		3
1306	1908M08	1.15	3.113648157758169		3
1307	1908M09	1.75	3.09917355371901		3
1308	1908M10	1.98	3.13807531380753		3
1309	1908M11	2.16	3.12825860271116		3
1310	1908M12	2.28	3.09278350515464		3
1311	1909M01	2.48	3.10077519379845		3
1312	1909M02	1.23	3.09278350515464		3
1313	1909M03	1.25	3.06122448979592		3
1314	1909M04	1.38	3.072196620583721		3
1315	1909M05	1.12	3.08008213552361		3
1316	1909M06	1.41	3.06122448979592		3
1317	1909M07	1.3	3.07692307692308		3
1318	1909M08	1.25	3.06435137895812		3
1319	1909M09	1.56	3.05033045246568		3
1320	1909M10	2.52	3.08324768756423		3
1321	1909M11	2.78	3.04723209751143		3
1322	1909M12	2.75	3.0387439858192		3
1323	1910M01	2.62	3.03260045489007		3
1324	1910M02	2.5	3.03490136570561		3
1325	1910M03	2.22	3.0326617672331		3
1326	1910M04	2.4	3.04645849200305		3
1327	1910M05	2.19	3.05343511450382		3
1328	1910M06	2.19	3.03183425972713		3
1329	1910M07	2.08	3.06435137895812		3
1330	1910M08	2	3.08800823468863		3
1331	1910M09	2.28	3.07455803228286		3
1332	1910M10	2.91	3.08641975308642		3
1333	1910M11	2.81	3.08800823468863		3
1334	1910M12	2.52	3.07062436028659		3
1335	1911M01	2.62	3.07850179579271		3
1336	1911M02	2.31	3.07692307692308		3
1337	1911M03	2.32	3.07692307692308		3
1338	1911M04	2.23	3.125		3
1339	1911M05	2.16	3.13807531380753		3
1340	1911M06	2.12	3.125		3
1341	1911M07	2.19	3.17796610169492		3
1342	1911M08	2.16	3.17124735729387		3
1343	1911M09	2.98	3.18302387267905		3.2
