## Sheet: annuel

`data region: A1:G218`
	A	B	C	D	E	F	G
1	Source: Levy-Garboua Vivien et Monnet Eric , 2016, « Les taux d'intérêt en France : une perspective historique », Revue d'économie financière, vol. 1 (n° 121), p. 35-58. 						
2		ESC_BDF (central bank leading interest rate)	LIVRETA (regulated deposit rate)	MARCHEMONETAIRE (money market rate)	TXLONG (long-term interest rate)	TX_OBLIG_PUBLIC (yield on gov. bonds)	TX_OBLIG_PRIVE (yield on private bonds)
3	1800				20.19095017823558		
4	1801	5			10.36164426233534		
5	1802	5			9.585796135484165		
6	1803	5			9.768826350811555		
7	1804	5			9.23080070013035		
8	1805	4.916666666666667			8.789714168477755		
9	1806	4.166666666666667			7.96494505977713		
10	1807	4.583333333333333			6.483655843287117		
11	1808	4			6.135868607129919		
12	1809	4			6.456178738218058		
13	1810	4			6.36949839691416		
14	1811	4			6.365358613916416		
15	1812	4			6.317515925859361		
16	1813	4			7.362407236298986		
17	1814	4.75			8.470414055557475		
18	1815	5			8.253253110973028		
19	1816	5			8.856012392650857		
20	1817	5			8.157854787731879		
21	1818	5			7.326447229285385		
22	1819	5			7.543745170844789		
23	1820	4.083333333333333			6.855033169165053		
24	1821	4			6.011744952537455		
25	1822	4			5.712376507286469		
26	1823	4			5.935863769977035		
27	1824	4			5.083665759557501		
28	1825	4			5.04093865078245		
29	1826	4			4.51290281427607		
30	1827	4			4.270478312935828		
31	1828	4			4.190748894392087		
32	1829	4	3.625		3.759473458892209		
33	1830	4	3.625		4.047223097106498		
34	1831	4	3.625		5.043338952535246		
35	1832	4	3.625		4.418536116595146		
36	1833	4	3.625		3.924273921725067		
37	1834	4	3.625		3.892948541648886		
38	1835	4	3.625		3.765964059039673		
39	1836	4	3.625		3.740159723610457		
40	1837	4	3.625		3.77577591811968		
41	1838	4	3.625		3.726099633759363		
42	1839	4	3.625		3.732406727256664		
43	1840	4	3.625		3.741612483236795		
44	1841	4	3.625		3.842546306263851		
45	1842	4	3.625		3.755090015640948		
46	1843	4	3.625		3.699068625662089		
47	1844	4	3.625		3.629880479574403		
48	1845	4	3.625		3.563779243713086		
49	1846	4	3.625		3.602800467753393		
50	1847	4.916666666666667	3.625		3.878981889452148		
51	1848	4	4.625		6.266293349081384		
52	1849	4	4.625		5.628300765677146		
53	1850	4	4.625		5.258659417097404		
54	1851	4	4.625		5.271431054191036		
55	1852	3.166666666666666	4.125		4.086816230909144		
56	1853	3.25	3.625		3.871205758233731		
57	1854	4.333333333333333	3.625		4.269236516096939		
58	1855	4.833333333333333	3.625		4.474906307092349		
59	1856	5.5	3.625		4.292267829703796		
60	1857	6.125	3.625		4.413291275634309		
61	1858	3.625	3.625		4.2652987614823		
62	1859	3.458333333333334	3.625		4.454884387423128		
63	1860	3.666666666666666	3.625		4.349173719100556		
64	1861	5.416666666666667	3.625		4.381235519618638		
65	1862	3.708333333333334	3.625		4.301446394454714		
66	1863	4.708333333333333	3.625	4.418333333333333	4.367341684558307		
67	1864	6.291666666666668	3.625	6.25	4.531763963179934		
68	1865	3.666666666666666	3.625	3.611666666666667	4.431472682983156		
69	1866	3.541666666666666	3.625	3.4275	4.401543046556814		
70	1867	2.666666666666667	3.625	2.224166666666667	4.339603923815935		
71	1868	2.5	3.625	1.719166666666667	4.28941002055248		
72	1869	2.5	3.625	1.939166666666667	4.207293739668414		
73	1870	4.166666666666666	3.625	3.435	4.556122841724018		
74	1871	5.666666666666668	3.625	5.115999999999999	5.542407382920258		
75	1872	5.083333333333333	3.625	4.783333333333333	5.467516310557313		
76	1873	5.125	3.625	4.999166666666666	5.32583145363838		
77	1874	4.25	3.625	3.86	4.936885162936451		
78	1875	4	3.625	3.216666666666667	4.632679440308667		
79	1876	3.333333333333334	3.625	2.085833333333333	4.367044780179143		
80	1877	2.25	3.625	1.74	4.223014717044403		
81	1878	2.25	3.625	1.9775	4.002371843515816		
82	1879	2.583333333333333	3.625	2.158333333333333	3.717175376789663		
83	1880	2.875	3.625	2.5175	3.550580791509503		
84	1881	4.125	3.41666666666667	3.6925	3.523324990445618		
85	1882	3.708333333333334	3.41666666666667	3.406666666666667	3.642519384316454		
86	1883	3.041666666666666	3.41666666666667	2.673333333333333	3.792112752384507		
87	1884	3	3.41666666666667	2.480833333333333	3.861998212845368		
88	1885	3	3.41666666666667	2.449166666666667	3.732006862306345		
89	1886	3	3.41666666666667	2.2025	3.645202199955298		
90	1887	3	3.41666666666667	2.416666666666667	3.703315675805876		
91	1888	3.041666666666666	3.41666666666667	2.733333333333333	3.631000420740791		
92	1889	3.041666666666666	3.41666666666667	2.546666666666667	3.505250472879792		
93	1890	3	3.41666666666667	2.616666666666667	3.285780160809271		
94	1891	3	3.25	2.523333333333333	3.143271413664424		
95	1892	2.666666666666667	3.25	1.81	3.062304237668186		
96	1893	2.5	3	2.219166666666667	3.065068355674656		
97	1894	2.5	3	1.789166666666667	2.980576043858042		
98	1895	2.083333333333333	3	1.633333333333333	2.944855948098923		
99	1896	2	2.75	1.714166666666667	2.934588879782688		
100	1897	2	2.75	1.811666666666667	2.900976254975354		
101	1898	2.25	2.75	1.991666666666667	2.912911866113083		
102	1899	3.125	2.75	2.839166666666667	2.963484302223042		
103	1900	3.241666666666667	2.75	3.035833333333334	2.981473900701804		
104	1901	3	2.75	2.413333333333333	2.957995220849464		
105	1902	3	2.75	2.391666666666667	2.978564157707224		
106	1903	3	2.75	2.696666666666667	3.056149316709968		
107	1904	3	2.75	2.144166666666667	3.088914852496992		
108	1905	3	2.75	2.108333333333333	3.017413273750317		
109	1906	3	2.75	2.683333333333333	3.068860619089109		
110	1907	3.466666666666667	2.75	3.349166666666667	3.160699010512029		
111	1908	3.041666666666666	2.75	2.1425	3.118882130441933		
112	1909	3	2.75	1.7525	3.069092926157834		
113	1910	3	2.75	2.393333333333333	3.058655120671169		
114	1911	3.141666666666667	2.75	2.605833333333333	3.134865458773988		
115	1912	3.383333333333333	2.75	3.121666666666667	3.235373765166659		
116	1913	4	2.75	3.816666666666667	3.448266013070732		
117	1914	4.224999999999999	2.75	2.871428571428571	3.713400393922441		
118	1915	5	2.75		4.311716843977806		
119	1916	5	2.75		4.79284891608488		
120	1917	5	3.25		4.904838741452423		
121	1918	5	3.25		4.980850034119828		
122	1919	5	3.5		4.8516887282524		
123	1920	5.733333333333334	3.5		5.197919178211033		
124	1921	5.783333333333334	3.75		5.289466777906813		
125	1922	5.099999999999999	3.75		5.178826310573112		
126	1923	5	3.75		5.253311901277845		
127	1924	6.025	3.75	5.010416666666667	5.681279266678416		
128	1925	6.525	4	5.6875	6.453429178716029		
129	1926	6.583333333333332	4	5.659166666666666	6.140140074230106		
130	1927	5.224999999999999	4	2.909166666666667	5.346267153675867		
131	1928	3.525	3.75	3.015	4.460663429516711		
132	1929	3.5	3.5	3.474166666666667	4.011823564560641		
133	1930	2.708333333333333	3.5	2.3525	3.420072311495471		
134	1931	2.116666666666667	3.5	1.5575	3.439810660256485		
135	1932	2.5	3.5	1.300833333333333	3.801385241210913		
136	1933	2.5	3	1.625833333333333	4.31220291361897		
137	1934	2.658333333333333	3.25	2.0225	4.172318416387207		
138	1935	3.475	3.25	3.2425	3.833383508618388		
139	1936	3.675	3	3.6825	4.274933652305401		
140	1937	3.825	3	3.830833333333334	4.213751163648789		
141	1938	2.766666666666667	3	2.755	4.051513119844694		
142	1939	2	3	2.001111111111111	3.919551719786605		
143	1940	2	3		3.964968712112857		
144	1941		2.75		3.247265538435127		
145	1942		2.16666666666667		3.132560114358563		
146	1943		2		3.1042412642956		
147	1944		1.83333333333333		3.028557995034981		
148	1945		1.75		2.978048573409305		
149	1946		1.66666666666667		3.150671587447059		
150	1947	2.5	2	2.04	3.835140529726946		
151	1948	2.708333333333333	2.5	2.094166666666667	4.638855576256794		
152	1949	3	2.5	2.515	4.782438263071246		
153	1950	2.708333333333333	3	2.43	5.139999999999999	7.253333333333332	8.022500000000001
154	1951	2.708333333333333	3	2.6975	7.2725	7.2725	8.489166666666666
155	1952	4	3	3.793333333333334	7.004545454545455	7.004545454545455	8.045454545454545
156	1953	3.833333333333334	3	4.043333333333333	6.92	6.92	7.901666666666666
157	1954	3.25	3	3.593333333333333	6.624166666666666	6.624166666666666	7.334166666666666
158	1955	3	3	3.16	5.42	5.42	3.935833333333334
159	1956	3	3	3.185	6.168333333333332	6.168333333333332	6.698333333333334
160	1957	4.166666666666667	3	5.348333333333334	7.441666666666666	7.441666666666666	7.87
161	1958	4.875	3.25	6.485	7.6175	7.6175	7.59
162	1959	4.125	3.25	4.0725	6.2825	6.2825	6.416666666666668
163	1960	3.875	3	4.082500000000001	5.663333333333332	5.663333333333332	6.69
164	1961	3.5	3	3.645833333333334	5.519166666666667	5.519166666666667	6.57
165	1962	3.5	2.9	3.611666666666667	5.434166666666667	5.434166666666667	6.454166666666666
166	1963	3.541666666666666	2.9	3.986666666666666	5.338333333333334	5.338333333333334	6.245
167	1964	4	2.9	4.734166666666667	5.449166666666667	5.449166666666667	6.358333333333334
168	1965	3.625	2.9	4.206666666666667	6.2025	6.2025	7.12
169	1966	3.5	3	4.776666666666666	6.579166666666666	6.579166666666666	7.515
170	1967	3.5	3	4.795833333333333	6.706666666666668	6.706666666666668	7.484166666666666
171	1968	4.416666666666667	3	6.145	6.950833333333334	6.950833333333334	7.556666666666666
172	1969	6.666666666666668	3.791666666666666	8.957833333333334	7.865	7.865	8.521666666666666
173	1970	7.666666666666668	4.125	8.924999999999999	8.465	8.465	8.848333333333332
174	1971	6.645833333333332	4.25	6.286666666666668	8.104166666666666	8.104166666666666	8.715
175	1972	5.9375	4.25	5.506666666666667	7.741666666666666	7.741666666666666	8.181666666666666
176	1973	8.625	4.25	9.129166666666666	8.596363636363636	8.596363636363636	9.130833333333334
177	1974	12	6.25	13.01916666666667	11.007	11.007	11.54818181818182
178	1975	9.958333333333334	7.5	7.923333333333332	10.395	10.395	10.99833333333333
179	1976	8.875	6.5	8.69	10.51	10.51	10.98666666666667
180	1977	10.16666666666667	6.5	9.215833333333334	10.99166666666667	10.99166666666667	11.44833333333333
181	1978	9.5	6.5	8.156666666666666	10.61166666666667	10.61166666666667	11.05083333333333
182	1979	9.5	6.5	9.483333333333334	10.58363636363636	10.58363636363636	11.29
183	1980	11.77083333333333	7.25	12.20916666666667	13.7925	13.7925	14.16416666666667
184	1981	15.51041666666667	7.75	15.25916666666667	16.29166666666667	16.29166666666667	16.9
185	1982	14.84375	8.5	14.61583333333333	15.99666666666667	15.99666666666667	16.56333333333333
186	1983	12.46875	8.083333333333334	12.4675	14.36833333333333	14.36833333333333	14.72333333333333
187	1984	11.50291666666667	7.083333333333332	11.7025	13.53	13.53	13.7575
188	1985	9.927083333333334	6.25	9.943333333333334	11.86666666666667	11.86666666666667	12.20083333333333
189	1986	7.583333333333332	5	7.7095	9.1075	9.1075	9.68
190	1987	7.666666666666668	4.5	8.268941666666666	10.21583333333333	10.21583333333333	10.44916666666667
191	1988	7.166666666666668	4.5	7.942166666666668	9.218333333333334	9.218333333333334	9.621666666666666
192	1989	8.583333333333334	4.5	9.398808333333334	9.154999999999999	9.155000000000001	9.340833333333334
193	1990	9.645833333333334	4.5	10.3214	10.41583333333333	10.41583333333333	10.67166666666667
194	1991	9.0625	4.5	9.615024999999999	9.49	9.49	9.734166666666666
195	1992	10.828125	4.5	10.34461666666667	8.980833333333331	8.980833333333332	9.25
196	1993	8.65625	4.5	8.586858333333334	7.041666666666668	7.041666666666668	7.205833333333334
197	1994	5.645833333333332	4.5	5.846675	7.516666666666666	7.516666666666666	7.615833333333334
198	1995	6.28125	4.5	6.578183333333334	7.655833333333334	7.655833333333334	7.703333333333334
199	1996	3.671875	3.666666666666666	3.935625	6.510833333333334	6.510833333333334	6.409166666666666
200	1997	3.244791666666666	3.5	3.462833333333333	5.670833333333334	5.670833333333334	5.615833333333334
201	1998	3.354166666666666	3.208333333333334	3.557108333333333	4.815833333333333	4.815833333333333	4.819166666666667
202	1999	3.833333333333334	2.6875	2.9635	4.943333333333333	4.943333333333333	4.974999999999999
203	2000	5.0625	2.625	4.391766666666666	5.893333333333335	5.893333333333334	5.925
