## Sheet: annuel (continued)
	A	B	C	D	E	F	G
204	2001	5.229166666666667	3	4.261783333333334	5.379166666666666	5.379166666666666	5.399166666666667
205	2002	4.208333333333333	3	3.318591666666666	5.255833333333333	5.255833333333333	4.979999999999999
206	2003	3.25	2.6875	2.333466666666667	4.296666666666667	4.296666666666667	3.76
207	2004	3	2.25	2.106333333333333	4.233333333333333	4.233333333333333	4.223333333333334
208	2005	3.020833333333334	2.145833333333333	2.184683333333333	3.646666666666666	3.646666666666666	3.646666666666666
209	2006	3.791666666666666	2.4375	3.079225	4.0725	4.0725	4.0725
210	2007	4.854166666666667	2.854166666666666	4.277608333333333	4.566666666666666	4.566666666666666	4.566666666666666
211	2008	4.729166666666667	3.666666666666666	4.634233333333333	4.508333333333334	4.508333333333334	4.508333333333334
212	2009	2.0625	1.916666666666667	1.228358333333333	3.893333333333333	3.893333333333333	3.893333333333333
213	2010	1.75	1.458333333333333	0.8109583333333334	3.361666666666667	3.361666666666667	3.361666666666667
214	2011	2	2.083333333333333	1.3906	3.5825	3.5825	3.5825
215	2012	1.625	2.25	0.5731833333333334	2.755833333333333	2.755833333333333	2.755833333333333
216	2013	1.125	1.583333333333333	0.2206666666666667	2.476666666666667	2.476666666666667	2.476666666666667
217	2014	0.5124999999999999	1.145833333333333	0.2099333333333333	1.813333333333333	1.813333333333333	1.813333333333333
218	2015	0.3	0.925	0.000433333333333335	0.4841666666666666	0.4841666666666666	0.4841666666666666