<!-- csv readout: the file's own rows, with a ```meta column summary added above them (parser-added, not file content). The rows are the file's, separator and quoting included, so a line quoted as it appears here verifies against it. -->

## Sheet: scenario_sensitivity.csv

```meta
▸ table "scenario_sensitivity.csv" (1458 data rows)
▸ columns
    case: str, 3 uniq: ['B_full_historical_outer_1815', 'B_select_Berg_1825', 'C_province_pressure_1830']
    ally_retained_fraction: num, min=0, max=1
    fr_cost: num, min=600, max=900
    initial_army_budget_Mfr: num, min=250, max=350
    years: num, min=0, max=10
    baseline_task_shift: num, min=-30000, max=30000
    removed_historical_tax_net_Mfr: num, min=0, max=60
    human_balance_present: num, min=-569852, max=66400
    budget_gap_Mfr: num, min=-96.8706, max=841.373
    lost_B_roster: num, min=0, max=170000
    required_fr_roster: num, min=421882, max=1.17041e+06
```
case,ally_retained_fraction,fr_cost,initial_army_budget_Mfr,years,baseline_task_shift,removed_historical_tax_net_Mfr,human_balance_present,budget_gap_Mfr,lost_B_roster,required_fr_roster
B_select_Berg_1825,0,600,250,0,-30000,0,60449.999992000055,3.3294117703529196,7000.0,428882.35295058816
B_select_Berg_1825,0,600,250,0,-30000,30,60449.999992000055,33.32941177035292,7000.0,428882.35295058816
B_select_Berg_1825,0,600,250,0,-30000,60,60449.999992000055,63.32941177035292,7000.0,428882.35295058816
B_select_Berg_1825,0,600,250,0,0,0,30449.999992000055,24.505882358588224,7000.0,464176.470597647
B_select_Berg_1825,0,600,250,0,0,30,30449.999992000055,54.505882358588224,7000.0,464176.470597647
B_select_Berg_1825,0,600,250,0,0,60,30449.999992000055,84.50588235858822,7000.0,464176.470597647
B_select_Berg_1825,0,600,250,0,30000,0,449.9999920000555,45.68235294682347,7000.0,499470.5882447058
B_select_Berg_1825,0,600,250,0,30000,30,449.9999920000555,75.68235294682347,7000.0,499470.5882447058
B_select_Berg_1825,0,600,250,0,30000,60,449.9999920000555,105.68235294682347,7000.0,499470.5882447058
B_select_Berg_1825,0,600,250,10,-30000,0,63699.85499200004,3.3294117703529196,7000.0,428882.35295058816
B_select_Berg_1825,0,600,250,10,-30000,30,63699.85499200004,33.32941177035292,7000.0,428882.35295058816
B_select_Berg_1825,0,600,250,10,-30000,60,63699.85499200004,63.32941177035292,7000.0,428882.35295058816
B_select_Berg_1825,0,600,250,10,0,0,33699.85499200004,24.505882358588224,7000.0,464176.470597647
B_select_Berg_1825,0,600,250,10,0,30,33699.85499200004,54.505882358588224,7000.0,464176.470597647
B_select_Berg_1825,0,600,250,10,0,60,33699.85499200004,84.50588235858822,7000.0,464176.470597647
B_select_Berg_1825,0,600,250,10,30000,0,3699.854992000037,45.68235294682347,7000.0,499470.5882447058
B_select_Berg_1825,0,600,250,10,30000,30,3699.854992000037,75.68235294682347,7000.0,499470.5882447058
B_select_Berg_1825,0,600,250,10,30000,60,3699.854992000037,105.68235294682347,7000.0,499470.5882447058
B_select_Berg_1825,0,600,300,0,-30000,0,60449.999992000055,-46.67058822964708,7000.0,428882.35295058816
B_select_Berg_1825,0,600,300,0,-30000,30,60449.999992000055,-16.67058822964708,7000.0,428882.35295058816
B_select_Berg_1825,0,600,300,0,-30000,60,60449.999992000055,13.32941177035292,7000.0,428882.35295058816
B_select_Berg_1825,0,600,300,0,0,0,30449.999992000055,-25.494117641411776,7000.0,464176.470597647
B_select_Berg_1825,0,600,300,0,0,30,30449.999992000055,4.505882358588224,7000.0,464176.470597647
B_select_Berg_1825,0,600,300,0,0,60,30449.999992000055,34.505882358588224,7000.0,464176.470597647
B_select_Berg_1825,0,600,300,0,30000,0,449.9999920000555,-4.317647053176529,7000.0,499470.5882447058
B_select_Berg_1825,0,600,300,0,30000,30,449.9999920000555,25.68235294682347,7000.0,499470.5882447058
B_select_Berg_1825,0,600,300,0,30000,60,449.9999920000555,55.68235294682347,7000.0,499470.5882447058
B_select_Berg_1825,0,600,300,10,-30000,0,63699.85499200004,-46.67058822964708,7000.0,428882.35295058816
B_select_Berg_1825,0,600,300,10,-30000,30,63699.85499200004,-16.67058822964708,7000.0,428882.35295058816
B_select_Berg_1825,0,600,300,10,-30000,60,63699.85499200004,13.32941177035292,7000.0,428882.35295058816
B_select_Berg_1825,0,600,300,10,0,0,33699.85499200004,-25.494117641411776,7000.0,464176.470597647
B_select_Berg_1825,0,600,300,10,0,30,33699.85499200004,4.505882358588224,7000.0,464176.470597647
B_select_Berg_1825,0,600,300,10,0,60,33699.85499200004,34.505882358588224,7000.0,464176.470597647
B_select_Berg_1825,0,600,300,10,30000,0,3699.854992000037,-4.317647053176529,7000.0,499470.5882447058
B_select_Berg_1825,0,600,300,10,30000,30,3699.854992000037,25.68235294682347,7000.0,499470.5882447058
B_select_Berg_1825,0,600,300,10,30000,60,3699.854992000037,55.68235294682347,7000.0,499470.5882447058
B_select_Berg_1825,0,600,350,0,-30000,0,60449.999992000055,-96.67058822964708,7000.0,428882.35295058816
B_select_Berg_1825,0,600,350,0,-30000,30,60449.999992000055,-66.67058822964708,7000.0,428882.35295058816
B_select_Berg_1825,0,600,350,0,-30000,60,60449.999992000055,-36.67058822964708,7000.0,428882.35295058816
B_select_Berg_1825,0,600,350,0,0,0,30449.999992000055,-75.49411764141178,7000.0,464176.470597647
B_select_Berg_1825,0,600,350,0,0,30,30449.999992000055,-45.494117641411776,7000.0,464176.470597647
B_select_Berg_1825,0,600,350,0,0,60,30449.999992000055,-15.494117641411776,7000.0,464176.470597647
B_select_Berg_1825,0,600,350,0,30000,0,449.9999920000555,-54.31764705317653,7000.0,499470.5882447058
B_select_Berg_1825,0,600,350,0,30000,30,449.9999920000555,-24.31764705317653,7000.0,499470.5882447058
B_select_Berg_1825,0,600,350,0,30000,60,449.9999920000555,5.682352946823471,7000.0,499470.5882447058
B_select_Berg_1825,0,600,350,10,-30000,0,63699.85499200004,-96.67058822964708,7000.0,428882.35295058816
B_select_Berg_1825,0,600,350,10,-30000,30,63699.85499200004,-66.67058822964708,7000.0,428882.35295058816
B_select_Berg_1825,0,600,350,10,-30000,60,63699.85499200004,-36.67058822964708,7000.0,428882.35295058816
B_select_Berg_1825,0,600,350,10,0,0,33699.85499200004,-75.49411764141178,7000.0,464176.470597647
B_select_Berg_1825,0,600,350,10,0,30,33699.85499200004,-45.494117641411776,7000.0,464176.470597647
B_select_Berg_1825,0,600,350,10,0,60,33699.85499200004,-15.494117641411776,7000.0,464176.470597647
B_select_Berg_1825,0,600,350,10,30000,0,3699.854992000037,-54.31764705317653,7000.0,499470.5882447058
B_select_Berg_1825,0,600,350,10,30000,30,3699.854992000037,-24.31764705317653,7000.0,499470.5882447058
B_select_Berg_1825,0,600,350,10,30000,60,3699.854992000037,5.682352946823471,7000.0,499470.5882447058
B_select_Berg_1825,0,700,250,0,-30000,0,60449.999992000055,46.21764706541171,7000.0,428882.35295058816
B_select_Berg_1825,0,700,250,0,-30000,30,60449.999992000055,76.21764706541171,7000.0,428882.35295058816
B_select_Berg_1825,0,700,250,0,-30000,60,60449.999992000055,106.21764706541171,7000.0,428882.35295058816
B_select_Berg_1825,0,700,250,0,0,0,30449.999992000055,70.92352941835293,7000.0,464176.470597647
B_select_Berg_1825,0,700,250,0,0,30,30449.999992000055,100.92352941835293,7000.0,464176.470597647
B_select_Berg_1825,0,700,250,0,0,60,30449.999992000055,130.92352941835293,7000.0,464176.470597647
B_select_Berg_1825,0,700,250,0,30000,0,449.9999920000555,95.62941177129403,7000.0,499470.5882447058
B_select_Berg_1825,0,700,250,0,30000,30,449.9999920000555,125.62941177129403,7000.0,499470.5882447058
B_select_Berg_1825,0,700,250,0,30000,60,449.9999920000555,155.62941177129403,7000.0,499470.5882447058
B_select_Berg_1825,0,700,250,10,-30000,0,63699.85499200004,46.21764706541171,7000.0,428882.35295058816
B_select_Berg_1825,0,700,250,10,-30000,30,63699.85499200004,76.21764706541171,7000.0,428882.35295058816
B_select_Berg_1825,0,700,250,10,-30000,60,63699.85499200004,106.21764706541171,7000.0,428882.35295058816
B_select_Berg_1825,0,700,250,10,0,0,33699.85499200004,70.92352941835293,7000.0,464176.470597647
B_select_Berg_1825,0,700,250,10,0,30,33699.85499200004,100.92352941835293,7000.0,464176.470597647
B_select_Berg_1825,0,700,250,10,0,60,33699.85499200004,130.92352941835293,7000.0,464176.470597647
B_select_Berg_1825,0,700,250,10,30000,0,3699.854992000037,95.62941177129403,7000.0,499470.5882447058
B_select_Berg_1825,0,700,250,10,30000,30,3699.854992000037,125.62941177129403,7000.0,499470.5882447058
B_select_Berg_1825,0,700,250,10,30000,60,3699.854992000037,155.62941177129403,7000.0,499470.5882447058
B_select_Berg_1825,0,700,300,0,-30000,0,60449.999992000055,-3.782352934588289,7000.0,428882.35295058816
B_select_Berg_1825,0,700,300,0,-30000,30,60449.999992000055,26.21764706541171,7000.0,428882.35295058816
B_select_Berg_1825,0,700,300,0,-30000,60,60449.999992000055,56.21764706541171,7000.0,428882.35295058816
B_select_Berg_1825,0,700,300,0,0,0,30449.999992000055,20.923529418352928,7000.0,464176.470597647
B_select_Berg_1825,0,700,300,0,0,30,30449.999992000055,50.92352941835293,7000.0,464176.470597647
B_select_Berg_1825,0,700,300,0,0,60,30449.999992000055,80.92352941835293,7000.0,464176.470597647
B_select_Berg_1825,0,700,300,0,30000,0,449.9999920000555,45.62941177129403,7000.0,499470.5882447058
B_select_Berg_1825,0,700,300,0,30000,30,449.9999920000555,75.62941177129403,7000.0,499470.5882447058
B_select_Berg_1825,0,700,300,0,30000,60,449.9999920000555,105.62941177129403,7000.0,499470.5882447058
B_select_Berg_1825,0,700,300,10,-30000,0,63699.85499200004,-3.782352934588289,7000.0,428882.35295058816
B_select_Berg_1825,0,700,300,10,-30000,30,63699.85499200004,26.21764706541171,7000.0,428882.35295058816
B_select_Berg_1825,0,700,300,10,-30000,60,63699.85499200004,56.21764706541171,7000.0,428882.35295058816
B_select_Berg_1825,0,700,300,10,0,0,33699.85499200004,20.923529418352928,7000.0,464176.470597647
B_select_Berg_1825,0,700,300,10,0,30,33699.85499200004,50.92352941835293,7000.0,464176.470597647
B_select_Berg_1825,0,700,300,10,0,60,33699.85499200004,80.92352941835293,7000.0,464176.470597647
B_select_Berg_1825,0,700,300,10,30000,0,3699.854992000037,45.62941177129403,7000.0,499470.5882447058
B_select_Berg_1825,0,700,300,10,30000,30,3699.854992000037,75.62941177129403,7000.0,499470.5882447058
B_select_Berg_1825,0,700,300,10,30000,60,3699.854992000037,105.62941177129403,7000.0,499470.5882447058
B_select_Berg_1825,0,700,350,0,-30000,0,60449.999992000055,-53.78235293458829,7000.0,428882.35295058816
B_select_Berg_1825,0,700,350,0,-30000,30,60449.999992000055,-23.78235293458829,7000.0,428882.35295058816
B_select_Berg_1825,0,700,350,0,-30000,60,60449.999992000055,6.217647065411711,7000.0,428882.35295058816
B_select_Berg_1825,0,700,350,0,0,0,30449.999992000055,-29.076470581647072,7000.0,464176.470597647
B_select_Berg_1825,0,700,350,0,0,30,30449.999992000055,0.9235294183529277,7000.0,464176.470597647
B_select_Berg_1825,0,700,350,0,0,60,30449.999992000055,30.923529418352928,7000.0,464176.470597647
B_select_Berg_1825,0,700,350,0,30000,0,449.9999920000555,-4.370588228705969,7000.0,499470.5882447058
B_select_Berg_1825,0,700,350,0,30000,30,449.9999920000555,25.62941177129403,7000.0,499470.5882447058
B_select_Berg_1825,0,700,350,0,30000,60,449.9999920000555,55.62941177129403,7000.0,499470.5882447058
B_select_Berg_1825,0,700,350,10,-30000,0,63699.85499200004,-53.78235293458829,7000.0,428882.35295058816
B_select_Berg_1825,0,700,350,10,-30000,30,63699.85499200004,-23.78235293458829,7000.0,428882.35295058816
B_select_Berg_1825,0,700,350,10,-30000,60,63699.85499200004,6.217647065411711,7000.0,428882.35295058816
B_select_Berg_1825,0,700,350,10,0,0,33699.85499200004,-29.076470581647072,7000.0,464176.470597647
B_select_Berg_1825,0,700,350,10,0,30,33699.85499200004,0.9235294183529277,7000.0,464176.470597647
B_select_Berg_1825,0,700,350,10,0,60,33699.85499200004,30.923529418352928,7000.0,464176.470597647
B_select_Berg_1825,0,700,350,10,30000,0,3699.854992000037,-4.370588228705969,7000.0,499470.5882447058
