## Sheet: scenario_sensitivity.csv (continued)
case,ally_retained_fraction,fr_cost,initial_army_budget_Mfr,years,baseline_task_shift,removed_historical_tax_net_Mfr,human_balance_present,budget_gap_Mfr,lost_B_roster,required_fr_roster
B_select_Berg_1825,0,700,350,10,30000,30,3699.854992000037,25.62941177129403,7000.0,499470.5882447058
B_select_Berg_1825,0,700,350,10,30000,60,3699.854992000037,55.62941177129403,7000.0,499470.5882447058
B_select_Berg_1825,0,900,250,0,-30000,0,60449.999992000055,131.9941176555293,7000.0,428882.35295058816
B_select_Berg_1825,0,900,250,0,-30000,30,60449.999992000055,161.9941176555293,7000.0,428882.35295058816
B_select_Berg_1825,0,900,250,0,-30000,60,60449.999992000055,191.9941176555293,7000.0,428882.35295058816
B_select_Berg_1825,0,900,250,0,0,0,30449.999992000055,163.75882353788234,7000.0,464176.470597647
B_select_Berg_1825,0,900,250,0,0,30,30449.999992000055,193.75882353788234,7000.0,464176.470597647
B_select_Berg_1825,0,900,250,0,0,60,30449.999992000055,223.75882353788234,7000.0,464176.470597647
B_select_Berg_1825,0,900,250,0,30000,0,449.9999920000555,195.5235294202352,7000.0,499470.5882447058
B_select_Berg_1825,0,900,250,0,30000,30,449.9999920000555,225.5235294202352,7000.0,499470.5882447058
B_select_Berg_1825,0,900,250,0,30000,60,449.9999920000555,255.5235294202352,7000.0,499470.5882447058
B_select_Berg_1825,0,900,250,10,-30000,0,63699.85499200004,131.9941176555293,7000.0,428882.35295058816
B_select_Berg_1825,0,900,250,10,-30000,30,63699.85499200004,161.9941176555293,7000.0,428882.35295058816
B_select_Berg_1825,0,900,250,10,-30000,60,63699.85499200004,191.9941176555293,7000.0,428882.35295058816
B_select_Berg_1825,0,900,250,10,0,0,33699.85499200004,163.75882353788234,7000.0,464176.470597647
B_select_Berg_1825,0,900,250,10,0,30,33699.85499200004,193.75882353788234,7000.0,464176.470597647
B_select_Berg_1825,0,900,250,10,0,60,33699.85499200004,223.75882353788234,7000.0,464176.470597647
B_select_Berg_1825,0,900,250,10,30000,0,3699.854992000037,195.5235294202352,7000.0,499470.5882447058
B_select_Berg_1825,0,900,250,10,30000,30,3699.854992000037,225.5235294202352,7000.0,499470.5882447058
B_select_Berg_1825,0,900,250,10,30000,60,3699.854992000037,255.5235294202352,7000.0,499470.5882447058
B_select_Berg_1825,0,900,300,0,-30000,0,60449.999992000055,81.9941176555293,7000.0,428882.35295058816
B_select_Berg_1825,0,900,300,0,-30000,30,60449.999992000055,111.9941176555293,7000.0,428882.35295058816
B_select_Berg_1825,0,900,300,0,-30000,60,60449.999992000055,141.9941176555293,7000.0,428882.35295058816
B_select_Berg_1825,0,900,300,0,0,0,30449.999992000055,113.75882353788234,7000.0,464176.470597647
B_select_Berg_1825,0,900,300,0,0,30,30449.999992000055,143.75882353788234,7000.0,464176.470597647
B_select_Berg_1825,0,900,300,0,0,60,30449.999992000055,173.75882353788234,7000.0,464176.470597647
B_select_Berg_1825,0,900,300,0,30000,0,449.9999920000555,145.5235294202352,7000.0,499470.5882447058
B_select_Berg_1825,0,900,300,0,30000,30,449.9999920000555,175.5235294202352,7000.0,499470.5882447058
B_select_Berg_1825,0,900,300,0,30000,60,449.9999920000555,205.5235294202352,7000.0,499470.5882447058
B_select_Berg_1825,0,900,300,10,-30000,0,63699.85499200004,81.9941176555293,7000.0,428882.35295058816
B_select_Berg_1825,0,900,300,10,-30000,30,63699.85499200004,111.9941176555293,7000.0,428882.35295058816
B_select_Berg_1825,0,900,300,10,-30000,60,63699.85499200004,141.9941176555293,7000.0,428882.35295058816
B_select_Berg_1825,0,900,300,10,0,0,33699.85499200004,113.75882353788234,7000.0,464176.470597647
B_select_Berg_1825,0,900,300,10,0,30,33699.85499200004,143.75882353788234,7000.0,464176.470597647
B_select_Berg_1825,0,900,300,10,0,60,33699.85499200004,173.75882353788234,7000.0,464176.470597647
B_select_Berg_1825,0,900,300,10,30000,0,3699.854992000037,145.5235294202352,7000.0,499470.5882447058
B_select_Berg_1825,0,900,300,10,30000,30,3699.854992000037,175.5235294202352,7000.0,499470.5882447058
B_select_Berg_1825,0,900,300,10,30000,60,3699.854992000037,205.5235294202352,7000.0,499470.5882447058
B_select_Berg_1825,0,900,350,0,-30000,0,60449.999992000055,31.994117655529294,7000.0,428882.35295058816
B_select_Berg_1825,0,900,350,0,-30000,30,60449.999992000055,61.994117655529294,7000.0,428882.35295058816
B_select_Berg_1825,0,900,350,0,-30000,60,60449.999992000055,91.9941176555293,7000.0,428882.35295058816
B_select_Berg_1825,0,900,350,0,0,0,30449.999992000055,63.758823537882336,7000.0,464176.470597647
B_select_Berg_1825,0,900,350,0,0,30,30449.999992000055,93.75882353788234,7000.0,464176.470597647
B_select_Berg_1825,0,900,350,0,0,60,30449.999992000055,123.75882353788234,7000.0,464176.470597647
B_select_Berg_1825,0,900,350,0,30000,0,449.9999920000555,95.5235294202352,7000.0,499470.5882447058
B_select_Berg_1825,0,900,350,0,30000,30,449.9999920000555,125.5235294202352,7000.0,499470.5882447058
B_select_Berg_1825,0,900,350,0,30000,60,449.9999920000555,155.5235294202352,7000.0,499470.5882447058
B_select_Berg_1825,0,900,350,10,-30000,0,63699.85499200004,31.994117655529294,7000.0,428882.35295058816
B_select_Berg_1825,0,900,350,10,-30000,30,63699.85499200004,61.994117655529294,7000.0,428882.35295058816
B_select_Berg_1825,0,900,350,10,-30000,60,63699.85499200004,91.9941176555293,7000.0,428882.35295058816
B_select_Berg_1825,0,900,350,10,0,0,33699.85499200004,63.758823537882336,7000.0,464176.470597647
B_select_Berg_1825,0,900,350,10,0,30,33699.85499200004,93.75882353788234,7000.0,464176.470597647
B_select_Berg_1825,0,900,350,10,0,60,33699.85499200004,123.75882353788234,7000.0,464176.470597647
B_select_Berg_1825,0,900,350,10,30000,0,3699.854992000037,95.5235294202352,7000.0,499470.5882447058
B_select_Berg_1825,0,900,350,10,30000,30,3699.854992000037,125.5235294202352,7000.0,499470.5882447058
B_select_Berg_1825,0,900,350,10,30000,60,3699.854992000037,155.5235294202352,7000.0,499470.5882447058
B_select_Berg_1825,0.5,600,250,0,-30000,0,63424.999992000055,3.229411770352897,3500.0,425382.35295058816
B_select_Berg_1825,0.5,600,250,0,-30000,30,63424.999992000055,33.2294117703529,3500.0,425382.35295058816
B_select_Berg_1825,0.5,600,250,0,-30000,60,63424.999992000055,63.2294117703529,3500.0,425382.35295058816
B_select_Berg_1825,0.5,600,250,0,0,0,33424.999992000055,24.4058823585882,3500.0,460676.470597647
B_select_Berg_1825,0.5,600,250,0,0,30,33424.999992000055,54.4058823585882,3500.0,460676.470597647
B_select_Berg_1825,0.5,600,250,0,0,60,33424.999992000055,84.4058823585882,3500.0,460676.470597647
B_select_Berg_1825,0.5,600,250,0,30000,0,3424.9999920000555,45.582352946823505,3500.0,495970.5882447058
B_select_Berg_1825,0.5,600,250,0,30000,30,3424.9999920000555,75.5823529468235,3500.0,495970.5882447058
B_select_Berg_1825,0.5,600,250,0,30000,60,3424.9999920000555,105.5823529468235,3500.0,495970.5882447058
B_select_Berg_1825,0.5,600,250,10,-30000,0,65049.927492000046,3.229411770352897,3500.0,425382.35295058816
B_select_Berg_1825,0.5,600,250,10,-30000,30,65049.927492000046,33.2294117703529,3500.0,425382.35295058816
B_select_Berg_1825,0.5,600,250,10,-30000,60,65049.927492000046,63.2294117703529,3500.0,425382.35295058816
B_select_Berg_1825,0.5,600,250,10,0,0,35049.927492000046,24.4058823585882,3500.0,460676.470597647
B_select_Berg_1825,0.5,600,250,10,0,30,35049.927492000046,54.4058823585882,3500.0,460676.470597647
B_select_Berg_1825,0.5,600,250,10,0,60,35049.927492000046,84.4058823585882,3500.0,460676.470597647
B_select_Berg_1825,0.5,600,250,10,30000,0,5049.927492000046,45.582352946823505,3500.0,495970.5882447058
B_select_Berg_1825,0.5,600,250,10,30000,30,5049.927492000046,75.5823529468235,3500.0,495970.5882447058
B_select_Berg_1825,0.5,600,250,10,30000,60,5049.927492000046,105.5823529468235,3500.0,495970.5882447058
B_select_Berg_1825,0.5,600,300,0,-30000,0,63424.999992000055,-46.7705882296471,3500.0,425382.35295058816
B_select_Berg_1825,0.5,600,300,0,-30000,30,63424.999992000055,-16.770588229647103,3500.0,425382.35295058816
B_select_Berg_1825,0.5,600,300,0,-30000,60,63424.999992000055,13.229411770352897,3500.0,425382.35295058816
B_select_Berg_1825,0.5,600,300,0,0,0,33424.999992000055,-25.5941176414118,3500.0,460676.470597647
B_select_Berg_1825,0.5,600,300,0,0,30,33424.999992000055,4.405882358588201,3500.0,460676.470597647
B_select_Berg_1825,0.5,600,300,0,0,60,33424.999992000055,34.4058823585882,3500.0,460676.470597647
B_select_Berg_1825,0.5,600,300,0,30000,0,3424.9999920000555,-4.417647053176495,3500.0,495970.5882447058
B_select_Berg_1825,0.5,600,300,0,30000,30,3424.9999920000555,25.582352946823505,3500.0,495970.5882447058
B_select_Berg_1825,0.5,600,300,0,30000,60,3424.9999920000555,55.582352946823505,3500.0,495970.5882447058
B_select_Berg_1825,0.5,600,300,10,-30000,0,65049.927492000046,-46.7705882296471,3500.0,425382.35295058816
B_select_Berg_1825,0.5,600,300,10,-30000,30,65049.927492000046,-16.770588229647103,3500.0,425382.35295058816
B_select_Berg_1825,0.5,600,300,10,-30000,60,65049.927492000046,13.229411770352897,3500.0,425382.35295058816
B_select_Berg_1825,0.5,600,300,10,0,0,35049.927492000046,-25.5941176414118,3500.0,460676.470597647
B_select_Berg_1825,0.5,600,300,10,0,30,35049.927492000046,4.405882358588201,3500.0,460676.470597647
B_select_Berg_1825,0.5,600,300,10,0,60,35049.927492000046,34.4058823585882,3500.0,460676.470597647
B_select_Berg_1825,0.5,600,300,10,30000,0,5049.927492000046,-4.417647053176495,3500.0,495970.5882447058
B_select_Berg_1825,0.5,600,300,10,30000,30,5049.927492000046,25.582352946823505,3500.0,495970.5882447058
B_select_Berg_1825,0.5,600,300,10,30000,60,5049.927492000046,55.582352946823505,3500.0,495970.5882447058
B_select_Berg_1825,0.5,600,350,0,-30000,0,63424.999992000055,-96.7705882296471,3500.0,425382.35295058816
B_select_Berg_1825,0.5,600,350,0,-30000,30,63424.999992000055,-66.7705882296471,3500.0,425382.35295058816
B_select_Berg_1825,0.5,600,350,0,-30000,60,63424.999992000055,-36.7705882296471,3500.0,425382.35295058816
B_select_Berg_1825,0.5,600,350,0,0,0,33424.999992000055,-75.5941176414118,3500.0,460676.470597647
B_select_Berg_1825,0.5,600,350,0,0,30,33424.999992000055,-45.5941176414118,3500.0,460676.470597647
B_select_Berg_1825,0.5,600,350,0,0,60,33424.999992000055,-15.594117641411799,3500.0,460676.470597647
B_select_Berg_1825,0.5,600,350,0,30000,0,3424.9999920000555,-54.417647053176495,3500.0,495970.5882447058
B_select_Berg_1825,0.5,600,350,0,30000,30,3424.9999920000555,-24.417647053176495,3500.0,495970.5882447058
B_select_Berg_1825,0.5,600,350,0,30000,60,3424.9999920000555,5.582352946823505,3500.0,495970.5882447058
B_select_Berg_1825,0.5,600,350,10,-30000,0,65049.927492000046,-96.7705882296471,3500.0,425382.35295058816
B_select_Berg_1825,0.5,600,350,10,-30000,30,65049.927492000046,-66.7705882296471,3500.0,425382.35295058816
B_select_Berg_1825,0.5,600,350,10,-30000,60,65049.927492000046,-36.7705882296471,3500.0,425382.35295058816
B_select_Berg_1825,0.5,600,350,10,0,0,35049.927492000046,-75.5941176414118,3500.0,460676.470597647
B_select_Berg_1825,0.5,600,350,10,0,30,35049.927492000046,-45.5941176414118,3500.0,460676.470597647
B_select_Berg_1825,0.5,600,350,10,0,60,35049.927492000046,-15.594117641411799,3500.0,460676.470597647
B_select_Berg_1825,0.5,600,350,10,30000,0,5049.927492000046,-54.417647053176495,3500.0,495970.5882447058
B_select_Berg_1825,0.5,600,350,10,30000,30,5049.927492000046,-24.417647053176495,3500.0,495970.5882447058
B_select_Berg_1825,0.5,600,350,10,30000,60,5049.927492000046,5.582352946823505,3500.0,495970.5882447058
B_select_Berg_1825,0.5,700,250,0,-30000,0,63424.999992000055,45.767647065411666,3500.0,425382.35295058816
B_select_Berg_1825,0.5,700,250,0,-30000,30,63424.999992000055,75.76764706541167,3500.0,425382.35295058816
B_select_Berg_1825,0.5,700,250,0,-30000,60,63424.999992000055,105.76764706541167,3500.0,425382.35295058816
B_select_Berg_1825,0.5,700,250,0,0,0,33424.999992000055,70.47352941835288,3500.0,460676.470597647
B_select_Berg_1825,0.5,700,250,0,0,30,33424.999992000055,100.47352941835288,3500.0,460676.470597647
B_select_Berg_1825,0.5,700,250,0,0,60,33424.999992000055,130.47352941835288,3500.0,460676.470597647
