## Sheet: scenario_sensitivity.csv (continued)
case,ally_retained_fraction,fr_cost,initial_army_budget_Mfr,years,baseline_task_shift,removed_historical_tax_net_Mfr,human_balance_present,budget_gap_Mfr,lost_B_roster,required_fr_roster
B_full_historical_outer_1815,0.5,900,250,10,30000,0,-121858.01700800005,355.2705882437648,52000.0,666411.7647152942
B_full_historical_outer_1815,0.5,900,250,10,30000,0,-121858.01700800005,355.2705882437648,52000.0,666411.7647152942
B_full_historical_outer_1815,0.5,900,300,0,-30000,0,-81450.00000800006,241.74117647905882,52000.0,595823.5294211765
B_full_historical_outer_1815,0.5,900,300,0,-30000,0,-81450.00000800006,241.74117647905882,52000.0,595823.5294211765
B_full_historical_outer_1815,0.5,900,300,0,-30000,0,-81450.00000800006,241.74117647905882,52000.0,595823.5294211765
B_full_historical_outer_1815,0.5,900,300,0,0,0,-111450.00000800006,273.50588236141186,52000.0,631117.6470682353
B_full_historical_outer_1815,0.5,900,300,0,0,0,-111450.00000800006,273.50588236141186,52000.0,631117.6470682353
B_full_historical_outer_1815,0.5,900,300,0,0,0,-111450.00000800006,273.50588236141186,52000.0,631117.6470682353
B_full_historical_outer_1815,0.5,900,300,0,30000,0,-141450.00000800006,305.2705882437648,52000.0,666411.7647152942
B_full_historical_outer_1815,0.5,900,300,0,30000,0,-141450.00000800006,305.2705882437648,52000.0,666411.7647152942
B_full_historical_outer_1815,0.5,900,300,0,30000,0,-141450.00000800006,305.2705882437648,52000.0,666411.7647152942
B_full_historical_outer_1815,0.5,900,300,10,-30000,0,-61858.01700800005,241.74117647905882,52000.0,595823.5294211765
B_full_historical_outer_1815,0.5,900,300,10,-30000,0,-61858.01700800005,241.74117647905882,52000.0,595823.5294211765
B_full_historical_outer_1815,0.5,900,300,10,-30000,0,-61858.01700800005,241.74117647905882,52000.0,595823.5294211765
B_full_historical_outer_1815,0.5,900,300,10,0,0,-91858.01700800005,273.50588236141186,52000.0,631117.6470682353
B_full_historical_outer_1815,0.5,900,300,10,0,0,-91858.01700800005,273.50588236141186,52000.0,631117.6470682353
B_full_historical_outer_1815,0.5,900,300,10,0,0,-91858.01700800005,273.50588236141186,52000.0,631117.6470682353
B_full_historical_outer_1815,0.5,900,300,10,30000,0,-121858.01700800005,305.2705882437648,52000.0,666411.7647152942
B_full_historical_outer_1815,0.5,900,300,10,30000,0,-121858.01700800005,305.2705882437648,52000.0,666411.7647152942
B_full_historical_outer_1815,0.5,900,300,10,30000,0,-121858.01700800005,305.2705882437648,52000.0,666411.7647152942
B_full_historical_outer_1815,0.5,900,350,0,-30000,0,-81450.00000800006,191.74117647905882,52000.0,595823.5294211765
B_full_historical_outer_1815,0.5,900,350,0,-30000,0,-81450.00000800006,191.74117647905882,52000.0,595823.5294211765
B_full_historical_outer_1815,0.5,900,350,0,-30000,0,-81450.00000800006,191.74117647905882,52000.0,595823.5294211765
B_full_historical_outer_1815,0.5,900,350,0,0,0,-111450.00000800006,223.50588236141186,52000.0,631117.6470682353
B_full_historical_outer_1815,0.5,900,350,0,0,0,-111450.00000800006,223.50588236141186,52000.0,631117.6470682353
B_full_historical_outer_1815,0.5,900,350,0,0,0,-111450.00000800006,223.50588236141186,52000.0,631117.6470682353
B_full_historical_outer_1815,0.5,900,350,0,30000,0,-141450.00000800006,255.2705882437648,52000.0,666411.7647152942
B_full_historical_outer_1815,0.5,900,350,0,30000,0,-141450.00000800006,255.2705882437648,52000.0,666411.7647152942
B_full_historical_outer_1815,0.5,900,350,0,30000,0,-141450.00000800006,255.2705882437648,52000.0,666411.7647152942
B_full_historical_outer_1815,0.5,900,350,10,-30000,0,-61858.01700800005,191.74117647905882,52000.0,595823.5294211765
B_full_historical_outer_1815,0.5,900,350,10,-30000,0,-61858.01700800005,191.74117647905882,52000.0,595823.5294211765
B_full_historical_outer_1815,0.5,900,350,10,-30000,0,-61858.01700800005,191.74117647905882,52000.0,595823.5294211765
B_full_historical_outer_1815,0.5,900,350,10,0,0,-91858.01700800005,223.50588236141186,52000.0,631117.6470682353
B_full_historical_outer_1815,0.5,900,350,10,0,0,-91858.01700800005,223.50588236141186,52000.0,631117.6470682353
B_full_historical_outer_1815,0.5,900,350,10,0,0,-91858.01700800005,223.50588236141186,52000.0,631117.6470682353
B_full_historical_outer_1815,0.5,900,350,10,30000,0,-121858.01700800005,255.2705882437648,52000.0,666411.7647152942
B_full_historical_outer_1815,0.5,900,350,10,30000,0,-121858.01700800005,255.2705882437648,52000.0,666411.7647152942
B_full_historical_outer_1815,0.5,900,350,10,30000,0,-121858.01700800005,255.2705882437648,52000.0,666411.7647152942
B_full_historical_outer_1815,1,600,250,0,-30000,0,-37250.00000800006,91.29411765270589,0.0,543823.5294211765
B_full_historical_outer_1815,1,600,250,0,-30000,0,-37250.00000800006,91.29411765270589,0.0,543823.5294211765
B_full_historical_outer_1815,1,600,250,0,-30000,0,-37250.00000800006,91.29411765270589,0.0,543823.5294211765
B_full_historical_outer_1815,1,600,250,0,0,0,-67250.00000800006,112.47058824094114,0.0,579117.6470682353
B_full_historical_outer_1815,1,600,250,0,0,0,-67250.00000800006,112.47058824094114,0.0,579117.6470682353
B_full_historical_outer_1815,1,600,250,0,0,0,-67250.00000800006,112.47058824094114,0.0,579117.6470682353
B_full_historical_outer_1815,1,600,250,0,30000,0,-97250.00000800006,133.64705882917656,0.0,614411.7647152942
B_full_historical_outer_1815,1,600,250,0,30000,0,-97250.00000800006,133.64705882917656,0.0,614411.7647152942
B_full_historical_outer_1815,1,600,250,0,30000,0,-97250.00000800006,133.64705882917656,0.0,614411.7647152942
B_full_historical_outer_1815,1,600,250,10,-30000,0,-37002.39200800005,91.29411765270589,0.0,543823.5294211765
B_full_historical_outer_1815,1,600,250,10,-30000,0,-37002.39200800005,91.29411765270589,0.0,543823.5294211765
B_full_historical_outer_1815,1,600,250,10,-30000,0,-37002.39200800005,91.29411765270589,0.0,543823.5294211765
B_full_historical_outer_1815,1,600,250,10,0,0,-67002.39200800005,112.47058824094114,0.0,579117.6470682353
B_full_historical_outer_1815,1,600,250,10,0,0,-67002.39200800005,112.47058824094114,0.0,579117.6470682353
B_full_historical_outer_1815,1,600,250,10,0,0,-67002.39200800005,112.47058824094114,0.0,579117.6470682353
B_full_historical_outer_1815,1,600,250,10,30000,0,-97002.39200800005,133.64705882917656,0.0,614411.7647152942
B_full_historical_outer_1815,1,600,250,10,30000,0,-97002.39200800005,133.64705882917656,0.0,614411.7647152942
B_full_historical_outer_1815,1,600,250,10,30000,0,-97002.39200800005,133.64705882917656,0.0,614411.7647152942
B_full_historical_outer_1815,1,600,300,0,-30000,0,-37250.00000800006,41.29411765270589,0.0,543823.5294211765
B_full_historical_outer_1815,1,600,300,0,-30000,0,-37250.00000800006,41.29411765270589,0.0,543823.5294211765
B_full_historical_outer_1815,1,600,300,0,-30000,0,-37250.00000800006,41.29411765270589,0.0,543823.5294211765
B_full_historical_outer_1815,1,600,300,0,0,0,-67250.00000800006,62.47058824094114,0.0,579117.6470682353
B_full_historical_outer_1815,1,600,300,0,0,0,-67250.00000800006,62.47058824094114,0.0,579117.6470682353
B_full_historical_outer_1815,1,600,300,0,0,0,-67250.00000800006,62.47058824094114,0.0,579117.6470682353
B_full_historical_outer_1815,1,600,300,0,30000,0,-97250.00000800006,83.64705882917656,0.0,614411.7647152942
B_full_historical_outer_1815,1,600,300,0,30000,0,-97250.00000800006,83.64705882917656,0.0,614411.7647152942
B_full_historical_outer_1815,1,600,300,0,30000,0,-97250.00000800006,83.64705882917656,0.0,614411.7647152942
B_full_historical_outer_1815,1,600,300,10,-30000,0,-37002.39200800005,41.29411765270589,0.0,543823.5294211765
B_full_historical_outer_1815,1,600,300,10,-30000,0,-37002.39200800005,41.29411765270589,0.0,543823.5294211765
B_full_historical_outer_1815,1,600,300,10,-30000,0,-37002.39200800005,41.29411765270589,0.0,543823.5294211765
B_full_historical_outer_1815,1,600,300,10,0,0,-67002.39200800005,62.47058824094114,0.0,579117.6470682353
B_full_historical_outer_1815,1,600,300,10,0,0,-67002.39200800005,62.47058824094114,0.0,579117.6470682353
B_full_historical_outer_1815,1,600,300,10,0,0,-67002.39200800005,62.47058824094114,0.0,579117.6470682353
B_full_historical_outer_1815,1,600,300,10,30000,0,-97002.39200800005,83.64705882917656,0.0,614411.7647152942
B_full_historical_outer_1815,1,600,300,10,30000,0,-97002.39200800005,83.64705882917656,0.0,614411.7647152942
B_full_historical_outer_1815,1,600,300,10,30000,0,-97002.39200800005,83.64705882917656,0.0,614411.7647152942
B_full_historical_outer_1815,1,600,350,0,-30000,0,-37250.00000800006,-8.705882347294107,0.0,543823.5294211765
B_full_historical_outer_1815,1,600,350,0,-30000,0,-37250.00000800006,-8.705882347294107,0.0,543823.5294211765
B_full_historical_outer_1815,1,600,350,0,-30000,0,-37250.00000800006,-8.705882347294107,0.0,543823.5294211765
B_full_historical_outer_1815,1,600,350,0,0,0,-67250.00000800006,12.47058824094114,0.0,579117.6470682353
B_full_historical_outer_1815,1,600,350,0,0,0,-67250.00000800006,12.47058824094114,0.0,579117.6470682353
B_full_historical_outer_1815,1,600,350,0,0,0,-67250.00000800006,12.47058824094114,0.0,579117.6470682353
B_full_historical_outer_1815,1,600,350,0,30000,0,-97250.00000800006,33.64705882917656,0.0,614411.7647152942
B_full_historical_outer_1815,1,600,350,0,30000,0,-97250.00000800006,33.64705882917656,0.0,614411.7647152942
B_full_historical_outer_1815,1,600,350,0,30000,0,-97250.00000800006,33.64705882917656,0.0,614411.7647152942
B_full_historical_outer_1815,1,600,350,10,-30000,0,-37002.39200800005,-8.705882347294107,0.0,543823.5294211765
B_full_historical_outer_1815,1,600,350,10,-30000,0,-37002.39200800005,-8.705882347294107,0.0,543823.5294211765
B_full_historical_outer_1815,1,600,350,10,-30000,0,-37002.39200800005,-8.705882347294107,0.0,543823.5294211765
B_full_historical_outer_1815,1,600,350,10,0,0,-67002.39200800005,12.47058824094114,0.0,579117.6470682353
B_full_historical_outer_1815,1,600,350,10,0,0,-67002.39200800005,12.47058824094114,0.0,579117.6470682353
B_full_historical_outer_1815,1,600,350,10,0,0,-67002.39200800005,12.47058824094114,0.0,579117.6470682353
B_full_historical_outer_1815,1,600,350,10,30000,0,-97002.39200800005,33.64705882917656,0.0,614411.7647152942
B_full_historical_outer_1815,1,600,350,10,30000,0,-97002.39200800005,33.64705882917656,0.0,614411.7647152942
B_full_historical_outer_1815,1,600,350,10,30000,0,-97002.39200800005,33.64705882917656,0.0,614411.7647152942
B_full_historical_outer_1815,1,700,250,0,-30000,0,-37250.00000800006,145.67647059482363,0.0,543823.5294211765
B_full_historical_outer_1815,1,700,250,0,-30000,0,-37250.00000800006,145.67647059482363,0.0,543823.5294211765
B_full_historical_outer_1815,1,700,250,0,-30000,0,-37250.00000800006,145.67647059482363,0.0,543823.5294211765
B_full_historical_outer_1815,1,700,250,0,0,0,-67250.00000800006,170.38235294776473,0.0,579117.6470682353
B_full_historical_outer_1815,1,700,250,0,0,0,-67250.00000800006,170.38235294776473,0.0,579117.6470682353
B_full_historical_outer_1815,1,700,250,0,0,0,-67250.00000800006,170.38235294776473,0.0,579117.6470682353
B_full_historical_outer_1815,1,700,250,0,30000,0,-97250.00000800006,195.08823530070595,0.0,614411.7647152942
B_full_historical_outer_1815,1,700,250,0,30000,0,-97250.00000800006,195.08823530070595,0.0,614411.7647152942
B_full_historical_outer_1815,1,700,250,0,30000,0,-97250.00000800006,195.08823530070595,0.0,614411.7647152942
B_full_historical_outer_1815,1,700,250,10,-30000,0,-37002.39200800005,145.67647059482363,0.0,543823.5294211765
B_full_historical_outer_1815,1,700,250,10,-30000,0,-37002.39200800005,145.67647059482363,0.0,543823.5294211765
B_full_historical_outer_1815,1,700,250,10,-30000,0,-37002.39200800005,145.67647059482363,0.0,543823.5294211765
B_full_historical_outer_1815,1,700,250,10,0,0,-67002.39200800005,170.38235294776473,0.0,579117.6470682353
B_full_historical_outer_1815,1,700,250,10,0,0,-67002.39200800005,170.38235294776473,0.0,579117.6470682353
B_full_historical_outer_1815,1,700,250,10,0,0,-67002.39200800005,170.38235294776473,0.0,579117.6470682353
