## Sheet: scenario_sensitivity.csv (continued)
case,ally_retained_fraction,fr_cost,initial_army_budget_Mfr,years,baseline_task_shift,removed_historical_tax_net_Mfr,human_balance_present,budget_gap_Mfr,lost_B_roster,required_fr_roster
B_full_historical_outer_1815,0.5,600,300,0,0,0,-111450.00000800006,84.17058824094119,52000.0,631117.6470682353
B_full_historical_outer_1815,0.5,600,300,0,0,0,-111450.00000800006,84.17058824094119,52000.0,631117.6470682353
B_full_historical_outer_1815,0.5,600,300,0,0,0,-111450.00000800006,84.17058824094119,52000.0,631117.6470682353
B_full_historical_outer_1815,0.5,600,300,0,30000,0,-141450.00000800006,105.34705882917655,52000.0,666411.7647152942
B_full_historical_outer_1815,0.5,600,300,0,30000,0,-141450.00000800006,105.34705882917655,52000.0,666411.7647152942
B_full_historical_outer_1815,0.5,600,300,0,30000,0,-141450.00000800006,105.34705882917655,52000.0,666411.7647152942
B_full_historical_outer_1815,0.5,600,300,10,-30000,0,-61858.01700800005,62.99411765270588,52000.0,595823.5294211765
B_full_historical_outer_1815,0.5,600,300,10,-30000,0,-61858.01700800005,62.99411765270588,52000.0,595823.5294211765
B_full_historical_outer_1815,0.5,600,300,10,-30000,0,-61858.01700800005,62.99411765270588,52000.0,595823.5294211765
B_full_historical_outer_1815,0.5,600,300,10,0,0,-91858.01700800005,84.17058824094119,52000.0,631117.6470682353
B_full_historical_outer_1815,0.5,600,300,10,0,0,-91858.01700800005,84.17058824094119,52000.0,631117.6470682353
B_full_historical_outer_1815,0.5,600,300,10,0,0,-91858.01700800005,84.17058824094119,52000.0,631117.6470682353
B_full_historical_outer_1815,0.5,600,300,10,30000,0,-121858.01700800005,105.34705882917655,52000.0,666411.7647152942
B_full_historical_outer_1815,0.5,600,300,10,30000,0,-121858.01700800005,105.34705882917655,52000.0,666411.7647152942
B_full_historical_outer_1815,0.5,600,300,10,30000,0,-121858.01700800005,105.34705882917655,52000.0,666411.7647152942
B_full_historical_outer_1815,0.5,600,350,0,-30000,0,-81450.00000800006,12.994117652705881,52000.0,595823.5294211765
B_full_historical_outer_1815,0.5,600,350,0,-30000,0,-81450.00000800006,12.994117652705881,52000.0,595823.5294211765
B_full_historical_outer_1815,0.5,600,350,0,-30000,0,-81450.00000800006,12.994117652705881,52000.0,595823.5294211765
B_full_historical_outer_1815,0.5,600,350,0,0,0,-111450.00000800006,34.170588240941186,52000.0,631117.6470682353
B_full_historical_outer_1815,0.5,600,350,0,0,0,-111450.00000800006,34.170588240941186,52000.0,631117.6470682353
B_full_historical_outer_1815,0.5,600,350,0,0,0,-111450.00000800006,34.170588240941186,52000.0,631117.6470682353
B_full_historical_outer_1815,0.5,600,350,0,30000,0,-141450.00000800006,55.34705882917655,52000.0,666411.7647152942
B_full_historical_outer_1815,0.5,600,350,0,30000,0,-141450.00000800006,55.34705882917655,52000.0,666411.7647152942
B_full_historical_outer_1815,0.5,600,350,0,30000,0,-141450.00000800006,55.34705882917655,52000.0,666411.7647152942
B_full_historical_outer_1815,0.5,600,350,10,-30000,0,-61858.01700800005,12.994117652705881,52000.0,595823.5294211765
B_full_historical_outer_1815,0.5,600,350,10,-30000,0,-61858.01700800005,12.994117652705881,52000.0,595823.5294211765
B_full_historical_outer_1815,0.5,600,350,10,-30000,0,-61858.01700800005,12.994117652705881,52000.0,595823.5294211765
B_full_historical_outer_1815,0.5,600,350,10,0,0,-91858.01700800005,34.170588240941186,52000.0,631117.6470682353
B_full_historical_outer_1815,0.5,600,350,10,0,0,-91858.01700800005,34.170588240941186,52000.0,631117.6470682353
B_full_historical_outer_1815,0.5,600,350,10,0,0,-91858.01700800005,34.170588240941186,52000.0,631117.6470682353
B_full_historical_outer_1815,0.5,600,350,10,30000,0,-121858.01700800005,55.34705882917655,52000.0,666411.7647152942
B_full_historical_outer_1815,0.5,600,350,10,30000,0,-121858.01700800005,55.34705882917655,52000.0,666411.7647152942
B_full_historical_outer_1815,0.5,600,350,10,30000,0,-121858.01700800005,55.34705882917655,52000.0,666411.7647152942
B_full_historical_outer_1815,0.5,700,250,0,-30000,0,-81450.00000800006,172.5764705948236,52000.0,595823.5294211765
B_full_historical_outer_1815,0.5,700,250,0,-30000,0,-81450.00000800006,172.5764705948236,52000.0,595823.5294211765
B_full_historical_outer_1815,0.5,700,250,0,-30000,0,-81450.00000800006,172.5764705948236,52000.0,595823.5294211765
B_full_historical_outer_1815,0.5,700,250,0,0,0,-111450.00000800006,197.28235294776476,52000.0,631117.6470682353
B_full_historical_outer_1815,0.5,700,250,0,0,0,-111450.00000800006,197.28235294776476,52000.0,631117.6470682353
B_full_historical_outer_1815,0.5,700,250,0,0,0,-111450.00000800006,197.28235294776476,52000.0,631117.6470682353
B_full_historical_outer_1815,0.5,700,250,0,30000,0,-141450.00000800006,221.98823530070598,52000.0,666411.7647152942
B_full_historical_outer_1815,0.5,700,250,0,30000,0,-141450.00000800006,221.98823530070598,52000.0,666411.7647152942
B_full_historical_outer_1815,0.5,700,250,0,30000,0,-141450.00000800006,221.98823530070598,52000.0,666411.7647152942
B_full_historical_outer_1815,0.5,700,250,10,-30000,0,-61858.01700800005,172.5764705948236,52000.0,595823.5294211765
B_full_historical_outer_1815,0.5,700,250,10,-30000,0,-61858.01700800005,172.5764705948236,52000.0,595823.5294211765
B_full_historical_outer_1815,0.5,700,250,10,-30000,0,-61858.01700800005,172.5764705948236,52000.0,595823.5294211765
B_full_historical_outer_1815,0.5,700,250,10,0,0,-91858.01700800005,197.28235294776476,52000.0,631117.6470682353
B_full_historical_outer_1815,0.5,700,250,10,0,0,-91858.01700800005,197.28235294776476,52000.0,631117.6470682353
B_full_historical_outer_1815,0.5,700,250,10,0,0,-91858.01700800005,197.28235294776476,52000.0,631117.6470682353
B_full_historical_outer_1815,0.5,700,250,10,30000,0,-121858.01700800005,221.98823530070598,52000.0,666411.7647152942
B_full_historical_outer_1815,0.5,700,250,10,30000,0,-121858.01700800005,221.98823530070598,52000.0,666411.7647152942
B_full_historical_outer_1815,0.5,700,250,10,30000,0,-121858.01700800005,221.98823530070598,52000.0,666411.7647152942
B_full_historical_outer_1815,0.5,700,300,0,-30000,0,-81450.00000800006,122.5764705948236,52000.0,595823.5294211765
B_full_historical_outer_1815,0.5,700,300,0,-30000,0,-81450.00000800006,122.5764705948236,52000.0,595823.5294211765
B_full_historical_outer_1815,0.5,700,300,0,-30000,0,-81450.00000800006,122.5764705948236,52000.0,595823.5294211765
B_full_historical_outer_1815,0.5,700,300,0,0,0,-111450.00000800006,147.28235294776476,52000.0,631117.6470682353
B_full_historical_outer_1815,0.5,700,300,0,0,0,-111450.00000800006,147.28235294776476,52000.0,631117.6470682353
B_full_historical_outer_1815,0.5,700,300,0,0,0,-111450.00000800006,147.28235294776476,52000.0,631117.6470682353
B_full_historical_outer_1815,0.5,700,300,0,30000,0,-141450.00000800006,171.98823530070598,52000.0,666411.7647152942
B_full_historical_outer_1815,0.5,700,300,0,30000,0,-141450.00000800006,171.98823530070598,52000.0,666411.7647152942
B_full_historical_outer_1815,0.5,700,300,0,30000,0,-141450.00000800006,171.98823530070598,52000.0,666411.7647152942
B_full_historical_outer_1815,0.5,700,300,10,-30000,0,-61858.01700800005,122.5764705948236,52000.0,595823.5294211765
B_full_historical_outer_1815,0.5,700,300,10,-30000,0,-61858.01700800005,122.5764705948236,52000.0,595823.5294211765
B_full_historical_outer_1815,0.5,700,300,10,-30000,0,-61858.01700800005,122.5764705948236,52000.0,595823.5294211765
B_full_historical_outer_1815,0.5,700,300,10,0,0,-91858.01700800005,147.28235294776476,52000.0,631117.6470682353
B_full_historical_outer_1815,0.5,700,300,10,0,0,-91858.01700800005,147.28235294776476,52000.0,631117.6470682353
B_full_historical_outer_1815,0.5,700,300,10,0,0,-91858.01700800005,147.28235294776476,52000.0,631117.6470682353
B_full_historical_outer_1815,0.5,700,300,10,30000,0,-121858.01700800005,171.98823530070598,52000.0,666411.7647152942
B_full_historical_outer_1815,0.5,700,300,10,30000,0,-121858.01700800005,171.98823530070598,52000.0,666411.7647152942
B_full_historical_outer_1815,0.5,700,300,10,30000,0,-121858.01700800005,171.98823530070598,52000.0,666411.7647152942
B_full_historical_outer_1815,0.5,700,350,0,-30000,0,-81450.00000800006,72.5764705948236,52000.0,595823.5294211765
B_full_historical_outer_1815,0.5,700,350,0,-30000,0,-81450.00000800006,72.5764705948236,52000.0,595823.5294211765
B_full_historical_outer_1815,0.5,700,350,0,-30000,0,-81450.00000800006,72.5764705948236,52000.0,595823.5294211765
B_full_historical_outer_1815,0.5,700,350,0,0,0,-111450.00000800006,97.28235294776476,52000.0,631117.6470682353
B_full_historical_outer_1815,0.5,700,350,0,0,0,-111450.00000800006,97.28235294776476,52000.0,631117.6470682353
B_full_historical_outer_1815,0.5,700,350,0,0,0,-111450.00000800006,97.28235294776476,52000.0,631117.6470682353
B_full_historical_outer_1815,0.5,700,350,0,30000,0,-141450.00000800006,121.98823530070598,52000.0,666411.7647152942
B_full_historical_outer_1815,0.5,700,350,0,30000,0,-141450.00000800006,121.98823530070598,52000.0,666411.7647152942
B_full_historical_outer_1815,0.5,700,350,0,30000,0,-141450.00000800006,121.98823530070598,52000.0,666411.7647152942
B_full_historical_outer_1815,0.5,700,350,10,-30000,0,-61858.01700800005,72.5764705948236,52000.0,595823.5294211765
B_full_historical_outer_1815,0.5,700,350,10,-30000,0,-61858.01700800005,72.5764705948236,52000.0,595823.5294211765
B_full_historical_outer_1815,0.5,700,350,10,-30000,0,-61858.01700800005,72.5764705948236,52000.0,595823.5294211765
B_full_historical_outer_1815,0.5,700,350,10,0,0,-91858.01700800005,97.28235294776476,52000.0,631117.6470682353
B_full_historical_outer_1815,0.5,700,350,10,0,0,-91858.01700800005,97.28235294776476,52000.0,631117.6470682353
B_full_historical_outer_1815,0.5,700,350,10,0,0,-91858.01700800005,97.28235294776476,52000.0,631117.6470682353
B_full_historical_outer_1815,0.5,700,350,10,30000,0,-121858.01700800005,121.98823530070598,52000.0,666411.7647152942
B_full_historical_outer_1815,0.5,700,350,10,30000,0,-121858.01700800005,121.98823530070598,52000.0,666411.7647152942
B_full_historical_outer_1815,0.5,700,350,10,30000,0,-121858.01700800005,121.98823530070598,52000.0,666411.7647152942
B_full_historical_outer_1815,0.5,900,250,0,-30000,0,-81450.00000800006,291.7411764790588,52000.0,595823.5294211765
B_full_historical_outer_1815,0.5,900,250,0,-30000,0,-81450.00000800006,291.7411764790588,52000.0,595823.5294211765
B_full_historical_outer_1815,0.5,900,250,0,-30000,0,-81450.00000800006,291.7411764790588,52000.0,595823.5294211765
B_full_historical_outer_1815,0.5,900,250,0,0,0,-111450.00000800006,323.50588236141186,52000.0,631117.6470682353
B_full_historical_outer_1815,0.5,900,250,0,0,0,-111450.00000800006,323.50588236141186,52000.0,631117.6470682353
B_full_historical_outer_1815,0.5,900,250,0,0,0,-111450.00000800006,323.50588236141186,52000.0,631117.6470682353
B_full_historical_outer_1815,0.5,900,250,0,30000,0,-141450.00000800006,355.2705882437648,52000.0,666411.7647152942
B_full_historical_outer_1815,0.5,900,250,0,30000,0,-141450.00000800006,355.2705882437648,52000.0,666411.7647152942
B_full_historical_outer_1815,0.5,900,250,0,30000,0,-141450.00000800006,355.2705882437648,52000.0,666411.7647152942
B_full_historical_outer_1815,0.5,900,250,10,-30000,0,-61858.01700800005,291.7411764790588,52000.0,595823.5294211765
B_full_historical_outer_1815,0.5,900,250,10,-30000,0,-61858.01700800005,291.7411764790588,52000.0,595823.5294211765
B_full_historical_outer_1815,0.5,900,250,10,-30000,0,-61858.01700800005,291.7411764790588,52000.0,595823.5294211765
B_full_historical_outer_1815,0.5,900,250,10,0,0,-91858.01700800005,323.50588236141186,52000.0,631117.6470682353
B_full_historical_outer_1815,0.5,900,250,10,0,0,-91858.01700800005,323.50588236141186,52000.0,631117.6470682353
B_full_historical_outer_1815,0.5,900,250,10,0,0,-91858.01700800005,323.50588236141186,52000.0,631117.6470682353
B_full_historical_outer_1815,0.5,900,250,10,30000,0,-121858.01700800005,355.2705882437648,52000.0,666411.7647152942
