## Sheet: scenario_sensitivity.csv (continued)
case,ally_retained_fraction,fr_cost,initial_army_budget_Mfr,years,baseline_task_shift,removed_historical_tax_net_Mfr,human_balance_present,budget_gap_Mfr,lost_B_roster,required_fr_roster
B_full_historical_outer_1815,0,700,300,0,30000,0,-185650.00000800006,198.88823530070596,104000.0,718411.7647152942
B_full_historical_outer_1815,0,700,300,0,30000,0,-185650.00000800006,198.88823530070596,104000.0,718411.7647152942
B_full_historical_outer_1815,0,700,300,10,-30000,0,-86713.64200800005,149.47647059482358,104000.0,647823.5294211765
B_full_historical_outer_1815,0,700,300,10,-30000,0,-86713.64200800005,149.47647059482358,104000.0,647823.5294211765
B_full_historical_outer_1815,0,700,300,10,-30000,0,-86713.64200800005,149.47647059482358,104000.0,647823.5294211765
B_full_historical_outer_1815,0,700,300,10,0,0,-116713.64200800005,174.1823529477648,104000.0,683117.6470682354
B_full_historical_outer_1815,0,700,300,10,0,0,-116713.64200800005,174.1823529477648,104000.0,683117.6470682354
B_full_historical_outer_1815,0,700,300,10,0,0,-116713.64200800005,174.1823529477648,104000.0,683117.6470682354
B_full_historical_outer_1815,0,700,300,10,30000,0,-146713.64200800005,198.88823530070596,104000.0,718411.7647152942
B_full_historical_outer_1815,0,700,300,10,30000,0,-146713.64200800005,198.88823530070596,104000.0,718411.7647152942
B_full_historical_outer_1815,0,700,300,10,30000,0,-146713.64200800005,198.88823530070596,104000.0,718411.7647152942
B_full_historical_outer_1815,0,700,350,0,-30000,0,-125650.00000800006,99.47647059482358,104000.0,647823.5294211765
B_full_historical_outer_1815,0,700,350,0,-30000,0,-125650.00000800006,99.47647059482358,104000.0,647823.5294211765
B_full_historical_outer_1815,0,700,350,0,-30000,0,-125650.00000800006,99.47647059482358,104000.0,647823.5294211765
B_full_historical_outer_1815,0,700,350,0,0,0,-155650.00000800006,124.1823529477648,104000.0,683117.6470682354
B_full_historical_outer_1815,0,700,350,0,0,0,-155650.00000800006,124.1823529477648,104000.0,683117.6470682354
B_full_historical_outer_1815,0,700,350,0,0,0,-155650.00000800006,124.1823529477648,104000.0,683117.6470682354
B_full_historical_outer_1815,0,700,350,0,30000,0,-185650.00000800006,148.88823530070596,104000.0,718411.7647152942
B_full_historical_outer_1815,0,700,350,0,30000,0,-185650.00000800006,148.88823530070596,104000.0,718411.7647152942
B_full_historical_outer_1815,0,700,350,0,30000,0,-185650.00000800006,148.88823530070596,104000.0,718411.7647152942
B_full_historical_outer_1815,0,700,350,10,-30000,0,-86713.64200800005,99.47647059482358,104000.0,647823.5294211765
B_full_historical_outer_1815,0,700,350,10,-30000,0,-86713.64200800005,99.47647059482358,104000.0,647823.5294211765
B_full_historical_outer_1815,0,700,350,10,-30000,0,-86713.64200800005,99.47647059482358,104000.0,647823.5294211765
B_full_historical_outer_1815,0,700,350,10,0,0,-116713.64200800005,124.1823529477648,104000.0,683117.6470682354
B_full_historical_outer_1815,0,700,350,10,0,0,-116713.64200800005,124.1823529477648,104000.0,683117.6470682354
B_full_historical_outer_1815,0,700,350,10,0,0,-116713.64200800005,124.1823529477648,104000.0,683117.6470682354
B_full_historical_outer_1815,0,700,350,10,30000,0,-146713.64200800005,148.88823530070596,104000.0,718411.7647152942
B_full_historical_outer_1815,0,700,350,10,30000,0,-146713.64200800005,148.88823530070596,104000.0,718411.7647152942
B_full_historical_outer_1815,0,700,350,10,30000,0,-146713.64200800005,148.88823530070596,104000.0,718411.7647152942
B_full_historical_outer_1815,0,900,250,0,-30000,0,-125650.00000800006,329.0411764790589,104000.0,647823.5294211765
B_full_historical_outer_1815,0,900,250,0,-30000,0,-125650.00000800006,329.0411764790589,104000.0,647823.5294211765
B_full_historical_outer_1815,0,900,250,0,-30000,0,-125650.00000800006,329.0411764790589,104000.0,647823.5294211765
B_full_historical_outer_1815,0,900,250,0,0,0,-155650.00000800006,360.80588236141193,104000.0,683117.6470682354
B_full_historical_outer_1815,0,900,250,0,0,0,-155650.00000800006,360.80588236141193,104000.0,683117.6470682354
B_full_historical_outer_1815,0,900,250,0,0,0,-155650.00000800006,360.80588236141193,104000.0,683117.6470682354
B_full_historical_outer_1815,0,900,250,0,30000,0,-185650.00000800006,392.57058824376475,104000.0,718411.7647152942
B_full_historical_outer_1815,0,900,250,0,30000,0,-185650.00000800006,392.57058824376475,104000.0,718411.7647152942
B_full_historical_outer_1815,0,900,250,0,30000,0,-185650.00000800006,392.57058824376475,104000.0,718411.7647152942
B_full_historical_outer_1815,0,900,250,10,-30000,0,-86713.64200800005,329.0411764790589,104000.0,647823.5294211765
B_full_historical_outer_1815,0,900,250,10,-30000,0,-86713.64200800005,329.0411764790589,104000.0,647823.5294211765
B_full_historical_outer_1815,0,900,250,10,-30000,0,-86713.64200800005,329.0411764790589,104000.0,647823.5294211765
B_full_historical_outer_1815,0,900,250,10,0,0,-116713.64200800005,360.80588236141193,104000.0,683117.6470682354
B_full_historical_outer_1815,0,900,250,10,0,0,-116713.64200800005,360.80588236141193,104000.0,683117.6470682354
B_full_historical_outer_1815,0,900,250,10,0,0,-116713.64200800005,360.80588236141193,104000.0,683117.6470682354
B_full_historical_outer_1815,0,900,250,10,30000,0,-146713.64200800005,392.57058824376475,104000.0,718411.7647152942
B_full_historical_outer_1815,0,900,250,10,30000,0,-146713.64200800005,392.57058824376475,104000.0,718411.7647152942
B_full_historical_outer_1815,0,900,250,10,30000,0,-146713.64200800005,392.57058824376475,104000.0,718411.7647152942
B_full_historical_outer_1815,0,900,300,0,-30000,0,-125650.00000800006,279.0411764790589,104000.0,647823.5294211765
B_full_historical_outer_1815,0,900,300,0,-30000,0,-125650.00000800006,279.0411764790589,104000.0,647823.5294211765
B_full_historical_outer_1815,0,900,300,0,-30000,0,-125650.00000800006,279.0411764790589,104000.0,647823.5294211765
B_full_historical_outer_1815,0,900,300,0,0,0,-155650.00000800006,310.80588236141193,104000.0,683117.6470682354
B_full_historical_outer_1815,0,900,300,0,0,0,-155650.00000800006,310.80588236141193,104000.0,683117.6470682354
B_full_historical_outer_1815,0,900,300,0,0,0,-155650.00000800006,310.80588236141193,104000.0,683117.6470682354
B_full_historical_outer_1815,0,900,300,0,30000,0,-185650.00000800006,342.57058824376475,104000.0,718411.7647152942
B_full_historical_outer_1815,0,900,300,0,30000,0,-185650.00000800006,342.57058824376475,104000.0,718411.7647152942
B_full_historical_outer_1815,0,900,300,0,30000,0,-185650.00000800006,342.57058824376475,104000.0,718411.7647152942
B_full_historical_outer_1815,0,900,300,10,-30000,0,-86713.64200800005,279.0411764790589,104000.0,647823.5294211765
B_full_historical_outer_1815,0,900,300,10,-30000,0,-86713.64200800005,279.0411764790589,104000.0,647823.5294211765
B_full_historical_outer_1815,0,900,300,10,-30000,0,-86713.64200800005,279.0411764790589,104000.0,647823.5294211765
B_full_historical_outer_1815,0,900,300,10,0,0,-116713.64200800005,310.80588236141193,104000.0,683117.6470682354
B_full_historical_outer_1815,0,900,300,10,0,0,-116713.64200800005,310.80588236141193,104000.0,683117.6470682354
B_full_historical_outer_1815,0,900,300,10,0,0,-116713.64200800005,310.80588236141193,104000.0,683117.6470682354
B_full_historical_outer_1815,0,900,300,10,30000,0,-146713.64200800005,342.57058824376475,104000.0,718411.7647152942
B_full_historical_outer_1815,0,900,300,10,30000,0,-146713.64200800005,342.57058824376475,104000.0,718411.7647152942
B_full_historical_outer_1815,0,900,300,10,30000,0,-146713.64200800005,342.57058824376475,104000.0,718411.7647152942
B_full_historical_outer_1815,0,900,350,0,-30000,0,-125650.00000800006,229.0411764790589,104000.0,647823.5294211765
B_full_historical_outer_1815,0,900,350,0,-30000,0,-125650.00000800006,229.0411764790589,104000.0,647823.5294211765
B_full_historical_outer_1815,0,900,350,0,-30000,0,-125650.00000800006,229.0411764790589,104000.0,647823.5294211765
B_full_historical_outer_1815,0,900,350,0,0,0,-155650.00000800006,260.80588236141193,104000.0,683117.6470682354
B_full_historical_outer_1815,0,900,350,0,0,0,-155650.00000800006,260.80588236141193,104000.0,683117.6470682354
B_full_historical_outer_1815,0,900,350,0,0,0,-155650.00000800006,260.80588236141193,104000.0,683117.6470682354
B_full_historical_outer_1815,0,900,350,0,30000,0,-185650.00000800006,292.57058824376475,104000.0,718411.7647152942
B_full_historical_outer_1815,0,900,350,0,30000,0,-185650.00000800006,292.57058824376475,104000.0,718411.7647152942
B_full_historical_outer_1815,0,900,350,0,30000,0,-185650.00000800006,292.57058824376475,104000.0,718411.7647152942
B_full_historical_outer_1815,0,900,350,10,-30000,0,-86713.64200800005,229.0411764790589,104000.0,647823.5294211765
B_full_historical_outer_1815,0,900,350,10,-30000,0,-86713.64200800005,229.0411764790589,104000.0,647823.5294211765
B_full_historical_outer_1815,0,900,350,10,-30000,0,-86713.64200800005,229.0411764790589,104000.0,647823.5294211765
B_full_historical_outer_1815,0,900,350,10,0,0,-116713.64200800005,260.80588236141193,104000.0,683117.6470682354
B_full_historical_outer_1815,0,900,350,10,0,0,-116713.64200800005,260.80588236141193,104000.0,683117.6470682354
B_full_historical_outer_1815,0,900,350,10,0,0,-116713.64200800005,260.80588236141193,104000.0,683117.6470682354
B_full_historical_outer_1815,0,900,350,10,30000,0,-146713.64200800005,292.57058824376475,104000.0,718411.7647152942
B_full_historical_outer_1815,0,900,350,10,30000,0,-146713.64200800005,292.57058824376475,104000.0,718411.7647152942
B_full_historical_outer_1815,0,900,350,10,30000,0,-146713.64200800005,292.57058824376475,104000.0,718411.7647152942
B_full_historical_outer_1815,0.5,600,250,0,-30000,0,-81450.00000800006,112.99411765270588,52000.0,595823.5294211765
B_full_historical_outer_1815,0.5,600,250,0,-30000,0,-81450.00000800006,112.99411765270588,52000.0,595823.5294211765
B_full_historical_outer_1815,0.5,600,250,0,-30000,0,-81450.00000800006,112.99411765270588,52000.0,595823.5294211765
B_full_historical_outer_1815,0.5,600,250,0,0,0,-111450.00000800006,134.17058824094119,52000.0,631117.6470682353
B_full_historical_outer_1815,0.5,600,250,0,0,0,-111450.00000800006,134.17058824094119,52000.0,631117.6470682353
B_full_historical_outer_1815,0.5,600,250,0,0,0,-111450.00000800006,134.17058824094119,52000.0,631117.6470682353
B_full_historical_outer_1815,0.5,600,250,0,30000,0,-141450.00000800006,155.34705882917655,52000.0,666411.7647152942
B_full_historical_outer_1815,0.5,600,250,0,30000,0,-141450.00000800006,155.34705882917655,52000.0,666411.7647152942
B_full_historical_outer_1815,0.5,600,250,0,30000,0,-141450.00000800006,155.34705882917655,52000.0,666411.7647152942
B_full_historical_outer_1815,0.5,600,250,10,-30000,0,-61858.01700800005,112.99411765270588,52000.0,595823.5294211765
B_full_historical_outer_1815,0.5,600,250,10,-30000,0,-61858.01700800005,112.99411765270588,52000.0,595823.5294211765
B_full_historical_outer_1815,0.5,600,250,10,-30000,0,-61858.01700800005,112.99411765270588,52000.0,595823.5294211765
B_full_historical_outer_1815,0.5,600,250,10,0,0,-91858.01700800005,134.17058824094119,52000.0,631117.6470682353
B_full_historical_outer_1815,0.5,600,250,10,0,0,-91858.01700800005,134.17058824094119,52000.0,631117.6470682353
B_full_historical_outer_1815,0.5,600,250,10,0,0,-91858.01700800005,134.17058824094119,52000.0,631117.6470682353
B_full_historical_outer_1815,0.5,600,250,10,30000,0,-121858.01700800005,155.34705882917655,52000.0,666411.7647152942
B_full_historical_outer_1815,0.5,600,250,10,30000,0,-121858.01700800005,155.34705882917655,52000.0,666411.7647152942
B_full_historical_outer_1815,0.5,600,250,10,30000,0,-121858.01700800005,155.34705882917655,52000.0,666411.7647152942
B_full_historical_outer_1815,0.5,600,300,0,-30000,0,-81450.00000800006,62.99411765270588,52000.0,595823.5294211765
B_full_historical_outer_1815,0.5,600,300,0,-30000,0,-81450.00000800006,62.99411765270588,52000.0,595823.5294211765
B_full_historical_outer_1815,0.5,600,300,0,-30000,0,-81450.00000800006,62.99411765270588,52000.0,595823.5294211765
