## Sheet: scenario_sensitivity.csv (continued)
case,ally_retained_fraction,fr_cost,initial_army_budget_Mfr,years,baseline_task_shift,removed_historical_tax_net_Mfr,human_balance_present,budget_gap_Mfr,lost_B_roster,required_fr_roster
B_select_Berg_1825,0.5,700,250,0,30000,0,3424.9999920000555,95.17941177129404,3500.0,495970.5882447058
B_select_Berg_1825,0.5,700,250,0,30000,30,3424.9999920000555,125.17941177129404,3500.0,495970.5882447058
B_select_Berg_1825,0.5,700,250,0,30000,60,3424.9999920000555,155.17941177129404,3500.0,495970.5882447058
B_select_Berg_1825,0.5,700,250,10,-30000,0,65049.927492000046,45.767647065411666,3500.0,425382.35295058816
B_select_Berg_1825,0.5,700,250,10,-30000,30,65049.927492000046,75.76764706541167,3500.0,425382.35295058816
B_select_Berg_1825,0.5,700,250,10,-30000,60,65049.927492000046,105.76764706541167,3500.0,425382.35295058816
B_select_Berg_1825,0.5,700,250,10,0,0,35049.927492000046,70.47352941835288,3500.0,460676.470597647
B_select_Berg_1825,0.5,700,250,10,0,30,35049.927492000046,100.47352941835288,3500.0,460676.470597647
B_select_Berg_1825,0.5,700,250,10,0,60,35049.927492000046,130.47352941835288,3500.0,460676.470597647
B_select_Berg_1825,0.5,700,250,10,30000,0,5049.927492000046,95.17941177129404,3500.0,495970.5882447058
B_select_Berg_1825,0.5,700,250,10,30000,30,5049.927492000046,125.17941177129404,3500.0,495970.5882447058
B_select_Berg_1825,0.5,700,250,10,30000,60,5049.927492000046,155.17941177129404,3500.0,495970.5882447058
B_select_Berg_1825,0.5,700,300,0,-30000,0,63424.999992000055,-4.232352934588334,3500.0,425382.35295058816
B_select_Berg_1825,0.5,700,300,0,-30000,30,63424.999992000055,25.767647065411666,3500.0,425382.35295058816
B_select_Berg_1825,0.5,700,300,0,-30000,60,63424.999992000055,55.767647065411666,3500.0,425382.35295058816
B_select_Berg_1825,0.5,700,300,0,0,0,33424.999992000055,20.473529418352882,3500.0,460676.470597647
B_select_Berg_1825,0.5,700,300,0,0,30,33424.999992000055,50.47352941835288,3500.0,460676.470597647
B_select_Berg_1825,0.5,700,300,0,0,60,33424.999992000055,80.47352941835288,3500.0,460676.470597647
B_select_Berg_1825,0.5,700,300,0,30000,0,3424.9999920000555,45.17941177129404,3500.0,495970.5882447058
B_select_Berg_1825,0.5,700,300,0,30000,30,3424.9999920000555,75.17941177129404,3500.0,495970.5882447058
B_select_Berg_1825,0.5,700,300,0,30000,60,3424.9999920000555,105.17941177129404,3500.0,495970.5882447058
B_select_Berg_1825,0.5,700,300,10,-30000,0,65049.927492000046,-4.232352934588334,3500.0,425382.35295058816
B_select_Berg_1825,0.5,700,300,10,-30000,30,65049.927492000046,25.767647065411666,3500.0,425382.35295058816
B_select_Berg_1825,0.5,700,300,10,-30000,60,65049.927492000046,55.767647065411666,3500.0,425382.35295058816
B_select_Berg_1825,0.5,700,300,10,0,0,35049.927492000046,20.473529418352882,3500.0,460676.470597647
B_select_Berg_1825,0.5,700,300,10,0,30,35049.927492000046,50.47352941835288,3500.0,460676.470597647
B_select_Berg_1825,0.5,700,300,10,0,60,35049.927492000046,80.47352941835288,3500.0,460676.470597647
B_select_Berg_1825,0.5,700,300,10,30000,0,5049.927492000046,45.17941177129404,3500.0,495970.5882447058
B_select_Berg_1825,0.5,700,300,10,30000,30,5049.927492000046,75.17941177129404,3500.0,495970.5882447058
B_select_Berg_1825,0.5,700,300,10,30000,60,5049.927492000046,105.17941177129404,3500.0,495970.5882447058
B_select_Berg_1825,0.5,700,350,0,-30000,0,63424.999992000055,-54.232352934588334,3500.0,425382.35295058816
B_select_Berg_1825,0.5,700,350,0,-30000,30,63424.999992000055,-24.232352934588334,3500.0,425382.35295058816
B_select_Berg_1825,0.5,700,350,0,-30000,60,63424.999992000055,5.767647065411666,3500.0,425382.35295058816
B_select_Berg_1825,0.5,700,350,0,0,0,33424.999992000055,-29.526470581647118,3500.0,460676.470597647
B_select_Berg_1825,0.5,700,350,0,0,30,33424.999992000055,0.4735294183528822,3500.0,460676.470597647
B_select_Berg_1825,0.5,700,350,0,0,60,33424.999992000055,30.473529418352882,3500.0,460676.470597647
B_select_Berg_1825,0.5,700,350,0,30000,0,3424.9999920000555,-4.820588228705958,3500.0,495970.5882447058
B_select_Berg_1825,0.5,700,350,0,30000,30,3424.9999920000555,25.179411771294042,3500.0,495970.5882447058
B_select_Berg_1825,0.5,700,350,0,30000,60,3424.9999920000555,55.17941177129404,3500.0,495970.5882447058
B_select_Berg_1825,0.5,700,350,10,-30000,0,65049.927492000046,-54.232352934588334,3500.0,425382.35295058816
B_select_Berg_1825,0.5,700,350,10,-30000,30,65049.927492000046,-24.232352934588334,3500.0,425382.35295058816
B_select_Berg_1825,0.5,700,350,10,-30000,60,65049.927492000046,5.767647065411666,3500.0,425382.35295058816
B_select_Berg_1825,0.5,700,350,10,0,0,35049.927492000046,-29.526470581647118,3500.0,460676.470597647
B_select_Berg_1825,0.5,700,350,10,0,30,35049.927492000046,0.4735294183528822,3500.0,460676.470597647
B_select_Berg_1825,0.5,700,350,10,0,60,35049.927492000046,30.473529418352882,3500.0,460676.470597647
B_select_Berg_1825,0.5,700,350,10,30000,0,5049.927492000046,-4.820588228705958,3500.0,495970.5882447058
B_select_Berg_1825,0.5,700,350,10,30000,30,5049.927492000046,25.179411771294042,3500.0,495970.5882447058
B_select_Berg_1825,0.5,700,350,10,30000,60,5049.927492000046,55.17941177129404,3500.0,495970.5882447058
B_select_Berg_1825,0.5,900,250,0,-30000,0,63424.999992000055,130.84411765552932,3500.0,425382.35295058816
B_select_Berg_1825,0.5,900,250,0,-30000,30,63424.999992000055,160.84411765552932,3500.0,425382.35295058816
B_select_Berg_1825,0.5,900,250,0,-30000,60,63424.999992000055,190.84411765552932,3500.0,425382.35295058816
B_select_Berg_1825,0.5,900,250,0,0,0,33424.999992000055,162.6088235378823,3500.0,460676.470597647
B_select_Berg_1825,0.5,900,250,0,0,30,33424.999992000055,192.6088235378823,3500.0,460676.470597647
B_select_Berg_1825,0.5,900,250,0,0,60,33424.999992000055,222.6088235378823,3500.0,460676.470597647
B_select_Berg_1825,0.5,900,250,0,30000,0,3424.9999920000555,194.37352942023523,3500.0,495970.5882447058
B_select_Berg_1825,0.5,900,250,0,30000,30,3424.9999920000555,224.37352942023523,3500.0,495970.5882447058
B_select_Berg_1825,0.5,900,250,0,30000,60,3424.9999920000555,254.37352942023523,3500.0,495970.5882447058
B_select_Berg_1825,0.5,900,250,10,-30000,0,65049.927492000046,130.84411765552932,3500.0,425382.35295058816
B_select_Berg_1825,0.5,900,250,10,-30000,30,65049.927492000046,160.84411765552932,3500.0,425382.35295058816
B_select_Berg_1825,0.5,900,250,10,-30000,60,65049.927492000046,190.84411765552932,3500.0,425382.35295058816
B_select_Berg_1825,0.5,900,250,10,0,0,35049.927492000046,162.6088235378823,3500.0,460676.470597647
B_select_Berg_1825,0.5,900,250,10,0,30,35049.927492000046,192.6088235378823,3500.0,460676.470597647
B_select_Berg_1825,0.5,900,250,10,0,60,35049.927492000046,222.6088235378823,3500.0,460676.470597647
B_select_Berg_1825,0.5,900,250,10,30000,0,5049.927492000046,194.37352942023523,3500.0,495970.5882447058
B_select_Berg_1825,0.5,900,250,10,30000,30,5049.927492000046,224.37352942023523,3500.0,495970.5882447058
B_select_Berg_1825,0.5,900,250,10,30000,60,5049.927492000046,254.37352942023523,3500.0,495970.5882447058
B_select_Berg_1825,0.5,900,300,0,-30000,0,63424.999992000055,80.84411765552932,3500.0,425382.35295058816
B_select_Berg_1825,0.5,900,300,0,-30000,30,63424.999992000055,110.84411765552932,3500.0,425382.35295058816
B_select_Berg_1825,0.5,900,300,0,-30000,60,63424.999992000055,140.84411765552932,3500.0,425382.35295058816
B_select_Berg_1825,0.5,900,300,0,0,0,33424.999992000055,112.6088235378823,3500.0,460676.470597647
B_select_Berg_1825,0.5,900,300,0,0,30,33424.999992000055,142.6088235378823,3500.0,460676.470597647
B_select_Berg_1825,0.5,900,300,0,0,60,33424.999992000055,172.6088235378823,3500.0,460676.470597647
B_select_Berg_1825,0.5,900,300,0,30000,0,3424.9999920000555,144.37352942023523,3500.0,495970.5882447058
B_select_Berg_1825,0.5,900,300,0,30000,30,3424.9999920000555,174.37352942023523,3500.0,495970.5882447058
B_select_Berg_1825,0.5,900,300,0,30000,60,3424.9999920000555,204.37352942023523,3500.0,495970.5882447058
B_select_Berg_1825,0.5,900,300,10,-30000,0,65049.927492000046,80.84411765552932,3500.0,425382.35295058816
B_select_Berg_1825,0.5,900,300,10,-30000,30,65049.927492000046,110.84411765552932,3500.0,425382.35295058816
B_select_Berg_1825,0.5,900,300,10,-30000,60,65049.927492000046,140.84411765552932,3500.0,425382.35295058816
B_select_Berg_1825,0.5,900,300,10,0,0,35049.927492000046,112.6088235378823,3500.0,460676.470597647
B_select_Berg_1825,0.5,900,300,10,0,30,35049.927492000046,142.6088235378823,3500.0,460676.470597647
B_select_Berg_1825,0.5,900,300,10,0,60,35049.927492000046,172.6088235378823,3500.0,460676.470597647
B_select_Berg_1825,0.5,900,300,10,30000,0,5049.927492000046,144.37352942023523,3500.0,495970.5882447058
B_select_Berg_1825,0.5,900,300,10,30000,30,5049.927492000046,174.37352942023523,3500.0,495970.5882447058
B_select_Berg_1825,0.5,900,300,10,30000,60,5049.927492000046,204.37352942023523,3500.0,495970.5882447058
B_select_Berg_1825,0.5,900,350,0,-30000,0,63424.999992000055,30.844117655529317,3500.0,425382.35295058816
B_select_Berg_1825,0.5,900,350,0,-30000,30,63424.999992000055,60.84411765552932,3500.0,425382.35295058816
B_select_Berg_1825,0.5,900,350,0,-30000,60,63424.999992000055,90.84411765552932,3500.0,425382.35295058816
B_select_Berg_1825,0.5,900,350,0,0,0,33424.999992000055,62.6088235378823,3500.0,460676.470597647
B_select_Berg_1825,0.5,900,350,0,0,30,33424.999992000055,92.6088235378823,3500.0,460676.470597647
B_select_Berg_1825,0.5,900,350,0,0,60,33424.999992000055,122.6088235378823,3500.0,460676.470597647
B_select_Berg_1825,0.5,900,350,0,30000,0,3424.9999920000555,94.37352942023523,3500.0,495970.5882447058
B_select_Berg_1825,0.5,900,350,0,30000,30,3424.9999920000555,124.37352942023523,3500.0,495970.5882447058
B_select_Berg_1825,0.5,900,350,0,30000,60,3424.9999920000555,154.37352942023523,3500.0,495970.5882447058
B_select_Berg_1825,0.5,900,350,10,-30000,0,65049.927492000046,30.844117655529317,3500.0,425382.35295058816
B_select_Berg_1825,0.5,900,350,10,-30000,30,65049.927492000046,60.84411765552932,3500.0,425382.35295058816
B_select_Berg_1825,0.5,900,350,10,-30000,60,65049.927492000046,90.84411765552932,3500.0,425382.35295058816
B_select_Berg_1825,0.5,900,350,10,0,0,35049.927492000046,62.6088235378823,3500.0,460676.470597647
B_select_Berg_1825,0.5,900,350,10,0,30,35049.927492000046,92.6088235378823,3500.0,460676.470597647
B_select_Berg_1825,0.5,900,350,10,0,60,35049.927492000046,122.6088235378823,3500.0,460676.470597647
B_select_Berg_1825,0.5,900,350,10,30000,0,5049.927492000046,94.37352942023523,3500.0,495970.5882447058
B_select_Berg_1825,0.5,900,350,10,30000,30,5049.927492000046,124.37352942023523,3500.0,495970.5882447058
B_select_Berg_1825,0.5,900,350,10,30000,60,5049.927492000046,154.37352942023523,3500.0,495970.5882447058
B_select_Berg_1825,1,600,250,0,-30000,0,66399.99999200006,3.1294117703529025,0.0,421882.35295058816
B_select_Berg_1825,1,600,250,0,-30000,30,66399.99999200006,33.1294117703529,0.0,421882.35295058816
B_select_Berg_1825,1,600,250,0,-30000,60,66399.99999200006,63.1294117703529,0.0,421882.35295058816
B_select_Berg_1825,1,600,250,0,0,0,36399.999992000055,24.305882358588235,0.0,457176.470597647
B_select_Berg_1825,1,600,250,0,0,30,36399.999992000055,54.305882358588235,0.0,457176.470597647
B_select_Berg_1825,1,600,250,0,0,60,36399.999992000055,84.30588235858824,0.0,457176.470597647
B_select_Berg_1825,1,600,250,0,30000,0,6399.9999920000555,45.48235294682348,0.0,492470.5882447058
B_select_Berg_1825,1,600,250,0,30000,30,6399.9999920000555,75.48235294682348,0.0,492470.5882447058
B_select_Berg_1825,1,600,250,0,30000,60,6399.9999920000555,105.48235294682348,0.0,492470.5882447058
B_select_Berg_1825,1,600,250,10,-30000,0,66399.99999200006,3.1294117703529025,0.0,421882.35295058816
B_select_Berg_1825,1,600,250,10,-30000,30,66399.99999200006,33.1294117703529,0.0,421882.35295058816
B_select_Berg_1825,1,600,250,10,-30000,60,66399.99999200006,63.1294117703529,0.0,421882.35295058816
B_select_Berg_1825,1,600,250,10,0,0,36399.999992000055,24.305882358588235,0.0,457176.470597647
