## Sheet: scenario_sensitivity.csv (continued)
case,ally_retained_fraction,fr_cost,initial_army_budget_Mfr,years,baseline_task_shift,removed_historical_tax_net_Mfr,human_balance_present,budget_gap_Mfr,lost_B_roster,required_fr_roster
C_province_pressure_1830,0,600,250,10,30000,0,-509745.69449200004,490.2484705938824,170000.0,1170414.1176564707
C_province_pressure_1830,0,600,250,10,30000,0,-509745.69449200004,490.2484705938824,170000.0,1170414.1176564707
C_province_pressure_1830,0,600,300,0,-30000,0,-509852.00000800006,397.8955294174119,170000.0,1099825.8823623531
C_province_pressure_1830,0,600,300,0,-30000,0,-509852.00000800006,397.8955294174119,170000.0,1099825.8823623531
C_province_pressure_1830,0,600,300,0,-30000,0,-509852.00000800006,397.8955294174119,170000.0,1099825.8823623531
C_province_pressure_1830,0,600,300,0,0,0,-539852.0000080001,419.07200000564717,170000.0,1135120.000009412
C_province_pressure_1830,0,600,300,0,0,0,-539852.0000080001,419.07200000564717,170000.0,1135120.000009412
C_province_pressure_1830,0,600,300,0,0,0,-539852.0000080001,419.07200000564717,170000.0,1135120.000009412
C_province_pressure_1830,0,600,300,0,30000,0,-569852.0000080001,440.2484705938824,170000.0,1170414.1176564707
C_province_pressure_1830,0,600,300,0,30000,0,-569852.0000080001,440.2484705938824,170000.0,1170414.1176564707
C_province_pressure_1830,0,600,300,0,30000,0,-569852.0000080001,440.2484705938824,170000.0,1170414.1176564707
C_province_pressure_1830,0,600,300,10,-30000,0,-449745.69449200004,397.8955294174119,170000.0,1099825.8823623531
C_province_pressure_1830,0,600,300,10,-30000,0,-449745.69449200004,397.8955294174119,170000.0,1099825.8823623531
C_province_pressure_1830,0,600,300,10,-30000,0,-449745.69449200004,397.8955294174119,170000.0,1099825.8823623531
C_province_pressure_1830,0,600,300,10,0,0,-479745.69449200004,419.07200000564717,170000.0,1135120.000009412
C_province_pressure_1830,0,600,300,10,0,0,-479745.69449200004,419.07200000564717,170000.0,1135120.000009412
C_province_pressure_1830,0,600,300,10,0,0,-479745.69449200004,419.07200000564717,170000.0,1135120.000009412
C_province_pressure_1830,0,600,300,10,30000,0,-509745.69449200004,440.2484705938824,170000.0,1170414.1176564707
C_province_pressure_1830,0,600,300,10,30000,0,-509745.69449200004,440.2484705938824,170000.0,1170414.1176564707
C_province_pressure_1830,0,600,300,10,30000,0,-509745.69449200004,440.2484705938824,170000.0,1170414.1176564707
C_province_pressure_1830,0,600,350,0,-30000,0,-509852.00000800006,347.8955294174119,170000.0,1099825.8823623531
C_province_pressure_1830,0,600,350,0,-30000,0,-509852.00000800006,347.8955294174119,170000.0,1099825.8823623531
C_province_pressure_1830,0,600,350,0,-30000,0,-509852.00000800006,347.8955294174119,170000.0,1099825.8823623531
C_province_pressure_1830,0,600,350,0,0,0,-539852.0000080001,369.07200000564717,170000.0,1135120.000009412
C_province_pressure_1830,0,600,350,0,0,0,-539852.0000080001,369.07200000564717,170000.0,1135120.000009412
C_province_pressure_1830,0,600,350,0,0,0,-539852.0000080001,369.07200000564717,170000.0,1135120.000009412
C_province_pressure_1830,0,600,350,0,30000,0,-569852.0000080001,390.2484705938824,170000.0,1170414.1176564707
C_province_pressure_1830,0,600,350,0,30000,0,-569852.0000080001,390.2484705938824,170000.0,1170414.1176564707
C_province_pressure_1830,0,600,350,0,30000,0,-569852.0000080001,390.2484705938824,170000.0,1170414.1176564707
C_province_pressure_1830,0,600,350,10,-30000,0,-449745.69449200004,347.8955294174119,170000.0,1099825.8823623531
C_province_pressure_1830,0,600,350,10,-30000,0,-449745.69449200004,347.8955294174119,170000.0,1099825.8823623531
C_province_pressure_1830,0,600,350,10,-30000,0,-449745.69449200004,347.8955294174119,170000.0,1099825.8823623531
C_province_pressure_1830,0,600,350,10,0,0,-479745.69449200004,369.07200000564717,170000.0,1135120.000009412
C_province_pressure_1830,0,600,350,10,0,0,-479745.69449200004,369.07200000564717,170000.0,1135120.000009412
C_province_pressure_1830,0,600,350,10,0,0,-479745.69449200004,369.07200000564717,170000.0,1135120.000009412
C_province_pressure_1830,0,600,350,10,30000,0,-509745.69449200004,390.2484705938824,170000.0,1170414.1176564707
C_province_pressure_1830,0,600,350,10,30000,0,-509745.69449200004,390.2484705938824,170000.0,1170414.1176564707
C_province_pressure_1830,0,600,350,10,30000,0,-509745.69449200004,390.2484705938824,170000.0,1170414.1176564707
C_province_pressure_1830,0,700,250,0,-30000,0,-509852.00000800006,557.8781176536472,170000.0,1099825.8823623531
C_province_pressure_1830,0,700,250,0,-30000,0,-509852.00000800006,557.8781176536472,170000.0,1099825.8823623531
C_province_pressure_1830,0,700,250,0,-30000,0,-509852.00000800006,557.8781176536472,170000.0,1099825.8823623531
C_province_pressure_1830,0,700,250,0,0,0,-539852.0000080001,582.5840000065883,170000.0,1135120.000009412
C_province_pressure_1830,0,700,250,0,0,0,-539852.0000080001,582.5840000065883,170000.0,1135120.000009412
C_province_pressure_1830,0,700,250,0,0,0,-539852.0000080001,582.5840000065883,170000.0,1135120.000009412
C_province_pressure_1830,0,700,250,0,30000,0,-569852.0000080001,607.2898823595295,170000.0,1170414.1176564707
C_province_pressure_1830,0,700,250,0,30000,0,-569852.0000080001,607.2898823595295,170000.0,1170414.1176564707
C_province_pressure_1830,0,700,250,0,30000,0,-569852.0000080001,607.2898823595295,170000.0,1170414.1176564707
C_province_pressure_1830,0,700,250,10,-30000,0,-449745.69449200004,557.8781176536472,170000.0,1099825.8823623531
C_province_pressure_1830,0,700,250,10,-30000,0,-449745.69449200004,557.8781176536472,170000.0,1099825.8823623531
C_province_pressure_1830,0,700,250,10,-30000,0,-449745.69449200004,557.8781176536472,170000.0,1099825.8823623531
C_province_pressure_1830,0,700,250,10,0,0,-479745.69449200004,582.5840000065883,170000.0,1135120.000009412
C_province_pressure_1830,0,700,250,10,0,0,-479745.69449200004,582.5840000065883,170000.0,1135120.000009412
C_province_pressure_1830,0,700,250,10,0,0,-479745.69449200004,582.5840000065883,170000.0,1135120.000009412
C_province_pressure_1830,0,700,250,10,30000,0,-509745.69449200004,607.2898823595295,170000.0,1170414.1176564707
C_province_pressure_1830,0,700,250,10,30000,0,-509745.69449200004,607.2898823595295,170000.0,1170414.1176564707
C_province_pressure_1830,0,700,250,10,30000,0,-509745.69449200004,607.2898823595295,170000.0,1170414.1176564707
C_province_pressure_1830,0,700,300,0,-30000,0,-509852.00000800006,507.8781176536472,170000.0,1099825.8823623531
C_province_pressure_1830,0,700,300,0,-30000,0,-509852.00000800006,507.8781176536472,170000.0,1099825.8823623531
C_province_pressure_1830,0,700,300,0,-30000,0,-509852.00000800006,507.8781176536472,170000.0,1099825.8823623531
C_province_pressure_1830,0,700,300,0,0,0,-539852.0000080001,532.5840000065883,170000.0,1135120.000009412
C_province_pressure_1830,0,700,300,0,0,0,-539852.0000080001,532.5840000065883,170000.0,1135120.000009412
C_province_pressure_1830,0,700,300,0,0,0,-539852.0000080001,532.5840000065883,170000.0,1135120.000009412
C_province_pressure_1830,0,700,300,0,30000,0,-569852.0000080001,557.2898823595295,170000.0,1170414.1176564707
C_province_pressure_1830,0,700,300,0,30000,0,-569852.0000080001,557.2898823595295,170000.0,1170414.1176564707
C_province_pressure_1830,0,700,300,0,30000,0,-569852.0000080001,557.2898823595295,170000.0,1170414.1176564707
C_province_pressure_1830,0,700,300,10,-30000,0,-449745.69449200004,507.8781176536472,170000.0,1099825.8823623531
C_province_pressure_1830,0,700,300,10,-30000,0,-449745.69449200004,507.8781176536472,170000.0,1099825.8823623531
C_province_pressure_1830,0,700,300,10,-30000,0,-449745.69449200004,507.8781176536472,170000.0,1099825.8823623531
C_province_pressure_1830,0,700,300,10,0,0,-479745.69449200004,532.5840000065883,170000.0,1135120.000009412
C_province_pressure_1830,0,700,300,10,0,0,-479745.69449200004,532.5840000065883,170000.0,1135120.000009412
C_province_pressure_1830,0,700,300,10,0,0,-479745.69449200004,532.5840000065883,170000.0,1135120.000009412
C_province_pressure_1830,0,700,300,10,30000,0,-509745.69449200004,557.2898823595295,170000.0,1170414.1176564707
C_province_pressure_1830,0,700,300,10,30000,0,-509745.69449200004,557.2898823595295,170000.0,1170414.1176564707
C_province_pressure_1830,0,700,300,10,30000,0,-509745.69449200004,557.2898823595295,170000.0,1170414.1176564707
C_province_pressure_1830,0,700,350,0,-30000,0,-509852.00000800006,457.8781176536472,170000.0,1099825.8823623531
C_province_pressure_1830,0,700,350,0,-30000,0,-509852.00000800006,457.8781176536472,170000.0,1099825.8823623531
C_province_pressure_1830,0,700,350,0,-30000,0,-509852.00000800006,457.8781176536472,170000.0,1099825.8823623531
C_province_pressure_1830,0,700,350,0,0,0,-539852.0000080001,482.5840000065883,170000.0,1135120.000009412
C_province_pressure_1830,0,700,350,0,0,0,-539852.0000080001,482.5840000065883,170000.0,1135120.000009412
C_province_pressure_1830,0,700,350,0,0,0,-539852.0000080001,482.5840000065883,170000.0,1135120.000009412
C_province_pressure_1830,0,700,350,0,30000,0,-569852.0000080001,507.28988235952954,170000.0,1170414.1176564707
C_province_pressure_1830,0,700,350,0,30000,0,-569852.0000080001,507.28988235952954,170000.0,1170414.1176564707
C_province_pressure_1830,0,700,350,0,30000,0,-569852.0000080001,507.28988235952954,170000.0,1170414.1176564707
C_province_pressure_1830,0,700,350,10,-30000,0,-449745.69449200004,457.8781176536472,170000.0,1099825.8823623531
C_province_pressure_1830,0,700,350,10,-30000,0,-449745.69449200004,457.8781176536472,170000.0,1099825.8823623531
C_province_pressure_1830,0,700,350,10,-30000,0,-449745.69449200004,457.8781176536472,170000.0,1099825.8823623531
C_province_pressure_1830,0,700,350,10,0,0,-479745.69449200004,482.5840000065883,170000.0,1135120.000009412
C_province_pressure_1830,0,700,350,10,0,0,-479745.69449200004,482.5840000065883,170000.0,1135120.000009412
C_province_pressure_1830,0,700,350,10,0,0,-479745.69449200004,482.5840000065883,170000.0,1135120.000009412
C_province_pressure_1830,0,700,350,10,30000,0,-509745.69449200004,507.28988235952954,170000.0,1170414.1176564707
C_province_pressure_1830,0,700,350,10,30000,0,-509745.69449200004,507.28988235952954,170000.0,1170414.1176564707
C_province_pressure_1830,0,700,350,10,30000,0,-509745.69449200004,507.28988235952954,170000.0,1170414.1176564707
C_province_pressure_1830,0,900,250,0,-30000,0,-509852.00000800006,777.8432941261178,170000.0,1099825.8823623531
C_province_pressure_1830,0,900,250,0,-30000,0,-509852.00000800006,777.8432941261178,170000.0,1099825.8823623531
C_province_pressure_1830,0,900,250,0,-30000,0,-509852.00000800006,777.8432941261178,170000.0,1099825.8823623531
C_province_pressure_1830,0,900,250,0,0,0,-539852.0000080001,809.6080000084708,170000.0,1135120.000009412
C_province_pressure_1830,0,900,250,0,0,0,-539852.0000080001,809.6080000084708,170000.0,1135120.000009412
C_province_pressure_1830,0,900,250,0,0,0,-539852.0000080001,809.6080000084708,170000.0,1135120.000009412
C_province_pressure_1830,0,900,250,0,30000,0,-569852.0000080001,841.3727058908237,170000.0,1170414.1176564707
C_province_pressure_1830,0,900,250,0,30000,0,-569852.0000080001,841.3727058908237,170000.0,1170414.1176564707
C_province_pressure_1830,0,900,250,0,30000,0,-569852.0000080001,841.3727058908237,170000.0,1170414.1176564707
C_province_pressure_1830,0,900,250,10,-30000,0,-449745.69449200004,777.8432941261178,170000.0,1099825.8823623531
C_province_pressure_1830,0,900,250,10,-30000,0,-449745.69449200004,777.8432941261178,170000.0,1099825.8823623531
C_province_pressure_1830,0,900,250,10,-30000,0,-449745.69449200004,777.8432941261178,170000.0,1099825.8823623531
C_province_pressure_1830,0,900,250,10,0,0,-479745.69449200004,809.6080000084708,170000.0,1135120.000009412
C_province_pressure_1830,0,900,250,10,0,0,-479745.69449200004,809.6080000084708,170000.0,1135120.000009412
C_province_pressure_1830,0,900,250,10,0,0,-479745.69449200004,809.6080000084708,170000.0,1135120.000009412
C_province_pressure_1830,0,900,250,10,30000,0,-509745.69449200004,841.3727058908237,170000.0,1170414.1176564707
