## Sheet: scenario_sensitivity.csv (continued)
case,ally_retained_fraction,fr_cost,initial_army_budget_Mfr,years,baseline_task_shift,removed_historical_tax_net_Mfr,human_balance_present,budget_gap_Mfr,lost_B_roster,required_fr_roster
C_province_pressure_1830,0.5,700,250,10,30000,0,-466032.5164920001,556.2898823595295,85000.0,1085414.1176564707
C_province_pressure_1830,0.5,700,250,10,30000,0,-466032.5164920001,556.2898823595295,85000.0,1085414.1176564707
C_province_pressure_1830,0.5,700,250,10,30000,0,-466032.5164920001,556.2898823595295,85000.0,1085414.1176564707
C_province_pressure_1830,0.5,700,300,0,-30000,0,-437602.00000800006,456.8781176536471,85000.0,1014825.882362353
C_province_pressure_1830,0.5,700,300,0,-30000,0,-437602.00000800006,456.8781176536471,85000.0,1014825.882362353
C_province_pressure_1830,0.5,700,300,0,-30000,0,-437602.00000800006,456.8781176536471,85000.0,1014825.882362353
C_province_pressure_1830,0.5,700,300,0,0,0,-467602.00000800006,481.5840000065883,85000.0,1050120.000009412
C_province_pressure_1830,0.5,700,300,0,0,0,-467602.00000800006,481.5840000065883,85000.0,1050120.000009412
C_province_pressure_1830,0.5,700,300,0,0,0,-467602.00000800006,481.5840000065883,85000.0,1050120.000009412
C_province_pressure_1830,0.5,700,300,0,30000,0,-497602.00000800006,506.28988235952954,85000.0,1085414.1176564707
C_province_pressure_1830,0.5,700,300,0,30000,0,-497602.00000800006,506.28988235952954,85000.0,1085414.1176564707
C_province_pressure_1830,0.5,700,300,0,30000,0,-497602.00000800006,506.28988235952954,85000.0,1085414.1176564707
C_province_pressure_1830,0.5,700,300,10,-30000,0,-406032.5164920001,456.8781176536471,85000.0,1014825.882362353
C_province_pressure_1830,0.5,700,300,10,-30000,0,-406032.5164920001,456.8781176536471,85000.0,1014825.882362353
C_province_pressure_1830,0.5,700,300,10,-30000,0,-406032.5164920001,456.8781176536471,85000.0,1014825.882362353
C_province_pressure_1830,0.5,700,300,10,0,0,-436032.5164920001,481.5840000065883,85000.0,1050120.000009412
C_province_pressure_1830,0.5,700,300,10,0,0,-436032.5164920001,481.5840000065883,85000.0,1050120.000009412
C_province_pressure_1830,0.5,700,300,10,0,0,-436032.5164920001,481.5840000065883,85000.0,1050120.000009412
C_province_pressure_1830,0.5,700,300,10,30000,0,-466032.5164920001,506.28988235952954,85000.0,1085414.1176564707
C_province_pressure_1830,0.5,700,300,10,30000,0,-466032.5164920001,506.28988235952954,85000.0,1085414.1176564707
C_province_pressure_1830,0.5,700,300,10,30000,0,-466032.5164920001,506.28988235952954,85000.0,1085414.1176564707
C_province_pressure_1830,0.5,700,350,0,-30000,0,-437602.00000800006,406.8781176536471,85000.0,1014825.882362353
C_province_pressure_1830,0.5,700,350,0,-30000,0,-437602.00000800006,406.8781176536471,85000.0,1014825.882362353
C_province_pressure_1830,0.5,700,350,0,-30000,0,-437602.00000800006,406.8781176536471,85000.0,1014825.882362353
C_province_pressure_1830,0.5,700,350,0,0,0,-467602.00000800006,431.5840000065883,85000.0,1050120.000009412
C_province_pressure_1830,0.5,700,350,0,0,0,-467602.00000800006,431.5840000065883,85000.0,1050120.000009412
C_province_pressure_1830,0.5,700,350,0,0,0,-467602.00000800006,431.5840000065883,85000.0,1050120.000009412
C_province_pressure_1830,0.5,700,350,0,30000,0,-497602.00000800006,456.28988235952954,85000.0,1085414.1176564707
C_province_pressure_1830,0.5,700,350,0,30000,0,-497602.00000800006,456.28988235952954,85000.0,1085414.1176564707
C_province_pressure_1830,0.5,700,350,0,30000,0,-497602.00000800006,456.28988235952954,85000.0,1085414.1176564707
C_province_pressure_1830,0.5,700,350,10,-30000,0,-406032.5164920001,406.8781176536471,85000.0,1014825.882362353
C_province_pressure_1830,0.5,700,350,10,-30000,0,-406032.5164920001,406.8781176536471,85000.0,1014825.882362353
C_province_pressure_1830,0.5,700,350,10,-30000,0,-406032.5164920001,406.8781176536471,85000.0,1014825.882362353
C_province_pressure_1830,0.5,700,350,10,0,0,-436032.5164920001,431.5840000065883,85000.0,1050120.000009412
C_province_pressure_1830,0.5,700,350,10,0,0,-436032.5164920001,431.5840000065883,85000.0,1050120.000009412
C_province_pressure_1830,0.5,700,350,10,0,0,-436032.5164920001,431.5840000065883,85000.0,1050120.000009412
C_province_pressure_1830,0.5,700,350,10,30000,0,-466032.5164920001,456.28988235952954,85000.0,1085414.1176564707
C_province_pressure_1830,0.5,700,350,10,30000,0,-466032.5164920001,456.28988235952954,85000.0,1085414.1176564707
C_province_pressure_1830,0.5,700,350,10,30000,0,-466032.5164920001,456.28988235952954,85000.0,1085414.1176564707
C_province_pressure_1830,0.5,900,250,0,-30000,0,-437602.00000800006,709.8432941261177,85000.0,1014825.882362353
C_province_pressure_1830,0.5,900,250,0,-30000,0,-437602.00000800006,709.8432941261177,85000.0,1014825.882362353
C_province_pressure_1830,0.5,900,250,0,-30000,0,-437602.00000800006,709.8432941261177,85000.0,1014825.882362353
C_province_pressure_1830,0.5,900,250,0,0,0,-467602.00000800006,741.6080000084708,85000.0,1050120.000009412
C_province_pressure_1830,0.5,900,250,0,0,0,-467602.00000800006,741.6080000084708,85000.0,1050120.000009412
C_province_pressure_1830,0.5,900,250,0,0,0,-467602.00000800006,741.6080000084708,85000.0,1050120.000009412
C_province_pressure_1830,0.5,900,250,0,30000,0,-497602.00000800006,773.3727058908237,85000.0,1085414.1176564707
C_province_pressure_1830,0.5,900,250,0,30000,0,-497602.00000800006,773.3727058908237,85000.0,1085414.1176564707
C_province_pressure_1830,0.5,900,250,0,30000,0,-497602.00000800006,773.3727058908237,85000.0,1085414.1176564707
C_province_pressure_1830,0.5,900,250,10,-30000,0,-406032.5164920001,709.8432941261177,85000.0,1014825.882362353
C_province_pressure_1830,0.5,900,250,10,-30000,0,-406032.5164920001,709.8432941261177,85000.0,1014825.882362353
C_province_pressure_1830,0.5,900,250,10,-30000,0,-406032.5164920001,709.8432941261177,85000.0,1014825.882362353
C_province_pressure_1830,0.5,900,250,10,0,0,-436032.5164920001,741.6080000084708,85000.0,1050120.000009412
C_province_pressure_1830,0.5,900,250,10,0,0,-436032.5164920001,741.6080000084708,85000.0,1050120.000009412
C_province_pressure_1830,0.5,900,250,10,0,0,-436032.5164920001,741.6080000084708,85000.0,1050120.000009412
C_province_pressure_1830,0.5,900,250,10,30000,0,-466032.5164920001,773.3727058908237,85000.0,1085414.1176564707
C_province_pressure_1830,0.5,900,250,10,30000,0,-466032.5164920001,773.3727058908237,85000.0,1085414.1176564707
C_province_pressure_1830,0.5,900,250,10,30000,0,-466032.5164920001,773.3727058908237,85000.0,1085414.1176564707
C_province_pressure_1830,0.5,900,300,0,-30000,0,-437602.00000800006,659.8432941261177,85000.0,1014825.882362353
C_province_pressure_1830,0.5,900,300,0,-30000,0,-437602.00000800006,659.8432941261177,85000.0,1014825.882362353
C_province_pressure_1830,0.5,900,300,0,-30000,0,-437602.00000800006,659.8432941261177,85000.0,1014825.882362353
C_province_pressure_1830,0.5,900,300,0,0,0,-467602.00000800006,691.6080000084708,85000.0,1050120.000009412
C_province_pressure_1830,0.5,900,300,0,0,0,-467602.00000800006,691.6080000084708,85000.0,1050120.000009412
C_province_pressure_1830,0.5,900,300,0,0,0,-467602.00000800006,691.6080000084708,85000.0,1050120.000009412
C_province_pressure_1830,0.5,900,300,0,30000,0,-497602.00000800006,723.3727058908237,85000.0,1085414.1176564707
C_province_pressure_1830,0.5,900,300,0,30000,0,-497602.00000800006,723.3727058908237,85000.0,1085414.1176564707
C_province_pressure_1830,0.5,900,300,0,30000,0,-497602.00000800006,723.3727058908237,85000.0,1085414.1176564707
C_province_pressure_1830,0.5,900,300,10,-30000,0,-406032.5164920001,659.8432941261177,85000.0,1014825.882362353
C_province_pressure_1830,0.5,900,300,10,-30000,0,-406032.5164920001,659.8432941261177,85000.0,1014825.882362353
C_province_pressure_1830,0.5,900,300,10,-30000,0,-406032.5164920001,659.8432941261177,85000.0,1014825.882362353
C_province_pressure_1830,0.5,900,300,10,0,0,-436032.5164920001,691.6080000084708,85000.0,1050120.000009412
C_province_pressure_1830,0.5,900,300,10,0,0,-436032.5164920001,691.6080000084708,85000.0,1050120.000009412
C_province_pressure_1830,0.5,900,300,10,0,0,-436032.5164920001,691.6080000084708,85000.0,1050120.000009412
C_province_pressure_1830,0.5,900,300,10,30000,0,-466032.5164920001,723.3727058908237,85000.0,1085414.1176564707
C_province_pressure_1830,0.5,900,300,10,30000,0,-466032.5164920001,723.3727058908237,85000.0,1085414.1176564707
C_province_pressure_1830,0.5,900,300,10,30000,0,-466032.5164920001,723.3727058908237,85000.0,1085414.1176564707
C_province_pressure_1830,0.5,900,350,0,-30000,0,-437602.00000800006,609.8432941261177,85000.0,1014825.882362353
C_province_pressure_1830,0.5,900,350,0,-30000,0,-437602.00000800006,609.8432941261177,85000.0,1014825.882362353
C_province_pressure_1830,0.5,900,350,0,-30000,0,-437602.00000800006,609.8432941261177,85000.0,1014825.882362353
C_province_pressure_1830,0.5,900,350,0,0,0,-467602.00000800006,641.6080000084708,85000.0,1050120.000009412
C_province_pressure_1830,0.5,900,350,0,0,0,-467602.00000800006,641.6080000084708,85000.0,1050120.000009412
C_province_pressure_1830,0.5,900,350,0,0,0,-467602.00000800006,641.6080000084708,85000.0,1050120.000009412
C_province_pressure_1830,0.5,900,350,0,30000,0,-497602.00000800006,673.3727058908237,85000.0,1085414.1176564707
C_province_pressure_1830,0.5,900,350,0,30000,0,-497602.00000800006,673.3727058908237,85000.0,1085414.1176564707
C_province_pressure_1830,0.5,900,350,0,30000,0,-497602.00000800006,673.3727058908237,85000.0,1085414.1176564707
C_province_pressure_1830,0.5,900,350,10,-30000,0,-406032.5164920001,609.8432941261177,85000.0,1014825.882362353
C_province_pressure_1830,0.5,900,350,10,-30000,0,-406032.5164920001,609.8432941261177,85000.0,1014825.882362353
C_province_pressure_1830,0.5,900,350,10,-30000,0,-406032.5164920001,609.8432941261177,85000.0,1014825.882362353
C_province_pressure_1830,0.5,900,350,10,0,0,-436032.5164920001,641.6080000084708,85000.0,1050120.000009412
C_province_pressure_1830,0.5,900,350,10,0,0,-436032.5164920001,641.6080000084708,85000.0,1050120.000009412
C_province_pressure_1830,0.5,900,350,10,0,0,-436032.5164920001,641.6080000084708,85000.0,1050120.000009412
C_province_pressure_1830,0.5,900,350,10,30000,0,-466032.5164920001,673.3727058908237,85000.0,1085414.1176564707
C_province_pressure_1830,0.5,900,350,10,30000,0,-466032.5164920001,673.3727058908237,85000.0,1085414.1176564707
C_province_pressure_1830,0.5,900,350,10,30000,0,-466032.5164920001,673.3727058908237,85000.0,1085414.1176564707
C_province_pressure_1830,1,600,250,0,-30000,0,-365352.00000800006,362.8955294174118,0.0,929825.882362353
C_province_pressure_1830,1,600,250,0,-30000,0,-365352.00000800006,362.8955294174118,0.0,929825.882362353
C_province_pressure_1830,1,600,250,0,-30000,0,-365352.00000800006,362.8955294174118,0.0,929825.882362353
C_province_pressure_1830,1,600,250,0,0,0,-395352.00000800006,384.07200000564706,0.0,965120.0000094118
C_province_pressure_1830,1,600,250,0,0,0,-395352.00000800006,384.07200000564706,0.0,965120.0000094118
C_province_pressure_1830,1,600,250,0,0,0,-395352.00000800006,384.07200000564706,0.0,965120.0000094118
C_province_pressure_1830,1,600,250,0,30000,0,-425352.00000800006,405.2484705938824,0.0,1000414.1176564707
C_province_pressure_1830,1,600,250,0,30000,0,-425352.00000800006,405.2484705938824,0.0,1000414.1176564707
C_province_pressure_1830,1,600,250,0,30000,0,-425352.00000800006,405.2484705938824,0.0,1000414.1176564707
C_province_pressure_1830,1,600,250,10,-30000,0,-362319.338492,362.8955294174118,0.0,929825.882362353
C_province_pressure_1830,1,600,250,10,-30000,0,-362319.338492,362.8955294174118,0.0,929825.882362353
C_province_pressure_1830,1,600,250,10,-30000,0,-362319.338492,362.8955294174118,0.0,929825.882362353
C_province_pressure_1830,1,600,250,10,0,0,-392319.338492,384.07200000564706,0.0,965120.0000094118
C_province_pressure_1830,1,600,250,10,0,0,-392319.338492,384.07200000564706,0.0,965120.0000094118
C_province_pressure_1830,1,600,250,10,0,0,-392319.338492,384.07200000564706,0.0,965120.0000094118
