Rural Change and Royal Finances in Spain



              0–6             39           42                                                               81



             7–15             35           22                                                               57



            16–24             21           18           3            2                                      44



            25–39             8             2          27            33           1            1            72



            40–49                                      16            16           4            2            38



         50 and over                                   19            10           8            17           54



             Total           103           84          65            61           13           20          346



            El Mirón



              0–6             36           32                                                               68



             7–15             46           46           1            1                                      94



            16–24             3                        36            37                        1            77



            25–39                                      16            17                                     33



            40–49                                       6            6            1            1            14



         50 and over                                    7            7            5            6            25



             Total            85           78          66            68           6            8           311



             Baños



              0–6            125           137                                                             262



             7–15            148           143                                                             291



            16–24            111           117         23            34                        1           286



            25–39             57           42          135          153           3            15          405



            40–49             16            9          90            80           7            18          220



         50 and over          10           20          79            68           26           87          290



             Total           467           468         327          335           36          121         1,754



            Lopera a



              0–6            136           119                                                             255



             7–15            126           119          1            1                                     247



            16–24             79           79          50            53                                    261



            25–39             23           36          96           113           4            13          285




http://publishing.cdlib.org/ucpressebooks/view?docId=ft4d5nb394;chunk.id=0;doc.view=print[1/22/2011 11:30:51 AM]
