1806;FRANCE;0;0.2958;1000
1806;FRANCE;5;0.0387;704
1806;FRANCE;10;0.0251;677
1806;FRANCE;15;0.0363;660
1806;FRANCE;20;0.0470;636
1806;FRANCE;25;0.0506;606
1806;FRANCE;30;0.0538;575
1806;FRANCE;35;0.0571;545
1806;FRANCE;40;0.0605;513
1806;FRANCE;45;0.0661;482
1806;FRANCE;50;0.0827;451
1806;FRANCE;55;0.1107;413
1806;FRANCE;60;0.1581;368
1806;FRANCE;65;0.2274;309
1806;FRANCE;70;0.3282;239
1806;FRANCE;75;0.4613;161
1806;FRANCE;80;0.6178;87
1806;FRANCE;85;0.7759;33
1806;FRANCE;90;0.9023;7
