## Sheet: A1. Bank of England B'Sheet (continued)
	A	B	C	D	E	F	G	H	I	J	K	L	M	N	O	P	Q	R	S	T	U	V	W	X	Y	Z	AA	AB	AC	AD	AE	AF	AG	AH	AI	AJ	AK	AL	AM	AN
193	1883	89.011208	75.839458	51.00	38.00736500000001		11.0151	17.118272		24.563519	8.442				23.142567		13.17175		24.84	13.17175		0.171006		14.553	3.770042			32.509795	9.697		9.478					13.334		89.011208	75.839458	0
194	1884	89.54207	76.51160999999999	52.33	37.211059999999996		11.0151	18.187963		24.812634	9.447				22.495913		13.03046		24.18	13.03046		0.151557		14.553	3.356333			34.27012	11.244		9.636					13.39		89.54207	76.51160999999999	-1.7763568394002505e-14
195	1885	92.162662	76.769592	53.35	38.811910000000005		11.0151	18.786701		22.749458	6.6850000000000005				24.218333		15.39307		23.42	15.39307		0.150567		14.553	3.458725			35.18846	10.784		9.631					14.774		92.16266200000001	76.76959200000002	1.2434497875801753e-14
196	1886	86.623619	72.464099	49.02	37.601079999999996		11.0151	18.504585		19.952744	3.9610000000000003				22.99167		14.15952		23.44	14.15952		0.209082		14.553	3.400029			30.860428	7.69		9.902					13.268		86.623619	72.464099	1.5987211554602254e-14
197	1887	86.496617	72.303847	49.06	37.438554999999994		11.0151	17.864682		20.347222	5.431				23.076843		14.19277		23.25	14.19277		0.164113		14.553	3.438119			30.90283	7.937		10.361					12.605		86.49661700000001	72.30384700000002	3.108624468950438e-14
198	1888	90.877197	76.63193199999999	53.45	37.42893500000001		11.0151	21.430132		21.415943	6.144				22.770757		14.245265		23.18	14.245265		0.17785		14.553	3.741525			34.975887	11.739		10.373					12.864		90.877197	76.63193199999999	0
199	1889	89.052942	75.209942	52.17	36.885464999999996		11.0151	19.684761		22.782259	9.292000000000002				21.727822		13.843		23.04	13.843		0.19044		14.553	3.459553			33.964484	10.629		9.932					13.403		89.052942	75.209942	0
200	1890	92.441807	76.620577	53.55	38.89108999999999		11.0151	19.198494		22.970519	11.907				23.436464		15.82123		23.07	15.82123		0.182288		14.553	3.468514			35.346915	10.751		10.828					13.768		92.44180700000001	76.62057700000001	1.7763568394002505e-14
201	1891	98.501643	83.390073	59.77	38.726870000000005		11.0151	17.870131		31.191298	21.177999999999997				23.313544		15.11157		23.62	15.11157		0.206342		14.553	3.51758			41.497851	13.028		13.069					15.401		98.501643	83.390073	0
202	1892	96.040841	80.576326	55.99	40.05506999999999		11.0151	15.941097		28.759815	19.649				24.860314		15.464515		24.59	15.464515		0.171658		14.553	3.480332			37.780781	9.702		13.701					14.378		96.040841	80.576326	0
203	1893	97.377102	79.938092	55.43	41.95049999999999		11.0151	16.662152		25.023336	15.181000000000003				27.237504		17.43901		24.51	17.43901		0.194574		14.553	3.497567			37.181461	8.272		14.402					14.508		97.37710200000001	79.93809200000001	1.9539925233402755e-14
204	1894	102.396251	82.29498600000001	57.99	44.409665000000004		11.0151	14.723483		26.525879	17.677				30.030524		20.101265		24.31	20.101265		0.16238		14.553	3.666621			39.604585	10.135		15.195					14.275		102.396251	82.29498600000001	0
205	1895	111.535229	85.137694	60.34	51.19170000000001		11.0151	18.263388		18.774603	9.668				37.084603		26.397535		24.79	26.397535		0.121773		14.553	3.417264			42.251492	10.194		15.924					16.134		111.535229	85.137694	0
206	1896	146.035039	107.54694400000001	82.63	63.407430000000005		11.0151	20.354228		27.061603	10.872				49.116013		38.488095		24.92	38.488095		0.154642		14.553	3.397001			64.522966	17.011		17.295					30.217		146.035039	107.54694400000001	1.4210854715202004e-14
207	1897	128.069694	100.319489	74.76	53.314144999999996		11.0151	20.873758		29.401361	12.759				39.02927		27.750205		25.56	27.750205		0.152459		14.553	3.532991			56.517099	16.234		16.161					24.122		128.069694	100.319489	1.4210854715202004e-14
208	1898	121.895471	99.87785600000001	73.52	48.37107999999999		11.0151	19.779465		35.046076	17.626				34.037215		22.017615		26.35	22.017615		0.131585		14.553	3.482523			55.357283	18.595		18.164					18.598		121.89547100000001	99.87785600000001	0
209	1899	120.392937	97.879912	71.65	48.73837999999999		11.0151	19.218074		33.583887	16.867				34.062851		22.513025		26.23	22.513025		0.134549		14.553	3.512128			53.45488	15.203		19.27					18.982		120.392937	97.879912	0
210	1900	125.031544	102.442814	74.00	51.026714999999996		11.0151	23.838325		31.617338	15.328				35.972051		22.58873		28.44	22.58873		0.149359		14.553	3.752158			55.550312	15.415		23.05					17.086		125.031544	102.442814	0
211	1901	124.46528	101.18730000000001	72.58	51.881105000000005		11.0151	18.87428		35.438975	20.989				35.858945		23.27798		28.60	23.27798		0.193333		14.553	3.546284			54.291558	12.924		24.405					16.962		124.46528	101.18730000000001	0
212	1902	131.699522	106.890277	78.40	53.29673		11.0151	24.034386		33.988508	20.793999999999997				37.852283		24.809245		28.49	24.809245		0.217213		14.553	3.600073			60.032506	18.029		26.062					15.942		131.699522	106.890277	0
213	1903	125.498667	101.41927199999999	73.31	52.185795		11.0151	21.994153		32.364523	20.048				36.045496		24.079395		28.11	24.079395		0.133906		14.553	3.623686			55.00228	12.368		25.266					17.368		125.49866700000001	101.419272	0
214	1904	124.031292	99.691542	72.06	51.96893		11.0151	26.664734		26.527686	14.551				35.484022		24.33975		27.63	24.33975		0.203448		14.553	3.635565			53.670349	14.066		24.298					15.306		124.03129200000001	99.69154200000001	-1.5987211554602254e-14
215	1905	128.52531	100.215595	73.23	55.29658499999999		11.0151	23.038485		27.308787	14.171				38.853223		28.309715		26.99	28.309715		0.102316		14.553	3.530717			55.042692	16.431		21.792					16.82		128.52531	100.215595	0
216	1906	135.807221	110.134821	81.87	53.93832999999999		11.0151	23.823767		38.03207	25.468000000000004				37.263884		25.6724		28.27	25.6724		0.089358		14.553	3.680896			63.545637	18.096		24.275					21.174		135.807221	110.134821	0
217	1907	129.753493	103.86518799999999	75.98	53.773495		11.0151	22.888656		33.231809	18.714				36.729623		25.888305		27.89	25.888305		0.076211		14.553	3.630501			57.720286	14.98		23.853					18.887		129.753493	103.86518799999999	0
218	1908	135.533128	106.938008	79.13	56.405625000000015		11.0151	21.762116		34.840075	21.367				39.320717		28.59512		27.81	28.59512		0.066237		14.553	3.601915			60.906351	17.178		26.535					17.194		135.533128	106.938008	0
219	1909	130.27633	104.22679500000001	75.58	54.698859999999996		11.0151	22.13579		33.198243	16.901				37.877662		26.049535		28.65	26.049535		0.046568		14.553	3.459666			57.518236	14.275		25.556					17.687		130.27633	104.22679500000001	0
220	1910	124.670138	98.50387799999999	70.76	53.91448000000001		11.0151	21.448324		29.407651	13.453				36.632803		26.16626		27.75	26.16626		0.037293		14.553	3.506017			52.659348	8.251		26.218					18.191		124.67013800000001	98.50387800000001	0
221	1911	130.621083	102.190563	75.08	55.54084		11.0151	22.265393		30.712918	14.483				38.197152		28.43052		27.11	28.43052		0.032572		14.553	3.569392			56.925279	16.875		26.972					13.078		130.621083	102.190563	0
222	1912	141.688608	112.49789799999999	84.51	57.17950499999999		11.0151	22.550936		38.860739	21.070999999999998				40.071123		29.19071		27.99	29.19071		0.013588		14.553	3.54233			66.400185	21.57		28.406					16.424		141.688608	112.49789799999999	0
223	1913	138.453839	111.06702399999999	83.36	55.094804999999994		11.0151	20.469046		41.869871	21.927				37.713007		27.386815		27.71	27.386815		0.026177		14.553	3.564338			65.215519	23.549		28.544					13.123		138.45383900000002	111.06702400000002	3.552713678800501e-14
224	1914	141.970235	110.39408	82.18	59.786215		11.0151	18.687758		37.986182	16.344				42.70504		31.576155		28.21	31.576155		0.013065		14.553	3.543013			64.074942	20.637		30.303					13.135		141.970235	110.39408	0
225	1915	258.734178	212.177503	177.95	80.77955500000002		11.0151	34.359184		102.931679	70.359				63.87154		46.556675		34.22	46.556675		0.038304		14.553	3.569837			159.793482	26.925		70.86200000000001					62.006999999999984		258.73417800000004	212.17750300000006	0
226	1916	239.77151	199.61310500000002	167.11	72.66626499999998		11.0151	40.2742		93.336312	37.978				54.987493		40.158405		32.51	40.158405		0.023611		14.553	3.514962			149.013672	52.619707		40.018					56.375965		239.77151000000003	199.61310500000002	0
227	1917	305.158246	272.575086	233.99	71.16787000000002		11.0151	89.880759		117.383137	74.951				54.29609		32.58316		38.58	32.58316		0.027726		14.553	3.571262			215.838388	47.846179		59.345					108.647209		305.158246	272.575086	0
228	1918	262.280396	232.794346	185.54	76.73727500000001		11.0151	63.784982		98.641366	33.889				59.352898		29.48605		47.25	29.48605		0.010219		14.553	3.563021			167.416881	42.649718		42.875					81.892163		262.280396	232.794346	0
229	1919	261.969922	233.405502	163.07	98.90016500000002		11.0151	57.631644		83.130365	41.087				81.628393		28.56442		70.34	28.56442		0.023751		14.553	3.499563			144.993443	25.823		50.215999999999994					68.953		261.969922	233.405502	0
230	1920	336.390198	304.752748	208.23	128.16388999999998		11.0151	92.587423		90.704526	22.558				110.445699		31.63745		96.53	31.63745		0.017224		14.553	3.509269			190.146815	17.322		85.78800000000001					87.03599999999999		336.39019799999994	304.75274799999994	-4.973799150320701e-14
231	1921	290.290819	273.028244	145.33	144.96048499999998		11.0151	38.465056		95.220101	25.27				128.327987		17.262575		127.70	17.262575		0.009237		14.553	3.520989			127.247108	15.988		64.401					46.858000000000004		290.29081900000006	273.0282440000001	0
232	1922	301.229798	277.395803	155.85	145.37968999999998		11.0151	55.980466		81.6387	9.984				128.761537		23.833995		121.55	23.833995		0.014536		14.553	3.52711			137.755462	27.808		71.625					38.322		301.22979799999996	277.39580299999994	-9.414691248821327e-14
233	1923	295.130098	273.644593	149.70	145.42594499999998		11.0151	56.01778		79.10743	16.636				127.504283		21.485505		123.94	21.485505		0.018662		14.553	3.67667			131.455821	20.907		68.977					41.571		295.130098	273.644593	0
234	1924	287.718511	267.27534599999996	141.70	146.02236		11.0151	59.932355		68.221595	7.12				128.106296		20.443165		125.58	20.443165		0.007153		14.553	3.593008			123.54299	13.107		68.56					41.876		287.718511	267.27534599999996	-6.128431095930864e-14
235	1925	286.371573	264.66361800000004	139.86	146.51102		11.0151	50.66173		74.399631	14.073				128.587157		21.707955		124.80	21.707955		0.011225		14.553	3.609677			121.686651	16.144		64.12299999999999					41.42000000000001		286.371573	264.66361800000004	2.1316282072803006e-14
236	1926	303.340691	281.542711	140.40	162.93617		11.0151	46.977728		79.056415	16.653				144.493468		21.79798		141.14	21.79798		0.003416		14.553	3.606504			122.241601	16.065		65.632					40.54399999999999		303.340691	281.542711	3.552713678800501e-14
237	1927	303.090959	271.11366399999997	134.51	168.58098		11.0151	38.699748		71.250879	11.734				150.147937		31.977295		136.60	31.977295		0.003923		14.553	3.64147			116.311586	17.834		62.116					36.362		303.090959	271.11366399999997	-3.730349362740526e-14
238	1928	303.070938	262.270133	126.92	176.150265		11.0151	39.418027		54.587098	7.385				157.249908		40.800805		135.35	40.800805		0.001955		14.553	3.718812			108.646906	10.14		60.6					37.907		303.070938	262.270133	6.572520305780927e-14
239	1929	536.823656	478.17986900000005	125.93	410.89700200000004		11.0151	277.502087		33.412261	8.354				156.250421		58.643787		352.25	58.643787		0.001407		14.553	3.703363			107.668884	13.967		57.04					36.662		536.823656	478.17986900000005	7.105427357601002e-14
240	1930	528.520676	464.006015	117.19	411.326826		11.0151	268.039753		28.50986	4.716				156.441302		64.514661		346.81	64.514661		0.002757		14.553	3.705755			98.932338	11.987		50.714					36.231		528.520676	464.006015	-1.2168044349891716e-13
241	1931	527.645839	474.49494100000004	126.83	400.81629999999996		11.0151	270.682252		46.848116	8.518				145.949473		53.150898		347.67	53.150898		0.001414		14.553	3.66993			108.605195	16.221		59.072					33.312		527.645839	474.49494100000004	-2.842170943040401e-14
