## Sheet: A1. Bank of England B'Sheet (continued)
	A	B	C	D	E	F	G	H	I	J	K	L	M	N	O	P	Q	R	S	T	U	V	W	X	Y	Z	AA	AB	AC	AD	AE	AF	AG	AH	AI	AJ	AK	AL	AM	AN
242	1932	528.205843	478.837541	132.43	395.772648		11.0151	287.249311		55.376499	11.493				125.196631		49.368302		346.40	49.368302		0.001283		14.553	3.631366			114.247546	14.125		67.924					32.198		528.205843	478.837541	-5.1514348342607263e-14
243	1933	594.934705	533.937869	177.69	417.246031		11.0151	331.72555		44.503007	11.949				146.694212		60.996836		356.25	60.996836		0.002006		14.553	3.640872			159.492796	26.184		98.3					35.009		594.934705	533.937869	4.440892098500626e-14
244	1934	629.256329	545.679291	178.28	450.97933900000004		11.0151	320.743349		18.378084	5.805				195.542752		83.577038		367.40	83.577038		0.001279		14.553	3.678907			160.043798	32.102		90.279					37.663		629.2563230000001	545.679285	4.973799150320701e-14
245	1935	626.32667	551.265882	173.83	452.498539		11.0151	328.037781		16.705496	6.246				195.507505		75.060788		377.44	75.060788				14.553	3.68853			155.586601	19.353		95.519					40.714		626.32667	551.265882	1.9539925233402755e-14
246	1936	629.318878	568.588525	168.71	460.611852		11.0151	327.859108		27.273698	10.999				202.440619		60.730353		399.88	60.730353				14.553	3.684076			150.46995	8.823		106.19					35.457		629.318878	568.588525	-2.3092638912203256e-14
247	1937	683.158232	624.564687	169.50	513.660661		11.0151	271.622083		27.580952	4.914				314.346552		58.593545		455.07	58.593545				14.553	3.678616			151.265955	12.97		100.419					37.876		683.158232	624.564687	1.2434497875801753e-14
248	1938	702.492126	650.608716	176.08	526.40716		11.0151	285.748388		26.654091	6.547				327.191137		51.88341		474.52	51.88341				14.553	3.663789			157.868177	16.732		105.6					35.536		702.4921259999999	650.6087159999998	-1.3944401189291966e-13
249	1939	699.220077	645.5406959999999	172.81	526.414357		11.0151	467.390264		39.225313	17.529				127.910019		53.679381		472.73	53.679381				14.553	3.637206			154.615514	16.348		103.135					35.133		699.220077	645.5406959999999	-1.1013412404281553e-13
250	1940	782.382546	733.361712	202.15	580.236747		11.0151	690.508235		30.103837	2.781				1.73454		49.020834		531.22	49.020834				14.553	3.58292			184.009879	45.749		99.408					38.853		782.382546	733.361712	5.10702591327572e-14
251	1941	837.687344	810.69469	207.45	630.241576		11.0151	772.393307		25.657382	3.722				1.628901		26.992654		603.25	26.992654				14.553	3.518001			189.374767	14.635		121.722					53.017		837.687344	810.69469	1.9984014443252818e-14
252	1942	998.251767	967.5819859999999	218.01	780.2415759999999		11.0151	928.443854		27.531754	4.246				0.591278		30.669781		749.57	30.669781				14.553	3.449551			200.00764	11.487		136.826					51.694		998.251767	967.5819859999999	1.3322676295501878e-13
253	1943	1207.458582	1174.663735	257.22	950.241719		11.0151	1137.426213		25.120648	5.069				1.101774		32.794847		917.45	32.794847				14.553	3.45063			239.213233	7.054		178.233					53.927		1207.458582	1174.663735	3.9968028886505635e-14
254	1944	1381.236193	1358.458672	280.99	1100.2417189999999		11.0151	1328.78643		17.524099	2.102				1.133043		22.777521		1077.464198	22.777521				14.553	3.444176			262.997298	8.941		200.318					53.738		1381.236193	1358.458672	-3.1663560662309465e-13
255	1945	1554.646635	1521.54608	304.40	1250.2417189999999		11.0151	1476.319019		32.300398	8.508				1.911563		33.100555		1217.141164	33.100555				14.553	3.4616			286.390316	18.142		207.775					60.473		1554.646635	1521.54608	-3.907985046680551e-14
256	1946	1722.457302	1645.323191	322.21	1400.247834		11.0151	1603.726088		29.402297	7.443				1.179706		77.134111		1323.113723	77.134111				14.553	3.461433			304.195035	16.67		234.489					53.036		1722.457302	1645.323191	1.5987211554602254e-14
257	1947	1836.457071	1761.7838160000001	386.21	1450.247834		11.0151	1717.623782		31.967225	15.976				1.177709		74.673255		1375.574579	74.673255				14.553	3.888409			367.767828	22.401		285.245					60.122		1836.457071	1761.7838160000001	-1.1191048088221578e-13
258	1948	1764.687018	1646.0501160000001	414.44	1350.247834		11.0151	1601.525403		33.028093	11.277				0.48152		118.636902		1231.610932	118.636902				14.553	3.887944			395.99824	12.064		290.609					93.324		1764.687018	1646.0501160000001	-4.440892098500626e-14
259	1949	1733.446551	1661.228523	433.20	1300.247834		11.0151	1589.958568		56.236855	32.124				4.018		72.218028		1228.029806	72.218028				14.553	3.87627			414.769447	28.458		295.667					90.645		1733.446551	1661.228523	-2.4868995751603507e-13
260	1950	1867.422293	1814.22236	567.07	1300.356823		11.0151	1752.188018		45.489984	21.958				5.529258		53.199933		1247.15689	53.199933				14.553	3.871656			548.640814	149.936		285.189					113.516		1867.422293	1814.22236	-3.126388037344441e-13
261	1951	1774.218971	1712.843139	423.86	1350.3568229999998		11.0151	1647.437932		49.414449	16.136				4.975658		61.375832		1288.980991	61.375832				14.553	3.905483			405.403665	22.239		293.048					90.116		1774.218971	1712.843139	-1.9539925233402755e-13
262	1952	1797.082905	1763.753548	396.73	1400.356823		11.0151	1697.582821		50.709368	17.653				4.446259		33.329357		1367.027466	33.329357				14.553	3.901616			378.271466	12.226		282.989					83.057		1797.0829050000002	1763.7535480000001	0
263	1953	1934.660523	1899.051186	434.30	1500.356823		11.0151	1862.959902		20.49176	7.07				4.584424		35.609337		1464.747486	35.609337				14.553	3.89489			415.85581	54.406		292.647					68.803		1934.6605230000002	1899.0511860000001	2.913225216616411e-13
264	1954	1959.384772	1931.9159260000001	384.03	1575.356823		11.0151	1884.114274		31.497415	14.028				5.289137		27.468846		1547.887977	27.468846				14.553	3.887868			365.587081	15.652		284.025					65.91		1959.3847720000003	1931.9159260000004	2.078337502098293e-13
265	1955	2094.63035	2028.214507	369.27	1725.362218		11.0151	1943.429064		68.020621	52.35				5.749722		66.415843		1658.946375	66.415843				14.553	3.87542			350.839712	16.039		271.129					63.672		2094.6303500000004	2028.2145070000004	5.471179065352771e-13
266	1956	2186.529884	2149.053835	361.17	1825.358382		11.0151	2094.106166		38.279165	20.592				5.653404		37.476049		1787.882333	37.476049				14.553	3.910659			342.707843	13.694		258.1					70.91499999999996		2186.529884	2149.053835	-9.947598300641403e-14
267	1957	2256.225622	2204.235446	330.87	1925.358622		11.0151	2153.068103		34.753238	15.822				5.399005		51.990176		1873.368446	51.990176				14.553	3.901632			312.412368	13.5		225.164					73.749		2256.225622	2204.235446	-1.1723955140041653e-13
268	1958	2327.196165	2288.951847	326.84	2000.358861		11.0151	2222.675614		49.533147	27.92				5.727986		38.244318		1962.114543	38.244318				14.553	3.900136			308.384168	11.401		223.985					72.999		2327.196165	2288.951847	-5.258016244624741e-13
269	1959	2396.154287	2351.8581369999997	345.80	2050.358981		11.0151	2309.195369		27.721013	5.971				3.926655		44.29615		2006.062831	44.29615				14.553	3.900441			327.341865	13.195971		243.944					70.201894		2396.1542869999994	2351.8581369999993	-9.130474154517287e-13
270	1960	2509.611487	2471.166581	359.25	2150.36018		11.0151	2412.801707		44.040161	22.634				3.309613		38.444906		2111.915274	38.444906				14.553	3.898192			340.800115	13.418763		260.889					66.492352		2509.611487	2471.166581	0
271	1961	2766.327702	2721.927314	515.97	2250.36102		11.0151	2655.95322		52.627117	32.715699				2.331877		44.400388		2205.960632	44.400388				14.553	3.880391			497.533291	15.294121	155.1	261.55100000000004					65.58816999999998		2766.327702	2721.927314	1.4210854715202004e-13
272	1962	2920.525859	2897.3086399999997	595.17	2325.358622		11.0151	2819.589302		65.236067	44.083				1.468171		23.217219		2302.141403	23.217219				14.553	3.917764			576.696473	13.145313	241.4	249.24900000000002					72.90216		2920.525859	2897.3086399999997	-8.526512829121202e-14
273	1963	2714.385221	2673.47353	364.03	2350.3599400000003		11.0151	2585.258886		75.731629	52.838				1.467915		40.911691		2309.448249	40.911691				14.553	3.894802			345.577479	14.929518		256.126					74.52196100000003		2714.3852209999995	2673.4735299999998	-6.465938895416912e-13
274	1964	2831.08095	2809.764205	380.72	2450.3610200000003		11.0151	2738.352963		58.944838	33.558				1.451304		21.316745		2429.044275	21.316745				14.553	3.896193			362.270737	12.946844		278.196					71.127894		2831.08095	2809.764205	0
275	1965	3042.943845	2993.999634	392.58	2650.361739		11.0151	2879.556182		101.959343	76.035				1.469009		48.944211		2601.417528	48.944211				14.553	3.881812			374.147294	11.566899		278.247					84.333395		3042.943845	2993.999634	1.4210854715202004e-13
276	1966	3302.225248	3280.482997	501.86	2800.3612590000002		11.0151	3165.623387		102.383926	74.895				1.460584		21.742251		2778.619008	21.742251				14.553	3.882025			483.428964	13.241351	97.5	282.1839999999999					90.50361300000006		3302.225248	3280.482997	0
277	From Annual Report reported on 28th/29th Feb																																							
278	1966	3295.209752	3279.159689	495	2800.3612590000002		11.0151	3168.033599		98.65508400000027	69.734084				1.455906		16.050063		2784.311196	16.050063				14.553	3.921593			476.3739000000001	12.968818	97.5	271.75001			0		94.15507200000013		3295.209752	3279.159689	0
279	1967	3510.193996	3479.444892	610	2900.362098		11.0151	3346.280767		120.72578499999969	92.611451				1.42324		30.749104		2869.612994	30.749104				14.553	3.922835			591.356063	11.597178	201.4	268.300535			0		110.05834999999993		3510.193996	3479.444892	0
280	1968	3730.75353	3696.50997	680	3050.42085		11.0151	3563.828663		120.3389340000001	88.076131				1.327273		34.24356		3016.17729	34.24356				14.553	3.923701			661.8559789999998	13.078788	218.2	302.168457			0		128.4087339999998		3730.75353	3696.50997	0
281	1969	3906.811095	3846.741462	706	3200.4196500000003		11.0151	3674.716075		159.5958810000001	70.222594				1.414406		60.069633		3140.350017	60.069633				14.553	3.925168			687.9132769999999	12.244465	230.99	300.733511			0		143.94530099999986		3906.811095	3846.741462	0
282	1970	3841.921164	3835.185528	592	3250.41965		11.0151	3604.411525		216.8789209999998	91.297929				2.879982		6.735636		3243.684014	6.735636				14.553	3.926741			573.0217729999999	14.728776	220.1	198.89318			0		139.29981699999988		3841.921164	3835.185528	0
283	1971	4558.3279999999995	4520.482	858.328	3699.9999999999995		11.0151	4133.964		373.82089999999994	74.73				1.682		37.846		3662.154	37.846				14.553		101.152		742.6229999999995	18.271	398.2	195.343			0		130.80899999999957		4558.3279999999995	4520.482	0
284	1972	4242.493	4215.97	517.493	3725.0000000000005		11.0151	3597.387		606.9859000000006	27.189				0.582		26.523		3698.477	26.523				14.553		104.383		398.5570000000005	13.428	0	197.043			0		188.08600000000052		4242.493	4215.97	0
285	1973	5434.594	5421.18	1234.594	4200		11.0151	4492.512		917.3799000000007	36.739				0.273		13.414		4186.586	13.414				14.553		107.552		1112.4889999999998	59.669	714.2	176.58			0		162.03999999999962		5434.594	5421.18	0
286	1974	6615.11	6588.554	2015.11	4600		11.0151	5130.109		1447.1408999999996	154.972				0.289		26.556		4573.444	26.556				14.553		100.137		1900.4199999999992	81.681	1367.765	249.895			0		201.07899999999904		6615.11	6588.554	0
287	1975	6995.622	6975.965	1620.622	5375		11.0151	5639.835		1324.9199000000008	451.683				0.195		19.657		5355.343	19.657				14.553		103.582		1502.4870000000005	63.75	935.43	217.229			0		286.07800000000054		6995.622	6975.965	0
288	1976	7732.148	7724.407	1682.148	6050		11.0151	6473.638		1239.4709000000007	274.02				0.283		7.741		6042.259	7.741				14.553		106.773		1560.8220000000001	84.855	979.525	227.533			0		268.9090000000002		7732.148	7724.407	0
289	1977	8522.725	8505.982	1747.725	6775		11.0151	6371.2		2123.5399	640.792				0.227		16.743		6758.257	16.743				14.553		172.837		1560.3350000000007	111.82	711.575	372.293			0		364.6470000000006		8522.725	8505.982	0
290	1978	10283.317	10258.963	2483.317	7799.999999999999		11.0151	8710.78		1536.9868999999978	227.215				0.181		24.354		7775.646	24.354				14.553		182.593		2286.171	123.221	1229.3	408.352			0		525.298		10283.317	10258.963	0
