## Sheet: A1. Bank of England B'Sheet (continued)
	A	B	C	D	E	F	G	H	I	J	K	L	M	N	O	P	Q	R	S	T	U	V	W	X	Y	Z	AA	AB	AC	AD	AE	AF	AG	AH	AI	AJ	AK	AL	AM	AN
69	1759	18.873955	18.746955				11.6868	3.607922		1.244533					2.2077		0.127		4.64	0.127		0.164976		10.78	0.363444			2.793719										18.873955	18.746955	0
70	1760	19.245046	19.118046				11.6868	3.768488		1.034217					2.628541		0.127		4.81	0.127		0.127182		10.78	0.297447			3.104315										19.245046000000002	19.118046000000003	0
71	1761	19.931213	19.568213				11.6868	3.868482		1.992567					2.020364		0.363		5.08	0.363		0.169684		10.78	0.324864			3.216664										19.931213000000003	19.568213000000004	0
72	1762	21.012763	20.494763				11.6868	3.308		2.446369					3.053594		0.518		5.75	0.518		0.136456		10.78	0.483725			3.344058										21.012763	20.494763	0
73	1763	19.677627	19.539627				11.6868	4.576003		2.914852					0.361972		0.138		4.99	0.138		0.322563		10.78	0.5155			2.929525										19.677627	19.539627	0
74	1764	20.357108	20.148108				11.6868	4.3109		2.397037					1.753371		0.209		5.96	0.209		0.253245		10.78	0.51191			2.645513										20.357108	20.148108	0
75	1765	19.822436500000002	19.603936500000003				11.6868	3.6503674999999998		2.4545895					1.8121795		0.2185		5.62	0.2185		0.2972475		10.78	0.49788699999999997			2.411917										19.8224365	19.6039365	0
76	1766	19.287765	19.059765				11.6868	2.989835		2.512142					1.870988		0.228		5.28	0.228		0.34125		10.78	0.483864			2.178321										19.287765	19.059765	0
77	1767	19.209397	19.005397				11.6868	3.577588		2.9233					0.817709		0.204		5.18	0.204		0.331859		10.78	0.386506			2.327897										19.209397	19.005397	0
78	1768	19.998476	19.801476				11.6868	4.089527		2.461423					1.563726		0.197		5.47	0.197		0.306236		10.78	0.499459			2.743025										19.998476	19.801476	0
79	1769	19.754323	19.543323				11.6868	4.204551		2.272892					1.37908		0.211		5.41	0.211		0.297295		10.78	0.437441			2.618685										19.754323	19.543323	0
80	1770	19.859394	19.601394000000003				11.6868	3.310903		3.130388					1.473303		0.258		4.93	0.258		0.308293		10.78	0.613661			2.970514										19.859394	19.601394000000003	0
81	1771	21.536988	20.803988				11.6868	3.740609		3.078474					2.298105		0.733		6.52	0.733		0.298294		10.78	0.592577			2.608622										21.536987999999997	20.803987999999997	0
82	1772	20.0244	19.5454				11.6868	2.971109		3.274368					1.613123		0.479		5.65	0.479		0.308533		10.78	0.665976			2.137262										20.0244	19.5454	0
83	1773	20.220496	19.872496				11.6868	3.6807		3.31316					1.191836		0.348		5.74	0.348		0.29896		10.78	0.648412			2.40702										20.220496	19.872496	0
84	1774	21.931802	21.640302000000002				11.6868	3.6446775000000002		2.241569					4.0672555		0.2915		7.12	0.2915		0.464766		10.78	0.7531525			2.5206515										21.931801999999998	21.640302	0
85	1775	23.643108	23.408108000000002				11.6868	3.608655		1.169978					6.942675		0.235		8.51	0.235		0.630572		10.78	0.857893			2.634283										23.643107999999998	23.408108	0
86	1776	22.987965	22.711965				11.6868	4.346021		1.300583					5.378561		0.276		8.03	0.276		0.670762		10.78	0.884885			2.346354										22.987965000000003	22.711965000000003	0
87	1777	23.209892	22.964892				11.6868	5.878036		1.49467					3.905386		0.245		8.05	0.245		0.665118		10.78	1.02637			2.446287										23.209891999999996	22.964891999999995	0
88	1778	22.484217	22.207217				11.6868	6.006577		2.503143					2.010697		0.277		6.95	0.277		0.48902		10.78	1.128733			2.858153										22.484217	22.207217	0
89	1779	24.307071	23.955071				11.6868	7.341477		1.215638					3.711156		0.352		8.58	0.352		0.435859		10.78	1.276296			2.886159										24.307070999999997	23.955070999999997	0
90	1780	24.055096	23.693096				11.6868	7.518806		0.902204					3.585286		0.362		8.03	0.362		0.378734		10.78	1.347409			3.154893										24.055096	23.693096	0
91	1781	23.683201	23.049201				11.6868	6.365136		1.712267					3.284998		0.634		6.74	0.634		0.351745		10.78	1.576801			3.599947										23.683201	23.049201	0
92	1782	25.424492	24.871492				11.6868	8.330539		2.692391					2.161762		0.553		7.67	0.553		0.356005		10.78	1.792749			4.269863										25.424492	24.871492	0
93	1783	24.164413	23.934413				11.6868	8.119298		2.807128					1.321187		0.23		7.31	0.23		0.368982		11.6424	1.97688			2.640045										24.164413000000003	23.934413000000003	0
94	1784	22.902178	22.689178				11.6868	6.486678		3.858488					0.657212		0.213		5.89	0.213		0.309935		11.6424	2.168378			2.675635										22.902178000000003	22.689178000000002	0
95	1785	24.144813	23.112813				11.6868	3.769651		4.870156					2.786206		1.032		5.62	1.032		0.30333		11.6424	2.321061			3.226263										24.144813	23.112813	0
96	1786	26.153938	25.174938				11.6868	4.17899		3.28629					6.022858		0.979		7.17	0.979		0.416002		11.6424	2.598708			3.351865										26.153937999999997	25.174937999999997	0
97	1787	26.524572	25.883572				11.6868	5.027819		3.43351					5.735443		0.641		7.78	0.641		0.552508		11.6424	2.753817			3.157512										26.524572	25.883572	0
98	1788	28.111962	27.265962				11.6868	6.012224		3.728387					5.838551		0.846		8.96	0.846		0.596442		11.6424	2.869776			3.192659										28.111962	27.265962	0
99	1789	28.707728	27.795728				11.6868	6.37058		2.432388					7.30596		0.912		9.22	0.912		0.587839		11.6424	2.844834			3.50128										28.707728000000003	27.795728000000004	0
100	1790	28.873393	28.118393				11.6868	6.016979		1.725742					8.688872		0.755		9.34	0.755		0.697825		11.6424	2.701308			3.734143										28.873393	28.118393	0
101	1791	30.944335	30.121335				11.6868	8.541192		1.929449					7.963894		0.823		10.74	0.823		0.700002		11.6424	2.668301			4.371425										30.944335000000002	30.121335000000002	0
102	1792	29.626042	28.981042000000002				11.6868	7.900687		2.867435					6.52612		0.645		10.55	0.645		0.762029		11.6424	2.705869			3.325388										29.626042	28.981042000000002	0
103	1793	30.605179	29.625179				11.6868	7.677493		6.168938					4.091948		0.98		11.24	0.98		0.650134		11.6424	2.78057			3.313296										30.605179000000003	29.625179000000003	0
104	1794	29.530932	28.633932				11.6868	5.246448		4.621098					7.079586		0.897		10.13	0.897		0.613864		11.6424	2.875832			3.371677										29.530932	28.633932	0
105	1795	33.820866	32.762866				11.6868	11.327186		3.568634					6.180246		1.058		13.45	1.058		0.566161		11.6424	2.948527			4.154422										33.820865999999995	32.762865999999995	0
106	1796	30.224765	28.983765000000002				11.6868	10.549256		4.188991					2.558718		1.241		10.07	1.241		0.655814		11.6424	3.247596			3.364246										30.224765	28.983765000000002	0
107	1797	28.884074	27.926074				11.6868	9.986542		5.144199					1.108533		0.958		9.19	0.958		0.486898		11.6424	3.357611			3.251281										28.884074	27.926074	0
108	1798	33.243615	31.595615				11.6868	8.513378		5.564154					5.831283		1.648		12.54	1.648		0.553984		11.6424	3.383716			3.473661										33.243615	31.595615	0
109	1799	34.765217	33.006217				11.6868	8.161517		5.594192					7.563708		1.759		12.35	1.759		0.608645		11.6424	3.511317			4.892703										34.765217	33.006217	0
110	1800	38.823594	36.413594				11.6868	11.092185		7.490361					6.144248		2.41		16.12	2.41		0.722367		11.6424	3.66115			4.265575										38.823594	36.413594	0
111	1801	42.441837	39.685370999999996				11.6868	13.472068		9.886381					4.640122		2.756466		15.26	2.756466		0.949689		11.6424	4.10573			7.723957										42.441837	39.685370999999996	0
112	1802	37.725326	35.182391				11.6868	11.565984		7.77665					4.152957		2.542935		14.38	2.542935		0.805089		11.6424	4.067685			4.285423										37.725325999999995	35.182390999999996	0
113	1803	38.060027	36.052026999999995				11.6868	6.082924		14.505548					3.776755		2.008		14.50	2.008		0.820284		11.6424	4.321489			4.768203										38.060027	36.052026999999995	0
114	1804	40.559504	38.020503999999995				11.6868	10.636319		12.311339					3.386046		2.539		16.24	2.539		0.840295		11.6424	4.616457			4.683822										40.559504	38.020503999999995	0
115	1805	45.003024	43.096024				11.6868	13.740648		11.784778					5.883798		1.907		16.86	1.907		1.015015		11.6424	4.590404			8.992049										45.003024	43.096024	0
116	1806	42.07298	40.13098				11.6868	10.509024		11.947066					5.98809		1.942		17.01	1.942		0.718638		11.6424	4.867353			5.891103										42.07298	40.13098	0
117	1807	41.917426	39.915074				11.6868	8.139436		13.945995					6.142843		2.002352		16.22	2.002352		0.726022		11.6424	4.7713			6.550689										41.917426	39.915074	0
118	1808	44.202886	41.546486				11.6868	8.774513		13.229453					7.85572		2.6564		15.72	2.6564		0.721753		11.6424	5.088726			8.376492										44.202886	41.546486	0
119	1809	43.155535	40.855309				11.6868	10.340345		14.335231					4.492933		2.300226		17.62	2.300226		0.919664		11.6424	5.081087			5.588954										43.155535	40.855309	0
120	1810	50.659376	43.999392				11.6868	7.795929		21.015251					3.501412		6.659984		20.12	6.659984		0.899118		11.6424	5.403074			5.934314										50.65937600000001	43.99939200000001	0
121	1811	56.430733	47.461701999999995				11.6868	12.54289		19.881067					3.350945		8.969031		22.23	8.969031		1.130175		11.6424	5.66742			6.791658										56.430733000000004	47.461702	0
122	1812	58.510028	48.240885				11.6868	17.709503		15.861391					2.983191		10.269143		22.36	10.269143		1.050161		11.6424	6.005965			7.184199										58.510028	48.240885	0
123	1813	57.212781	48.179853				11.6868	20.744342		12.82921					2.919501		9.032928		22.19	9.032928		1.024769		11.6424	6.336343			6.990179										57.212781	48.179853	0
124	1814	60.427802	51.177752999999996				11.6868	18.957351		18.239965					2.293637		9.250049		23.71	9.250049		1.093392		11.6424	6.937801			7.796467										60.427802	51.177752999999996	0
125	1815	64.779075	53.80281900000001				11.6868	23.071314		16.99189					2.052815		10.976256		26.09	10.976256		1.170329		11.6424	7.631516			7.267252										64.779075	53.80281900000001	0
126	1816	65.49272	55.391594000000005				11.6868	14.847087		24.188823					4.668884		10.101126		25.70	10.101126		1.317396		11.6424	8.639679			8.095889										65.49272	55.391594000000005	0
127	1817	82.515705	54.280603				14.6868	21.302791		8.604341					9.686671		28.235102		26.02	28.235102		1.380184		14.553	5.736093			6.593604										82.515705	54.280603	0
128	1818	64.384851	53.023801999999996				14.6868	24.423359		3.858174					10.055469		11.361049		25.93	11.361049		1.837533		14.553	5.192273			5.50755										64.384851	53.023801999999996	0
129	1819	59.05447	47.930635				14.6868	20.08799		8.971217					4.184628		11.123835		23.52	11.123835		1.607756		14.553	4.099558			4.151378										59.05447	47.930635	0
130	1820	54.957197	44.90555				14.6868	20.96599		4.289502					4.963258		10.051647		22.08	10.051647		1.401207		14.553	3.520879			3.347555										54.957197	44.90555	0
131	1821	57.086079	47.219178				14.6868	16.01099		4.509738					12.01165		9.866901		22.28	9.866901		1.603209		14.553	3.158366			5.622896										57.086079	47.219178	0
132	1822	51.31642	41.583235				14.6868	12.4769		3.292394					11.127141		9.733185		17.07	9.733185		1.597205		14.553	3.674944			4.689941										51.31642	41.583235	0
133	1823	52.898145	43.256965				14.6868	13.65883		4.430115					10.48122		9.64118		16.66	9.64118		1.736451		14.553	3.130621			7.181098										52.898145	43.256965	0
134	1824	54.600395	47.235065				14.6868	14.341128		4.347585					13.859552		7.36533		17.57	7.36533		2.169491		14.553	2.847227			10.097851										54.600395	47.235065	0
135	1825	55.645776	48.283431				14.6868	19.447588		5.369943					8.7791		7.362345		18.44	7.362345		2.317878		14.553	2.807888			10.168784										55.645776000000005	48.28343100000001	0
136	1826	60.36249	49.931095				14.6868	20.573258		12.088464					2.582573		10.431395		23.00	10.431395		2.471014		14.553	2.974241			6.935943										60.362489999999994	49.93109499999999	0
137	1827	65.132721	48.24168400000001				14.6868	18.685015		4.705399					10.16447		16.891037		19.84	16.891037		2.05204		14.553	2.996414			8.80166										65.132721	48.24168400000001	0
138	1828	67.043792	48.52525299999999				14.6868	19.818028		3.663435					10.35699		18.518539		19.65	18.518539		2.33446		14.553	2.793403			9.19814										67.043792	48.52525299999999	0
