## Sheet: A1. Bank of England B'Sheet

`data region 1: A1:AN331`
	A	B	C	D	E	F	G	H	I	J	K	L	M	N	O	P	Q	R	S	T	U	V	W	X	Y	Z	AA	AB	AC	AD	AE	AF	AG	AH	AI	AJ	AK	AL	AM	AN
1	Back to front page																																							
2	All items £mn	Assets, £mn																	Liabilities, £mn																					
3		Total Assets					British Government Debt Holdings			Other Securities and Assets					Coin and bullion		"Inside" assets		Notes			7 day and other Bills 		Capital and Reserves				Deposits and other liabilities										Total Liabilities		
4		Unconsolidated	Consolidated "Combined balance sheet"	Memo: Banking Dept. Assets	Memo: Issue Dept. Assets		"Government Debt" - Loans made to the Government  authorised by various Acts of Parliament	Other Government securities 		Total	o/w Banking Dept. discounts, advances and other loans to banks, the money market and customers	o/w Target Balances due from central banks, net position from 2001	o/w Loan to the Asset Purchase Facility (APF) for the purposes of Quantitative Easing and the Term Funding Scheme				BoE notes held in the Bank 	Issue Dept. deposit with Banking Dept.	In Circulation 	Held in the Bank 				Capital 	Balance on Profit and Loss Account a.k.a. "Rest"	Retained earnings and other reserves		Total	o/w Public deposits	o/w Special Deposits from banks incl. Supplementary Special Deposits a.k.a. "The Corset"	o/w Bankers' deposits			o/w Issue Dept. deposit with Banking Dept.	Target balances due to central banks	o/w other accounts		Unconsolidated	Consolidated liabilities	Check Assets=Liabilities
5																														Link	Total	o/w Cash Ratio Deposits	o/w operational balances (largely £ reserve accounts)							
6	1696	3.181978	3.181978				1.2	1.566262		0.157358					0.258358				2.01	0				0.72	0.041073			0.409873										3.181978	3.181978	0
7	1697	3.46272	3.46272				1.2	1.874226		0.112609					0.275885				1.94	0				1.2				0.32532										3.46272	3.46272	0
8	1698	4.21375	4.21375				1.2	2.404014		0.180449					0.429287				1.74	0				2.201172	0.10889			0.161184										4.213749999999999	4.213749999999999	0
9	1699	4.155276	4.0692759999999994				1.2	2.185856		0.209383					0.474037		0.086		1.63	0.086				2.201172	0.092138			0.144315										4.155276	4.0692759999999994	0
10	1700	4.122808	4.030808				1.2	2.310502		0.311474					0.208832		0.092		1.62	0.092				2.201172	0.094767			0.11803										4.122808	4.030808	0
11	1701	4.478424	4.463424000000001				1.2	2.426227		0.256374					0.580823		0.015		1.64	0.015				2.201172	0.08183			0.540158										4.478424	4.463424000000001	0
12	1702	4.514486	4.4444859999999995				1.2	2.026605		0.266493					0.951388		0.07		1.96	0.07				2.201172	0.096655			0.182656										4.514486	4.4444859999999995	0
13	1703	4.692677	4.650677				1.2	2.000573		0.439239					1.010865		0.042		2.07	0.042				2.201172	0.092925			0.284783										4.692677	4.650677	0
14	1704	4.09997	4.04797				1.2	1.74452		0.647741					0.455709		0.052		1.58	0.052				2.201172	0.080694			0.189433										4.09997	4.04797	0
15	1705	4.528196	4.423196				1.2	1.685296		0.800755					0.737145		0.105		1.90	0.105				2.201172	0.071864			0.253203										4.528196	4.423196	0
16	1706	4.151783	4.059783				1.2	1.388402		1.132949					0.338432		0.092		1.56	0.092				2.201172	0.074613			0.223784										4.151783	4.059783	0
17	1707	3.741839	3.6998390000000003				1.2	1.811375		0.255135					0.433329		0.042		1.77	0.042				1.2	0.078397			0.651475										3.741839	3.6998390000000003	0
18	1708	4.082398	3.9623980000000003				1.2	1.82195		0.494127					0.446321		0.12		1.40	0.12				1.2	0.071225			1.292132										4.0823979999999995	3.9623979999999994	0
19	1709	6.137425	5.857425				1.6	3.110417		0.784915					0.362093		0.28		0.96	0.28				4.402343	0.150686			0.340521										6.137425	5.857425	0
20	1710	6.205627	6.015626999999999				3.375028	1.763767		0.77117					0.105662		0.19		0.60	0.19				5.058547	0.143511			0.215339										6.205627	6.015626999999999	0
21	1711	7.006363	6.834363000000001				3.375028	2.149154		0.643385					0.666796		0.172		0.73	0.172				5.559996	0.170495			0.374238										7.0063629999999995	6.834363	0
22	1712	8.292545	8.012545000000001				3.375028	2.585036		1.288487					0.763994		0.28		1.94	0.28				5.559996	0.183942			0.331006										8.292545	8.012545000000001	0
23	1713	7.24464	7.0346400000000004				3.375028	1.136609		1.647368					0.875635		0.21		0.80	0.21				5.559996	0.193872			0.477159										7.24464	7.0346400000000004	0
24	1714	8.942721	8.683721				3.375028	2.423694		1.732811					1.152188		0.259		1.51	0.259				5.559996	0.190523			1.421014										8.942721	8.683721	0
25	1715	7.380719	7.113719				3.375028	1.769385		1.054679					0.914627		0.267		0.83	0.267				5.559996	0.21462			0.510652										7.380719000000001	7.113719000000001	0
26	1716	9.109832	8.719832				3.375028	3.101308		0.650642					1.592854		0.39		1.76	0.39				5.559996	0.218786			1.177818										9.109831999999999	8.719831999999998	0
27	1717	8.933643	8.427643				3.375028	2.666869		0.471613					1.914133		0.506		1.71	0.506				5.559996	0.232248			0.927965										8.933643	8.427643	0
28	1718	8.466931	8.145931000000001				5.375028	1.12157		0.797647					0.851686		0.321		1.49	0.321				5.559996	0.216195			0.875698										8.466931	8.145931000000001	0
29	1719	8.582333	8.232333				5.375028	0.324197		1.220012					1.313096		0.35		1.60	0.35				5.559996	0.17191			0.903473										8.582333	8.232333	0
30	1720	10.380847	9.837847				5.375028	0.624836		2.837274					1.000709		0.543		2.49	0.543				5.559996	0.145062			1.638821										10.380847	9.837847	0
31	1721	9.371246	9.110246				5.375028	0.893407		1.770422					1.071389		0.261		1.95	0.261		0.001057		5.559996	0.132885			1.465799										9.371246	9.110246	0
32	1722	10.914033	10.669033				5.375028	2.751945		1.22798					1.31408		0.245		2.76	0.245		0.000723		5.559996	0.166043			2.181063										10.914033	10.669033	0
33	1723	13.394876	13.235876				5.375028	4.52553		1.616226					1.719092		0.159		3.32	0.159		4.2e-05		5.559996	0.410295			3.942169										13.394875999999998	13.235875999999998	0
34	1724	15.865782	15.767781999999999				5.375028	6.896203		1.558721					1.93783		0.098		3.76	0.098		2.5e-05		5.559996	0.53707			5.910799										15.865782	15.767781999999999	0
35	1725	14.772328	14.689328				9.375028	3.254354		0.862515					1.197431		0.083		3.24	0.083		0.023117		8.959996	0.283003			2.185735										14.772328000000002	14.689328000000001	0
36	1726	15.02156	14.858559999999999				9.375028	2.673765		0.94665					1.863117		0.163		2.99	0.163		0.002975		8.959996	0.310935			2.598081										15.021560000000001	14.85856	0
37	1727	17.121338	16.928338				9.375028	3.534343		0.857626					3.161341		0.193		4.47	0.193		0.019603		8.959996	0.303019			3.180479										17.121338	16.928338	0
38	1728	16.970764	16.749764				10.125027	3.577215		0.557935					2.489587		0.221		4.28	0.221		0.013124		8.959996	0.28292			3.213848										16.970764	16.749764	0
39	1729	16.404102	16.259102000000002				10.1	2.91019		0.934738					2.314174		0.145		4.16	0.145		0.040201		8.959996	0.289977			2.809012										16.404101999999998	16.259102	0
40	1730	16.65407	16.399070000000002				10.1	3.114345		0.977648					2.207077		0.255		4.38	0.255		0.036075		8.959996	0.297661			2.724338										16.65407	16.399070000000002	0
41	1731	16.748063	16.619062999999997				10.1	2.831606		0.969095					2.718362		0.129		5.20	0.129		0.048219		8.959996	0.295357			2.11363										16.748063	16.619062999999997	0
42	1732	17.170934	17.082933999999998				10.1	2.621294		1.064914					3.296726		0.088		4.55	0.088		0.044902		8.959996	0.279966			3.25037										17.170934000000003	17.082934	0
43	1733	16.918787	16.619787				10.1	2.337512		0.751348					3.430927		0.299		4.49	0.299		0.055949		8.959996	0.274721			2.84187										16.918787000000002	16.619787000000002	0
44	1734	17.707312	17.599312				10.1	2.948515		0.664319					3.886478		0.108		4.59	0.108		0.085298		8.959996	0.277676			3.689502										17.707311999999998	17.599311999999998	0
45	1735	17.766976	17.686976				10.1	3.1785		0.672687					3.735789		0.08		4.64	0.08		0.103001		8.959996	0.283822			3.704402										17.766976	17.686976	0
46	1736	17.882281	17.796281				10.1	3.146264		0.561999					3.988018		0.086		4.97	0.086		0.103572		8.959996	0.29068			3.467827										17.882281000000003	17.796281000000004	0
47	1737	17.239857	17.133857				10.1	3.037964		0.678544					3.317349		0.106		4.31	0.106		0.100398		8.959996	0.30894			3.450025										17.239857	17.133857	0
48	1738	17.433637	17.351637				10.1	3.331766		0.564927					3.354944		0.082		4.50	0.082		0.109693		8.959996	0.307829			3.474191										17.433637	17.351637	0
49	1739	17.131876	17.050876				9.1	3.245666		0.618045					4.087165		0.081		4.03	0.081		0.11961		8.959996	0.307477			3.630772										17.131876	17.050876	0
50	1740	17.775373	17.618373				9.1	3.054899		0.562482					4.900992		0.157		4.35	0.157		0.094832		8.959996	0.307652			3.906527										17.775373	17.618373	0
51	1741	17.706937	17.622937				9.1	3.814476		0.653662					4.054799		0.084		3.98	0.084		0.10236		8.959996	0.300013			4.278272										17.706937	17.622937	0
52	1742	18.40796	18.252959999999998				9.1	5.083795		0.645059					3.424106		0.155		4.78	0.155		0.129845		8.959996	0.324836			4.05653										18.407960000000003	18.25296	0
53	1743	18.405578	18.311577999999997				10.7	4.398942		0.609409					2.603227		0.094		4.11	0.094		0.138814		9.8	0.352385			3.908805										18.405578000000002	18.311578	0
54	1744	18.338336	18.219336000000002				10.7	5.504351		0.283043					1.731942		0.119		4.15	0.119		0.115924		9.8	0.36963			3.778911										18.338336	18.219336000000002	0
55	1745	16.793084	16.705084				10.7	4.816021		0.381105					0.807958		0.088		3.34	0.088		0.122174		9.8	0.346071			3.093657										16.793084	16.705084	0
56	1746	18.383535	18.311535				11.6868	3.934623		0.355577					2.334535		0.072		3.77	0.072		0.07042		9.8	0.307865			4.361163										18.383535000000002	18.311535000000003	0
57	1747	18.156162	18.108162				11.6868	3.581632		0.504263					2.335467		0.048		3.55	0.048		0.09869		10.78	0.279482			3.396366										18.156162	18.108162	0
58	1748	17.585986	17.497985999999997				11.6868	3.021293		0.610523					2.17937		0.088		3.68	0.088		0.112973		10.78	0.279666			2.6486										17.585986	17.497985999999997	0
59	1749	18.216328	18.125328				11.6868	4.025697		0.351118					2.061713		0.091		4.03	0.091		0.152503		10.78	0.338234			2.823701										18.216328	18.125328	0
60	1750	18.402414	18.321414				11.6868	3.944309		0.731218					1.959087		0.081		4.13	0.081		0.183969		10.78	0.357514			2.865402										18.402414	18.321414	0
61	1751	19.394967	19.276967000000003				11.6868	4.192735		0.42785					2.969582		0.118		5.04	0.118		0.153679		10.78	0.329821			2.971832										19.394966999999998	19.276967	0
62	1752	19.165593	18.979593				11.6868	4.194369		0.368592					2.729832		0.186		4.55	0.186		0.196223		10.78	0.289975			3.159259										19.165592999999998	18.979592999999998	0
63	1753	18.287033	18.202033				11.6868	3.542778		0.683244					2.289211		0.085		4.21	0.085		0.214076		10.78	0.262045			2.739695										18.287033	18.202033	0
64	1754	17.919033	17.840033				11.6868	2.696788		0.350648					3.105797		0.079		3.89	0.079		0.191633		10.78	0.309937			2.66881										17.919033	17.840033	0
65	1755	18.552119	18.449119				11.6868	2.348537		0.624681					3.789101		0.103		3.93	0.103		0.182007		10.78	0.28458			3.269256										18.552118999999998	18.449118999999996	0
66	1756	19.487255	19.374255				11.6868	3.010294		0.64284					4.034321		0.113		4.36	0.113		0.159216		10.78	0.258837			3.819059										19.487254999999998	19.374254999999998	0
67	1757	20.41303	20.31803				11.6868	3.9627		0.399363					4.269167		0.095		4.96	0.095		0.187901		10.78	0.265292			4.122788										20.41303	20.31803	0
68	1758	19.465192	19.364192				11.6868	3.947797		1.490356					2.239239		0.101		4.64	0.101		0.225067		10.78	0.294831			3.425249										19.465192	19.364192	0
