## Sheet: A1. Bank of England B'Sheet (continued)
	A	B	C	D	E	F	G	H	I	J	K	L	M	N	O	P	Q	R	S	T	U	V	W	X	Y	Z	AA	AB	AC	AD	AE	AF	AG	AH	AI	AJ	AK	AL	AM	AN
291	1979	10350.946	10326.208	1425.946	8925		11.0151	8231.955		2083.0308999999997	443.651				0.207		24.738		8900.262	24.738				14.553		197.663		1213.729999999999	101.192	254.93	432.23			0		425.3779999999991		10350.946	10326.208	0
292	1980	11167.693	11154.974	1392.693	9775		11.0151	7968.802		3174.910899999999	496.113				0.246		12.719		9762.281	12.719				14.553		215.821		1162.3189999999984	130.913	103.87	478.747			0		448.7889999999983		11167.693	11154.974	0
293	1981	12480.23	12456.201	2155.23	10325		11.0151	7225.832		5218.879899999998	959.867				0.474		24.029		10300.971	24.029				14.553		233.23		1907.4470000000001	156.372		544.454			0		1206.621		12480.23	12456.201	0
294	1982	13425.928	13405.699	2650.928	10775		11.0151	4814.769		8579.7069	1175.681				0.208		20.229		10754.771	20.229				14.553		359.257		2277.1179999999995	226.937		612.234	343.473	268.761	0		1437.9469999999997		13425.928	13405.699	0
295	1983	14567.426	14550.341	3542.426	11025		11.0151	3683.912		10855.2719	1372.718				0.142		17.085		11007.915	17.085				14.553		383.97		3143.9029999999984	644.774		694.898	436.07	258.82800000000003	0		1804.2309999999984		14567.426	14550.341	0
296	1984	13949.031	13936.376	2479.031	11470		11.0151	2491.23		11433.9579	540.349				0.173		12.655		11457.345	12.655				14.553		395.744		2068.7340000000013	233.487		766.96	500.12	266.84000000000003	0		1068.2870000000012		13949.031	13936.376	0
297	1985	18658.639	18648.316	6618.639	12040		11.0151	2544.559		16092.499899999997	964.953				0.242		10.323		12029.677	10.323				14.553		403.242		6200.843999999999	4157.286		688.055	582.167	105.88799999999992	0		1355.5029999999992		18658.639	18648.316	0
298	1986	18771.316	18761.083	6451.316	12320		11.0151	2544.484		16205.165899999998	718.236				0.418		10.233		12309.767	10.233				14.553		447.2		5989.562999999999	3933.507		850.237	637.702	212.53499999999997	0		1205.818999999999		18771.316	18761.083	0
299	1987	17465.625	17461.7	4615.625	12850		11.0151	1726.575		15723.7929	1198.528				0.317		3.925		12846.075	3.925				14.553		581.611		4019.4609999999993	1923.56		954.061	740.281	213.7800000000001	0		1141.8399999999992		17465.625	17461.7	0
300	1988	16897.552	16889.018	3587.552	13310		11.0151	2347.028		14530.5999	962.827				0.375		8.534		13301.466	8.534				14.553		607.732		2965.2669999999994	359.839		1176.546	913.244	263.302	0		1428.8819999999994		16897.552	16889.018	0
301	1989	18286.844	18278.537	4166.844	14120		11.0151	10507.146		7760.0629	761.296				0.313		8.307		14111.693	8.307				14.553		675.224		3477.067000000002	549.961		1412.789	1135.522	277.26700000000005	0		1514.3170000000016		18286.844	18278.537	0
302	1990	19365.505	19356.429	4335.505	15030		11.0151	12834.469		6510.731900000002	1034.295				0.213		9.076		15020.924	9.076				14.553		750.6		3570.3520000000003	454.178		1665.265	1490.57	174.69500000000016	0		1450.9090000000003		19365.505	19356.429	0
303	1991	20668.25	20662.828	5288.25	15380		11.0151	10012.101		10639.468899999998	2862.945				0.243		5.422		15374.578	5.422				14.553		832.135		4441.562000000001	367.372		1796.586	1516.563	280.0229999999999	0		2277.604000000001		20668.25	20662.828	0
304	1992	21622.37	21613.392	5492.37	16130		11.0151	9702.101		11900.025899999999	2591.198				0.25		8.978		16121.022	8.978				14.553		891.552		4586.2649999999985	373.453		1517.918	1387.108	130.80999999999995	0		2694.8939999999984		21622.37	21613.392	0
305	1993	24975.3	24970.399999999998	8005.3	16970		11.0151	4405.799999999999		20553.584899999998	5131						5		16965.1	4.9				14.553		919.324		7,071	2340.2000000000003		1558.3	1409.109	149.19100000000003	0		3172.9230000000016		24975.3	24970.399999999998	0
306	1994	26943.3	23436.8	9773.3	17170		11.0151	2682		20743.7849	7063.8						6	3500	17163.5	6.5				14.553		897.3		8,861	1617.8000000000002		1731.8	1420.7	311.0999999999999	3500		2011.847		26943.3	23436.8	0
307	1995	25876.3	23339.8	7816.3	18060		0	12324		11015.8	5344.1						4	2532.6	18056.1	3.9				14.553		992.5		6,809	522.3		1709.8	1496.2	213.5999999999999	2532.6		2044.5470000000012		25876.3	23339.8	0
308	1996	25855.9	24827.600000000002	6195.9	19660		0	10789.800000000001		14037.800000000001	4152						12	1016.3	19648	12				14.553		1068.8		5,113	436.6		1728.4	1688.4	40	1016.3		1931.2470000000008		25855.9	24827.600000000002	0
309	1997	28327	27418.3	6307	22020		0	11651.5		15766.8	4173						9	899.5	22010.8	9.2				14.553		1127.3		5,165	470.3		1935.7	1901.2	34.5	899.5		1859.6470000000006		28327	27418.3	0
310	1998	37141	29802	13591	23550		0	2529		27273	11336						2	7337	23548	2				14.553		1207		12,369	436		2797	2562	235	7337		1799.4470000000001		37141	29802	0
311	1999	45193	38562	20393	24800		0	4385		34177	7773	7949					8	6623	24792	8				14.553		1274		19,104	339		1890	1206	684	6623	7949	2303.447		45193	38562	0
312	2000	49038	48365	23898	25140		0	5170		43195	5415	13652					5	668	25135	5				14.553		1327		22,556	512		1812	1292	520	668	13583	5981.447		49038	48365	0
313	2001	38760	38705	11560	27200		0	15610		23095	6229	64					5	50	27195	5				14.553		1469		10,076	462		2060	1422	638	50		7504.447		38760	38705	0
314	2002	42537	42481	13147	29390		0	16473		26008	5293	76					6	50	29384	6				14.553		1511		11,621	838		1898	1552	346	50		8835.447		42537	42481	0
315	2003	50694	50642	16824	33870		0	16824		33818	6747	32					4	48	33866	4				14.553		1491		15,318	996		2578	1680	898	48		11696.447		50694	50642	0
316	2004	51533	51475	15513	36020		0	16599		34876	5891	86					5	53	36015	5				14.553		1545		13,953	746		2059	1817	242	53		11095.447		51533	51475	0
317	2005	57689	57611	22269	35420		0	15898		41713	12564	112					4	74	35416	4				14.553		1583		20,671	1000		2341	2001	340	74		17256.447		57689	57611	0
318	2006	61673	61614	24753	36920		0	15581		46033	14506	176					6	53	36914	6				14.553		1717		23,021	900		3208	2222	986	53		18860.447		61673	61614	0
319	2007	77812	77763	39363	38449		0	15815		61948	31552	97						49	38449					14.553		1845		37,503	905		20778	2568	18210	49		15771.447		77812	77763	0
320	2008	117869	98658	72891	44978		0	10688		87970	62855	218						19211	44978					14.553		2278		70,598	1597		24872	2936	21936	19211		24918.447		117869	98658	0
321	2009	196536	167311	147928	48608		0	12213		155098	136829	0	810					29225	48608					14.553		3306		144,607	1372		42186	2427	39759	29225		71824.44699999999		196536	167311	0
322	2010	273324	246669	223104	50220		0	9000		237669	12510	0	199932					26655	50220					14.553		4222		218,867	1364		169920	2574	167346	26655		20928.446999999986		273324	246669	0
323	2011	281793	245509	229599	52194		0	9654		235855	17570	0	199804					36284	52194					14.553		4408		225,176	1309		154405	2444	151961	36284		33178.446999999986		281793	245509	0
324	2012	370393	322831	315472	54921		0	10155		312676	15157	0	286579					47562	54921					14.553		3372		312,085	1234		217623	2386	215237	47562		45666.446999999986		370393	322831	0
325	2013	455747	403003	397725	58022		0	9528		393475	11719	0	375193					52744	58022					14.553		3337		394,373	949		297124	2479	294645	52744		43556.446999999986		455747	403003	0
326	2014	459539	404430	399341	60198		0	10137		394293	9899	0	375193					55109	60198					14.553		3032		396,294	1611		318735	4078	314657	55109		20839.446999999986		459539	404430	0
327	2015	466362	408489	402573	63789		0	10874		397615	11662	0	375193					57873	63789					14.553		3384		399,174	1028		318576	4098	314478	57873		21697.446999999986		466362	408489	0
328	2016	473576	422706	405758	67818		0	10307		412399	12706	0	375193					50870	67818					14.553		4575		401,168	2781		324546	4136	320410	50870		22971.446999999986		473576	422706	0
329	2017	590877	527828	517679	73198		0	10226		517602	9843	0	485149					63049	73198					14.553		4739		512,925	3745		415488	4424	411064	63049		30643.446999999986		590877	527828	0
330	2018	680063	610984	606813	73250		0	10211		600773	14195	0	572012					69079	73250					14.553		4466		602,332	2838		501794	4708	497086	69079		28621.447000000044		680063	610984	0
331	2019	675754	607054	601583	74171		0	2732		604322	136122	0	444997					68700	74171					14.553		4335		597,233	1880		503290	7884	495406	68700		23363.447000000044		675754	607054	0