## Sheet: A2.Components scaled by NGDP

`data region: A1:U338`
	A	B	C	D	E	F	G	H	I	J	K	L	M	N	O	P	Q	R	S	T	U
1	Back to front page	A2. Summary measures of balance sheet components scaled by nominal GDP																			
2		Components are scaled by nominal GDP over the previous year given that typically the balance sheet observation is an end-February observation.																			
4	All figures £mn unless otherwise stated	Bank of England Balance Sheet								Nominal GDP			Balance Sheet Components as % of lagged nominal GDP (given balance sheet is typically end-Feb observation) based on GB+NI definition								
5		Unconsolidated	Consolidated	o/w Lending to Government, includes portion of APF loan used to buy gilts from 2009 (the stock of gilts financed by central bank reserves valued at initial purchase price)	o/w Private and other securities including repos, TFS and CB and CP purchases on APF	o/w bullion, coin and retained notes	o/w bullion coin	Note liabilities in circulation		Constant border UK (GB+NI) definition 	Based on political definition of UK, GB before 1801, GB+I 1801-1920, GB+NI 1921-		Unconsolidated	Consolidated	Government securities including APF gilts	Private assets including repos, TFS, CBPS and APF CP purchases	Bullion, coin and retained notes	Bullion and coin	Zero line	% of GDP using alternative GDP series.	
6										See BoE Millennium Dataset for details											
7	1688																				
8	1689																				
9	1690																				
10	1691																				
11	1692																				
12	1693																				
13	1694																				
14	1695																				
15	1696	3.181978	3.181978	2.766262	0.157358	0.258358	0.258358	2.011032		73.54531660791527											
16	1697	3.46272	3.46272	3.074226	0.112609	0.275885	0.275885	1.9374		75.56079117889239			4.708280771242648	4.708280771242648	4.180043192130522	0.1531151203010533	0.37512245881107276	0.37512245881107276			0
17	1698	4.21375	4.21375	3.6040140000000003	0.180449	0.429287	0.429287	1.742504		77.63149887596931			5.576635625775574	5.576635625775574	4.769688013810485	0.23881301027245955	0.5681346016926297	0.5681346016926297			0
18	1699	4.155276	4.0692759999999994	3.3858559999999995	0.209383	0.560037	0.474037	1.631651		79.75895333680872			5.352564436040095	5.241784660761762	4.361446125637134	0.2697139731058499	0.6106245620187778	0.6106245620187778			0
19	1700	4.122808	4.030808	3.510502	0.311474	0.300832	0.208832	1.616839		81.94470967959654	78.67667152145331		5.169084883285857	5.053737331505057	4.401389252408738	0.3905191667757943	0.2618289123205233	0.2618289123205233			1.1657341758564144e-15
20	1701	4.478424	4.463424000000001	3.626227	0.256374	0.595823	0.580823	1.640264		84.96295347671908	81.57454469381993		5.465177700318445	5.446872674821802	4.425211846107616	0.3128621737784187	0.7087986549357675	0.7087986549357675	0	5.673122558041779	0
21	1702	4.514486	4.4444859999999995	3.226605	0.266493	1.021388	0.951388	1.964003		82.63258345436961	79.33711219221351		5.313475833013533	5.231086983361336	3.7976610604575214	0.31365788157661256	1.119768041327203	1.119768041327203	0	5.448373652199757	0
22	1703	4.692677	4.650677	3.2005730000000003	0.439239	1.052865	1.010865	2.071797		76.63756248056946	73.58117873703235		5.6789668237727735	5.628139416176117	3.8732578193774896	0.5315566591749504	1.223324937623677	1.223324937623677	0	5.861918680292522	0
23	1704	4.09997	4.04797	2.94452	0.647741	0.507709	0.455709	1.576671		92.88065804193882	89.17648316815698		5.349817853405109	5.281966008543545	3.8421368121494575	0.8452004200475806	0.594628776346507	0.594628776346507	0	5.501366068715498	0
24	1705	4.528196	4.423196	2.885296	0.800755	0.842145	0.737145	1.896957		86.50086014192854	83.05111808095423		4.87528415007069	4.762235855394968	3.10645516604457	0.8621332114576875	0.7936474778927101	0.7936474778927101	0	4.960047585257802	0
25	1706	4.151783	4.059783	2.588402	1.132949	0.43043200000000004	0.338432	1.560214		71.16533267477337	68.32718700768311		4.799701405497996	4.693344081595034	2.992342498968232	1.309754606071066	0.3912469765557347	0.3912469765557347	0	4.888294214224449	8.881784197001252e-16
26	1707	3.741839	3.6998390000000003	3.011375	0.255135	0.475329	0.433329	1.769967		78.77629341583697	75.634614912775		5.257951954078905	5.198934454375868	4.231519599243677	0.35851023301748725	0.608904622114703	0.608904622114703	0	5.414885585124364	0
27	1708	4.082398	3.9623980000000003	3.02195	0.494127	0.5663210000000001	0.446321	1.399041		86.63279093728366	83.17778734234162		5.182267180876634	5.029937089174356	3.8361160051641567	0.6272534268547625	0.5665676571554366	0.5665676571554366	0	5.23886847916077	0
28	1709	6.137425	5.857425	4.710417	0.784915	0.642093	0.362093	0.963875		81.90571713806136	78.63923404203402		7.084413342337182	6.761210087575713	5.437221806013414	0.906025295396781	0.4179629861655168	0.4179629861655168	0	7.042054359888317	9.43689570931383e-16
29	1710	6.205627	6.015626999999999	5.138795	0.77117	0.295662	0.105662	0.59823		76.79972151465765	73.7368707043244		7.5765492530145515	7.344575214279583	6.274037002005586	0.9415337865855026	0.12900442568849588	0.12900442568849588	0	7.649651059399362	-9.71445146547012e-16
30	1711	7.006363	6.834363000000001	5.524182	0.643385	0.8387960000000001	0.666796	0.729634		77.7243855927048	74.62465824083108		9.122901570239154	8.89894242480505	7.192971395014341	0.8377439231693131	0.8682271066213937	0.8682271066213937	0	9.268582914787554	1.6653345369377348e-15
31	1712	8.292545	8.012545000000001	5.960064	1.288487	1.043994	0.763994	1.937601		75.81513907789781	72.79155441404004		10.669167645087613	10.308920345781488	7.668203427470272	1.6577641497894802	0.9829527685217344	0.9829527685217344	0	10.737127899657054	1.2212453270876722e-15
32	1713	7.24464	7.0346400000000004	4.511637	1.647368	1.0856350000000001	0.875635	0.803613		74.51427189238099	71.5425671316624		9.55566406408138	9.27867453065293	5.950839179183497	2.172874731928379	1.1549606195410538	1.1549606195410538	0	9.66408817152991	0
33	1714	8.942721	8.683721	5.798722	1.732811	1.411188	1.152188	1.512188		82.94276778009213	79.63492605233206		12.001353261447335	11.653768841144514	7.782028667440973	2.32547531632954	1.5462648573740008	1.5462648573740008	0	12.13783814050037	0
34	1715	7.380719	7.113719	5.144413	1.054679	1.181627	0.914627	0.828451		77.30098268297375	74.21814106869896		8.898568491913187	8.576659774437175	6.202364760288067	1.2715743978984304	1.102720616250677	1.102720616250677	0	8.932913424601189	0
35	1716	9.109832	8.719832	6.476336	0.650642	1.9828540000000001	1.592854	1.763232		80.5443336498313	77.3321439084915		11.78488511247157	11.280363712530944	8.378077192835573	0.8416995197440224	2.060586999951348	2.060586999951348	0	11.748922668284852	0
36	1717	8.933643	8.427643	6.0418970000000005	0.471613	2.420133	1.914133	1.707434		86.24946257803542	82.80974650696186		11.091584715120069	10.463359268250214	7.501330914558575	0.5855321890803026	2.376496164611338	2.376496164611338	0	10.897981840478364	0
37	1718	8.466931	8.145931000000001	6.4965980000000005	0.797647	1.1726860000000001	0.851686	1.494042		90.66729885483473	87.05139499097429		9.816792762435389	9.444616530369514	7.532334470052044	0.9248138784381614	0.9874681818793076	0.9874681818793076	0	9.836922999535046	0
38	1719	8.582333	8.232333	5.699225	1.220012	1.663096	1.313096	1.596954		87.38602504347321	83.90098170819081		9.465742454444321	9.079715734314084	6.285866097240743	1.3455920882272367	1.448257548846103	1.448257548846103	0	9.456865109230645	0
39	1720	10.380847	9.837847	5.9998640000000005	2.837274	1.5437090000000002	1.000709	2.493968		96.18432072358738	92.34839243036609		11.879298772127106	11.25791795096049	6.865930790438356	3.2468280810215355	1.1451590795005984	1.1451590795005984	0	11.725544564205716	0
40	1721	9.371246	9.110246	6.268435	1.770422	1.332389	1.071389	1.950509		88.52962988858995	84.99897843185234		9.74300793466214	9.47165393638413	6.517106897302011	1.840655510878747	1.113891528203372	1.113891528203372	0	9.865083473834634	0
41	1722	10.914033	10.669033	8.126973	1.22798	1.5590799999999998	1.31408	2.761208		87.61890882978385	84.12457785283364		12.328113213321638	12.051369709131777	9.17994688357715	1.3870836256125216	1.4843391999421018	1.4843391999421018	0	12.551954384432827	2.886579864025407e-15
42	1723	13.394876	13.235876	9.900558	1.616226	1.878092	1.719092	3.323374		87.46240346267264	83.97431407854366		15.287654433156725	15.106186754406139	11.299567789909013	1.8446086827442945	1.962010281752833	1.962010281752833	0	15.733661122382872	0
43	1724	15.865782	15.767781999999999	12.271231	1.558721	2.03583	1.93783	3.759892		86.57591848504697	83.12318302119947		18.140116635110793	18.028068490856647	14.03029246187722	1.7821611781629505	2.2156148508164772	2.2156148508164772	0	18.776910741124873	0
44	1725	14.772328	14.689328	12.629382	0.862515	1.2804309999999999	1.197431	3.237477		90.55329935593758	86.94194190775012		17.062860271648653	16.966990656341785	14.58763848076448	0.9962527861012183	1.3830993894760877	1.3830993894760877	0	17.67175830628825	0
45	1726	15.02156	14.858559999999999	12.048793	0.94665	2.0261169999999997	1.863117	2.986573		89.74526768771538	86.16613536223643		16.58863907427028	16.408634589442734	13.305747096679323	1.0454064144907693	2.0574810782726445	2.0574810782726445	0	17.090209482283818	0
46	1727	17.121338	16.928338	12.909371	0.857626	3.3543410000000002	3.161341	4.465241		87.95922415355213	84.4513210562268		19.07770564524554	18.862652523256337	14.38445873817041	0.9556225326378904	3.5225712524480377	3.5225712524480377	0	19.646161370513425	0
47	1728	16.970764	16.749764	13.702241999999998	0.557935	2.7105870000000003	2.489587	4.279876		95.82718542513544	92.00550004994417		19.29389914851205	19.04264636391018	15.577947772799506	0.6343109609811951	2.830387630129479	2.830387630129479	0	19.833631718855152	0
48	1729	16.404102	16.259102000000002	13.01019	0.934738	2.459174	2.314174	4.159916		88.5635414575417	85.03153757302968		17.118422008560017	16.967107953621735	13.576721409775885	0.9754413592062138	2.4149451846396324	2.4149451846396324	0	17.67188047581278	3.552713678800501e-15
49	1730	16.65407	16.399070000000002	13.214345	0.977648	2.462077	2.207077	4.381		84.78770755252386	81.40628775487549		18.804656776269656	18.516727910956327	14.920750438073998	1.103894428689592	2.492083044192735	2.492083044192735	0	19.285867888623788	0
50	1731	16.748063	16.619062999999997	12.931605999999999	0.969095	2.847362	2.718362	5.201861		82.6569037829691	79.36046260143455		19.752937640901536	19.600792944784956	15.251746241622577	1.142966389791433	3.2060803133709483	3.2060803133709483	0	20.414962355293824	0
51	1732	17.170934	17.082933999999998	12.721294	1.064914	3.384726	3.296726	4.5477		85.09875697764491	81.70493221335089		20.773744495783976	20.667280309524276	15.390479703186195	1.2883545732563702	3.988446033081714	3.988446033081714	0	21.525749019123285	0
52	1733	16.918787	16.619787	12.437512	0.751348	3.729927	3.430927	4.487251		87.70830044087018	84.21040443577857		19.88135620411529	19.529999720637456	14.615386219175072	0.8829130138732532	4.031700487589132	4.031700487589132	0	20.341228552276142	0
53	1734	17.707312	17.599312	13.048515	0.664319	3.994478	3.886478	4.58684		87.69038418699726	84.19320270028686		20.18886685865911	20.06573142055675	14.877172325094643	0.7574186213400182	4.4311404741220874	4.4311404741220874	0	20.899213247956524	0
54	1735	17.766976	17.686976	13.2785	0.672687	3.815789	3.735789	4.635755		87.26574604410682	83.78549955734694		20.261031086501372	20.16980101522081	15.142481268737486	0.7671160369938785	4.260203709489441	4.260203709489441	0	21.007605641232768	0
55	1736	17.882281	17.796281	13.246264	0.561999	4.074018	3.988018	4.974206		93.10711194260807	89.39390585752123		20.491752847631346	20.393203297666428	15.179225068797244	0.6440087038457772	4.569969525023406	4.569969525023406	0	21.240287512780593	0
