## Sheet: A2.Components scaled by NGDP (continued)
	A	B	C	D	E	F	G	H	I	J	K	L	M	N	O	P	Q	R	S	T	U
284	1965	3042.943845	2993.999634	2890.571282	101.959343	50.41322	1.469009	2601.417528		37036	37036		8.887881078949674	8.744924012033765	8.442828758360838	0.2978045477115402	0.004290705961386804	0.004290705961386804	0	8.744924012033765	5.603156827405087e-16
285	1966	3295.209752	3279.159689	3179.048699	98.65508400000027	17.505969	1.455906	2784.311196		39573	39573		8.897315455232748	8.853979071714008	8.583671830111243	0.2663761853331901	0.003931056269575548	0.003931056269575548	0	8.853979071714008	-4.198030811863873e-16
286	1967	3510.193996	3479.444892	3357.2958670000003	120.72578499999969	32.172344	1.42324	2869.612994		41901	41901		8.870174098501504	8.79247186718217	8.48380427816946	0.30507109645465263	0.0035964925580572616	0.0035964925580572616	0	8.79247186718217	5.117434254131581e-16
287	1968	3730.75353	3696.50997	3574.843763	120.3389340000001	35.570833	1.327273	3016.17729		46008	46008		8.903733872699936	8.822008949667072	8.531643070571109	0.2871982387055204	0.0031676403904441416	0.0031676403904441416	0	8.822008949667072	-9.922618282587337e-16
288	1969	3906.811095	3846.741462	3685.731175	159.5958810000001	61.484039	1.414406	3140.350017		49909	49909		8.491590799426188	8.36102734741784	8.011065847243957	0.3468872391757957	0.0030742609980872896	0.0030742609980872896	0	8.36102734741784	1.5178830414797062e-16
289	1970	3841.921164	3835.185528	3615.426625	216.8789209999998	9.615618000000001	2.879982	3243.684014		56177	56177		7.697852419403314	7.6843565849846724	7.244037398064477	0.4345487206716219	0.0057704662485724015	0.0057704662485724015	0	7.6843565849846724	1.1232334506949826e-15
290	1971	4558.3279999999995	4520.482	4144.9791	373.82089999999994	39.528	1.682	3662.154		62948	62948		8.114224682699325	8.046855474660449	7.378427292308239	0.6654340744432774	0.002994107908930701	0.002994107908930701	0	8.046855474660449	1.2524703496552547e-15
291	1972	4242.493	4215.97	3608.4021000000002	606.9859000000006	27.105	0.582	3698.477		70663	70663		6.739678782487133	6.697544004575205	5.732353847620258	0.9642655842917973	0.0009245726631505369	0.0009245726631505369	0	6.697544004575205	-1.2667818183320634e-15
292	1973	5434.594	5421.18	4503.527099999999	917.3799000000007	13.687	0.273	4186.586		81895	81895		7.6908622617211275	7.671879201279312	6.37324639486011	1.2982464656185	0.0003863408007019232	0.0003863408007019232	0	7.671879201279312	1.7753810574450135e-16
293	1974	6615.11	6588.554	5141.1241	1447.1408999999996	26.845000000000002	0.289	4573.444		92743	92743		8.07755052200989	8.045123633921484	6.277702057512668	1.7670686855119355	0.0003528908968801514	0.0003528908968801514	0	8.045123633921484	6.90582573764642e-16
294	1975	6995.622	6975.965	5650.8501	1324.9199000000008	19.852	0.195	5355.343		115176	115176		7.5430188801311155	7.52182374950131	6.093020605328704	1.4285928857164432	0.0002102584561638075	0.0002102584561638075	0	7.52182374950131	-4.039466244137868e-16
295	1976	7732.148	7724.407	6484.6530999999995	1239.4709000000007	8.024	0.283	6042.259		136949	136949		6.713332638744183	6.7066116204764885	5.630212110161839	1.076153799402654	0.0002457109119955546	0.0002457109119955546	0	6.7066116204764885	-9.86623976961809e-18
296	1977	8522.725	8505.982	6382.215099999999	2123.5399	16.97	0.227	6758.257		159701	159701		6.2232838501924075	6.211058131129106	4.660286018882941	1.5506063571110416	0.00016575513512329408	0.00016575513512329408	0	6.211058131129106	6.631522588007588e-16
297	1978	10283.317	10258.963	8721.795100000001	1536.9868999999978	24.535	0.181	7775.646		185968	185968		6.43910620472007	6.423856456753557	5.461327793814692	0.962415326140724	0.00011333679814152696	0.00011333679814152696	0	6.423856456753557	-1.2122735541103546e-16
298	1979	10350.946	10326.208	8242.9701	2083.0308999999997	24.945	0.207	8900.262		220845	220845		5.565982319538845	5.552680030973071	4.432466929794373	1.1201017917060998	0.00011130947259743611	0.00011130947259743611	0	5.552680030973071	7.505796114845587e-16
299	1980	11167.693	11154.974	7979.817099999999	3174.910899999999	12.965	0.246	9762.281		259962	259962		5.05680137653105	5.051042133623129	3.613311191106885	1.4376195521746016	0.00011139034164232834	0.00011139034164232834	0	5.051042133623129	4.3029273720518457e-16
300	1981	12480.23	12456.201	7236.8471	5218.879899999998	24.503	0.474	10300.971		289899	289899		4.800790115478416	4.791546841461444	2.783809595248536	2.0075549118717344	0.00018233434117294065	0.00018233434117294065	0	4.791546841461444	5.994282761129233e-16
301	1982	13425.928	13405.699	4825.7841	8579.7069	20.436999999999998	0.208	10754.771		319210	319210		4.631243295078631	4.624265347586574	1.6646432378173086	2.9595503606428446	7.174912641989107e-05	7.174912641989107e-05	0	4.624265347586574	7.149771226455659e-16
302	1983	14567.426	14550.341	3694.9271	10855.2719	17.227	0.142	11007.915		351109	351109		4.563586980357758	4.558234704426553	1.1575223520566398	3.400667867548009	4.4484821904075685e-05	4.4484821904075685e-05	0	4.558234704426553	2.579859069429258e-16
303	1984	13949.031	13936.376	2502.2451	11433.9579	12.828	0.173	11457.345		377577	377577		3.97284917219439	3.9692448783711045	0.7126690287061853	3.256526577216762	4.927244815712499e-05	4.927244815712499e-05	0	3.9692448783711045	-1.3362791775883842e-17
304	1985	18658.639	18648.316	2555.5741000000003	16092.499899999997	10.565000000000001	0.242	12029.677		414329	414329		4.94167785643723	4.938943844566803	0.6768352150687146	4.262044536611075	6.409288701377467e-05	6.409288701377467e-05	0	4.938943844566803	-7.436271650534954e-17
305	1986	18771.316	18761.083	2555.4991	16205.165899999998	10.651	0.418	12309.767		446413	446413		4.530533947659951	4.528064171226247	0.6167801674514697	3.911183117763902	0.00010088601087541542	0.00010088601087541542	0	4.528064171226247	-3.1456770781951304e-16
306	1987	17465.625	17461.7	1737.5901000000001	15723.7929	4.242	0.317	12846.075		495534	495534		3.9124364657839266	3.9115572351163608	0.3892337588735095	3.522252465766006	7.101047684543236e-05	7.101047684543236e-05	0	3.9115572351163608	-1.0889455569901285e-16
307	1988	16897.552	16889.018	2358.0431	14530.5999	8.909	0.375	13301.466		554896	554896		3.409968236286511	3.408246053752114	0.47585899252119934	2.932311385293441	7.567593747351342e-05	7.567593747351342e-05	0	3.408246053752114	3.046472579412707e-16
308	1989	18286.844	18278.537	10518.161100000001	7760.0629	8.620000000000001	0.313	14111.693		613381	613381		3.2955443903001647	3.2940473530175023	1.8955193585825094	1.3984715874686429	5.640696635045126e-05	5.640696635045126e-05	0	3.2940473530175023	-4.4240192021913205e-16
309	1990	19365.505	19356.429	12845.4841	6510.731900000002	9.289	0.213	15020.924		667435	667435		3.1571739261568257	3.155694258544037	2.094209651097768	1.06144988188418	3.4725562089468046e-05	3.4725562089468046e-05	0	3.155694258544037	-5.238729372178397e-16
310	1991	20668.25	20662.828	10023.116100000001	10639.468899999998	5.665	0.243	15374.578		703728	703728		3.0966685894506583	3.095856225699881	1.5017366634953218	1.5940831541648248	3.640803973420633e-05	3.640803973420633e-05	0	3.095856225699881	1.6390426342549613e-16
311	1992	21622.37	21613.392	9713.116100000001	11900.025899999999	9.228	0.25	16121.022		727965	727965		3.072546495236796	3.0712707182320447	1.3802372649660097	1.6909979281767953	3.5525089239024166e-05	3.5525089239024166e-05	0	3.0712707182320447	6.277530578691071e-16
312	1993	24975.3	24970.399999999998	4416.815099999999	20553.584899999998	4.9	0	16965.1		766408	766408		3.4308380210587046	3.4301649117746047	0.6067345408089673	2.8234303709656365	0	0	0	3.4301649117746047	8.881784197001252e-16
313	1994	26943.3	23436.8	2693.0151	20743.7849	6.5	0	17163.5		806420	806420		3.515529587373827	3.0580056575609857	0.3513813921566581	2.7066242654043275	0	0	0	3.0580056575609857	0
314	1995	25876.3	23339.8	12324	11015.8	3.9	0	18056.1		846536	846536		3.2087869844497905	2.8942486545472583	1.5282359068475484	1.36601274769971	0	0	0	2.8942486545472583	0
315	1996	25855.9	24827.600000000002	10789.800000000001	14037.800000000001	12	0	19648		903432	903432		3.054317831728361	2.9328463290397573	1.2745825339973729	1.6582637950423844	0	0	0	2.9328463290397573	0
316	1997	28327	27418.3	11651.5	15766.8	9.2	0	22010.8		948953	948953		3.135487784360085	3.0349046746185655	1.2896930814936818	1.7452115931248837	0	0	0	3.0349046746185655	0
317	1998	37141	29802	2529	27273	2	0	23548		991238	991238		3.9138924688577834	3.1405138083761788	0.2665042420435996	2.874009566332579	0	0	0	3.1405138083761788	0
318	1999	45193	38562	4385	34177	8	0	24792		1031158	1031158		4.559248132133756	3.8902866919952626	0.44237609938279204	3.4479105926124705	0	0	0	3.8902866919952626	0
319	2000	49038	48365	5170	43195	5	0	25135		1089341	1089341		4.755624259327862	4.690357830710716	0.5013780623338033	4.188979768376912	0	0	0	4.690357830710716	0
320	2001	38760	38705	15610	23095	5	0	27195		1129443	1129443		3.558114493074253	3.5530655689999735	1.4329764509001313	2.120089118099842	0	0	0	3.5530655689999735	0
321	2002	42537	42481	16473	26008	6	0	29384		1182956	1182956		3.7661927162326916	3.7612345200244723	1.4585065381785536	2.3027279818459188	0	0	0	3.7612345200244723	0
322	2003	50694	50642	16824	33818	4	0	33866		1251847	1251847		4.285366488694423	4.280970720804493	1.4221999803881125	2.8587707404163805	0	0	0	4.280970720804493	4.440892098500626e-16
323	2004	51533	51475	16599	34876	5	0	36015		1312854	1312854		4.116557374822961	4.111924220771388	1.3259607603804617	2.7859634603909265	0	0	0	4.111924220771388	-4.440892098500626e-16
324	2005	57689	57611	15898	41713	4	0	35416		1388753	1388753		4.394167211281681	4.388225956580092	1.2109495800751644	3.1772763765049272	0	0	0	4.388225956580092	4.440892098500626e-16
325	2006	61673	61614	15581	46033	6	0	36914		1465902	1465902		4.440890496726199	4.436642081061211	1.1219417707828534	3.3147003102783574	0	0	0	4.436642081061211	4.440892098500626e-16
326	2007	77812	77763	15815	61948	0	0	38449		1541442	1541442		5.308131102897738	5.304788451069717	1.0788579318399183	4.225930519229799	0	0	0	5.304788451069717	0
327	2008	117869	98658	10688	87970	0	0	44978		1579796	1579796		7.646671104070085	6.400370562110024	0.6933767212778684	5.706993840832156	0	0	0	6.400370562110024	0
328	2009	196536	167311	12213	155098	0	0	48608		1537213	1537213		12.440593595628803	10.590671200585392	0.7730744982263533	9.817596702359038	0	0	0	10.590671200585392	0
329	2010	273324	246669	207275	39394	0	0	50220		1587466	1587466		17.780489756461858	16.046507543196682	13.483817792329365	2.5626897508673165	0	0	0	16.046507543196682	8.881784197001252e-16
330	2011	281793	245509	207929	37580	0	0	52194		1644546	1644546		17.751120338955293	15.465465087126276	13.098170291521205	2.3672947956050714	0	0	0	15.465465087126276	-4.440892098500626e-16
331	2012	370393	322831	297255	25576	0	0	54921		1694417	1694417		22.522507731617115	19.630402554869246	18.075201301757446	1.5552012531118011	0	0	0	19.630402554869246	-8.881784197001252e-16
332	2013	455747	403003	384528	18475	0	0	58022		1761347	1761347		26.896979905182725	23.784168832111575	22.693823303236453	1.0903455288751234	0	0	0	23.784168832111575	-8.881784197001252e-16
333	2014	459539	404430	385137	19293	0	0	60198		1844295	1844295		26.09020255520349	22.96140397093815	21.86604910900578	1.0953548619323734	0	0	0	22.96140397093815	-2.220446049250313e-15
334	2015	466362	408489	385874	22615	0	0	63789		1895839	1895839		25.286735581889015	22.148788561482842	20.92257475078553	1.2262138106973126	0	0	0	22.148788561482842	6.661338147750939e-16
335	2016	473576	422706	385307	37399	0	0	67818		1969524	1969524		24.979758302260898	22.296513575256128	20.32382496614955	1.972688609106575	0	0	0	22.296513575256128	1.5543122344752192e-15
336	2017	590877	527828	442126	85702	0	0	73198		2049629	2049629		30.00100531905171	26.799774971008222	22.448368235167482	4.351406735840741	0	0	0	26.799774971008222	-8.881784197001252e-16
337	2018	680063	610984	445211	165773	0	0	73250		2117724	2117724		33.17980961432532	29.80949235203054	21.72154082519324	8.087951526837296	0	0	0	29.80949235203054	1.7763568394002505e-15
