## Sheet: A4. Note denominations

`data region: A1:N119`
	A	B	C	D	E	F	G	H	I	J	K	L	M	N
1	Back to front page	A4. Bank of England and Treasury-Issued Currency notes by denomination, 1921-2018												
2		Source: Bank of England Statistical Summary and Bank of England Annual Reports												
3		£mn												
4		The issue of £20, £50, £100, £500 and £1,000 notes was discontinued in 1943. £20 and £50 notes were reintroduced in 1970 and 1982.  The issue of £10 notes was suspended between 1943 and 21st February 1964.												
5		Notes over £100 mainly used as bankers' reserves and within the Bank of England as cover for Scottish and Irish Note Issues.												
6		Prior to 1928, these include Third Series Currency Notes in Circulation issued by the Treasury, prior to the amalgamation of the note issue in 1928.  But they exclude First and Second Series Currency notes and Bank of England notes set aside as cover for the Currency Note Issue.												
8		10 shillings	£1(a)	5	10	20	50	100	Over £100					
9									200	500	1,000	over £1000	Total	Check
10		From the Bank of England Statistical Summary, Annual Average of Wednesday figures												
12	1921	41.6	258.8	52.5	18	6	9.9	14.6	33.2				434.5	-0
13	1922	40.4	233.4	48.4	17.6	5.7	9.5	14.2	29.7				398.8	-0
14	1923	39.9	222.9	46.7	17.7	5.7	9.8	14.4	29				386.2	0
15	1924	40.8	225.1	46.7	17.6	4.9	9.9	14.2	30.1				389.4	0
16	1925	41	230.1	44	15.5	4.3	7.4	12.3	27.9				382.5	0
17	1926	41.4	231.7	42.1	13.8	3.8	6.8	11.8	23.7				375	-0
18	1927	42	231.8	40.6	12.8	3.6	6.5	11.5	24.4				373.3	0
19	1928	42.5	225.7	39.5	12.1	3.5	6.4	11.5	30.7				371.9	0
20	1929	43.8	218.5	38.8	12	3.4	6.2	11.1	28.6				362.3	-0
21	1930	44.5	215.3	37.8	11.7	3.3	6.1	10.9	29				358.6	0
22	1931	45	216.6	36.9	11.3	2.8	6.2	11.3	24.7				354.8	0
23	1932	44.4	219.2	36.3	11	2.3	6.4	11.8	28.1				359.5	0
24	1933	44.8	224.4	35.1	11	2.3	6.7	13	34				371.2	-0
25	1934	45.8	230.7	35.5	11.3	2.2	6.7	13.2	33.3				378.7	0
26	1935	47.6	241.6	36.8	11.9	2.5	7.3	14.5	32.5				394.7	0
27	1936	49.4	255.3	38.6	13.9	3.9	10.4	23	37				431.4	-0
28	1937	51.1	270.4	40.5	16.4	5.6	15.4	36.9	43.3				479.6	0
29	1938	52.7	279.9	40.3	16.1	5.3	14.8	34.5	42				485.6	0
30	1939	58.2	314.5	39.4	15	4.3	12.2	25.6	38.2				507.3	-0
31	1940	66.7	381.1	41.2	14.4	3.8	10.9	22	34.5				574.7	0
32	1941	75.4	448.7	42.5	14.2	3.7	11.1	22.4	34				652.2	0
33	1942	83.9	573.8	50.1	15.3	3.9	12.2	24.3	44.9				808.3	-0
34	1943	90.9	711.7	64.2	12.1	3.2	9.7	19.7	54.6				966.3	0
35	1944	97.1	861.4	84.5	8.1	2.6	7.1	15.1	59.8				1135.7	0
36	1945	101.8	1007.4	87.2	4.7	1.9	4.8	10.8	65.7				1284.2	-0
38		From the Bank of England Annual Reports, end of February observation												
39	1939	53.338	283.646	38.283	14.596	4.436	12.305	26.518	0.019	3.654	23.199	18.455	478.449	0
40	1940													
41	1941													
42	1942													
43	1943	88.552	662.541	56.487	16.111	3.968	12.63	24.91	0.013	2.793	4.4	46.715	919.12	0
44	1944	95.223	820.898	78.47	8.539	2.636	7.298	15.569	0.013	1.761	3.215	52.71	1086.332	0
45	1945	99.971	938.241	90.47	6.587	2.303	6.021	13.276	0.012	1.408	2.942	55.91	1217.141	0
46	1946	102.29	1078.442	61.461	2.969	1.423	3.221	7.428	0.009	0.812	1.815	62.2	1322.07	0
47	1947	98.996	1113.279	83.962	2.079	0.985	2.168	4.81	0.009	0.493	1.209	69.03	1377.02	0
48	1948	91.171	976.955	97	1.634	0.755	1.627	3.414	0.009	0.393	0.839	59.585	1233.382	0
49	1949	88.854	968.719	107.161	1.306	0.595	1.257	2.558	0.008	0.344	0.524	60.56	1231.886	0
50	1950	86.164	975.762	120.618	1.139	0.51	1.069	2.113	0.008	0.304	0.386	61.95	1250.023	0
51	1951	86.362	998.771	135.161	1.005	0.455	0.952	1.809	0.008	0.29	0.298	63.87	1288.981	0
52	1952	87.334	1054.927	152.185	0.906	0.408	0.832	1.569	0.008	0.275	0.217	69.93	1368.591	0
53	1953	89.108	1123.696	172.957	0.815	0.363	0.738	1.347	0.008	0.165	0.168	80.75	1470.115	0
54	1954	90.49	1179.96	191.556	0.763	0.343	0.695	1.254	0.008	0.162	0.151	84.68	1550.062	0
55	1955	93.556	1264.574	217.797	0.694	0.315	0.629	1.134	0.007	0.128	0.134	86.53	1665.498	0
56	1956	95.351	1357.248	242.097	0.652	0.299	0.592	1.054	0.007	0.12	0.122	90.34	1787.882	0
57	1957	96.236	1404.611	271.17	0.603	0.282	0.556	0.979	0.007	0.094	0.114	99.42	1874.072	0
58	1958	98.219	1337.894	421.424	0.573	0.257	0.517	0.916	0.007	0.083	0.108	105.62	1965.618	0
59	1959	98.639	1265.124	537.91	0.54	0.241	0.481	0.858	0.007	0.079	0.1	109.85	2013.829	0
60	1960	100.686	1218.636	686.898	0.509	0.225	0.447	0.792	0	0.064	0.086	107.55	2115.893	0
61	1961	99.468	1153.329	848.649	0.476	0.199	0.397	0.69	0	0.061	0.082	109.15	2212.501	0
62	1962	103.714	1091.365	998.491	0.447	0.193	0.382	0.66	0	0.057	0.082	106.75	2302.141	0
63	1963	95.481	982.963	1124.132	0.4	0.185	0.357	0.628	0	0.052	0.074	105.05	2309.322	0
64	1964	96.985	1024.525	1179.277	16.012	0.178	0.339	0.586	0	0.05	0.073	111.95	2429.975	0
65	1965	99.638	1012.485	1274.344	105.107	0.17	0.31	0.558	0	0.046	0.071	111.65	2604.379	0
66	1966	104.731	1024.27	1397.612	147.387	0.166	0.297	0.532	0	0.046	0.07	109.2	2784.311	0
67	1967	104.47	971.966	1490.147	193.406	0.162	0.286	0.512	0	0.045	0.069	108.55	2869.613	0
68	1968	107.258	972.251	1577.541	242.451	0.156	0.277	0.491	0	0.039	0.063	115.65	3016.177	0
69	1969	109.223	956.887	1677.518	278.072	0.15	0.835					117.665	3140.35	0
70	1970	42.35	949.42	1796.668	314.482	0.15	0.824					139.79	3243.684	0
71	1971	15.267	977.334	2079.724	354.015	76.678	0.796					158.34	3662.154	0
72	1972	13.669	920.408	2094.445	385.952	145.271	0.757					137.975	3698.477	0
73	1973	13.329	908.382	2400.419	487.307	224.277	0.722					152.15	4186.586	0
74	1974	13.085	906.154	2512.979	644.39	324.488	0.698					171.65	4573.444	0
75	1975	12.984	883.749	3013.773	814.6	397.056	0.656					232.525	5355.343	0
76	1976	13	831	3261	1157	500	280						6042	0
77	1977	13	805	3431	1596	652	261						6758	0
78	1978	13	800	3625	2172	852	314						7776	0
79	1979	13	782	3694	2948	1125	338						8900	0
80	1980	13	704	3540	3610	1419	476						9762	0
81	1981	13	673	3343	4043	1686	543						10301	0
82	1982	7	657	3097	4298	1833	274	589					10755	0
83	1983	6	641	2850	4531	1874	633	473					11008	0
84	1984		583	2554	4846	1979	909	586					11457	0
85	1985		528	2426	5232	2137	1089	618					12030	0
86	1986		142	2225	5459	2310	1233	941					12310	0
87	1987		117	2029	5633	2608	1475	984					12846	0
88	1988		108	1896	5810	2932	1755	800					13301	0
89	1989		102	1646	5806	3654	2054	850					14112	0
90	1990		62	1539	5866	4380	2292	882					15021	0
91	1991		61	1373	5810	4847	2375	909					15375	0
92	1992		59	1166	5743	5288	2515	1350					16121	0
93	1993		58.2	1162.5	5347.6	6101.6	2732	1563					16965.1	0
94	1994		57.3	1135.1	5245.3	6817.8	2883.9	1024.1000000000004					17163.5	0
95	1995		56.6	1072.1	5347.6	7723.4	2852.3	1004.0999999999985					18056.1	0
96	1996		56.071968	1058.660695	5592.84264	8505.72904	3082.2597	1352.4359570000015					19648	0
97	1997		55.622278	1047.137285	5915.31056	9558.4943	3273.38915	2160.8464270000004					22010.8	0
98	1998		55.250503	1034.55663	5959.82214	10620.56524	3635.8831	2241.9223869999987					23548	0
99	1999		0	1110.969275	5966.53621	11413.81512	3961.88255	2338.7968450000008					24792	0
100	2000		0	1045.14544	5683.79567	13196.53112	4195.25775	1014.2700199999999					25135	0
101	2001		0	1040.59422	6107.45105	14381.44616	4656.81825	1008.6903200000015					27195	0
102	2002		0	1043.60882	5922.63947	16321.3862	5213.86045	882.5050599999995					29384	0
103	2003		0	1051.228265	5931.38577	18130.20056	5446.5116	3306.6738049999985					33866	0
104	2004		0	1027.260695	5699.17145	20034.49976	5741.321	3512.7470950000024					36015	0
105	2005		0	1040.374225	5668.3963	21348.01102	6121.8843	1237.3341549999968					35416	0
106	2006		0	1051.70463	5589.92728	22683.74866	6516.0963	1072.5231300000014					36914	0
107	2007		0	1100.05528	5885.64523	23740.10856	6704.69735	1018.4935799999948					38449	0
108	2008		0	1241.842555	6114.69715	25648.51014	7526.2341	4446.716054999997					44978	0
109	2009		0	1301.741665	6304.32338	28089.04484	8690.8922	4221.997915					48608	0
110	2010		0	1245.189185	6399.02347	30047.5643	9247.64735	3280.5756949999995					50220	0
111	2011		0	1354.854455	6492.87731	30973.35226	9939.8822	3433.0337750000035					52194	0
112	2012		0	1477.001355	6841.1008	33129.42472	9899.15365	3575					54921	-1
113	2013		0	1526.010075	7233.54269	35162.86306	10322.6959	3776					58022	1
114	2014		0	1540.10709	7181.95326	36483.19982	11025.238	3967					60198	1
115	2015		0	1601.07214	7371.18181	38911.65254	11787.5671	4118					63789	-0
116	2016		0	1645.376335	7766.89134	41037.13176	13156.85915	4212					67818	-0
117	2017		0	1912.1262	8006.10743	43357.23012	15600.93465	4322					73198	-0
118	2018		0	1910.130865	7788.95251	42692.43096	16507.8535	4351					73250	-0
119	2019		0	1979	10524	40128	17210	4330					74171	0