




                                 Published by Duke University Press
                                        Hispanic American Historical Review



HAHR 80.4_09 Pedreira       1/4/01         5:25 PM       Page 847




           Table 1: Por tugal’s Brazil-Based Trade (1776 –1831)

                                                                                     Exports of Portuguese
                      Reexports of                                                     manufacturing
                    Brazilian goods       Imports from Brazil   Exports to Brazil       goods to Brazil
            Year    (in million réis)       (in million réis)   (in million réis)      (in million réis)

            1776       [2661.2]*                2335.6               3455.3                  921.8
            1777        [2216.7]*               1916.0               2484.9                  720.0
            1783        [2716.9]*                n.a.                 n.a.                   n.a.
            1789       [3558.8]*                 n.a.                 n.a.                   n.a.
            1796         9883.9                 9687.1               6780.7                 2549.4
            1797         6789.4                 4208.8               8460.5                 2951.8
            1798         8881.5                 9607.8              10616.6                 4225.6
            1799       10205.5                 10596.7              15758.8                 5668.2
            1800       14173.4                 10106.5               9382.9                 3897.2
            1801       15092.9                 12530.6              10633.5                 4091.7
            1802       14538.3                  8739.1               9802.8                 3667.7
            1803       11831.1                 10022.8               8914.6                 2908.9
            1804       13167.9                 10365.6              10169.8                 3457.0
            1805       13893.1                 13169.2               8700.8                 2639.2
            1806       14506.0                 13213.7               8272.4                 1974.1
            1807       11434.5                 12537.5               6620.5                 1627.2
            1808         4635.4                  547.9               1409.0                  222.8
            1809         2061.2                 4732.1               2970.9                  987.6
            1810         2961.7                 3547.3               2508.4                  893.0
            1811          515.5                 3344.5               2572.4                 1220.8
            1812          969.0                 3668.3               2412.3                  933.8
            1813          913.3                 4550.7               3565.1                 1102.8
            1814         8907.3                 6767.3               4170.0                 1253.4
            1815         8621.4                 8987.5               5354.8                 1572.1
            1816         8676.0                 9652.9               6781.5                 1880.5
            1817         7944.2                 8272.4               6023.7                 1912.0
            1818         7579.2                 9627.9               6728.2                 2432.2
            1819         4469.1                 7496.7               6233.6                 1926.5
            1820         5286.7                 6756.6               5386.8                 1555.6
            1821         3707.0                 6009.5               4732.1                 1735.3
            1822         3926.5                 5916.4               3764.2                 1295.0
            1823         2277.1                 3110.1               2966.7                 1025.0
            1824         2370.9                 3097.5               2882.3                 1073.6
            1825         1625.1                 2983.5               3532.1                 1413.1
            1826         1349.4                 3983.7               3384.4                 1091.2
            1827         1872.6                 4324.0               3251.7                  960.1
            1828         1348.4                 3354.1               3063.2                  928.4
            1829         1028.3                 2987.1               3538.8                 1184.2
            1830         2004.0                 3624.7               3035.9                 1155.7
            1831         1433.0                 2927.4               1425.6                  437.0