## Sheet: P4_annual.csv (continued)
record_type,branch,mapped_S,bound,year,time_note,france_line_hulls,france_line_launches,france_line_natural_exit,france_line_war_loss,france_A12,france_commissioned_line,france_frst,france_smst,france_fr_launches,france_sm_launches,france_fr_exit,france_sm_exit,france_fr_commissioned,france_sm_commissioned,france_total_personnel,france_qualified_personnel,france_sea_training_days_assumed,france_officers_8yr_share_ASSUMED,france_budget_planning_floor_million_francs_ASSUMED,britain_line_hulls,britain_line_launches,britain_line_exit_implied,britain_A12,britain_commissioned_line,britain_frst,britain_smst,britain_fr_launches,britain_sm_launches,britain_fr_exit_implied,britain_sm_exit_implied,britain_fr_commissioned,britain_sm_commissioned,britain_total_personnel,britain_sea_training_days_ASSUMED,britain_officers_8yr_share_ASSUMED,britain_budget_min_million_GBP_at_1812_level,britain_budget_max_million_GBP_at_1812_level,france_line_displacement_tonnes_ASSUMED,britain_line_displacement_tonnes_ASSUMED,tonnage_ratio_FR_over_UK,france_effective_A12_tonnes_ASSUMED,britain_effective_A12_tonnes_ASSUMED,effectiveness_ratio_FR_over_UK,uk_skill_factor_ASSUMED,fr_skill_factor_ASSUMED
CONDITIONAL_MODEL_NOT_OBSERVATION,W,S2/S3,base,1822,annual_planning_year,102.982,7.0,5.104327,1.0,79,69,53.762,58.162,2.5,5.0,2.625,4.84,40.32,43.62,96241,58343,55.0,0.553,195,138.0,7,5.5,125.5,112.0,137.0,248.0,6.5,19.0,5.5,17.5,100.0,200.0,137800,175,0.853,15.713,20.469,360437.76,496800.0,0.7255,192628.426,462342.0,0.4166,1.0233,0.696667
CONDITIONAL_MODEL_NOT_OBSERVATION,W,S2/S3,base,1823,annual_planning_year,103.833,7.0,5.149111,1.0,80,70,53.643,58.309,2.5,5.0,2.619,4.853,40.23,43.73,97580,59342,55.0,0.567,195,139.5,7,5.5,127.0,113.0,138.0,249.5,6.5,19.0,5.5,17.5,100.0,200.0,138450,175,0.857,15.768,20.537,363415.871,502200.0,0.7236,196933.24,469392.0,0.4195,1.0267,0.703333
CONDITIONAL_MODEL_NOT_OBSERVATION,W,S2/S3,base,1824,annual_planning_year,104.641,7.0,5.191655,1.0,81,70,53.529,58.444,2.5,5.0,2.614,4.865,40.15,43.83,98798,60282,55.0,0.582,195,141.0,7,5.5,128.5,114.0,139.0,251.0,6.5,19.0,5.5,17.5,100.0,200.0,139100,175,0.86,15.823,20.605,366245.079,507600.0,0.7215,201285.0,476478.0,0.4224,1.03,0.71
CONDITIONAL_MODEL_NOT_OBSERVATION,W,S2/S3,base,1825,annual_planning_year,105.409,7.0,5.232073,1.0,81,70,53.42,58.569,2.5,5.0,2.609,4.876,40.07,43.93,99906,61165,55.0,0.597,195,142.5,7,5.5,130.0,115.0,140.0,252.5,6.5,19.0,5.5,17.5,100.0,200.0,139750,175,0.863,15.879,20.674,368932.823,513000.0,0.7192,203175.095,483600.0,0.4201,1.0333,0.716667
CONDITIONAL_MODEL_NOT_OBSERVATION,W,S2/S3,base,1826,annual_planning_year,106.139,7.0,5.270469,1.0,82,71,53.316,58.683,2.5,5.0,2.604,4.885,39.99,44.01,100914,61995,55.0,0.611,195,142.5,7,7.0,130.0,115.0,140.7,254.0,6.5,19.0,5.8,17.5,100.0,200.0,139750,175,0.867,15.879,20.674,371486.182,513000.0,0.7241,207596.571,485160.0,0.4279,1.0367,0.723333
CONDITIONAL_MODEL_NOT_OBSERVATION,W,S2/S3,base,1827,annual_planning_year,106.832,7.0,5.306945,1.0,82,71,53.217,58.788,2.5,5.0,2.599,4.895,39.91,44.09,101832,62775,55.0,0.626,195,142.5,7,7.0,130.0,115.0,141.4,255.5,6.5,19.0,5.8,17.5,100.0,200.0,139750,175,0.87,15.879,20.674,373911.874,513000.0,0.7289,209510.0,486720.0,0.4305,1.04,0.73
CONDITIONAL_MODEL_NOT_OBSERVATION,W,S2/S3,base,1828,annual_planning_year,107.49,7.0,5.341598,1.0,83,72,53.122,58.885,2.5,5.0,2.595,4.903,39.84,44.16,102667,63509,55.0,0.641,195,142.5,7,7.0,130.0,115.0,142.1,257.0,6.5,19.0,5.8,17.5,100.0,200.0,139750,175,0.873,15.879,20.674,376216.281,513000.0,0.7334,214001.764,488280.0,0.4383,1.0433,0.736667
CONDITIONAL_MODEL_NOT_OBSERVATION,W,S2/S3,base,1829,annual_planning_year,108.116,7.0,5.374518,1.0,83,72,53.032,58.974,2.5,5.0,2.59,4.911,39.77,44.23,103427,64198,55.0,0.655,195,142.5,7,7.0,130.0,115.0,142.8,258.5,6.5,19.0,5.8,17.5,100.0,200.0,139750,175,0.877,15.879,20.674,378405.468,513000.0,0.7376,215938.236,489840.0,0.4408,1.0467,0.743333
CONDITIONAL_MODEL_NOT_OBSERVATION,W,S2/S3,base,1830,annual_planning_year,108.71,7.0,5.405792,1.0,84,73,52.945,59.057,2.5,5.0,2.586,4.918,39.71,44.29,104119,64846,55.0,0.67,195,142.5,7,7.0,130.0,115.0,143.5,260.0,6.5,19.0,5.8,17.5,100.0,200.0,139750,175,0.88,15.879,20.674,380485.193,513000.0,0.7417,220500.0,491400.0,0.4487,1.05,0.75
CONDITIONAL_MODEL_NOT_OBSERVATION,W,S2/S3,high,1815,common_pre_truce_1815,102.162,12.0,1.380632,0.5,77,73,65.163,70.869,6.0,6.0,2.249,4.99,52.13,56.7,97273,57442,80.0,0.55,245,135.0,8,5.8,125.0,115.0,135.0,255.0,8,22,5.0,20.0,115.0,230.0,147250,210,0.88,16.516,21.461,388213.727,526500.0,0.7373,219450.0,511875.0,0.4287,1.05,0.75
CONDITIONAL_MODEL_NOT_OBSERVATION,W,S2/S3,high,1816,annual_planning_year,107.575,10.0,4.08646,0.5,83,78,65.957,71.808,3.5,6.0,2.707,5.061,52.77,57.45,101492,59570,80.0,0.564,245,137.0,8,6.0,127.0,116.0,137.0,257.0,8,22,6.0,20.0,112.0,224.0,146400,210,0.883,16.444,21.372,408785.175,534300.0,0.7651,238652.772,521716.0,0.4574,1.0533,0.756667
CONDITIONAL_MODEL_NOT_OBSERVATION,W,S2/S3,high,1817,annual_planning_year,112.772,10.0,4.303002,0.5,87,82,66.719,72.681,3.5,6.0,2.738,5.127,53.37,58.15,105372,61591,80.0,0.578,245,139.0,8,6.0,129.0,117.0,139.0,259.0,8,22,6.0,20.0,109.0,218.0,145550,210,0.887,16.372,21.283,428533.771,542100.0,0.7905,252357.89,531609.0,0.4747,1.0567,0.763333
CONDITIONAL_MODEL_NOT_OBSERVATION,W,S2/S3,high,1818,annual_planning_year,117.761,10.0,4.510882,0.5,92,87,67.45,73.494,3.5,6.0,2.769,5.188,53.96,58.8,108942,63512,80.0,0.592,245,141.0,8,6.0,131.0,118.0,141.0,261.0,8,22,6.0,20.0,106.0,212.0,144700,210,0.89,16.299,21.194,447492.419,549900.0,0.8138,269192.0,541554.0,0.4971,1.06,0.77
CONDITIONAL_MODEL_NOT_OBSERVATION,W,S2/S3,high,1819,annual_planning_year,122.551,10.0,4.710447,0.5,96,91,68.152,74.249,3.5,6.0,2.798,5.245,54.52,59.4,112227,65336,80.0,0.606,245,143.0,8,6.0,133.0,119.0,143.0,263.0,8,22,6.0,20.0,103.0,206.0,143850,210,0.893,16.227,21.104,465692.721,557700.0,0.835,283328.122,551551.0,0.5137,1.0633,0.776667
CONDITIONAL_MODEL_NOT_OBSERVATION,W,S2/S3,high,1820,annual_planning_year,127.149,10.0,4.902029,0.5,100,95,68.826,74.952,3.5,6.0,2.826,5.297,55.06,59.96,115249,67069,80.0,0.62,245,145.0,8,6.0,135.0,120.0,145.0,265.0,8,22,6.0,20.0,100.0,200.0,143000,210,0.897,16.155,21.015,483165.014,565500.0,0.8544,297666.54,561600.0,0.53,1.0667,0.783333
CONDITIONAL_MODEL_NOT_OBSERVATION,W,S2/S3,high,1821,annual_planning_year,129.563,8.0,5.085948,0.5,103,97,69.473,75.605,3.5,6.0,2.853,5.347,55.58,60.48,118029,68716,80.0,0.634,245,147.0,8,6.0,137.0,121.0,146.0,267.0,8,22,7.0,20.0,100.0,200.0,143650,210,0.9,16.21,21.083,492338.412,573300.0,0.8588,309206.0,571701.0,0.5409,1.07,0.79
CONDITIONAL_MODEL_NOT_OBSERVATION,W,S2/S3,high,1822,annual_planning_year,131.88,8.0,5.18251,0.5,106,100,70.094,76.213,3.5,6.0,2.879,5.392,56.08,60.97,120587,70280,80.0,0.648,245,149.0,8,6.0,139.0,122.0,147.0,269.0,8,22,7.0,20.0,100.0,200.0,144300,210,0.903,16.265,21.151,501144.874,581100.0,0.8624,320897.468,581854.0,0.5515,1.0733,0.796667
CONDITIONAL_MODEL_NOT_OBSERVATION,W,S2/S3,high,1823,annual_planning_year,134.105,8.0,5.275209,0.5,109,103,70.69,76.778,3.5,6.0,2.904,5.435,56.55,61.42,122940,71766,80.0,0.662,245,151.0,8,6.0,141.0,123.0,148.0,271.0,8,22,7.0,20.0,100.0,200.0,144950,210,0.907,16.321,21.22,509599.08,588900.0,0.8653,332740.529,592059.0,0.562,1.0767,0.803333
CONDITIONAL_MODEL_NOT_OBSERVATION,W,S2/S3,high,1824,annual_planning_year,136.241,8.0,5.364201,0.5,112,106,71.262,77.303,3.5,6.0,2.928,5.474,57.01,61.84,125105,73178,80.0,0.676,245,153.0,8,6.0,143.0,124.0,149.0,273.0,8,22,7.0,20.0,100.0,200.0,145600,210,0.91,16.376,21.288,517715.116,596700.0,0.8676,344736.0,602316.0,0.5724,1.08,0.81
CONDITIONAL_MODEL_NOT_OBSERVATION,W,S2/S3,high,1825,annual_planning_year,138.291,8.0,5.449633,0.5,115,109,71.812,77.792,3.5,6.0,2.95,5.511,57.45,62.23,127096,74519,80.0,0.69,245,155.0,8,6.0,145.0,125.0,150.0,275.0,8,22,7.0,20.0,100.0,200.0,146250,210,0.913,16.431,21.356,525506.514,604500.0,0.8693,356883.479,612625.0,0.5825,1.0833,0.816667
CONDITIONAL_MODEL_NOT_OBSERVATION,W,S2/S3,high,1826,annual_planning_year,140.26,8.0,5.531648,0.5,117,111,72.339,78.247,3.5,6.0,2.972,5.545,57.87,62.6,128929,75793,80.0,0.704,245,155.0,8,8.0,145.0,125.0,151.0,277.0,8,22,7.0,20.0,100.0,200.0,146250,210,0.917,16.431,21.356,532986.252,604500.0,0.8817,366053.852,614510.0,0.5957,1.0867,0.823333
CONDITIONAL_MODEL_NOT_OBSERVATION,W,S2/S3,high,1827,annual_planning_year,142.149,8.0,5.610382,0.5,119,113,72.846,78.669,3.5,6.0,2.994,5.577,58.28,62.94,130614,77003,80.0,0.718,245,155.0,8,8.0,145.0,125.0,152.0,279.0,8,22,7.0,20.0,100.0,200.0,146250,210,0.92,16.431,21.356,540166.8,604500.0,0.8936,375326.0,616395.0,0.6089,1.09,0.83
CONDITIONAL_MODEL_NOT_OBSERVATION,W,S2/S3,high,1828,annual_planning_year,143.963,8.0,5.685966,0.5,121,114,73.332,79.063,3.5,6.0,3.014,5.607,58.67,63.25,132165,78153,80.0,0.732,245,155.0,8,8.0,145.0,125.0,153.0,281.0,8,22,7.0,20.0,100.0,200.0,146250,210,0.923,16.431,21.356,547060.13,604500.0,0.905,384699.487,618280.0,0.6222,1.0933,0.836667
CONDITIONAL_MODEL_NOT_OBSERVATION,W,S2/S3,high,1829,annual_planning_year,145.705,8.0,5.758528,0.5,123,116,73.799,79.428,3.5,6.0,3.033,5.634,59.04,63.54,133592,79246,80.0,0.746,245,155.0,8,8.0,145.0,125.0,154.0,283.0,8,22,7.0,20.0,100.0,200.0,146250,210,0.927,16.431,21.356,553677.723,604500.0,0.9159,394173.844,620165.0,0.6356,1.0967,0.843333
CONDITIONAL_MODEL_NOT_OBSERVATION,W,S2/S3,high,1830,annual_planning_year,147.376,8.0,5.828187,0.5,124,117,74.247,79.768,3.5,6.0,3.052,5.66,59.4,63.81,134905,80283,80.0,0.76,245,155.0,8,8.0,145.0,125.0,155.0,285.0,8,22,7.0,20.0,100.0,200.0,146250,210,0.93,16.431,21.356,560030.616,604500.0,0.9264,400520.0,622050.0,0.6439,1.1,0.85
CONDITIONAL_MODEL_NOT_OBSERVATION,P,S1/S2-truce/S5,low,1815,common_pre_truce_1815,72.145,8.0,2.380895,1.5,50,40,44.711,43.538,4.0,4.0,2.232,4.24,31.3,30.48,68190,41738,30.0,0.35,165,120.0,6,6.8,105.0,100.0,120.0,220.0,5,16,3.0,15.0,100.0,200.0,130000,140,0.78,15.05,19.65,230862.963,408000.0,0.5658,88000.0,339150.0,0.2595,0.95,0.55
CONDITIONAL_MODEL_NOT_OBSERVATION,P,S1/S2-truce/S5,low,1816,annual_planning_year,76.698,8.0,3.24651,0.2,46,20,45.649,46.44,3.0,6.0,2.062,3.098,15.98,16.25,72099,45069,90.0,0.37,165,121.0,6,5.0,91.0,45.0,121.0,221.0,5,16,4.0,15.0,50.0,60.0,59850,100,0.776,9.087,12.284,245434.131,411400.0,0.5966,83904.0,292898.667,0.2865,0.9467,0.57
CONDITIONAL_MODEL_NOT_OBSERVATION,P,S1/S2-truce/S5,low,1817,annual_planning_year,81.047,8.0,3.451417,0.2,50,22,46.545,49.139,3.0,6.0,2.104,3.301,16.29,17.2,75773,48266,90.0,0.39,165,122.0,6,5.0,92.0,45.0,122.0,222.0,5,16,4.0,15.0,50.0,60.0,59850,100,0.772,9.087,12.284,259349.594,414800.0,0.6252,94400.0,295074.667,0.3199,0.9433,0.59
CONDITIONAL_MODEL_NOT_OBSERVATION,P,S1/S2-truce/S5,low,1818,annual_planning_year,85.2,8.0,3.647104,0.2,55,24,47.4,51.65,3.0,6.0,2.145,3.49,16.59,18.08,79226,51335,90.0,0.41,165,123.0,6,5.0,93.0,45.0,123.0,223.0,5,16,4.0,15.0,50.0,60.0,59850,100,0.768,9.087,12.284,272638.864,418200.0,0.6519,107360.0,297228.0,0.3612,0.94,0.61
CONDITIONAL_MODEL_NOT_OBSERVATION,P,S1/S2-truce/S5,low,1819,annual_planning_year,89.166,8.0,3.833984,0.2,59,26,48.217,53.984,3.0,6.0,2.183,3.665,16.88,18.89,82473,54282,90.0,0.43,165,124.0,6,5.0,94.0,45.0,124.0,224.0,5,16,4.0,15.0,50.0,60.0,59850,100,0.764,9.087,12.284,285330.115,421600.0,0.6768,118944.0,299358.667,0.3973,0.9367,0.63
CONDITIONAL_MODEL_NOT_OBSERVATION,P,S1/S2-truce/S5,low,1820,annual_planning_year,92.953,8.0,4.012455,0.2,63,28,48.997,56.155,3.0,6.0,2.22,3.829,17.15,19.65,85525,57111,90.0,0.45,165,125.0,6,5.0,95.0,45.0,125.0,225.0,5,16,4.0,15.0,50.0,60.0,59850,100,0.76,9.087,12.284,297450.259,425000.0,0.6999,131040.0,301466.667,0.4347,0.9333,0.65
CONDITIONAL_MODEL_NOT_OBSERVATION,P,S1/S2-truce/S5,low,1821,annual_planning_year,94.57,6.0,4.182894,0.2,60,27,49.742,58.174,3.0,6.0,2.255,3.981,17.41,20.36,88393,59826,90.0,0.47,165,126.0,6,5.0,96.0,45.0,126.0,226.0,5,16,4.0,15.0,50.0,60.0,59850,100,0.756,9.087,12.284,302624.998,428400.0,0.7064,128640.0,303552.0,0.4238,0.93,0.67
CONDITIONAL_MODEL_NOT_OBSERVATION,P,S1/S2-truce/S5,low,1822,annual_planning_year,96.115,6.0,4.255664,0.2,63,28,50.454,60.052,3.0,6.0,2.288,4.122,17.66,21.02,91089,62433,90.0,0.49,165,127.0,6,5.0,97.0,45.0,127.0,227.0,5,16,4.0,15.0,50.0,60.0,59850,100,0.752,9.087,12.284,307566.874,431800.0,0.7123,139104.0,305614.667,0.4552,0.9267,0.69
CONDITIONAL_MODEL_NOT_OBSERVATION,P,S1/S2-truce/S5,low,1823,annual_planning_year,97.589,6.0,4.325159,0.2,67,30,51.134,61.799,3.0,6.0,2.32,4.254,17.9,21.63,93624,64936,90.0,0.51,165,128.0,6,5.0,98.0,45.0,128.0,228.0,5,16,4.0,15.0,50.0,60.0,59850,100,0.748,9.087,12.284,312286.365,435200.0,0.7176,152224.0,307654.667,0.4948,0.9233,0.71
CONDITIONAL_MODEL_NOT_OBSERVATION,P,S1/S2-truce/S5,low,1824,annual_planning_year,98.998,6.0,4.391527,0.2,70,31,51.783,63.423,3.0,6.0,2.351,4.376,18.12,22.2,96007,67338,90.0,0.53,165,129.0,6,5.0,99.0,45.0,129.0,229.0,5,16,4.0,15.0,50.0,60.0,59850,100,0.744,9.087,12.284,316793.478,438600.0,0.7223,163520.0,309672.0,0.528,0.92,0.73
