## Sheet: P4_annual.csv (continued)
record_type,branch,mapped_S,bound,year,time_note,france_line_hulls,france_line_launches,france_line_natural_exit,france_line_war_loss,france_A12,france_commissioned_line,france_frst,france_smst,france_fr_launches,france_sm_launches,france_fr_exit,france_sm_exit,france_fr_commissioned,france_sm_commissioned,france_total_personnel,france_qualified_personnel,france_sea_training_days_assumed,france_officers_8yr_share_ASSUMED,france_budget_planning_floor_million_francs_ASSUMED,britain_line_hulls,britain_line_launches,britain_line_exit_implied,britain_A12,britain_commissioned_line,britain_frst,britain_smst,britain_fr_launches,britain_sm_launches,britain_fr_exit_implied,britain_sm_exit_implied,britain_fr_commissioned,britain_sm_commissioned,britain_total_personnel,britain_sea_training_days_ASSUMED,britain_officers_8yr_share_ASSUMED,britain_budget_min_million_GBP_at_1812_level,britain_budget_max_million_GBP_at_1812_level,france_line_displacement_tonnes_ASSUMED,britain_line_displacement_tonnes_ASSUMED,tonnage_ratio_FR_over_UK,france_effective_A12_tonnes_ASSUMED,britain_effective_A12_tonnes_ASSUMED,effectiveness_ratio_FR_over_UK,uk_skill_factor_ASSUMED,fr_skill_factor_ASSUMED
CONDITIONAL_MODEL_NOT_OBSERVATION,P,S1/S2-truce/S5,low,1825,annual_planning_year,100.343,6.0,4.454908,0.2,72,32,52.402,64.933,3.0,6.0,2.38,4.49,18.34,22.73,98246,69645,90.0,0.55,165,130.0,6,5.0,100.0,45.0,130.0,230.0,5,16,4.0,15.0,50.0,60.0,59850,100,0.74,9.087,12.284,321097.77,442000.0,0.7265,172800.0,311666.667,0.5544,0.9167,0.75
CONDITIONAL_MODEL_NOT_OBSERVATION,P,S1/S2-truce/S5,low,1826,annual_planning_year,101.628,6.0,4.515437,0.2,75,33,52.994,66.338,3.0,6.0,2.408,4.595,18.55,23.22,100351,71859,90.0,0.57,165,130.0,6,6.0,100.0,45.0,130.4,231.0,5,16,4.6,15.0,50.0,60.0,59850,100,0.736,9.087,12.284,325208.371,442000.0,0.7358,184800.0,310533.333,0.5951,0.9133,0.77
CONDITIONAL_MODEL_NOT_OBSERVATION,P,S1/S2-truce/S5,low,1827,annual_planning_year,102.854,6.0,4.573243,0.2,77,34,53.56,67.644,3.0,6.0,2.435,4.694,18.75,23.68,102330,73985,90.0,0.59,165,130.0,6,6.0,100.0,45.0,130.8,232.0,5,16,4.6,15.0,50.0,60.0,59850,100,0.732,9.087,12.284,329133.994,442000.0,0.7446,194656.0,309400.0,0.6291,0.91,0.79
CONDITIONAL_MODEL_NOT_OBSERVATION,P,S1/S2-truce/S5,low,1828,annual_planning_year,104.026,6.0,4.628447,0.2,80,36,54.099,68.859,3.0,6.0,2.46,4.785,18.93,24.1,104191,76025,90.0,0.61,165,130.0,6,6.0,100.0,45.0,131.2,233.0,5,16,4.6,15.0,50.0,60.0,59850,100,0.728,9.087,12.284,332882.963,442000.0,0.7531,207360.0,308266.667,0.6727,0.9067,0.81
CONDITIONAL_MODEL_NOT_OBSERVATION,P,S1/S2-truce/S5,low,1829,annual_planning_year,105.145,6.0,4.681167,0.2,82,36,54.615,69.989,3.0,6.0,2.484,4.87,19.12,24.5,105939,77984,90.0,0.63,165,130.0,6,6.0,100.0,45.0,131.6,234.0,5,16,4.6,15.0,50.0,60.0,59850,100,0.724,9.087,12.284,336463.232,442000.0,0.7612,217792.0,307133.333,0.7091,0.9033,0.83
CONDITIONAL_MODEL_NOT_OBSERVATION,P,S1/S2-truce/S5,low,1830,annual_planning_year,106.213,6.0,4.731514,0.2,84,37,55.107,71.04,3.0,6.0,2.508,4.949,19.29,24.86,107583,79865,90.0,0.65,165,130.0,6,6.0,100.0,45.0,132.0,235.0,5,16,4.6,15.0,50.0,60.0,59850,100,0.72,9.087,12.284,339882.387,442000.0,0.769,228480.0,306000.0,0.7467,0.9,0.85
CONDITIONAL_MODEL_NOT_OBSERVATION,P,S1/S2-truce/S5,base,1815,common_pre_truce_1815,86.86,10.0,1.996419,1.0,65,56,54.77,56.705,5.0,5.0,2.282,4.713,41.08,42.53,82336,49313,55.0,0.45,195,127.5,7,6.3,115.0,107.5,127.5,237.5,6.5,19.0,4.0,17.5,107.5,215.0,138625,175,0.83,15.783,20.556,304011.173,459000.0,0.6623,147875.0,414000.0,0.3572,1.0,0.65
CONDITIONAL_MODEL_NOT_OBSERVATION,P,S1/S2-truce/S5,base,1816,annual_planning_year,92.286,9.0,3.474413,0.1,64,35,56.049,60.272,3.5,7.0,2.221,3.432,25.22,27.12,86808,53087,120.0,0.47,195,129.0,7,5.5,106.5,57.5,129.0,239.0,6.5,19.0,5.0,17.5,62.5,75.0,74125,135,0.827,10.301,13.783,323000.727,464400.0,0.6955,149706.592,382122.0,0.3918,0.9967,0.668333
CONDITIONAL_MODEL_NOT_OBSERVATION,P,S1/S2-truce/S5,base,1817,annual_planning_year,97.494,9.0,3.691437,0.1,70,38,57.277,63.626,3.5,7.0,2.272,3.646,25.77,28.63,91033,56729,120.0,0.49,195,130.5,7,5.5,108.0,57.5,130.5,240.5,6.5,19.0,5.0,17.5,62.5,75.0,74125,135,0.823,10.301,13.783,341230.698,469800.0,0.7263,168233.415,386208.0,0.4356,0.9933,0.686667
CONDITIONAL_MODEL_NOT_OBSERVATION,P,S1/S2-truce/S5,base,1818,annual_planning_year,102.495,9.0,3.899779,0.1,75,41,58.456,66.778,3.5,7.0,2.321,3.848,26.31,30.05,95027,60244,120.0,0.51,195,132.0,7,5.5,109.5,57.5,132.0,242.0,6.5,19.0,5.0,17.5,62.5,75.0,74125,135,0.82,10.301,13.783,358731.467,475200.0,0.7549,185062.5,390258.0,0.4742,0.99,0.705
CONDITIONAL_MODEL_NOT_OBSERVATION,P,S1/S2-truce/S5,base,1819,annual_planning_year,107.295,9.0,4.099788,0.1,79,43,59.588,69.742,3.5,7.0,2.368,4.037,26.81,31.38,98800,63635,120.0,0.53,195,133.5,7,5.5,111.0,57.5,133.5,243.5,6.5,19.0,5.0,17.5,62.5,75.0,74125,135,0.817,10.301,13.783,375532.209,480600.0,0.7814,200001.574,394272.0,0.5073,0.9867,0.723333
CONDITIONAL_MODEL_NOT_OBSERVATION,P,S1/S2-truce/S5,base,1820,annual_planning_year,111.903,9.0,4.291797,0.1,84,46,60.675,72.527,3.5,7.0,2.414,4.215,27.3,32.64,102366,66908,120.0,0.55,195,135.0,7,5.5,112.5,57.5,135.0,245.0,6.5,19.0,5.0,17.5,62.5,75.0,74125,135,0.813,10.301,13.783,391660.92,486000.0,0.8059,218050.098,398250.0,0.5475,0.9833,0.741667
CONDITIONAL_MODEL_NOT_OBSERVATION,P,S1/S2-truce/S5,base,1821,annual_planning_year,114.327,7.0,4.476125,0.1,82,45,61.718,75.146,3.5,7.0,2.457,4.382,27.77,33.82,105736,70066,120.0,0.57,195,136.5,7,5.5,114.0,57.5,136.0,246.5,6.5,19.0,5.5,17.5,62.5,75.0,74125,135,0.81,10.301,13.783,400144.486,491400.0,0.8143,218120.0,402192.0,0.5423,0.98,0.76
CONDITIONAL_MODEL_NOT_OBSERVATION,P,S1/S2-truce/S5,base,1822,annual_planning_year,116.654,7.0,4.57308,0.1,86,47,62.719,77.607,3.5,7.0,2.499,4.539,28.22,34.92,108920,73114,120.0,0.59,195,138.0,7,5.5,115.5,57.5,137.0,248.0,6.5,19.0,5.5,17.5,62.5,75.0,74125,135,0.807,10.301,13.783,408288.706,496800.0,0.8218,234278.233,406098.0,0.5769,0.9767,0.778333
CONDITIONAL_MODEL_NOT_OBSERVATION,P,S1/S2-truce/S5,base,1823,annual_planning_year,118.888,7.0,4.666157,0.1,89,48,63.68,79.92,3.5,7.0,2.539,4.686,28.66,35.96,111930,76055,120.0,0.61,195,139.5,7,5.5,117.0,57.5,138.0,249.5,6.5,19.0,5.5,17.5,62.5,75.0,74125,135,0.803,10.301,13.783,416107.156,502200.0,0.8286,248161.771,409968.0,0.6053,0.9733,0.796667
CONDITIONAL_MODEL_NOT_OBSERVATION,P,S1/S2-truce/S5,base,1824,annual_planning_year,121.032,7.0,4.75551,0.1,93,51,64.603,82.095,3.5,7.0,2.577,4.825,29.07,36.94,114774,78893,120.0,0.63,195,141.0,7,5.5,118.5,57.5,139.0,251.0,6.5,19.0,5.5,17.5,62.5,75.0,74125,135,0.8,10.301,13.783,423612.871,507600.0,0.8345,265282.5,413802.0,0.6411,0.97,0.815
CONDITIONAL_MODEL_NOT_OBSERVATION,P,S1/S2-truce/S5,base,1825,annual_planning_year,123.091,7.0,4.84129,0.1,96,52,65.489,84.139,3.5,7.0,2.614,4.956,29.47,37.86,117461,81632,120.0,0.65,195,142.5,7,5.5,120.0,57.5,140.0,252.5,6.5,19.0,5.5,17.5,62.5,75.0,74125,135,0.797,10.301,13.783,430818.356,513000.0,0.8398,279999.888,417600.0,0.6705,0.9667,0.833333
CONDITIONAL_MODEL_NOT_OBSERVATION,P,S1/S2-truce/S5,base,1826,annual_planning_year,125.067,7.0,4.923638,0.1,100,55,66.339,86.061,3.5,7.0,2.65,5.078,29.85,38.73,120001,84275,120.0,0.67,195,142.5,7,7.0,120.0,57.5,140.7,254.0,6.5,19.0,5.8,17.5,62.5,75.0,74125,135,0.793,10.301,13.783,437735.624,513000.0,0.8533,298083.45,416160.0,0.7163,0.9633,0.851667
CONDITIONAL_MODEL_NOT_OBSERVATION,P,S1/S2-truce/S5,base,1827,annual_planning_year,126.965,7.0,5.002693,0.1,103,56,67.156,87.867,3.5,7.0,2.684,5.194,30.22,39.54,122401,86825,120.0,0.69,195,142.5,7,7.0,120.0,57.5,141.4,255.5,6.5,19.0,5.8,17.5,62.5,75.0,74125,135,0.79,10.301,13.783,444376.198,513000.0,0.8662,313635.0,414720.0,0.7563,0.96,0.87
CONDITIONAL_MODEL_NOT_OBSERVATION,P,S1/S2-truce/S5,base,1828,annual_planning_year,128.786,7.0,5.078585,0.1,105,57,67.939,89.565,3.5,7.0,2.716,5.302,30.57,40.3,124669,89286,120.0,0.71,195,142.5,7,7.0,120.0,57.5,142.1,257.0,6.5,19.0,5.8,17.5,62.5,75.0,74125,135,0.787,10.301,13.783,450751.151,513000.0,0.8787,326462.378,413280.0,0.7899,0.9567,0.888333
CONDITIONAL_MODEL_NOT_OBSERVATION,P,S1/S2-truce/S5,base,1829,annual_planning_year,130.535,7.0,5.151442,0.1,108,59,68.692,91.161,3.5,7.0,2.748,5.404,30.91,41.02,126812,91661,120.0,0.73,195,142.5,7,7.0,120.0,57.5,142.8,258.5,6.5,19.0,5.8,17.5,62.5,75.0,74125,135,0.783,10.301,13.783,456871.104,513000.0,0.8906,342720.126,411840.0,0.8322,0.9533,0.906667
CONDITIONAL_MODEL_NOT_OBSERVATION,P,S1/S2-truce/S5,base,1830,annual_planning_year,132.213,7.0,5.221384,0.1,111,61,69.414,92.662,3.5,7.0,2.778,5.5,31.24,41.7,128837,93953,120.0,0.75,195,142.5,7,7.0,120.0,57.5,143.5,260.0,6.5,19.0,5.8,17.5,62.5,75.0,74125,135,0.78,10.301,13.783,462746.259,513000.0,0.902,359362.5,410400.0,0.8756,0.95,0.925
CONDITIONAL_MODEL_NOT_OBSERVATION,P,S1/S2-truce/S5,high,1815,common_pre_truce_1815,102.162,12.0,1.380632,0.5,77,73,65.163,70.869,6.0,6.0,2.249,4.99,52.13,56.7,97273,57442,80.0,0.55,245,135.0,8,5.8,125.0,115.0,135.0,255.0,8,22,5.0,20.0,115.0,230.0,147250,210,0.88,16.516,21.461,388213.727,526500.0,0.7373,219450.0,511875.0,0.4287,1.05,0.75
CONDITIONAL_MODEL_NOT_OBSERVATION,P,S1/S2-truce/S5,high,1816,annual_planning_year,108.586,10.0,3.575653,0.0,84,54,66.883,75.325,4.0,8.0,2.281,3.543,36.79,41.43,102410,61719,150.0,0.57,245,137.0,8,6.0,122.0,70.0,137.0,257.0,8,22,6.0,20.0,75.0,90.0,88400,170,0.877,11.514,15.282,412626.245,534300.0,0.7723,244720.106,498004.0,0.4914,1.0467,0.766667
CONDITIONAL_MODEL_NOT_OBSERVATION,P,S1/S2-truce/S5,high,1817,annual_planning_year,114.785,10.0,3.800505,0.0,90,58,68.542,79.559,4.0,8.0,2.341,3.766,37.7,43.76,107289,65867,150.0,0.59,245,139.0,8,6.0,124.0,70.0,139.0,259.0,8,22,6.0,20.0,75.0,90.0,88400,170,0.875,11.514,15.282,436184.326,542100.0,0.8046,267899.886,504556.0,0.531,1.0433,0.783333
CONDITIONAL_MODEL_NOT_OBSERVATION,P,S1/S2-truce/S5,high,1818,annual_planning_year,120.768,10.0,4.017487,0.0,96,62,70.143,83.581,4.0,8.0,2.399,3.978,38.58,45.97,111925,69891,150.0,0.61,245,141.0,8,6.0,126.0,70.0,141.0,261.0,8,22,6.0,20.0,75.0,90.0,88400,170,0.872,11.514,15.282,458917.876,549900.0,0.8345,291840.0,511056.0,0.5711,1.04,0.8
CONDITIONAL_MODEL_NOT_OBSERVATION,P,S1/S2-truce/S5,high,1819,annual_planning_year,126.541,10.0,4.226875,0.0,101,65,71.688,87.402,4.0,8.0,2.455,4.179,39.43,48.07,116329,73794,150.0,0.63,245,143.0,8,6.0,128.0,70.0,143.0,263.0,8,22,6.0,20.0,75.0,90.0,88400,170,0.869,11.514,15.282,480855.751,557700.0,0.8622,313436.795,517504.0,0.6057,1.0367,0.816667
CONDITIONAL_MODEL_NOT_OBSERVATION,P,S1/S2-truce/S5,high,1820,annual_planning_year,132.112,10.0,4.428935,0.0,106,68,73.179,91.032,4.0,8.0,2.509,4.37,40.25,50.07,120512,77581,150.0,0.65,245,145.0,8,6.0,130.0,70.0,145.0,265.0,8,22,6.0,20.0,75.0,90.0,88400,170,0.867,11.514,15.282,502025.798,565500.0,0.8878,335666.532,523900.0,0.6407,1.0333,0.833333
CONDITIONAL_MODEL_NOT_OBSERVATION,P,S1/S2-truce/S5,high,1821,annual_planning_year,135.488,8.0,4.623922,0.0,105,68,74.617,94.48,4.0,8.0,2.561,4.552,41.04,51.96,124487,81253,150.0,0.67,245,147.0,8,6.0,132.0,70.0,146.0,267.0,8,22,7.0,20.0,75.0,90.0,88400,170,0.864,11.514,15.282,514854.894,573300.0,0.8981,339150.0,530244.0,0.6396,1.03,0.85
CONDITIONAL_MODEL_NOT_OBSERVATION,P,S1/S2-truce/S5,high,1822,annual_planning_year,138.746,8.0,4.742085,0.0,110,71,76.006,97.756,4.0,8.0,2.612,4.724,41.8,53.77,128262,84816,150.0,0.69,245,149.0,8,6.0,134.0,70.0,147.0,269.0,8,22,7.0,20.0,75.0,90.0,88400,170,0.861,11.514,15.282,527234.975,581100.0,0.9073,362266.806,536536.0,0.6752,1.0267,0.866667
CONDITIONAL_MODEL_NOT_OBSERVATION,P,S1/S2-truce/S5,high,1823,annual_planning_year,141.89,8.0,4.856112,0.0,114,74,77.346,100.869,4.0,8.0,2.66,4.888,42.54,55.48,131849,88271,150.0,0.71,245,151.0,8,6.0,136.0,70.0,148.0,271.0,8,22,7.0,20.0,75.0,90.0,88400,170,0.859,11.514,15.282,539181.749,588900.0,0.9156,382659.856,542776.0,0.705,1.0233,0.883333
CONDITIONAL_MODEL_NOT_OBSERVATION,P,S1/S2-truce/S5,high,1824,annual_planning_year,144.924,8.0,4.966148,0.0,119,77,78.639,103.825,4.0,8.0,2.707,5.043,43.25,57.1,135257,91623,150.0,0.73,245,153.0,8,6.0,138.0,70.0,149.0,273.0,8,22,7.0,20.0,75.0,90.0,88400,170,0.856,11.514,15.282,550710.387,596700.0,0.9229,406980.0,548964.0,0.7414,1.02,0.9
CONDITIONAL_MODEL_NOT_OBSERVATION,P,S1/S2-truce/S5,high,1825,annual_planning_year,147.851,8.0,5.072333,0.0,123,79,79.886,106.634,4.0,8.0,2.752,5.191,43.94,58.65,138494,94874,150.0,0.75,245,155.0,8,6.0,140.0,70.0,150.0,275.0,8,22,7.0,20.0,75.0,90.0,88400,170,0.853,11.514,15.282,561835.525,604500.0,0.9294,428450.156,555100.0,0.7718,1.0167,0.916667
CONDITIONAL_MODEL_NOT_OBSERVATION,P,S1/S2-truce/S5,high,1826,annual_planning_year,150.677,8.0,5.174801,0.0,126,81,81.09,109.302,4.0,8.0,2.796,5.332,44.6,60.12,141569,98028,150.0,0.77,245,155.0,8,8.0,140.0,70.0,151.0,277.0,8,22,7.0,20.0,75.0,90.0,88400,170,0.851,11.514,15.282,572571.281,604500.0,0.9472,446879.84,553280.0,0.8077,1.0133,0.933333
