                                                             A        TABLES

                                          Table 1: Summary Statistics: Individual Data

                                                 Full Sample                             Border = 0                  Border = 1

                               N       Mean        StDev         Min        Max    N       Mean       StDev    N       Mean       StDev

Treatment

Code Civil                    15096    24.306      37.246         0         98    2644     3.394      4.434   2334    95.820      3.563
Border                                                                            2644       0          0     2334      1           0

Dependent variables

Trust                         15096    2.318        0.535         1          4    2644     2.333      0.543   2334     2.376      0.553
Fair                          15096    0.536        0.499         0          1    2644     0.559      0.497   2334     0.585      0.493
Help                          15096    0.362        0.481         0          1    2644     0.356      0.479   2334     0.435      0.496
Family                        15039    2.725        0.932         1          5    2630     2.722      0.912   2326     2.709      0.970

Control variables

Personal Characteristics
Age                           15096    47.648      17.206         17     100      2644    47.402   16.937     2334    47.758   17.235
Age sq.                       15096   2566.324    1717.515       289    10000     2644   2533.705 1682.267    2334   2577.733 1752.774
Male                          15096     0.486       0.5           0       1       2644    0.486     0.5       2334    0.484      0.5
GDR before 1990               15096    0.288       0.453          0       1       2644    0.042    0.201      2334    0.036    0.186

Economic Controls
HH income                     15096   2864.587    2081.275        0     85000     2644   3155.902 2042.265    2334   3147.819 1931.394
Unemployment                  15096     0.065      0.247          0       1       2644    0.039    0.194      2334    0.042    0.201

Education
Secondary School (13 years)   15096    0.212        0.409         0          1    2644     0.213      0.410   2334     0.243      0.429
Secondary School (12 years)   15096    0.052        0.222         0          1    2644     0.061      0.238   2334     0.067      0.250
Middle School (10 years)      15096    0.313        0.464         0          1    2644     0.266      0.442   2334     0.241      0.428
Middle School (9 years)       15096    0.373        0.484         0          1    2644     0.404      0.491   2334     0.404      0.491
Other degree                  15096    0.011        0.105         0          1    2644     0.009      0.093   2334     0.009      0.097
No degree                     15096    0.038        0.192         0          1    2644     0.046      0.209   2334     0.036      0.187

Religion
Protestant                    15096    0.358        0.479         0          1    2644     0.424      0.494   2334     0.370      0.483
Catholic                      15096    0.306        0.461         0          1    2644     0.359      0.480   2334     0.452      0.498
Other Christian               15096    0.009        0.092         0          1    2644     0.019      0.135   2334     0.005      0.069
Other Non-Christian           15096    0.005        0.069         0          1    2644     0.009      0.093   2334     0.005      0.072
None                          15096    0.323        0.467         0          1    2644     0.189      0.392   2334     0.169      0.375

Historical Controls
Urbrate 1800                  15096    11.238      5.321        3.336 22.500      2644     6.426      1.477   2334    11.506      4.071
Protestant1800                15096     0.591      0.365        0.050     1       2644     0.554      0.203   2334     0.298      0.093
Urbrate 1850                  15096    15.700      7.973        5.442 33.291      2644     8.212      2.821   2334    16.190      4.926
Latitude                      15096    50.743      1.733       48.133 54.517
Longitude                     15096    10.195      2.131        7.600 13.733
Dist. Paris                   15096   626.422     162.176      403.661 851.013




                                                                       33
