

889

0

35224

746

110

0

0

1827

0

0

0

0

0

1828

49501

312

10585

0

29

0

0

1829

194623

496

8088

2529

64024

100

1164

529

0

1830

13637

6989

78248

2150

1951

2905

27800

584

311

675

0

1831

16072

9301

130356

2555

638

2664

36450

490

92

486

0

1832

15499

9925

74106

309

297

880

21940

65

43

147

0

1833

13045

10539

11060

4093

0

0

0

0

1834

16309

10432

61300

2032

968

97

17141

358

139

24

0

1835

23123

11365

0

0

0

0

0

1836

22203

11416

0

0

0

0

0

1837

25043

12496

0

0

0

0

0

1838

35099

13333

196210

6180

4111

1747

69387

883

549

537

0

1839

28851

13893

127918

380

1201

3447

12835

29

79

352

0

1840

25139

12141

116791

104

942

10758

0

6

70

0

1841

26861

13496

139983

12779

0

0

0

0

1842

26824

9933

189727

4907

2

348

15135

259

0

26

0

1843

40523

11264

204771

13148

2344

1183

15493

521

108

88

0

1844

40675

15619

288111

9829

739

0

23694

485

40

0

0

1845

48723

15195

317007

38060

36

26

5470

31285

2549

2

2

438

1846

74235

16744

453657

50653

2893

1857

5760

52233

4463

208

200

576

1847

41555

19789

317488

5095

412

200

560

29766

332

27

20

47

1848

40091

22728

254094

131

241

0

8

24658

9

16

0

0

1849

36627

18547

0

0

0

0

0

1850

26637

16933

161863

15505

994

4

20649

13312

820

59

0

1848

1851

50925

18725

306900

45576

6324

834

47423

25240

2570

299

62

4252

1852

73336

20888

506875

41384

6506

14

52753

50023

2334

321

1

4839

1853

28861

11589

100690

20916

25370

12421

2027

0

0

2953

1854

651

0

0

0

0

0

0

1855

41197

28208

0

0

0

0

0

1856

62136

34560

0

0

0

0

0

1857

68765

24864

147503

25434

84306

64479

58109

21835

2017

6933

7954

6188

1858

68955

27635

229170

58934

55752

52968

61019

35810

4674

4585

6534

6559

1859

71797

32859

184286

22001

29197

25628

40913

27280

1822

2401

2766

4712

1860

84771

29723

264453

54567

31408

15295

48392

39148

4520

2583

1698

5606

1861

62312

24840

222032

31210

23883

1453

41676

29216

2750

1964

179

4546

1862

65067

24128

255624

3115

11043

2128

48615

29432

274

795

230

4773

1863

70083

18677

335646

1682

27757

7672

81678

38645

133

1712

710

7216

1864

69923

25179

409346

9601

18534

22688

47697

47804

931

1905

2169

4623

1865

57099

23205

398971

21904

23207

14111

8599

46593

2123

2386

1349

833

1866

77824

51731

0

0

0

0

0

1867

0

0

210

6

24367

24266

25

0

1

2330

2352

1868

50032

55515

175593

5120

11890

8666

22465

28882

609

1222

1069

2672

1869

107525

57765

458575

57453

46830

43005

155808

75427

6834

4814

5305

18534

1870

126040

81011

556928

93041

48177

26876

62980

91604

11068

4953

3315

7492

1871

116579

138360

622233

55041

40883

3971

8746

102346

5820

3362

490

925

1872

93891

115483

401572

40661

15441

15837

64755

