82565

4299

1587

1709

6847

1873

111403

104853

470160

40452

31388

17778

5492

93727

4994

3872

2741

774

1874

106307

95477

442362

43644

24263

538

2732

92769

5769

2993

83

385

1875

118269

105152

475686

76325

55406

16196

47784

101714

8070

5411

1998

4000

1876

25565

24371

83449

5528

15173

19220

27852

16471

585

1248

1778

1963

1877

144243

73560

607617

297123

216145

41405

110626

119930

31417

17776

3831

7798

1878

123853

72317

634700

118426

103757

12993

144564

125276

12522

8533

1202

10191

1879

95613

84173

262648

45963

77596

8113

139652

60481

6480

11168

1001

17228

1880

0

0

327453

48653

139965

8235

125513

80790

8574

11511

762

8848

1881

0

0

0

0

0

0

0

1882

141213

99035

0

0

0

0

0

1883

152301

109931

460845

169263

160021

30442

169262

54914

16349

14254

3096

15929

1884

172499

96080

741549

127691

168795

45861

89929

71759

10223

11271

3597

6551

1885

142715

107005

345367

150946

204828

21666

243266

35726

10908

12732

1635

15431

1886

182792

58867

614844

177859

267565

24237

366601

59702

11311

14400

1466

21592

1887

257360

69264

1029630

242561

360006

57944

180917

103813

14848

21582

3514

11646

1888

280195

80648

972232

279893

225802

10564

203215

105699

19702

13932

731

16013

1889

244931

95037

809041

184670

236110

9643

138142

94226

14490

16683

780

11039

1890

222277

99104

0

0

0

0

0

1891

97317

98563

0

0

0

0

0

1892

160581

94549

519001

170806

510530

46827

90945

47874

12907

28936

3609

5615

292133

97842

300701

66850

197043

382735

125968

291527

7404

7617

1893

206496

115920

775679

471666

596890

50937

575731

58957

27028

28307

3626

35277

281879

137025

182514

56399

599927

421770

263238

269200

5406

61428

1894

160760

97429

991049

343269

408487

18719

183192

70876

20223

20213

1154

11065

463328

121184

106671

38577

251329

532324

201761

3505

237274

51894

1895

151363

102717

937066

217918

246575

8175

74269

75911

12979

13484

492

3996

482805

72403

41935

28912

158369

471076

136828

191441

5520

46357

1896

178107

117768

772952

206369

443312

7432

127192

77495

12730

24269

486

6686

240714

47455

90421

17511

164282

403276

88751

252689

8731

44064

1897

156613

111600

544464

144623

486347

10254

316354

64412

11235

28816

791

17346

305287

48405

127409

21672

359851

314542

81478

260650

10238

74368

1898

115965

103755

385174

97865

227240

8097

253685

38743

7938

14840

619

13870

216831

56300

58610

32794

291200

203153

50764

160433

11188

75925

1899

102477

106224

360615

131427

141792

8176

102154

34921

9948

9655

551

6152

145002

57971

20378

25587

146198

158991

61084

106950

7912

44326

1900

138443

121793

449452

220852

316899

15597

220740

43202

16227

21250

1233

13880

343356

98186

100004

38183

343127

193800

100414