## Sheet: B2_model_paths.csv (continued)
scenario,year,revenue,primary_spending,interest_paid,cash_deficit,new_issue_running_cost_pct,assumed_new_coupon_pct,nominal_face_increase,issue_discount_adjustment,end_debt_face_proxy,next_year_interest,interest_revenue_pct,automatic_tax_cut,transition_extra_primary_spending,stress60_year,stress70_year,financing30_year,label
no_allies_no_spending_cut,1829,78.94573339531989,68.18040611413991,48.28527019562227,37.5199429144423,5.5,3.0,68.78656200981088,31.266619095368583,1553.4273798784138,50.34886705591659,61.1626089453553,0,0,1829,,1825,MODEL_NOT_OBSERVATION
no_allies_no_spending_cut,1830,79.73519072927309,68.8622101752813,50.34886705591659,39.475886501924805,5.5,3.0,72.37245858686215,32.89657208493735,1625.799838465276,52.520040813522456,63.14510142311865,0,0,1829,,1825,MODEL_NOT_OBSERVATION
no_allies_no_spending_cut,1831,80.53254263656582,69.55083227703412,52.520040813522456,41.53833045399075,5.5,3.0,76.15360583231637,34.61527537832562,1701.9534442975923,54.80464898849195,65.21592277365363,0,0,1829,,1825,MODEL_NOT_OBSERVATION
no_allies_no_spending_cut,1832,81.33786806293149,70.24634059980447,54.80464898849195,43.713121525364926,5.5,3.0,80.14072279650237,36.42760127113745,1782.0941670940947,57.20887067238702,67.37900844178671,0,0,1829,,1825,MODEL_NOT_OBSERVATION
no_allies_no_spending_cut,1833,82.15124674356079,70.9488040058025,57.20887067238702,46.00642793462873,5.5,3.0,84.34511788015267,38.33868994552394,1866.4392849742474,59.739224208791605,69.63846921394554,0,0,1829,,1825,MODEL_NOT_OBSERVATION
no_allies_no_spending_cut,1834,82.9727592109964,71.65829204586053,59.739224208791605,48.424757043655745,5.5,3.0,88.77872124670219,40.353964203046445,1955.2180062209495,62.40258584619267,71.99859903040846,0,0,1829,1834,1825,MODEL_NOT_OBSERVATION
no_allies_no_spending_cut,1835,83.80248680310638,72.37487496631914,62.40258584619267,50.97497400940543,5.5,3.0,93.4541190172433,42.47914500783787,2048.6721252381926,65.20620941670997,74.46388314562468,0,0,1829,1834,1825,MODEL_NOT_OBSERVATION
no_allies_no_spending_cut,1836,84.64051167113743,73.09862371598233,65.20620941670997,53.66432146155486,5.5,3.0,98.38458934618392,44.72026788462905,2147.0567145843766,68.15774709709548,77.0390066521129,0,0,1829,1834,1825,MODEL_NOT_OBSERVATION
no_allies_no_spending_cut,1837,85.48691678784881,73.82960995314217,68.15774709709548,56.500440262388835,5.5,3.0,103.5841404810462,47.08370021865737,2250.640855065423,71.26527131152687,79.72886338413772,0,0,1829,1834,1825,MODEL_NOT_OBSERVATION
no_allies_no_spending_cut,1838,86.3417859557273,74.56790605267358,71.26527131152687,59.49139140847315,5.5,3.0,109.06755091553411,49.576159507060964,2359.7084059809567,74.5372978389929,82.53856521808447,0,0,1829,1834,1825,MODEL_NOT_OBSERVATION
no_allies_no_spending_cut,1839,87.20520381528458,75.31358511320032,74.5372978389929,62.64567913690864,5.5,3.0,114.85041175099919,52.204732614090545,2474.558817731956,77.98281019152287,85.47345178720704,0,0,1829,1834,1825,MODEL_NOT_OBSERVATION
no_allies_no_spending_cut,1840,88.07725585343742,76.06672096433232,77.98281019152287,65.97227530241777,5.5,3.0,120.94917138776592,54.976896085348145,2595.507989119722,81.61128533315585,88.53910062921132,0,0,1829,1834,1825,MODEL_NOT_OBSERVATION
no_allies_no_spending_cut,1841,88.9580284119718,76.82738817397565,81.61128533315585,69.48064509515972,5.5,3.0,127.38118267445948,57.900537579299765,2722.8891717941815,85.43272081338964,91.74133778595835,0,0,1829,1834,1825,MODEL_NOT_OBSERVATION
no_allies_no_spending_cut,1842,89.84760869609151,77.59566205571541,85.43272081338964,73.18077417301352,5.5,3.0,134.16475265052478,60.98397847751126,2857.0539244447064,89.45766339290537,95.08624887543175,0,0,1829,1834,1825,MODEL_NOT_OBSERVATION
no_allies_no_spending_cut,1843,90.74608478305242,78.37161867627255,89.45766339290537,77.08319728612548,5.5,3.0,141.31919502456338,64.2359977384379,2998.3731194692696,93.69723924364227,98.58019065701039,0,0,1829,1834,1825,MODEL_NOT_OBSERVATION
no_allies_no_spending_cut,1844,91.65354563088295,79.15533486303528,93.69723924364227,81.19902847579459,5.5,3.0,148.86488553895677,67.66585706316218,3147.2380050082265,98.16318580981097,102.22980311202569,0,0,1829,1834,1825,MODEL_NOT_OBSERVATION
no_allies_no_spending_cut,1845,92.57008108719178,79.94688821166564,98.16318580981097,85.53999293428483,5.5,3.0,156.8233203795222,71.28332744523736,3304.0613253877486,102.86788542119663,106.04202206256149,0,0,1829,1834,1825,MODEL_NOT_OBSERVATION
no_allies_no_spending_cut,1846,93.4957818980637,80.74635709378228,102.86788542119663,90.11846061691521,5.5,3.0,165.21717779767792,75.0987171807627,3469.2785031854264,107.82440075512697,110.02409235247758,0,0,1829,1834,1825,MODEL_NOT_OBSERVATION
no_allies_no_spending_cut,1847,94.43073971704435,81.55382066472012,107.82440075512697,94.94748170280273,5.5,3.0,174.070383121805,79.12290141900228,3643.3488863072316,113.04651224878113,114.18358161570679,0,0,1829,1834,1825,MODEL_NOT_OBSERVATION
no_allies_no_spending_cut,1848,95.3750471142148,82.36935887136733,113.04651224878113,100.04082400593364,5.5,3.0,183.40817734421168,83.36735333827804,3826.7570636514433,118.54875756910748,118.52839465799075,0,0,1829,1834,1825,MODEL_NOT_OBSERVATION
S3_cumulative_catastrophe,1811,50,55,24.4,29.400000000000006,8.0,3.0,78.40000000000002,49.000000000000014,766.8651446811936,26.752,48.8,0,0,,,,MODEL_NOT_OBSERVATION
S3_cumulative_catastrophe,1812,50,55,26.752,31.751999999999995,8.0,3.0,84.672,52.92,851.5371446811936,29.29216,53.504,0,0,,,1812,MODEL_NOT_OBSERVATION
S3_cumulative_catastrophe,1813,50,55,29.29216,34.292159999999996,8.0,3.0,91.44575999999999,57.1536,942.9829046811935,32.0355328,58.58432,0,0,,,1812,MODEL_NOT_OBSERVATION
S3_cumulative_catastrophe,1814,50,55,32.0355328,37.0355328,8.0,3.0,98.7614208,61.725888,1041.7443254811935,34.998375423999995,64.0710656,0,0,1814,,1812,MODEL_NOT_OBSERVATION
S3_cumulative_catastrophe,1815,50,55,34.998375423999995,39.99837542399999,8.0,3.0,106.66233446399997,66.66395903999998,1148.4066599451935,38.198245457919995,69.99675084799999,0,0,1814,,1812,MODEL_NOT_OBSERVATION
S3_cumulative_catastrophe,1816,50,55,38.198245457919995,43.198245457919995,8.0,3.0,115.19532122112,71.9970757632,1263.6019811663134,41.65410509455359,76.39649091583999,0,0,1814,1816,1812,MODEL_NOT_OBSERVATION
S3_cumulative_catastrophe,1817,50,55,41.65410509455359,46.654105094553586,8.0,3.0,124.41094691880957,77.75684182425599,1388.012928085123,45.38643350211788,83.30821018910719,0,0,1814,1816,1812,MODEL_NOT_OBSERVATION
S3_cumulative_catastrophe,1818,50,55,45.38643350211788,50.38643350211788,8.0,3.0,134.36382267231434,83.97738917019646,1522.3767507574373,49.41734818228731,90.77286700423576,0,0,1814,1816,1812,MODEL_NOT_OBSERVATION
S3_cumulative_catastrophe,1819,50,55,49.41734818228731,54.41734818228731,8.0,3.0,145.11292848609952,90.6955803038122,1667.4896792435368,53.7707360368703,98.83469636457463,0,0,1814,1816,1812,MODEL_NOT_OBSERVATION
S3_cumulative_catastrophe,1820,50,55,53.7707360368703,58.77073603687029,8.0,3.0,156.72196276498744,97.95122672811715,1824.2116420085242,58.47239491981992,107.54147207374058,0,0,1814,1816,1812,MODEL_NOT_OBSERVATION
S3_cumulative_catastrophe,1821,50,55,58.47239491981992,63.47239491981992,8.0,3.0,169.25971978618645,105.78732486636653,1993.4713617947107,63.550186513405514,116.94478983963982,0,0,1814,1816,1812,MODEL_NOT_OBSERVATION
S3_cumulative_catastrophe,1822,50,55,63.550186513405514,68.55018651340552,8.0,3.0,182.8004973690814,114.25031085567588,2176.271859163792,69.03420143447795,127.10037302681103,0,0,1814,1816,1812,MODEL_NOT_OBSERVATION
S3_cumulative_catastrophe,1823,50,55,69.03420143447795,74.03420143447795,8.0,3.0,197.42453715860788,123.39033572412993,2373.6963963224002,74.95693754923619,138.0684028689559,0,0,1814,1816,1812,MODEL_NOT_OBSERVATION
S3_cumulative_catastrophe,1824,50,55,74.95693754923619,79.95693754923619,8.0,3.0,213.2185001312965,133.26156258206032,2586.9148964536967,81.35349255317509,149.91387509847237,0,0,1814,1816,1812,MODEL_NOT_OBSERVATION
S3_cumulative_catastrophe,1825,50,55,81.35349255317509,86.3534925531751,8.0,3.0,230.2759801418003,143.9224875886252,2817.190876595497,88.26177195742909,162.70698510635017,0,0,1814,1816,1812,MODEL_NOT_OBSERVATION
S3_cumulative_catastrophe,1826,50,55,88.26177195742909,93.26177195742909,8.0,3.0,248.69805855314428,155.4362865957152,3065.888935148641,95.72271371402341,176.52354391485818,0,0,1814,1816,1812,MODEL_NOT_OBSERVATION
S3_cumulative_catastrophe,1827,50,55,95.72271371402341,100.72271371402343,8.0,3.0,268.59390323739586,167.87118952337244,3334.4828383860367,103.78053081114528,191.44542742804683,0,0,1814,1816,1812,MODEL_NOT_OBSERVATION
S3_cumulative_catastrophe,1828,50,55,103.78053081114528,108.7805308111453,8.0,3.0,290.0814154963875,181.30088468524218,3624.564253882424,112.4829732760369,207.56106162229057,0,0,1814,1816,1812,MODEL_NOT_OBSERVATION
S3_cumulative_catastrophe,1829,50,55,112.4829732760369,117.48297327603689,8.0,3.0,313.2879287360984,195.80495546006154,3937.8521826185224,121.88161113811985,224.96594655207377,0,0,1814,1816,1812,MODEL_NOT_OBSERVATION
S3_cumulative_catastrophe,1830,50,55,121.88161113811985,126.88161113811987,8.0,3.0,338.3509630349863,211.46935189686644,4276.203145653509,132.03214002916945,243.76322227623973,0,0,1814,1816,1812,MODEL_NOT_OBSERVATION
S3_cumulative_catastrophe,1831,50,55,132.03214002916945,137.03214002916945,8.0,3.0,365.4190400777852,228.38690004861576,4641.622185731294,142.994711231503,264.0642800583389,0,0,1814,1816,1812,MODEL_NOT_OBSERVATION
S3_cumulative_catastrophe,1832,50,55,142.994711231503,147.994711231503,8.0,3.0,394.652563284008,246.657852052505,5036.2747490153015,154.83428813002325,285.989422463006,0,0,1814,1816,1812,MODEL_NOT_OBSERVATION
S3_cumulative_catastrophe,1833,50,55,154.83428813002325,159.83428813002325,8.0,3.0,426.2247683467287,266.39048021670544,5462.49951736203,167.62103118042512,309.6685762600465,0,0,1814,1816,1812,MODEL_NOT_OBSERVATION
S3_cumulative_catastrophe,1834,50,55,167.62103118042512,172.62103118042512,8.0,3.0,460.32274981446704,287.7017186340419,5922.822267176497,181.43071367485913,335.24206236085024,0,0,1814,1816,1812,MODEL_NOT_OBSERVATION
S3_cumulative_catastrophe,1835,50,55,181.43071367485913,186.43071367485913,8.0,3.0,497.14856979962434,310.7178561247652,6419.970836976121,196.34517076884788,362.86142734971827,0,0,1814,1816,1812,MODEL_NOT_OBSERVATION
S3_cumulative_catastrophe,1836,50,55,196.34517076884788,201.34517076884788,8.0,3.0,536.9204553835943,335.57528461474647,6956.891292359715,212.4527844303557,392.69034153769576,0,0,1814,1816,1812,MODEL_NOT_OBSERVATION
S3_cumulative_catastrophe,1837,50,55,212.4527844303557,217.45278443035568,8.0,3.0,579.8740918142818,362.4213073839261,7536.7653841739975,229.84900718478417,424.90556886071136,0,0,1814,1816,1812,MODEL_NOT_OBSERVATION
S3_cumulative_catastrophe,1838,50,55,229.84900718478417,234.84900718478417,8.0,3.0,626.2640191594245,391.4150119746403,8163.029403333422,248.6369277595669,459.69801436956834,0,0,1814,1816,1812,MODEL_NOT_OBSERVATION
S3_cumulative_catastrophe,1839,50,55,248.6369277595669,253.6369277595669,8.0,3.0,676.3651406921784,422.72821293261154,8839.394544025601,268.92788198033224,497.2738555191338,0,0,1814,1816,1812,MODEL_NOT_OBSERVATION
S3_cumulative_catastrophe,1840,50,55,268.92788198033224,273.92788198033224,8.0,3.0,730.4743519475527,456.54646996722045,9569.868895973153,290.84211253875884,537.8557639606645,0,0,1814,1816,1812,MODEL_NOT_OBSERVATION
S3_cumulative_catastrophe,1841,50,55,290.84211253875884,295.84211253875884,8.0,3.0,788.9123001033569,493.07018756459803,10358.78119607651,314.50948154185954,581.6842250775177,0,0,1814,1816,1812,MODEL_NOT_OBSERVATION
S3_cumulative_catastrophe,1842,50,55,314.50948154185954,319.50948154185954,8.0,3.0,852.0252841116255,532.515802569766,11210.806480188136,340.0702400652083,629.0189630837191,0,0,1814,1816,1812,MODEL_NOT_OBSERVATION
S3_cumulative_catastrophe,1843,50,55,340.0702400652083,345.0702400652083,8.0,3.0,920.1873068405555,575.1170667753472,12130.99378702869,367.67585927042495,680.1404801304166,0,0,1814,1816,1812,MODEL_NOT_OBSERVATION
