<!-- csv readout: the file's own rows, with a ```meta column summary added above them (parser-added, not file content). The rows are the file's, separator and quoting included, so a line quoted as it appears here verifies against it. -->

## Sheet: B2_model_paths.csv

```meta
▸ table "B2_model_paths.csv" (1535 data rows)
▸ columns
    scenario: str, 40 uniq, first 20: ['S1_early_peace_1805', 'S1_early_peace_1805_transition1', 'S1_early_peace_1805_transition2', 'S2_armed_coexistence_costly', 'S2_armed_coexistence_costly_transition1', 'S2_armed_coexistence_costly_transition2', 'S2_armed_coexistence_disciplined', 'S2_armed_coexistence_disciplined_transition1', 'S2_armed_coexistence_disciplined_transition2', 'S3_adaptive_blockade', 'S3_adaptive_blockade_transition1', 'S3_adaptive_blockade_transition2', 'S3_cumulative_catastrophe', 'S3_stubborn_lower_stress', 'S3_stubborn_upper_stress', 'grid_R55_G48_y0.06_Iadjust-2', 'grid_R55_G48_y0.06_Iadjust0', 'grid_R55_G48_y0.06_Iadjust2', 'grid_R55_G48_y0.07_Iadjust-2', 'grid_R55_G48_y0.07_Iadjust0']
    year: num, min=1806, max=1848
    revenue: num, min=48, max=95.375
    primary_spending: num, min=24, max=82.3694
    interest_paid: num, min=18.7427, max=502.021
    cash_deficit: num, min=-2, max=507.021
    new_issue_running_cost_pct: num, min=4.25, max=8
    assumed_new_coupon_pct: num, min=3, max=3
    nominal_face_increase: num, min=-2.83333, max=1352.06
    issue_discount_adjustment: num, min=-1, max=845.036
    end_debt_face_proxy: num, min=502.205, max=17961.2
    next_year_interest: num, min=18.6577, max=542.583
    interest_revenue_pct: num, min=26.1628, max=1004.04
    automatic_tax_cut: num, min=0, max=19.6965
    transition_extra_primary_spending: num, min=0, max=25.1
    stress60_year: num, min=1814, max=1847
    stress70_year: num, min=1816, max=1834
    financing30_year: num, min=1812, max=1830
    label: str, 1 uniq: ['MODEL_NOT_OBSERVATION']
```
scenario,year,revenue,primary_spending,interest_paid,cash_deficit,new_issue_running_cost_pct,assumed_new_coupon_pct,nominal_face_increase,issue_discount_adjustment,end_debt_face_proxy,next_year_interest,interest_revenue_pct,automatic_tax_cut,transition_extra_primary_spending,stress60_year,stress70_year,financing30_year,label
S1_early_peace_1805,1806,48.0,24.0,22.3,-1.7000000000000028,4.25,3.0,-2.408333333333337,-0.7083333333333344,621.2053395768193,22.22775,46.458333333333336,0,0,,,,MODEL_NOT_OBSERVATION
S1_early_peace_1805,1807,48.52775,24.299999999999997,22.22775,-2,4.25,3.0,-2.8333333333333335,-0.8333333333333335,618.3720062434859,22.14275,45.80420481064958,0.07224999999999682,0,,,,MODEL_NOT_OBSERVATION
S1_early_peace_1805,1808,48.7465,24.603749999999998,22.14275,-2,4.25,3.0,-2.8333333333333335,-0.8333333333333335,615.5386729101525,22.05775,45.42428687187798,0.4609999999999985,0,,,,MODEL_NOT_OBSERVATION
S1_early_peace_1805,1809,48.969046875,24.911296874999998,22.05775,-2,4.25,3.0,-2.8333333333333335,-0.8333333333333335,612.7053395768191,21.972749999999998,45.04427063141608,0.8535468749999993,0,,,,MODEL_NOT_OBSERVATION
S1_early_peace_1805,1810,49.19543808593749,25.22268808593749,21.972749999999998,-2,4.25,3.0,-2.8333333333333335,-0.8333333333333335,609.8720062434858,21.887749999999997,44.664202322208624,1.2499380859374938,0,,,,MODEL_NOT_OBSERVATION
S1_early_peace_1805,1811,49.42572168701171,25.537971687011712,21.887749999999997,-2,4.25,3.0,-2.8333333333333335,-0.8333333333333335,607.0386729101524,21.802749999999996,44.28412828972763,1.6502216870117152,0,,,,MODEL_NOT_OBSERVATION
S1_early_peace_1805,1812,49.659946333099356,25.857196333099356,21.802749999999996,-2,4.25,3.0,-2.8333333333333335,-0.8333333333333335,604.205339576819,21.717749999999995,43.9040949697282,2.0544463330993565,0,,,,MODEL_NOT_OBSERVATION
S1_early_peace_1805,1813,49.89816128726309,26.180411287263098,21.717749999999995,-2,4.25,3.0,-2.8333333333333335,-0.8333333333333335,601.3720062434857,21.632749999999994,43.524148865869385,2.462661287263103,0,,,,MODEL_NOT_OBSERVATION
S1_early_peace_1805,1814,50.14041642835388,26.507666428353886,21.632749999999994,-2,4.25,3.0,-2.8333333333333335,-0.8333333333333335,598.5386729101523,21.547749999999994,43.144336527222976,2.8749164283538917,0,,,,MODEL_NOT_OBSERVATION
S1_early_peace_1805,1815,50.3867622587083,26.83901225870831,21.547749999999994,-2,4.25,3.0,-2.8333333333333335,-0.8333333333333335,595.7053395768189,21.462749999999993,42.764704525692984,3.291262258708315,0,,,,MODEL_NOT_OBSERVATION
S1_early_peace_1805,1816,50.637249911942156,27.174499911942164,21.462749999999993,-2,4.25,3.0,-2.8333333333333335,-0.8333333333333335,592.8720062434855,21.377749999999992,42.385299433368864,3.711749911942171,0,,,,MODEL_NOT_OBSERVATION
S1_early_peace_1805,1817,50.89193116084143,27.51418116084144,21.377749999999992,-2,4.25,3.0,-2.8333333333333335,-0.8333333333333335,590.0386729101522,21.29274999999999,42.006167799835836,4.136431160841447,0,,,,MODEL_NOT_OBSERVATION
S1_early_peace_1805,1818,51.15085842535194,27.858108425351954,21.29274999999999,-2,4.25,3.0,-2.8333333333333335,-0.8333333333333335,587.2053395768188,21.20774999999999,41.62735612946556,4.565358425351967,0,,,,MODEL_NOT_OBSERVATION
S1_early_peace_1805,1819,51.414084780668844,28.206334780668854,21.20774999999999,-2,4.25,3.0,-2.8333333333333335,-0.8333333333333335,584.3720062434854,21.12274999999999,41.24891085871061,4.998584780668864,0,,,,MODEL_NOT_OBSERVATION
S1_early_peace_1805,1820,51.681663965427205,28.558913965427216,21.12274999999999,-2,4.25,3.0,-2.8333333333333335,-0.8333333333333335,581.5386729101521,21.03774999999999,40.870878333426326,5.436163965427227,0,,,,MODEL_NOT_OBSERVATION
S1_early_peace_1805,1821,51.95365038999503,28.91590038999505,21.03774999999999,-2,4.25,3.0,-2.8333333333333335,-0.8333333333333335,578.7053395768187,20.952749999999988,40.493304786243336,5.878150389995064,0,,,,MODEL_NOT_OBSERVATION
S1_early_peace_1805,1822,52.230099144869975,29.277349144869987,20.952749999999988,-2,4.25,3.0,-2.8333333333333335,-0.8333333333333335,575.8720062434853,20.867749999999987,40.11623631401427,6.32459914487,0,,,,MODEL_NOT_OBSERVATION
S1_early_peace_1805,1823,52.51106600918085,29.64331600918086,20.867749999999987,-2,4.25,3.0,-2.8333333333333335,-0.8333333333333335,573.038672910152,20.782749999999986,39.73971885535811,6.775566009180871,0,,,,MODEL_NOT_OBSERVATION
S1_early_peace_1805,1824,52.79660745929561,30.01385745929562,20.782749999999986,-2,4.25,3.0,-2.8333333333333335,-0.8333333333333335,570.2053395768186,20.697749999999985,39.363798168325076,7.231107459295636,0,,,,MODEL_NOT_OBSERVATION
S1_early_peace_1805,1825,53.0867806775368,30.389030677536816,20.697749999999985,-2,4.25,3.0,-2.8333333333333335,-0.8333333333333335,567.3720062434852,20.612749999999984,38.98851980820538,7.691280677536831,0,,,,MODEL_NOT_OBSERVATION
S1_early_peace_1805,1826,53.38164356100601,30.768893561006024,20.612749999999984,-2,4.25,3.0,-2.8333333333333335,-0.8333333333333335,564.5386729101518,20.527749999999983,38.61392910550453,8.15614356100604,0,,,,MODEL_NOT_OBSERVATION
S1_early_peace_1805,1827,53.68125473051858,31.1535047305186,20.527749999999983,-2,4.25,3.0,-2.8333333333333335,-0.8333333333333335,561.7053395768185,20.442749999999982,38.240071144107695,8.625754730518615,0,,,,MODEL_NOT_OBSERVATION
S1_early_peace_1805,1828,53.985673539650065,31.542923539650083,20.442749999999982,-2,4.25,3.0,-2.8333333333333335,-0.8333333333333335,558.8720062434851,20.35774999999998,37.866990739655584,9.1001735396501,0,,,,MODEL_NOT_OBSERVATION
S1_early_peace_1805,1829,54.29496008389569,31.937210083895707,20.35774999999998,-2,4.25,3.0,-2.8333333333333335,-0.8333333333333335,556.0386729101517,20.27274999999998,37.494732418153575,9.579460083895725,0,,,,MODEL_NOT_OBSERVATION
S1_early_peace_1805,1830,54.60917520994438,32.3364252099444,20.27274999999998,-2,4.25,3.0,-2.8333333333333335,-0.8333333333333335,553.2053395768183,20.18774999999998,37.12334039483587,10.06367520994442,0,,,,MODEL_NOT_OBSERVATION
S1_early_peace_1805,1831,54.92838052506868,32.7406305250687,20.18774999999998,-2,4.25,3.0,-2.8333333333333335,-0.8333333333333335,550.372006243485,20.10274999999998,36.75285855330565,10.552880525068723,0,,,,MODEL_NOT_OBSERVATION
S1_early_peace_1805,1832,55.25263840663204,33.14988840663206,20.10274999999998,-2,4.25,3.0,-2.8333333333333335,-0.8333333333333335,547.5386729101516,20.017749999999978,36.38333042497211,11.04713840663208,0,,,,MODEL_NOT_OBSERVATION
S1_early_peace_1805,1833,55.58201201171494,33.56426201171496,20.017749999999978,-2,4.25,3.0,-2.8333333333333335,-0.8333333333333335,544.7053395768182,19.932749999999977,36.014799168804586,11.54651201171498,0,,,,MODEL_NOT_OBSERVATION
S1_early_peace_1805,1834,55.91656528686137,33.98381528686139,19.932749999999977,-2,4.25,3.0,-2.8333333333333335,-0.8333333333333335,541.8720062434849,19.847749999999976,35.64730755142349,12.051065286861416,0,,,,MODEL_NOT_OBSERVATION
S1_early_peace_1805,1835,56.256362977947134,34.40861297794716,19.847749999999976,-2,4.25,3.0,-2.8333333333333335,-0.8333333333333335,539.0386729101515,19.762749999999976,35.280897927547194,12.560862977947181,0,,,,MODEL_NOT_OBSERVATION
S1_early_peace_1805,1836,56.60147064017147,34.838720640171495,19.762749999999976,-2,4.25,3.0,-2.8333333333333335,-0.8333333333333335,536.2053395768181,19.677749999999975,34.91561222081368,13.07597064017152,0,,,,MODEL_NOT_OBSERVATION
S1_early_peace_1805,1837,56.95195464817362,35.274204648173644,19.677749999999975,-2,4.25,3.0,-2.8333333333333335,-0.8333333333333335,533.3720062434847,19.592749999999974,34.55149190499473,13.596454648173669,0,,,,MODEL_NOT_OBSERVATION
S1_early_peace_1805,1838,57.307882206275785,35.71513220627581,19.592749999999974,-2,4.25,3.0,-2.8333333333333335,-0.8333333333333335,530.5386729101514,19.507749999999973,34.18857798562023,14.122382206275837,0,,,,MODEL_NOT_OBSERVATION
S1_early_peace_1805,1839,57.669321358854226,36.16157135885425,19.507749999999973,-2,4.25,3.0,-2.8333333333333335,-0.8333333333333335,527.705339576818,19.422749999999972,33.826910982029204,14.65382135885428,0,,,,MODEL_NOT_OBSERVATION
S1_early_peace_1805,1840,58.036341000839904,36.61359100083993,19.422749999999972,-2,4.25,3.0,-2.8333333333333335,-0.8333333333333335,524.8720062434846,19.33774999999997,33.46653090986367,15.19084100083996,0,,,,MODEL_NOT_OBSERVATION
S1_early_peace_1805,1841,58.4090108883504,37.07126088835043,19.33774999999997,-2,4.25,3.0,-2.8333333333333335,-0.8333333333333335,522.0386729101513,19.25274999999997,33.10747726402068,15.733510888350459,0,,,,MODEL_NOT_OBSERVATION
S1_early_peace_1805,1842,58.78740164945478,37.53465164945481,19.25274999999997,-2,4.25,3.0,-2.8333333333333335,-0.8333333333333335,519.2053395768179,19.16774999999997,32.749789002076994,16.281901649454838,0,,,,MODEL_NOT_OBSERVATION
S1_early_peace_1805,1843,59.17158479507296,38.00383479507299,19.16774999999997,-2,4.25,3.0,-2.8333333333333335,-0.8333333333333335,516.3720062434845,19.08274999999997,32.393504528200516,16.83608479507302,0,,,,MODEL_NOT_OBSERVATION
S1_early_peace_1805,1844,59.561632730011375,38.47888273001141,19.08274999999997,-2,4.25,3.0,-2.8333333333333335,-0.8333333333333335,513.5386729101511,18.997749999999968,32.03866167756131,17.396132730011438,0,,,,MODEL_NOT_OBSERVATION
S1_early_peace_1805,1845,59.95761876413651,38.959868764136544,18.997749999999968,-2,4.25,3.0,-2.8333333333333335,-0.8333333333333335,510.70533957681783,18.912749999999967,31.68529770125464,17.962118764136576,0,,,,MODEL_NOT_OBSERVATION
S1_early_peace_1805,1846,60.35961712368822,39.44686712368825,18.912749999999967,-2,4.25,3.0,-2.8333333333333335,-0.8333333333333335,507.8720062434845,18.827749999999966,31.333449251747542,18.534117123688283,0,,,,MODEL_NOT_OBSERVATION
S1_early_peace_1805,1847,60.76770296273431,39.939952962734345,18.827749999999966,-2,4.25,3.0,-2.8333333333333335,-0.8333333333333335,505.0386729101512,18.742749999999965,30.983152368859574,19.11220296273438,0,,,,MODEL_NOT_OBSERVATION
