## Sheet: B2_model_paths.csv (continued)
scenario,year,revenue,primary_spending,interest_paid,cash_deficit,new_issue_running_cost_pct,assumed_new_coupon_pct,nominal_face_increase,issue_discount_adjustment,end_debt_face_proxy,next_year_interest,interest_revenue_pct,automatic_tax_cut,transition_extra_primary_spending,stress60_year,stress70_year,financing30_year,label
S3_cumulative_catastrophe,1844,50,55,367.67585927042495,372.67585927042495,8.0,3.0,993.8022913877999,621.1264321173749,13124.79607841649,397.48992801205895,735.3517185408499,0,0,1814,1816,1812,MODEL_NOT_OBSERVATION
S3_cumulative_catastrophe,1845,50,55,397.48992801205895,402.48992801205895,8.0,3.0,1073.3064746988239,670.8165466867649,14198.102553115314,429.6891222530237,794.9798560241179,0,0,1814,1816,1812,MODEL_NOT_OBSERVATION
S3_cumulative_catastrophe,1846,50,55,429.6891222530237,434.6891222530237,8.0,3.0,1159.1709926747299,724.4818704217062,15357.273545790043,464.4642520332656,859.3782445060475,0,0,1814,1816,1812,MODEL_NOT_OBSERVATION
S3_cumulative_catastrophe,1847,50,55,464.4642520332656,469.46425203326567,8.0,3.0,1251.9046720887086,782.4404200554429,16609.17821787875,502.02139219592686,928.9285040665312,0,0,1814,1816,1812,MODEL_NOT_OBSERVATION
S3_cumulative_catastrophe,1848,50,55,502.02139219592686,507.02139219592686,8.0,3.0,1352.057045855805,845.0356536598781,17961.235263734554,542.583103571601,1004.0427843918538,0,0,1814,1816,1812,MODEL_NOT_OBSERVATION
grid_R55_G48_y0.06_Iadjust-2,1811,55,48,22.4,15.400000000000006,6.0,3.0,30.80000000000001,15.400000000000006,719.2651446811935,23.323999999999998,40.72727272727272,0,0,,,,MODEL_NOT_OBSERVATION
grid_R55_G48_y0.06_Iadjust-2,1812,55,48,23.323999999999998,16.323999999999998,6.0,3.0,32.647999999999996,16.323999999999998,751.9131446811936,24.30344,42.40727272727272,0,0,,,,MODEL_NOT_OBSERVATION
grid_R55_G48_y0.06_Iadjust-2,1813,55,48,24.30344,17.303439999999995,6.0,3.0,34.60687999999999,17.303439999999995,786.5200246811935,25.3416464,44.188072727272726,0,0,,,,MODEL_NOT_OBSERVATION
grid_R55_G48_y0.06_Iadjust-2,1814,55,48,25.3416464,18.341646400000002,6.0,3.0,36.683292800000004,18.341646400000002,823.2033174811935,26.442145183999997,46.075720727272724,0,0,,,,MODEL_NOT_OBSERVATION
grid_R55_G48_y0.06_Iadjust-2,1815,55,48,26.442145183999997,19.442145183999997,6.0,3.0,38.884290367999995,19.442145183999997,862.0876078491935,27.60867389504,48.07662760727272,0,0,,,,MODEL_NOT_OBSERVATION
grid_R55_G48_y0.06_Iadjust-2,1816,55,48,27.60867389504,20.60867389504,6.0,3.0,41.21734779008,20.60867389504,903.3049556392735,28.845194328742398,50.197588900072724,0,0,,,,MODEL_NOT_OBSERVATION
grid_R55_G48_y0.06_Iadjust-2,1817,55,48,28.845194328742398,21.845194328742394,6.0,3.0,43.69038865748479,21.845194328742394,946.9953442967583,30.15590598846694,52.44580787044072,0,0,,,,MODEL_NOT_OBSERVATION
grid_R55_G48_y0.06_Iadjust-2,1818,55,48,30.15590598846694,23.15590598846694,6.0,3.0,46.31181197693388,23.15590598846694,993.3071562736922,31.545260347774956,54.8289199790308,0,0,,,,MODEL_NOT_OBSERVATION
grid_R55_G48_y0.06_Iadjust-2,1819,55,48,31.545260347774956,24.545260347774956,6.0,3.0,49.09052069554991,24.545260347774956,1042.3976769692422,33.01797596864145,57.35501881413628,0,0,,,,MODEL_NOT_OBSERVATION
grid_R55_G48_y0.06_Iadjust-2,1820,55,48,33.01797596864145,26.01797596864145,6.0,3.0,52.0359519372829,26.01797596864145,1094.433628906525,34.57905452675994,60.03268357934809,0,0,1820,,,MODEL_NOT_OBSERVATION
grid_R55_G48_y0.06_Iadjust-2,1821,55,48,34.57905452675994,27.579054526759933,6.0,3.0,55.158109053519865,27.579054526759933,1149.5917379600448,36.233797798365536,62.87100823047261,0,0,1820,,,MODEL_NOT_OBSERVATION
grid_R55_G48_y0.06_Iadjust-2,1822,55,48,36.233797798365536,29.233797798365543,6.0,3.0,58.46759559673109,29.233797798365543,1208.059333556776,37.98782566626747,65.8796323606646,0,0,1820,,,MODEL_NOT_OBSERVATION
grid_R55_G48_y0.06_Iadjust-2,1823,55,48,37.98782566626747,30.98782566626747,6.0,3.0,61.97565133253494,30.98782566626747,1270.0349848893109,39.847095206243516,69.06877393866813,0,0,1820,,1823,MODEL_NOT_OBSERVATION
grid_R55_G48_y0.06_Iadjust-2,1824,55,48,39.847095206243516,32.84709520624352,6.0,3.0,65.69419041248705,32.84709520624352,1335.729175301798,41.81792091861813,72.44926401135184,0,0,1820,1824,1823,MODEL_NOT_OBSERVATION
grid_R55_G48_y0.06_Iadjust-2,1825,55,48,41.81792091861813,34.81792091861813,6.0,3.0,69.63584183723626,34.81792091861813,1405.3650171390343,43.906996173735216,76.0325834883966,0,0,1820,1824,1823,MODEL_NOT_OBSERVATION
grid_R55_G48_y0.06_Iadjust-2,1826,55,48,43.906996173735216,36.90699617373522,6.0,3.0,73.81399234747045,36.90699617373522,1479.1790094865048,46.12141594415933,79.83090213406403,0,0,1820,1824,1823,MODEL_NOT_OBSERVATION
grid_R55_G48_y0.06_Iadjust-2,1827,55,48,46.12141594415933,39.12141594415934,6.0,3.0,78.24283188831868,39.12141594415934,1557.4218413748235,48.46870090080889,83.85711989847151,0,0,1820,1824,1823,MODEL_NOT_OBSERVATION
grid_R55_G48_y0.06_Iadjust-2,1828,55,48,48.46870090080889,41.4687009008089,6.0,3.0,82.9374018016178,41.4687009008089,1640.3592431764414,50.95682295485742,88.12491072874343,0,0,1820,1824,1823,MODEL_NOT_OBSERVATION
grid_R55_G48_y0.06_Iadjust-2,1829,55,48,50.95682295485742,43.956822954857415,6.0,3.0,87.91364590971483,43.956822954857415,1728.2728890861563,53.59423233214887,92.64876900883168,0,0,1820,1824,1823,MODEL_NOT_OBSERVATION
grid_R55_G48_y0.06_Iadjust-2,1830,55,48,53.59423233214887,46.59423233214886,6.0,3.0,93.18846466429773,46.59423233214886,1821.461353750454,56.3898862720778,97.44405878572522,0,0,1820,1824,1823,MODEL_NOT_OBSERVATION
grid_R55_G48_y0.06_Iadjust-2,1831,55,48,56.3898862720778,49.3898862720778,6.0,3.0,98.7797725441556,49.3898862720778,1920.2411262946096,59.35327944840247,102.52706594923238,0,0,1820,1824,1823,MODEL_NOT_OBSERVATION
grid_R55_G48_y0.06_Iadjust-2,1832,55,48,59.35327944840247,52.353279448402475,6.0,3.0,104.70655889680495,52.353279448402475,2024.9476851914146,62.49447621530662,107.91505354254993,0,0,1820,1824,1823,MODEL_NOT_OBSERVATION
grid_R55_G48_y0.06_Iadjust-2,1833,55,48,62.49447621530662,55.49447621530662,6.0,3.0,110.98895243061324,55.49447621530662,2135.936637622028,65.82414478822501,113.62632039146658,0,0,1820,1824,1823,MODEL_NOT_OBSERVATION
grid_R55_G48_y0.06_Iadjust-2,1834,55,48,65.82414478822501,58.82414478822501,6.0,3.0,117.64828957645003,58.82414478822501,2253.584927198478,69.35359347551851,119.6802632513182,0,0,1820,1824,1823,MODEL_NOT_OBSERVATION
grid_R55_G48_y0.06_Iadjust-2,1835,55,48,69.35359347551851,62.35359347551851,6.0,3.0,124.70718695103702,62.35359347551851,2378.292114149515,73.09480908404961,126.09744268276093,0,0,1820,1824,1823,MODEL_NOT_OBSERVATION
grid_R55_G48_y0.06_Iadjust-2,1836,55,48,73.09480908404961,66.09480908404961,6.0,3.0,132.18961816809923,66.09480908404961,2510.481732317614,77.0604976290926,132.8996528800902,0,0,1820,1824,1823,MODEL_NOT_OBSERVATION
grid_R55_G48_y0.06_Iadjust-2,1837,55,48,77.0604976290926,70.0604976290926,6.0,3.0,140.1209952581852,70.0604976290926,2650.6027275757992,81.26412748683815,140.10999568925925,0,0,1820,1824,1823,MODEL_NOT_OBSERVATION
grid_R55_G48_y0.06_Iadjust-2,1838,55,48,81.26412748683815,74.26412748683816,6.0,3.0,148.52825497367633,74.26412748683816,2799.1309825494754,85.71997513604843,147.75295906697846,0,0,1820,1824,1823,MODEL_NOT_OBSERVATION
grid_R55_G48_y0.06_Iadjust-2,1839,55,48,85.71997513604843,78.71997513604845,6.0,3.0,157.4399502720969,78.71997513604845,2956.5709328215726,90.44317364421134,155.8545002473608,0,0,1820,1824,1823,MODEL_NOT_OBSERVATION
grid_R55_G48_y0.06_Iadjust-2,1840,55,48,90.44317364421134,83.44317364421136,6.0,3.0,166.8863472884227,83.44317364421136,3123.4572801099953,95.44976406286402,164.44213389856608,0,0,1820,1824,1823,MODEL_NOT_OBSERVATION
grid_R55_G48_y0.06_Iadjust-2,1841,55,48,95.44976406286402,88.449764062864,6.0,3.0,176.899528125728,88.449764062864,3300.3568082357233,100.75674990663586,173.54502556884367,0,0,1820,1824,1823,MODEL_NOT_OBSERVATION
grid_R55_G48_y0.06_Iadjust-2,1842,55,48,100.75674990663586,93.75674990663586,6.0,3.0,187.5134998132717,93.75674990663583,3487.870308048995,106.38215490103401,183.19409073933792,0,0,1820,1824,1823,MODEL_NOT_OBSERVATION
grid_R55_G48_y0.06_Iadjust-2,1843,55,48,106.38215490103401,99.38215490103403,6.0,3.0,198.76430980206806,99.38215490103403,3686.634617851063,112.34508419509605,193.42209982006185,0,0,1820,1824,1823,MODEL_NOT_OBSERVATION
grid_R55_G48_y0.06_Iadjust-2,1844,55,48,112.34508419509605,105.34508419509604,6.0,3.0,210.69016839019207,105.34508419509604,3897.324786241255,118.66578924680181,204.2637894456292,0,0,1820,1824,1823,MODEL_NOT_OBSERVATION
grid_R55_G48_y0.06_Iadjust-2,1845,55,48,118.66578924680181,111.66578924680181,6.0,3.0,223.33157849360362,111.66578924680181,4120.6563647348585,125.36573660160991,215.75598044873055,0,0,1820,1824,1823,MODEL_NOT_OBSERVATION
grid_R55_G48_y0.06_Iadjust-2,1846,55,48,125.36573660160991,118.36573660160991,6.0,3.0,236.73147320321982,118.36573660160991,4357.3878379380785,132.4676807977065,227.93770291201804,0,0,1820,1824,1823,MODEL_NOT_OBSERVATION
grid_R55_G48_y0.06_Iadjust-2,1847,55,48,132.4676807977065,125.46768079770649,6.0,3.0,250.93536159541299,125.46768079770649,4608.323199533492,139.99574164556887,240.8503287231027,0,0,1820,1824,1823,MODEL_NOT_OBSERVATION
grid_R55_G48_y0.06_Iadjust-2,1848,55,48,139.99574164556887,132.99574164556887,6.0,3.0,265.99148329113774,132.99574164556887,4874.31468282463,147.975486144303,254.53771208285247,0,0,1820,1824,1823,MODEL_NOT_OBSERVATION
grid_R55_G48_y0.06_Iadjust0,1811,55,48,24.4,17.400000000000006,6.0,3.0,34.80000000000001,17.400000000000006,723.2651446811935,25.444,44.36363636363636,0,0,,,,MODEL_NOT_OBSERVATION
grid_R55_G48_y0.06_Iadjust0,1812,55,48,25.444,18.444000000000003,6.0,3.0,36.888000000000005,18.444000000000003,760.1531446811936,26.550639999999998,46.261818181818185,0,0,,,,MODEL_NOT_OBSERVATION
grid_R55_G48_y0.06_Iadjust0,1813,55,48,26.550639999999998,19.55064,6.0,3.0,39.10128,19.55064,799.2544246811935,27.723678399999997,48.2738909090909,0,0,,,,MODEL_NOT_OBSERVATION
grid_R55_G48_y0.06_Iadjust0,1814,55,48,27.723678399999997,20.723678399999997,6.0,3.0,41.447356799999994,20.723678399999997,840.7017814811935,28.967099103999995,50.406688,0,0,,,,MODEL_NOT_OBSERVATION
grid_R55_G48_y0.06_Iadjust0,1815,55,48,28.967099103999995,21.967099104,6.0,3.0,43.934198208,21.967099104,884.6359796891935,30.285125050239994,52.66745291636363,0,0,,,,MODEL_NOT_OBSERVATION
grid_R55_G48_y0.06_Iadjust0,1816,55,48,30.285125050239994,23.285125050239998,6.0,3.0,46.570250100479996,23.285125050239998,931.2062297896734,31.682232553254394,55.063863727709084,0,0,,,,MODEL_NOT_OBSERVATION
grid_R55_G48_y0.06_Iadjust0,1817,55,48,31.682232553254394,24.682232553254394,6.0,3.0,49.36446510650879,24.682232553254394,980.5706948961822,33.163166506449656,57.60405918773526,0,0,,,,MODEL_NOT_OBSERVATION
grid_R55_G48_y0.06_Iadjust0,1818,55,48,33.163166506449656,26.163166506449656,6.0,3.0,52.32633301289931,26.163166506449656,1032.8970279090815,34.732956496836636,60.296666375363,0,0,1818,,,MODEL_NOT_OBSERVATION
grid_R55_G48_y0.06_Iadjust0,1819,55,48,34.732956496836636,27.732956496836636,6.0,3.0,55.46591299367327,27.732956496836636,1088.3629409027549,36.396933886646835,63.150829994248426,0,0,1818,,,MODEL_NOT_OBSERVATION
grid_R55_G48_y0.06_Iadjust0,1820,55,48,36.396933886646835,29.396933886646835,6.0,3.0,58.79386777329367,29.396933886646835,1147.1568086760485,38.16074991984564,66.17624343026696,0,0,1818,,,MODEL_NOT_OBSERVATION
grid_R55_G48_y0.06_Iadjust0,1821,55,48,38.16074991984564,31.160749919845642,6.0,3.0,62.321499839691285,31.160749919845642,1209.4783085157399,40.03039491503638,69.38318167244663,0,0,1818,,1821,MODEL_NOT_OBSERVATION
grid_R55_G48_y0.06_Iadjust0,1822,55,48,40.03039491503638,33.03039491503638,6.0,3.0,66.06078983007276,33.03039491503638,1275.5390983458126,42.012218609938564,72.78253620915706,0,0,1818,1822,1821,MODEL_NOT_OBSERVATION
grid_R55_G48_y0.06_Iadjust0,1823,55,48,42.012218609938564,35.01221860993857,6.0,3.0,70.02443721987714,35.01221860993857,1345.5635355656898,44.11295172653488,76.38585201807012,0,0,1818,1822,1821,MODEL_NOT_OBSERVATION
