## Sheet: B2_model_paths.csv (continued)
scenario,year,revenue,primary_spending,interest_paid,cash_deficit,new_issue_running_cost_pct,assumed_new_coupon_pct,nominal_face_increase,issue_discount_adjustment,end_debt_face_proxy,next_year_interest,interest_revenue_pct,automatic_tax_cut,transition_extra_primary_spending,stress60_year,stress70_year,financing30_year,label
S1_early_peace_1805,1848,61.18195237476849,40.43920237476853,18.742749999999965,-2,4.25,3.0,-2.8333333333333335,-0.8333333333333335,502.2053395768179,18.657749999999965,30.634442466287652,19.696452374768562,0,,,,MODEL_NOT_OBSERVATION
S2_armed_coexistence_disciplined,1811,66.0,42.0,24.4,0.4000000000000057,5.0,3.0,0.6666666666666762,0.2666666666666705,689.1318113478602,24.419999999999998,36.96969696969697,0,0,,,,MODEL_NOT_OBSERVATION
S2_armed_coexistence_disciplined,1812,66.66,42.42,24.419999999999998,0.18000000000000682,5.0,3.0,0.30000000000001137,0.12000000000000455,689.4318113478603,24.429,36.633663366336634,0,0,,,,MODEL_NOT_OBSERVATION
S2_armed_coexistence_disciplined,1813,67.3266,42.8442,24.429,-0.05339999999999634,5.0,3.0,-0.0889999999999939,-0.035599999999997564,689.3428113478603,24.42633,36.28432150145707,0,0,,,,MODEL_NOT_OBSERVATION
S2_armed_coexistence_disciplined,1814,67.99986600000001,43.272642000000005,24.42633,-0.30089400000001376,5.0,3.0,-0.501490000000023,-0.2005960000000092,688.8413213478603,24.4112853,35.921144315196145,0,0,,,,MODEL_NOT_OBSERVATION
S2_armed_coexistence_disciplined,1815,68.67986466,43.70536842,24.4112853,-0.5632109400000047,5.0,3.0,-0.9386849000000079,-0.3754739600000032,687.9026364478603,24.383124753,35.54358387403379,0,0,,,,MODEL_NOT_OBSERVATION
S2_armed_coexistence_disciplined,1816,69.3666633066,44.14242210420001,24.383124753,-0.8411164493999905,5.0,3.0,-1.4018607489999844,-0.5607442995999938,686.5007756988604,24.34106893053,35.15107054411254,0,0,,,,MODEL_NOT_OBSERVATION
S2_armed_coexistence_disciplined,1817,70.060329939666,44.58384632524201,24.34106893053,-1.1354146838939982,5.0,3.0,-1.892357806489997,-0.7569431225959988,684.6084178923704,24.2842981963353,34.743012131818176,0,0,,,,MODEL_NOT_OBSERVATION
S2_armed_coexistence_disciplined,1818,70.76093323906267,45.02968478849442,24.2842981963353,-1.446950254232945,5.0,3.0,-2.411583757054909,-0.9646335028219637,682.1968341353155,24.21195068362365,34.31879299032402,0,0,,,,MODEL_NOT_OBSERVATION
S2_armed_coexistence_disciplined,1819,71.19193232000302,45.47998163637937,24.21195068362365,-1.5,5.0,3.0,-2.5000000000000004,-1.0000000000000004,679.6968341353155,24.136950683623652,34.00940232215153,0.27661025145027907,0,,,,MODEL_NOT_OBSERVATION
S2_armed_coexistence_disciplined,1820,71.57173213636682,45.93478145274316,24.136950683623652,-1.5,5.0,3.0,-2.5000000000000004,-1.0000000000000004,677.1968341353155,24.061950683623653,33.724139353837515,0.6114958608009999,0,,,,MODEL_NOT_OBSERVATION
S2_armed_coexistence_disciplined,1821,71.95607995089425,46.39412926727059,24.061950683623653,-1.5,5.0,3.0,-2.5000000000000004,-1.0000000000000004,674.6968341353155,23.986950683623654,33.439774234567125,0.9489803262452483,0,,,,MODEL_NOT_OBSERVATION
S2_armed_coexistence_disciplined,1822,72.34502124356695,46.85807055994329,23.986950683623654,-1.5,5.0,3.0,-2.5000000000000004,-1.0000000000000004,672.1968341353155,23.911950683623655,33.15632544064892,1.2890896363439452,0,,,,MODEL_NOT_OBSERVATION
S2_armed_coexistence_disciplined,1823,72.73860194916638,47.32665126554273,23.911950683623655,-1.5,5.0,3.0,-2.5000000000000004,-1.0000000000000004,669.6968341353155,23.836950683623655,32.87381121283387,1.6318500395436217,0,,,,MODEL_NOT_OBSERVATION
S2_armed_coexistence_disciplined,1824,73.13686846182182,47.79991777819816,23.836950683623655,-1.5,5.0,3.0,-2.5000000000000004,-1.0000000000000004,667.1968341353155,23.761950683623656,32.59224955203925,1.9772880467752856,0,,,,MODEL_NOT_OBSERVATION
S2_armed_coexistence_disciplined,1825,73.5398676396038,48.277916955980146,23.761950683623656,-1.5,5.0,3.0,-2.5000000000000004,-1.0000000000000004,664.6968341353155,23.686950683623657,32.311658215205995,2.325430434079294,0,,,,MODEL_NOT_OBSERVATION
S2_armed_coexistence_disciplined,1826,73.9476468091636,48.760696125539944,23.686950683623657,-1.5,5.0,3.0,-2.5000000000000004,-1.0000000000000004,662.1968341353155,23.611950683623657,32.03205471129119,2.676304245256304,0,,,,MODEL_NOT_OBSERVATION
S2_armed_coexistence_disciplined,1827,74.360253770419,49.248303086795346,23.611950683623657,-1.5,5.0,3.0,-2.5000000000000004,-1.0000000000000004,659.6968341353155,23.536950683623658,31.753456297397204,3.029936794545108,0,,,,MODEL_NOT_OBSERVATION
S2_armed_coexistence_disciplined,1828,74.77773680128695,49.7407861176633,23.536950683623658,-1.5,5.0,3.0,-2.5000000000000004,-1.0000000000000004,657.1968341353155,23.46195068362366,31.47587997503901,3.3863556693268038,0,,,,MODEL_NOT_OBSERVATION
S2_armed_coexistence_disciplined,1829,75.20014466246359,50.23819397883993,23.46195068362366,-1.5,5.0,3.0,-2.5000000000000004,-1.0000000000000004,654.6968341353155,23.38695068362366,31.19934248655079,3.745588732856305,0,,,,MODEL_NOT_OBSERVATION
S2_armed_coexistence_disciplined,1830,75.62752660225199,50.74057591862833,23.38695068362366,-1.5,5.0,3.0,-2.5000000000000004,-1.0000000000000004,652.1968341353155,23.31195068362366,30.923860311633224,4.107664127021096,0,,,,MODEL_NOT_OBSERVATION
S2_armed_coexistence_disciplined,1831,76.05993236143827,51.247981677814614,23.31195068362366,-1.5,5.0,3.0,-2.5000000000000004,-1.0000000000000004,649.6968341353155,23.23695068362366,30.649449664042322,4.4726102751275505,0,,,,MODEL_NOT_OBSERVATION
S2_armed_coexistence_disciplined,1832,76.49741217821642,51.76046149459277,23.23695068362366,-1.5,5.0,3.0,-2.5000000000000004,-1.0000000000000004,647.1968341353155,23.16195068362366,30.37612648842083,4.84045588471507,0,,,,MODEL_NOT_OBSERVATION
S2_armed_coexistence_disciplined,1833,76.94001679316234,52.278066109538685,23.16195068362366,-1.5,5.0,3.0,-2.5000000000000004,-1.0000000000000004,644.6968341353155,23.086950683623662,30.10390645727291,5.211229950398447,0,,,,MODEL_NOT_OBSERVATION
S2_armed_coexistence_disciplined,1834,77.38779745425774,52.800846770634074,23.086950683623662,-1.5,5.0,3.0,-2.5000000000000004,-1.0000000000000004,642.1968341353155,23.011950683623663,29.83280496808281,5.5849617567386645,0,,,,MODEL_NOT_OBSERVATION
S2_armed_coexistence_disciplined,1835,77.84080592196408,53.32885523834042,23.011950683623663,-1.5,5.0,3.0,-2.5000000000000004,-1.0000000000000004,639.6968341353155,22.936950683623664,29.562837140578036,5.9616808811423,0,,,,MODEL_NOT_OBSERVATION
S2_armed_coexistence_disciplined,1836,78.29909447434748,53.86214379072382,22.936950683623664,-1.5,5.0,3.0,-2.5000000000000004,-1.0000000000000004,637.1968341353155,22.861950683623665,29.29401781413745,6.341417196789948,0,,,,MODEL_NOT_OBSERVATION
S2_armed_coexistence_disciplined,1837,78.76271591225473,54.400765228631066,22.861950683623665,-1.5,5.0,3.0,-2.5000000000000004,-1.0000000000000004,634.6968341353155,22.786950683623665,29.026361545344532,6.724200875594079,0,,,,MODEL_NOT_OBSERVATION
S2_armed_coexistence_disciplined,1838,79.23172356454104,54.94477288091738,22.786950683623665,-1.5,5.0,3.0,-2.5000000000000004,-1.0000000000000004,632.1968341353155,22.711950683623666,28.759882605686016,7.110062391186261,0,,,,MODEL_NOT_OBSERVATION
S2_armed_coexistence_disciplined,1839,79.70617129335021,55.49422060972655,22.711950683623666,-1.5,5.0,3.0,-2.5000000000000004,-1.0000000000000004,629.6968341353155,22.636950683623667,28.494594979395906,7.499032521934367,0,,,,MODEL_NOT_OBSERVATION
S2_armed_coexistence_disciplined,1840,80.18611349944749,56.04916281582381,22.636950683623667,-1.5,5.0,3.0,-2.5000000000000004,-1.0000000000000004,627.1968341353155,22.561950683623667,28.23051236144478,7.891142353989935,0,,,,MODEL_NOT_OBSERVATION
S2_armed_coexistence_disciplined,1841,80.67160512760572,56.60965444398205,22.561950683623667,-1.5,5.0,3.0,-2.5000000000000004,-1.0000000000000004,624.6968341353155,22.486950683623668,27.96764815567429,8.28642328436608,0,,,,MODEL_NOT_OBSERVATION
S2_armed_coexistence_disciplined,1842,81.16270167204554,57.175750988421875,22.486950683623668,-1.5,5.0,3.0,-2.5000000000000004,-1.0000000000000004,622.1968341353155,22.41195068362367,27.706015473076267,8.68490702404597,0,,,,MODEL_NOT_OBSERVATION
S2_armed_coexistence_disciplined,1843,81.65945918192976,57.74750849830609,22.41195068362367,-1.5,5.0,3.0,-2.5000000000000004,-1.0000000000000004,619.6968341353155,22.33695068362367,27.44562713021636,9.086625601122662,0,,,,MODEL_NOT_OBSERVATION
S2_armed_coexistence_disciplined,1844,82.16193426691282,58.32498358328915,22.33695068362367,-1.5,5.0,3.0,-2.5000000000000004,-1.0000000000000004,617.1968341353155,22.26195068362367,27.18649564780136,9.491611363970122,0,,,,MODEL_NOT_OBSERVATION
S2_armed_coexistence_disciplined,1845,82.67018410274571,58.90823341912204,22.26195068362367,-1.5,5.0,3.0,-2.5000000000000004,-1.0000000000000004,614.6968341353155,22.18695068362367,26.928633249389716,9.899896984446073,0,,,,MODEL_NOT_OBSERVATION
S2_armed_coexistence_disciplined,1846,83.18426643693694,59.497315753313266,22.18695068362367,-1.5,5.0,3.0,-2.5000000000000004,-1.0000000000000004,612.1968341353155,22.11195068362367,26.672051860244366,10.31151546112676,0,,,,MODEL_NOT_OBSERVATION
S2_armed_coexistence_disciplined,1847,83.70423959447007,60.0922889108464,22.11195068362367,-1.5,5.0,3.0,-2.5000000000000004,-1.0000000000000004,609.6968341353155,22.036950683623672,26.416763106327174,10.72650012257428,0,,,,MODEL_NOT_OBSERVATION
S2_armed_coexistence_disciplined,1848,84.23016248357854,60.69321179995487,22.036950683623672,-1.5,5.0,3.0,-2.5000000000000004,-1.0000000000000004,607.1968341353155,21.961950683623673,26.16277831343372,11.144884630636255,0,,,,MODEL_NOT_OBSERVATION
S2_armed_coexistence_costly,1811,64.0,43.0,24.4,3.4000000000000057,5.5,3.0,6.233333333333344,2.8333333333333384,694.6984780145269,24.587,38.125,0,0,,,,MODEL_NOT_OBSERVATION
S2_armed_coexistence_costly,1812,64.64,43.43,24.587,3.3769999999999953,5.5,3.0,6.191166666666658,2.8141666666666625,700.8896446811935,24.772735,38.03681930693069,0,0,,,,MODEL_NOT_OBSERVATION
S2_armed_coexistence_costly,1813,65.2864,43.8643,24.772735,3.350634999999997,5.5,3.0,6.142830833333328,2.7921958333333308,707.0324755145268,24.957019925,37.94470977110087,0,0,,,,MODEL_NOT_OBSERVATION
S2_armed_coexistence_costly,1814,65.93926400000001,44.302943000000006,24.957019925,3.320698925000002,5.5,3.0,6.087948029166671,2.7672491041666687,713.1204235436935,25.139658365875,37.84849634506081,0,0,,,,MODEL_NOT_OBSERVATION
S2_armed_coexistence_costly,1815,66.59865664,44.74597243,25.139658365875,3.2869741558750007,5.5,3.0,6.026119285770835,2.7391451298958343,719.1465428294644,25.320441944448124,37.74799618221699,0,0,,,,MODEL_NOT_OBSERVATION
S2_armed_coexistence_costly,1816,67.26464320640001,45.193432154300005,25.320441944448124,3.2492308923481232,5.5,3.0,5.956923302638226,2.707692410290103,725.1034661321025,25.49914964352727,37.643018289345456,0,0,,,,MODEL_NOT_OBSERVATION
S2_armed_coexistence_costly,1817,67.93728963846401,45.645366475843005,25.49914964352727,3.2072264809062716,5.5,3.0,5.879915214994832,2.6726887340885606,730.9833813470974,25.675547099977116,37.53336316362323,0,0,,,,MODEL_NOT_OBSERVATION
S2_armed_coexistence_costly,1818,68.61666253484864,46.10182014060143,25.675547099977116,3.1607047057298985,5.5,3.0,5.7946252938381475,2.633920588108249,736.7780066409356,25.84938585879226,37.41882241348763,0,0,,,,MODEL_NOT_OBSERVATION
S2_armed_coexistence_costly,1819,69.30282916019713,46.56283834200745,25.84938585879226,3.1093950406025783,5.5,3.0,5.7005575744380605,2.5911625338354822,742.4785642153737,26.0204025860254,37.29917836260341,0,0,,,,MODEL_NOT_OBSERVATION
S2_armed_coexistence_costly,1820,69.9958574517991,47.02846672542752,26.0204025860254,3.0530118596538216,5.5,3.0,5.59718840936534,2.5441765497115183,748.075752624739,26.188318238306362,37.174203636184764,0,0,,,,MODEL_NOT_OBSERVATION
S2_armed_coexistence_costly,1821,70.69581602631709,47.4987513926818,26.188318238306362,2.9912536046710727,5.5,3.0,5.483964941896967,2.492711337225894,753.559717566636,26.35283718656327,37.04366072888606,0,0,,,,MODEL_NOT_OBSERVATION
