## Sheet: B2_model_paths.csv (continued)
scenario,year,revenue,primary_spending,interest_paid,cash_deficit,new_issue_running_cost_pct,assumed_new_coupon_pct,nominal_face_increase,issue_discount_adjustment,end_debt_face_proxy,next_year_interest,interest_revenue_pct,automatic_tax_cut,transition_extra_primary_spending,stress60_year,stress70_year,financing30_year,label
S3_adaptive_blockade,1835,67.62958657232333,43.959231272010165,30.736357705422524,7.066002405109359,5.5,3.0,12.954337742700492,5.888335337591133,912.6314059379782,31.12498783770354,45.44809345027261,0,0,,,,MODEL_NOT_OBSERVATION
S3_adaptive_blockade,1836,67.96773450518494,44.179027428370205,31.12498783770354,7.336280760888812,5.5,3.0,13.449848061629488,6.113567300740677,926.0812539996077,31.528483279552425,45.79376974133096,0,0,,,,MODEL_NOT_OBSERVATION
S3_adaptive_blockade,1837,68.30757317771086,44.399922565512064,31.528483279552425,7.620832667353625,5.5,3.0,13.971526556814979,6.350693889461354,940.0527805564227,31.947629076256874,46.156643857815084,0,0,,,,MODEL_NOT_OBSERVATION
S3_adaptive_blockade,1838,68.6491110435994,44.62192217833962,31.947629076256874,7.920440210997086,5.5,3.0,14.520807053494657,6.600366842497571,954.5735876099174,32.38325328786171,46.537571412930276,0,0,,,,MODEL_NOT_OBSERVATION
S3_adaptive_blockade,1839,68.9923565988174,44.84503178923131,32.38325328786171,8.235928478275625,5.5,3.0,15.09920221017198,6.863273731896355,969.6727898200893,32.836229354166875,46.93745058770292,0,0,,,,MODEL_NOT_OBSERVATION
S3_adaptive_blockade,1840,69.33731838181149,45.06925694817746,32.836229354166875,8.568167920532858,5.5,3.0,15.70830785431024,7.140139933777382,985.3810976743995,33.30747858979618,47.35722424878268,0,0,,,,MODEL_NOT_OBSERVATION
S3_adaptive_blockade,1841,69.68400497372053,45.29460323291834,33.30747858979618,8.91807684899399,5.5,3.0,16.349807556488983,7.431730707494992,1001.7309052308884,33.797972816490855,47.79788217160769,0,0,,,,MODEL_NOT_OBSERVATION
S3_adaptive_blockade,1842,70.03242499858912,45.52107624908293,33.797972816490855,9.286624066984658,5.5,3.0,17.02547745613854,7.738853389153881,1018.756382687027,34.30873714017501,48.26046337417525,0,0,,,,MODEL_NOT_OBSERVATION
S3_adaptive_blockade,1843,70.38258712358206,45.74868163032834,34.30873714017501,9.674831646921291,5.5,3.0,17.737191352689035,8.062359705767744,1036.4935740397161,34.84085288075568,48.7460585669203,0,0,,,,MODEL_NOT_OBSERVATION
S3_adaptive_blockade,1844,70.73450005919996,45.97742503847997,34.84085288075568,10.083777860035696,5.5,3.0,18.48692607673211,8.403148216696415,1054.9805001164482,35.39546066305765,49.255812724478524,0,0,,,,MODEL_NOT_OBSERVATION
S3_adaptive_blockade,1845,71.08817255949594,46.20731216367237,35.39546066305765,10.514600267234073,5.5,3.0,19.276767156595803,8.76216688936173,1074.257267273044,35.97376367775552,49.79092778539786,0,0,,,,MODEL_NOT_OBSERVATION
S3_adaptive_blockade,1846,71.44361342229342,46.43834872449073,35.97376367775552,10.968498979952827,5.5,3.0,20.108914796580184,9.140415816627357,1094.366182069624,36.57703112165293,50.35266548616393,0,0,,,,MODEL_NOT_OBSERVATION
S3_adaptive_blockade,1847,71.80083148940489,46.670540468113174,36.57703112165293,11.446740100361211,5.5,3.0,20.985690183995555,9.538950083634344,1115.3518722536196,37.2066018271728,50.94235033622184,0,0,,,,MODEL_NOT_OBSERVATION
S3_adaptive_blockade,1848,72.1598356468519,46.903893170453735,37.2066018271728,11.950659350774629,5.5,3.0,21.90954214308682,9.958882792312192,1137.2614143967064,37.8638880914654,51.561372741009,0,0,,,,MODEL_NOT_OBSERVATION
S3_stubborn_lower_stress,1811,60,48,24.4,12.400000000000006,6.0,3.0,24.80000000000001,12.400000000000006,713.2651446811935,25.144,40.666666666666664,0,0,,,,MODEL_NOT_OBSERVATION
S3_stubborn_lower_stress,1812,60,48,25.144,13.144000000000005,6.0,3.0,26.28800000000001,13.144000000000005,739.5531446811935,25.93264,41.906666666666666,0,0,,,,MODEL_NOT_OBSERVATION
S3_stubborn_lower_stress,1813,60,48,25.93264,13.932639999999992,6.0,3.0,27.865279999999984,13.932639999999992,767.4184246811935,26.7685984,43.221066666666665,0,0,,,,MODEL_NOT_OBSERVATION
S3_stubborn_lower_stress,1814,60,48,26.7685984,14.768598400000002,6.0,3.0,29.537196800000004,14.768598400000002,796.9556214811935,27.654714304,44.61433066666666,0,0,,,,MODEL_NOT_OBSERVATION
S3_stubborn_lower_stress,1815,60,48,27.654714304,15.654714303999995,6.0,3.0,31.30942860799999,15.654714303999995,828.2650500891934,28.593997162239997,46.09119050666666,0,0,,,,MODEL_NOT_OBSERVATION
S3_stubborn_lower_stress,1816,60,48,28.593997162239997,16.59399716224,6.0,3.0,33.18799432448,16.59399716224,861.4530444136734,29.5896369919744,47.656661937066666,0,0,,,,MODEL_NOT_OBSERVATION
S3_stubborn_lower_stress,1817,60,48,29.5896369919744,17.589636991974402,6.0,3.0,35.179273983948804,17.589636991974402,896.6323183976222,30.64501521149286,49.31606165329067,0,0,,,,MODEL_NOT_OBSERVATION
S3_stubborn_lower_stress,1818,60,48,30.64501521149286,18.64501521149286,6.0,3.0,37.29003042298572,18.64501521149286,933.9223488206079,31.763716124182434,51.075025352488105,0,0,,,,MODEL_NOT_OBSERVATION
S3_stubborn_lower_stress,1819,60,48,31.763716124182434,19.763716124182437,6.0,3.0,39.527432248364875,19.763716124182437,973.4497810689728,32.94953909163338,52.93952687363739,0,0,,,,MODEL_NOT_OBSERVATION
S3_stubborn_lower_stress,1820,60,48,32.94953909163338,20.949539091633383,6.0,3.0,41.89907818326677,20.949539091633383,1015.3488592522395,34.20651143713138,54.91589848605564,0,0,,,,MODEL_NOT_OBSERVATION
S3_stubborn_lower_stress,1821,60,48,34.20651143713138,22.206511437131383,6.0,3.0,44.413022874262765,22.206511437131383,1059.7618821265023,35.538902123359264,57.01085239521897,0,0,,,,MODEL_NOT_OBSERVATION
S3_stubborn_lower_stress,1822,60,48,35.538902123359264,23.538902123359264,6.0,3.0,47.07780424671853,23.538902123359264,1106.839686373221,36.95123625076082,59.23150353893211,0,0,,,,MODEL_NOT_OBSERVATION
S3_stubborn_lower_stress,1823,60,48,36.95123625076082,24.951236250760815,6.0,3.0,49.90247250152163,24.951236250760815,1156.7421588747425,38.44831042580647,61.585393751268036,0,0,1823,,,MODEL_NOT_OBSERVATION
S3_stubborn_lower_stress,1824,60,48,38.44831042580647,26.44831042580647,6.0,3.0,52.89662085161294,26.44831042580647,1209.6387797263553,40.035209051354855,64.08051737634412,0,0,1823,,,MODEL_NOT_OBSERVATION
S3_stubborn_lower_stress,1825,60,48,40.035209051354855,28.035209051354855,6.0,3.0,56.070418102709716,28.03520905135486,1265.709197829065,41.71732159443614,66.72534841892475,0,0,1823,,,MODEL_NOT_OBSERVATION
S3_stubborn_lower_stress,1826,60,48,41.71732159443614,29.717321594436143,6.0,3.0,59.434643188872286,29.717321594436143,1325.1438410179373,43.500360890102314,69.52886932406024,0,0,1823,,,MODEL_NOT_OBSERVATION
S3_stubborn_lower_stress,1827,60,48,43.500360890102314,31.500360890102314,6.0,3.0,63.00072178020463,31.500360890102314,1388.144562798142,45.39038254350845,72.50060148350386,0,0,1823,1827,1827,MODEL_NOT_OBSERVATION
S3_stubborn_lower_stress,1828,60,48,45.39038254350845,33.39038254350845,6.0,3.0,66.7807650870169,33.39038254350845,1454.9253278851588,47.39380549611896,75.65063757251409,0,0,1823,1827,1827,MODEL_NOT_OBSERVATION
S3_stubborn_lower_stress,1829,60,48,47.39380549611896,35.39380549611896,6.0,3.0,70.78761099223792,35.39380549611896,1525.7129388773967,49.517433825886094,78.98967582686493,0,0,1823,1827,1827,MODEL_NOT_OBSERVATION
S3_stubborn_lower_stress,1830,60,48,49.517433825886094,37.51743382588609,6.0,3.0,75.03486765177217,37.51743382588609,1600.7478065291689,51.76847985543926,82.52905637647683,0,0,1823,1827,1827,MODEL_NOT_OBSERVATION
S3_stubborn_lower_stress,1831,60,48,51.76847985543926,39.76847985543927,6.0,3.0,79.53695971087853,39.76847985543927,1680.2847662400475,54.15458864676562,86.28079975906543,0,0,1823,1827,1827,MODEL_NOT_OBSERVATION
S3_stubborn_lower_stress,1832,60,48,54.15458864676562,42.15458864676562,6.0,3.0,84.30917729353123,42.15458864676562,1764.5939435335788,56.683863965571554,90.25764774460936,0,0,1823,1827,1827,MODEL_NOT_OBSERVATION
S3_stubborn_lower_stress,1833,60,48,56.683863965571554,44.68386396557156,6.0,3.0,89.36772793114312,44.68386396557156,1853.9616714647218,59.364895803505846,94.47310660928594,0,0,1823,1827,1827,MODEL_NOT_OBSERVATION
S3_stubborn_lower_stress,1834,60,48,59.364895803505846,47.364895803505846,6.0,3.0,94.72979160701169,47.364895803505846,1948.6914630717336,62.2067895517162,98.94149300584307,0,0,1823,1827,1827,MODEL_NOT_OBSERVATION
S3_stubborn_lower_stress,1835,60,48,62.2067895517162,50.2067895517162,6.0,3.0,100.4135791034324,50.2067895517162,2049.105042175166,65.21919692481917,103.67798258619368,0,0,1823,1827,1827,MODEL_NOT_OBSERVATION
S3_stubborn_lower_stress,1836,60,48,65.21919692481917,53.21919692481917,6.0,3.0,106.43839384963835,53.21919692481917,2155.5434360248046,68.41234874030832,108.6986615413653,0,0,1823,1827,1827,MODEL_NOT_OBSERVATION
S3_stubborn_lower_stress,1837,60,48,68.41234874030832,56.41234874030832,6.0,3.0,112.82469748061663,56.41234874030832,2268.368133505421,71.79708966472681,114.0205812338472,0,0,1823,1827,1827,MODEL_NOT_OBSERVATION
S3_stubborn_lower_stress,1838,60,48,71.79708966472681,59.79708966472681,6.0,3.0,119.59417932945362,59.79708966472681,2387.962312834875,75.38491504461042,119.66181610787802,0,0,1823,1827,1827,MODEL_NOT_OBSERVATION
S3_stubborn_lower_stress,1839,60,48,75.38491504461042,63.38491504461042,6.0,3.0,126.76983008922085,63.38491504461042,2514.7321429240956,79.18800994728704,125.64152507435071,0,0,1823,1827,1827,MODEL_NOT_OBSERVATION
S3_stubborn_lower_stress,1840,60,48,79.18800994728704,67.18800994728704,6.0,3.0,134.37601989457409,67.18800994728704,2649.10816281867,83.21929054412426,131.98001657881173,0,0,1823,1827,1827,MODEL_NOT_OBSERVATION
S3_stubborn_lower_stress,1841,60,48,83.21929054412426,71.21929054412425,6.0,3.0,142.4385810882485,71.21929054412425,2791.5467439069184,87.49244797677171,138.69881757354042,0,0,1823,1827,1827,MODEL_NOT_OBSERVATION
S3_stubborn_lower_stress,1842,60,48,87.49244797677171,75.4924479767717,6.0,3.0,150.9848959535434,75.4924479767717,2942.531639860462,92.02199485537801,145.82074662795287,0,0,1823,1827,1827,MODEL_NOT_OBSERVATION
S3_stubborn_lower_stress,1843,60,48,92.02199485537801,80.02199485537801,6.0,3.0,160.04398971075602,80.02199485537801,3102.575629571218,96.82331454670069,153.36999142563002,0,0,1823,1827,1827,MODEL_NOT_OBSERVATION
S3_stubborn_lower_stress,1844,60,48,96.82331454670069,84.82331454670069,6.0,3.0,169.64662909340137,84.82331454670069,3272.2222586646194,101.91271341950272,161.37219091116782,0,0,1823,1827,1827,MODEL_NOT_OBSERVATION
S3_stubborn_lower_stress,1845,60,48,101.91271341950272,89.91271341950272,6.0,3.0,179.82542683900544,89.91271341950272,3452.047685503625,107.30747622467288,169.85452236583788,0,0,1823,1827,1827,MODEL_NOT_OBSERVATION
S3_stubborn_lower_stress,1846,60,48,107.30747622467288,95.30747622467288,6.0,3.0,190.61495244934576,95.30747622467288,3642.6626379529707,113.02592479815326,178.84579370778815,0,0,1823,1827,1827,MODEL_NOT_OBSERVATION
S3_stubborn_lower_stress,1847,60,48,113.02592479815326,101.02592479815326,6.0,3.0,202.0518495963065,101.02592479815326,3844.7144875492772,119.08748028604245,188.37654133025544,0,0,1823,1827,1827,MODEL_NOT_OBSERVATION
S3_stubborn_lower_stress,1848,60,48,119.08748028604245,107.08748028604245,6.0,3.0,214.1749605720849,107.08748028604245,4058.889448121362,125.51272910320499,198.47913381007075,0,0,1823,1827,1827,MODEL_NOT_OBSERVATION
S3_stubborn_upper_stress,1811,55,50,24.4,19.400000000000006,7.000000000000001,3.0,45.26666666666669,25.86666666666668,733.7318113478602,25.758,44.36363636363636,0,0,,,,MODEL_NOT_OBSERVATION
S3_stubborn_upper_stress,1812,55,50,25.758,20.757999999999996,7.000000000000001,3.0,48.435333333333325,27.67733333333333,782.1671446811936,27.21106,46.83272727272727,0,0,,,,MODEL_NOT_OBSERVATION
S3_stubborn_upper_stress,1813,55,50,27.21106,22.211060000000003,7.000000000000001,3.0,51.825806666666686,29.614746666666683,833.9929513478603,28.7658342,49.47465454545454,0,0,,,,MODEL_NOT_OBSERVATION
S3_stubborn_upper_stress,1814,55,50,28.7658342,23.7658342,7.000000000000001,3.0,55.45361313333334,31.68777893333334,889.4465644811936,30.429442594,52.30151672727273,0,0,,,,MODEL_NOT_OBSERVATION
