## Sheet: B2_model_paths.csv (continued)
scenario,year,revenue,primary_spending,interest_paid,cash_deficit,new_issue_running_cost_pct,assumed_new_coupon_pct,nominal_face_increase,issue_discount_adjustment,end_debt_face_proxy,next_year_interest,interest_revenue_pct,automatic_tax_cut,transition_extra_primary_spending,stress60_year,stress70_year,financing30_year,label
S2_armed_coexistence_costly,1822,71.40277418658026,47.97373890660861,26.35283718656327,2.9238019065916205,5.5,3.0,5.360303495417972,2.436501588826351,758.9200210620539,26.51364629142581,36.90730155344039,0,0,,,,MODEL_NOT_OBSERVATION
S2_armed_coexistence_costly,1823,72.11680192844607,48.4534762956747,26.51364629142581,2.8503206586544394,5.5,3.0,5.225587874199805,2.3752672155453656,764.1456089362538,26.670413927651804,36.764866969187736,0,0,,,,MODEL_NOT_OBSERVATION
S2_armed_coexistence_costly,1824,72.83796994773053,48.938011058631446,26.670413927651804,2.7704550385527256,5.5,3.0,5.0791675706799975,2.308712532127272,769.2247765069337,26.822788954772204,36.616086289597085,0,0,,,,MODEL_NOT_OBSERVATION
S2_armed_coexistence_costly,1825,73.56634964720784,49.42739116921777,26.822788954772204,2.683830476782134,5.5,3.0,4.920355874100579,2.236525397318445,774.1451323810343,26.97039963099522,36.46067676784646,0,0,,,,MODEL_NOT_OBSERVATION
S2_armed_coexistence_costly,1826,74.30201314367991,49.921665080909946,26.97039963099522,2.590051568225249,5.5,3.0,4.748427875079623,2.1583763068543744,778.8935602561139,27.11285246724761,36.29834305948319,0,0,,,,MODEL_NOT_OBSERVATION
S2_armed_coexistence_costly,1827,75.04503327511672,50.42088173171905,27.11285246724761,2.488700923849933,5.5,3.0,4.562618360391545,2.0739174365416115,783.4561786165054,27.249731018059357,36.12877666114332,0,0,,,,MODEL_NOT_OBSERVATION
S2_armed_coexistence_costly,1828,75.79548360786788,50.925090549036234,27.249731018059357,2.379337959227712,5.5,3.0,4.362119591917472,1.9827816326897603,787.8182982084229,27.38059460581688,35.95165532426358,0,0,,,,MODEL_NOT_OBSERVATION
S2_armed_coexistence_costly,1829,76.55343844394656,51.434341454526596,27.38059460581688,2.261497616396923,5.5,3.0,4.146078963394359,1.884581346997436,791.9643771718172,27.504976974718712,35.766642442671355,0,0,,,,MODEL_NOT_OBSERVATION
S2_armed_coexistence_costly,1830,77.31897282838602,51.94868486907186,27.504976974718712,2.134689015404547,5.5,3.0,3.913596528241669,1.7789075128371223,795.8779737000589,27.622384870565963,35.57338641288939,0,0,,,,MODEL_NOT_OBSERVATION
S2_armed_coexistence_costly,1831,78.09216255666989,52.46817171776258,27.622384870565963,1.9983940316586484,5.5,3.0,3.663722391374189,1.6653283597155406,799.5416960914331,27.73229654230719,35.371519965938916,0,0,,,,MODEL_NOT_OBSERVATION
S2_armed_coexistence_costly,1832,78.8730841822366,52.992853434940216,27.73229654230719,1.852065795010816,5.5,3.0,3.3954539575198295,1.5433881625090136,802.937150048953,27.834160161032784,35.160659469371836,0,0,,,,MODEL_NOT_OBSERVATION
S2_armed_coexistence_costly,1833,79.66181502405895,53.52278196928961,27.834160161032784,1.6951271062634419,5.5,3.0,3.1077330281496436,1.4126059218862017,806.0448830771026,27.927392151877275,34.940404198205236,0,0,,,,MODEL_NOT_OBSERVATION
S2_armed_coexistence_costly,1834,80.45843317429954,54.0580097889825,27.927392151877275,1.5269687665602305,5.5,3.0,2.799442738693756,1.2724739721335254,808.8443258157963,28.011375434038086,34.710335573372795,0,0,,,,MODEL_NOT_OBSERVATION
S2_armed_coexistence_costly,1835,81.26301750604254,54.59858988687233,28.011375434038086,1.3469478148678746,5.5,3.0,2.46940432725777,1.1224565123898955,811.313730143054,28.08545756385582,34.47001636624584,0,0,,,,MODEL_NOT_OBSERVATION
S2_armed_coexistence_costly,1836,82.07564768110296,55.144575785741054,28.08545756385582,1.1543856684939158,5.5,3.0,2.116373725572179,0.9619880570782633,813.4301038686262,28.148948775622983,34.21898986771224,0,0,,,,MODEL_NOT_OBSERVATION
S2_armed_coexistence_costly,1837,82.896404157914,55.69602154359847,28.148948775622983,0.9485661613074541,5.5,3.0,1.7390379623969991,0.7904718010895451,815.1691418310232,28.201119914494893,33.956779020234066,0,0,,,,MODEL_NOT_OBSERVATION
S2_armed_coexistence_costly,1838,83.72536819949315,56.252981759034455,28.201119914494893,0.7287334740362041,5.5,3.0,1.3360113690663744,0.6072778950301703,816.5051532000896,28.241200255566884,33.682885511234595,0,0,,,,MODEL_NOT_OBSERVATION
S2_armed_coexistence_costly,1839,84.56262188148807,56.8155115766248,28.241200255566884,0.4940899507036107,5.5,3.0,0.905831576289953,0.4117416255863423,817.4109847763796,28.268375202855584,33.39678882609158,0,0,,,,MODEL_NOT_OBSERVATION
S2_armed_coexistence_costly,1840,85.40824810030296,57.383666692391046,28.268375202855584,0.24379379494367015,5.5,3.0,0.44695529073006196,0.2031614957863918,817.8579400671097,28.281783861577484,33.097945258937244,0,0,,,,MODEL_NOT_OBSERVATION
S2_armed_coexistence_costly,1841,86.26233058130599,57.95750335931496,28.281783861577484,-0.023043360413538494,5.5,3.0,-0.042246160758153906,-0.01920280034461541,817.8156939063515,28.28051647675474,32.78578687938494,0,0,,,,MODEL_NOT_OBSERVATION
S2_armed_coexistence_costly,1842,87.12495388711905,58.53707839290811,28.28051647675474,-0.3073590174561929,5.5,3.0,-0.5634915320030203,-0.2561325145468274,817.2522023743485,28.26361173079465,32.45972045321893,0,0,,,,MODEL_NOT_OBSERVATION
S2_armed_coexistence_costly,1843,87.99620342599023,59.122449176837186,28.26361173079465,-0.6101425183583871,5.5,3.0,-1.1185946169903762,-0.5084520986319891,816.1336077573582,28.23005389228494,32.11912631499601,0,0,,,,MODEL_NOT_OBSERVATION
S2_armed_coexistence_costly,1844,88.87616546025014,59.71367366860556,28.23005389228494,-0.9324378993596412,5.5,3.0,-1.7094694821593421,-0.777031582799701,814.4241382751989,28.17876980782016,31.763357190416624,0,0,,,,MODEL_NOT_OBSERVATION
S2_armed_coexistence_costly,1845,89.48958021311178,60.31081040529162,28.17876980782016,-1,5.5,3.0,-1.8333333333333335,-0.8333333333333335,812.5908049418655,28.12376980782016,31.488324943211076,0.2753469017408605,0,,,,MODEL_NOT_OBSERVATION
S2_armed_coexistence_costly,1846,90.0376883171647,60.91391850934453,28.12376980782016,-1,5.5,3.0,-1.8333333333333335,-0.8333333333333335,810.7574716085321,28.06876980782016,31.23555294839647,0.6248880688364693,0,,,,MODEL_NOT_OBSERVATION
S2_armed_coexistence_costly,1847,90.59182750225814,61.52305769443798,28.06876980782016,-1,5.5,3.0,-1.8333333333333335,-0.8333333333333335,808.9241382751987,28.01376980782016,30.983776993703437,0.9773746476030425,0,,,,MODEL_NOT_OBSERVATION
S2_armed_coexistence_costly,1848,91.15205807920253,62.138288271382365,28.01376980782016,-1,5.5,3.0,-1.8333333333333335,-0.8333333333333335,807.0908049418654,27.95876980782016,30.733008555307485,1.3328360921572653,0,,,,MODEL_NOT_OBSERVATION
S3_adaptive_blockade,1811,60.0,39.0,24.4,3.3999999999999986,5.5,3.0,6.233333333333331,2.833333333333332,694.6984780145269,24.587,40.666666666666664,0,0,,,,MODEL_NOT_OBSERVATION
S3_adaptive_blockade,1812,60.3,39.19499999999999,24.587,3.4819999999999993,5.5,3.0,6.383666666666666,2.9016666666666664,701.0821446811935,24.77851,40.77446102819237,0,0,,,,MODEL_NOT_OBSERVATION
S3_adaptive_blockade,1813,60.60149999999999,39.39097499999999,24.77851,3.5679850000000073,5.5,3.0,6.541305833333347,2.9733208333333394,707.6234505145269,24.974749175,40.88761829327658,0,0,,,,MODEL_NOT_OBSERVATION
S3_adaptive_blockade,1814,60.90450749999998,39.587929874999986,24.974749175,3.658171550000006,5.5,3.0,6.706647841666677,3.0484762916666712,714.3300983561936,25.17594861025,41.00640527304159,0,0,,,,MODEL_NOT_OBSERVATION
S3_adaptive_blockade,1815,61.20903003749997,39.78586952437498,25.17594861025,3.7527880971250056,5.5,3.0,6.880111511395844,3.1273234142708386,721.2102098675895,25.382351955591876,41.1311020527949,0,0,,,,MODEL_NOT_OBSERVATION
S3_adaptive_blockade,1816,61.515075187687465,39.98479887199685,25.382351955591876,3.8520756399012654,5.5,3.0,7.062138673152321,3.210063033251055,728.2723485407417,25.594216115786445,41.26200265243645,0,0,,,,MODEL_NOT_OBSERVATION
S3_adaptive_blockade,1817,61.8226505636259,40.184722866356836,25.594216115786445,3.9562884185173743,5.5,3.0,7.2531954339485205,3.296907015431146,735.5255439746903,25.8118119788049,41.399415719721844,0,0,,,,MODEL_NOT_OBSERVATION
S3_adaptive_blockade,1818,62.13176381644403,40.385646480688614,25.8118119788049,4.06569464304949,5.5,3.0,7.453773512257398,3.3880788692079085,742.9793174869477,26.035425184172624,41.54366525801646,0,0,,,,MODEL_NOT_OBSERVATION
S3_adaptive_blockade,1819,62.44242263552624,40.58757471309205,26.035425184172624,4.180577261738435,5.5,3.0,7.664391646520464,3.483814384782029,750.6437091334682,26.26535693356824,41.695091390256096,0,0,,,,MODEL_NOT_OBSERVATION
S3_adaptive_blockade,1820,62.75463474870386,40.790512586657506,26.26535693356824,4.301234771521884,5.5,3.0,7.8855970811234535,3.5843623096015698,758.5293062145917,26.50192484600194,41.85405116091561,0,0,,,,MODEL_NOT_OBSERVATION
S3_adaptive_blockade,1821,63.06840792244738,40.994465149590795,26.50192484600194,4.427982073145358,5.5,3.0,8.117967134099825,3.6899850609544664,766.6472733486914,26.745463860024937,42.02091937787659,0,0,,,,MODEL_NOT_OBSERVATION
S3_adaptive_blockade,1822,63.38374996205961,41.19943747533875,26.745463860024937,4.561151373304071,5.5,3.0,8.362110851057464,3.800959477753393,775.0093841997489,26.996327185556662,42.19608949617891,0,0,,,,MODEL_NOT_OBSERVATION
S3_adaptive_blockade,1823,63.700668711869895,41.405434662715436,26.996327185556662,4.701093136402207,5.5,3.0,8.618670750070713,3.917577613668506,783.6280549498196,27.254887308058784,42.379974545740055,0,0,,,,MODEL_NOT_OBSERVATION
S3_adaptive_blockade,1824,64.01917205542924,41.612461836029006,27.254887308058784,4.848177088658559,5.5,3.0,8.888324662540692,4.040147573882132,792.5163796123602,27.521537047935006,42.57300810522962,0,0,,,,MODEL_NOT_OBSERVATION
S3_adaptive_blockade,1825,64.33926791570637,41.82052414520914,27.521537047935006,5.002793277437775,5.5,3.0,9.171787675302587,4.168994397864813,801.6881672876627,27.796690678194082,42.77564532439528,0,0,,,,MODEL_NOT_OBSERVATION
S3_adaptive_blockade,1826,64.66096425528491,42.02962676593519,27.796690678194082,5.165353188844364,5.5,3.0,9.469814179548,4.304460990703637,811.1579814672108,28.08078510358052,42.98836399725076,0,0,,,,MODEL_NOT_OBSERVATION
S3_adaptive_blockade,1827,64.98426907656132,42.23977489976486,28.08078510358052,5.336290926784059,5.5,3.0,9.783200032437444,4.4469091056533845,820.9411814996482,28.374281104553646,43.21166568865628,0,0,,,,MODEL_NOT_OBSERVATION
S3_adaptive_blockade,1828,65.30919042194411,42.45097377426367,28.374281104553646,5.51606445687321,5.5,3.0,10.112784837600884,4.596720380727675,831.0539663372491,28.677664649681674,43.44607691694765,0,0,,,,MODEL_NOT_OBSERVATION
S3_adaptive_blockade,1829,65.63573637405382,42.663228643134985,28.677664649681674,5.705156918762839,5.5,3.0,10.459454351065204,4.754297432302366,841.5134206883143,28.99144828021363,43.69215039540277,0,0,,,,MODEL_NOT_OBSERVATION
S3_adaptive_blockade,1830,65.96391505592409,42.87654478635066,28.99144828021363,5.904078010640191,5.5,3.0,10.824143019507018,4.9200650088668265,852.3375637078213,29.316172570798837,43.950466335472555,0,0,,,,MODEL_NOT_OBSERVATION
S3_adaptive_blockade,1831,66.2937346312037,43.090927510282405,29.316172570798837,6.113365449877534,5.5,3.0,11.207836658108812,5.094471208231278,863.5454003659302,29.6524076705421,44.2216338148493,0,0,,,,MODEL_NOT_OBSERVATION
S3_adaptive_blockade,1832,66.62520330435972,43.306382147833816,29.6524076705421,6.333586514016204,5.5,3.0,11.611575275696376,5.277988761680172,875.1569756416266,30.00075492881299,44.50629221359802,0,0,,,,MODEL_NOT_OBSERVATION
S3_adaptive_blockade,1833,66.9583293208815,43.52291405857298,30.00075492881299,6.565339666504471,5.5,3.0,12.036456055258197,5.471116388753726,887.1934316968848,30.361848610470737,44.80511272173723,0,0,,,,MODEL_NOT_OBSERVATION
S3_adaptive_blockade,1834,67.2931209674859,43.74052862886584,30.361848610470737,6.809256271850671,5.5,3.0,12.483636498392897,5.674380226542226,899.6770681952777,30.736357705422524,45.11879992182367,0,0,,,,MODEL_NOT_OBSERVATION
