## Sheet: B2_model_paths.csv (continued)
scenario,year,revenue,primary_spending,interest_paid,cash_deficit,new_issue_running_cost_pct,assumed_new_coupon_pct,nominal_face_increase,issue_discount_adjustment,end_debt_face_proxy,next_year_interest,interest_revenue_pct,automatic_tax_cut,transition_extra_primary_spending,stress60_year,stress70_year,financing30_year,label
grid_R55_G48_y0.06_Iadjust2,1842,55,48,125.10915247978811,118.10915247978812,6.0,3.0,236.21830495957624,118.10915247978812,4214.988532300372,132.1957016285754,227.47118632688745,0,0,1817,1820,1819,MODEL_NOT_OBSERVATION
grid_R55_G48_y0.06_Iadjust2,1843,55,48,132.1957016285754,125.19570162857539,6.0,3.0,250.39140325715078,125.19570162857539,4465.379935557523,139.7074437262899,240.35582114286433,0,0,1817,1820,1819,MODEL_NOT_OBSERVATION
grid_R55_G48_y0.06_Iadjust2,1844,55,48,139.7074437262899,132.7074437262899,6.0,3.0,265.4148874525798,132.7074437262899,4730.794823010103,147.6698903498673,254.01353404779985,0,0,1817,1820,1819,MODEL_NOT_OBSERVATION
grid_R55_G48_y0.06_Iadjust2,1845,55,48,147.6698903498673,140.6698903498673,6.0,3.0,281.3397806997346,140.6698903498673,5012.134603709837,156.11008377085935,268.49070972703146,0,0,1817,1820,1819,MODEL_NOT_OBSERVATION
grid_R55_G48_y0.06_Iadjust2,1846,55,48,156.11008377085935,149.11008377085935,6.0,3.0,298.2201675417187,149.11008377085935,5310.3547712515565,165.0566887971109,283.836515947017,0,0,1817,1820,1819,MODEL_NOT_OBSERVATION
grid_R55_G48_y0.06_Iadjust2,1847,55,48,165.0566887971109,158.0566887971109,6.0,3.0,316.1133775942218,158.0566887971109,5626.468148845778,174.54009012493754,300.10307054020166,0,0,1817,1820,1819,MODEL_NOT_OBSERVATION
grid_R55_G48_y0.06_Iadjust2,1848,55,48,174.54009012493754,167.54009012493754,6.0,3.0,335.08018024987507,167.54009012493754,5961.548329095654,184.5924955324338,317.3456184089774,0,0,1817,1820,1819,MODEL_NOT_OBSERVATION
grid_R55_G48_y0.07_Iadjust-2,1811,55,48,22.4,15.400000000000006,7.000000000000001,3.0,35.93333333333335,20.533333333333346,724.398478014527,23.477999999999998,40.72727272727272,0,0,,,,MODEL_NOT_OBSERVATION
grid_R55_G48_y0.07_Iadjust-2,1812,55,48,23.477999999999998,16.477999999999994,7.000000000000001,3.0,38.44866666666666,21.970666666666666,762.8471446811936,24.631459999999997,42.68727272727272,0,0,,,,MODEL_NOT_OBSERVATION
grid_R55_G48_y0.07_Iadjust-2,1813,55,48,24.631459999999997,17.631460000000004,7.000000000000001,3.0,41.14007333333335,23.508613333333344,803.987218014527,25.865662199999996,44.78447272727272,0,0,,,,MODEL_NOT_OBSERVATION
grid_R55_G48_y0.07_Iadjust-2,1814,55,48,25.865662199999996,18.865662200000003,7.000000000000001,3.0,44.019878466666675,25.154216266666673,848.0070964811937,27.186258553999995,47.02847672727272,0,0,,,,MODEL_NOT_OBSERVATION
grid_R55_G48_y0.07_Iadjust-2,1815,55,48,27.186258553999995,20.18625855399999,7.000000000000001,3.0,47.10126995933332,26.91501140533333,895.108366440527,28.599296652779994,49.42956100727272,0,0,,,,MODEL_NOT_OBSERVATION
grid_R55_G48_y0.07_Iadjust-2,1816,55,48,28.599296652779994,21.599296652779998,7.000000000000001,3.0,50.398358856486674,28.799062203706676,945.5067252970136,30.111247418474594,51.99872118687272,0,0,,,,MODEL_NOT_OBSERVATION
grid_R55_G48_y0.07_Iadjust-2,1817,55,48,30.111247418474594,23.11124741847459,7.000000000000001,3.0,53.926243976440716,30.814996557966126,999.4329692734543,31.729034737767815,54.74772257904472,0,0,,,,MODEL_NOT_OBSERVATION
grid_R55_G48_y0.07_Iadjust-2,1818,55,48,31.729034737767815,24.72903473776782,7.000000000000001,3.0,57.70108105479159,32.97204631702377,1057.1340503282458,33.460067169411566,57.689154068668756,0,0,,,,MODEL_NOT_OBSERVATION
grid_R55_G48_y0.07_Iadjust-2,1819,55,48,33.460067169411566,26.46006716941156,7.000000000000001,3.0,61.74015672862698,35.28008955921542,1118.8742070568728,35.312271871270376,60.83648576256648,0,0,1819,,,MODEL_NOT_OBSERVATION
grid_R55_G48_y0.07_Iadjust-2,1820,55,48,35.312271871270376,28.312271871270383,7.000000000000001,3.0,66.0619676996309,37.749695828360515,1184.9361747565038,37.294130902259305,64.20413067503705,0,0,1819,,,MODEL_NOT_OBSERVATION
grid_R55_G48_y0.07_Iadjust-2,1821,55,48,37.294130902259305,30.294130902259297,7.000000000000001,3.0,70.68630543860503,40.392174536345735,1255.622480195109,39.414720065417455,67.80751073138055,0,0,1819,,1821,MODEL_NOT_OBSERVATION
grid_R55_G48_y0.07_Iadjust-2,1822,55,48,39.414720065417455,32.414720065417455,7.000000000000001,3.0,75.6343468193074,43.21962675388994,1331.2568270144163,41.683750469996674,71.6631273916681,0,0,1819,1822,1821,MODEL_NOT_OBSERVATION
grid_R55_G48_y0.07_Iadjust-2,1823,55,48,41.683750469996674,34.68375046999668,7.000000000000001,3.0,80.92875109665894,46.24500062666226,1412.1855781110753,44.11161300289644,75.78863721817577,0,0,1819,1822,1821,MODEL_NOT_OBSERVATION
grid_R55_G48_y0.07_Iadjust-2,1824,55,48,44.11161300289644,37.11161300289643,7.000000000000001,3.0,86.59376367342503,49.4821506705286,1498.7793417845003,46.70942591309919,80.20293273253898,0,0,1819,1822,1821,MODEL_NOT_OBSERVATION
grid_R55_G48_y0.07_Iadjust-2,1825,55,48,46.70942591309919,39.70942591309918,7.000000000000001,3.0,92.65532713056477,52.94590121746559,1591.434668915065,49.48908572701613,84.9262289329076,0,0,1819,1822,1821,MODEL_NOT_OBSERVATION
grid_R55_G48_y0.07_Iadjust-2,1826,55,48,49.48908572701613,42.48908572701613,7.000000000000001,3.0,99.14120002970432,56.65211430268819,1690.5758689447694,52.463321727907264,89.98015586730206,0,0,1819,1822,1821,MODEL_NOT_OBSERVATION
grid_R55_G48_y0.07_Iadjust-2,1827,55,48,52.463321727907264,45.46332172790727,7.000000000000001,3.0,106.08108403178365,60.617762303876376,1796.656952976553,55.645754248860776,95.38785768710412,0,0,1819,1822,1821,MODEL_NOT_OBSERVATION
grid_R55_G48_y0.07_Iadjust-2,1828,55,48,55.645754248860776,48.64575424886078,7.000000000000001,3.0,113.50675991400851,64.86100566514773,1910.1637128905613,59.05095704628103,101.17409863429232,0,0,1819,1822,1821,MODEL_NOT_OBSERVATION
grid_R55_G48_y0.07_Iadjust-2,1829,55,48,59.05095704628103,52.05095704628103,7.000000000000001,3.0,121.45223310798907,69.40127606170805,2031.6159459985504,62.6945240395207,107.36537644778367,0,0,1819,1822,1821,MODEL_NOT_OBSERVATION
grid_R55_G48_y0.07_Iadjust-2,1830,55,48,62.6945240395207,55.6945240395207,7.000000000000001,3.0,129.9538894255483,74.25936538602761,2161.5698354240985,66.59314072228715,113.99004370821946,0,0,1819,1822,1821,MODEL_NOT_OBSERVATION
grid_R55_G48_y0.07_Iadjust-2,1831,55,48,66.59314072228715,59.593140722287146,7.000000000000001,3.0,139.05066168533668,79.45752096304953,2300.6204971094353,70.76466057284725,121.07843767688571,0,0,1819,1822,1821,MODEL_NOT_OBSERVATION
grid_R55_G48_y0.07_Iadjust-2,1832,55,48,70.76466057284725,63.76466057284725,7.000000000000001,3.0,148.78420800331025,85.019547430463,2449.4047051127454,75.22818681294656,128.66301922335865,0,0,1819,1822,1821,MODEL_NOT_OBSERVATION
grid_R55_G48_y0.07_Iadjust-2,1833,55,48,75.22818681294656,68.22818681294656,7.000000000000001,3.0,159.199102563542,90.97091575059544,2608.6038076762875,80.00415988985282,136.77852147808466,0,0,1819,1822,1821,MODEL_NOT_OBSERVATION
grid_R55_G48_y0.07_Iadjust-2,1834,55,48,80.00415988985282,73.00415988985282,7.000000000000001,3.0,170.3430397429899,97.33887985313709,2778.946847419277,85.11445108214251,145.46210889064147,0,0,1819,1822,1821,MODEL_NOT_OBSERVATION
grid_R55_G48_y0.07_Iadjust-2,1835,55,48,85.11445108214251,78.11445108214252,7.000000000000001,3.0,182.26705252499926,104.15260144285674,2961.2138999442764,90.58246265789249,154.7535474220773,0,0,1819,1822,1821,MODEL_NOT_OBSERVATION
grid_R55_G48_y0.07_Iadjust-2,1836,55,48,90.58246265789249,83.5824626578925,7.000000000000001,3.0,195.02574620174923,111.44328354385672,3156.2396461460257,96.43323504394496,164.6953866507136,0,0,1819,1822,1821,MODEL_NOT_OBSERVATION
grid_R55_G48_y0.07_Iadjust-2,1837,55,48,96.43323504394496,89.43323504394496,7.000000000000001,3.0,208.6775484358716,119.24431339192665,3364.9171945818975,102.69356149702111,175.3331546253545,0,0,1819,1822,1821,MODEL_NOT_OBSERVATION
grid_R55_G48_y0.07_Iadjust-2,1838,55,48,102.69356149702111,95.69356149702111,7.000000000000001,3.0,223.2849768263826,127.5914153293615,3588.2021714082803,109.39211080181259,186.7155663582202,0,0,1819,1822,1821,MODEL_NOT_OBSERVATION
grid_R55_G48_y0.07_Iadjust-2,1839,55,48,109.39211080181259,102.39211080181258,7.000000000000001,3.0,238.91492520422938,136.5228144024168,3827.1170966125096,116.55955855793947,198.89474691238652,0,0,1819,1822,1821,MODEL_NOT_OBSERVATION
grid_R55_G48_y0.07_Iadjust-2,1840,55,48,116.55955855793947,109.55955855793945,7.000000000000001,3.0,255.63896996852543,146.07941141058598,4082.756066581035,124.22872765699523,211.9264701053445,0,0,1819,1822,1821,MODEL_NOT_OBSERVATION
grid_R55_G48_y0.07_Iadjust-2,1841,55,48,124.22872765699523,117.22872765699523,7.000000000000001,3.0,273.53369786632226,156.30497020932702,4356.289764447358,132.4347385929849,225.8704139218095,0,0,1819,1822,1821,MODEL_NOT_OBSERVATION
grid_R55_G48_y0.07_Iadjust-2,1842,55,48,132.4347385929849,125.4347385929849,7.000000000000001,3.0,292.6810567169648,167.2463181239799,4648.970821164323,141.21517029449384,240.7904338054271,0,0,1819,1822,1821,MODEL_NOT_OBSERVATION
grid_R55_G48_y0.07_Iadjust-2,1843,55,48,141.21517029449384,134.21517029449384,7.000000000000001,3.0,313.16873068715233,178.9535603926585,4962.1395518514755,150.61023221510843,256.75485508089787,0,0,1819,1822,1821,MODEL_NOT_OBSERVATION
grid_R55_G48_y0.07_Iadjust-2,1844,55,48,150.61023221510843,143.61023221510843,7.000000000000001,3.0,335.0905418352531,191.48030962014465,5297.230093686729,160.66294847016601,273.83678584565166,0,0,1819,1822,1821,MODEL_NOT_OBSERVATION
grid_R55_G48_y0.07_Iadjust-2,1845,55,48,160.66294847016601,153.66294847016601,7.000000000000001,3.0,358.5468797637207,204.8839312935547,5655.776973450449,171.41935486307764,292.1144517639382,0,0,1819,1822,1821,MODEL_NOT_OBSERVATION
grid_R55_G48_y0.07_Iadjust-2,1846,55,48,171.41935486307764,164.41935486307764,7.000000000000001,3.0,383.6451613471812,219.22580648410357,6039.42213479763,182.92870970349307,311.67155429650484,0,0,1819,1822,1821,MODEL_NOT_OBSERVATION
grid_R55_G48_y0.07_Iadjust-2,1847,55,48,182.92870970349307,175.92870970349307,7.000000000000001,3.0,410.5003226414839,234.5716129379908,6449.922457439114,195.2437193827376,332.59765400635104,0,0,1819,1822,1821,MODEL_NOT_OBSERVATION
grid_R55_G48_y0.07_Iadjust-2,1848,55,48,195.2437193827376,188.2437193827376,7.000000000000001,3.0,439.2353452263878,250.99162584365018,6889.157802665502,208.42077973952922,354.9885806958865,0,0,1819,1822,1821,MODEL_NOT_OBSERVATION
grid_R55_G48_y0.07_Iadjust0,1811,55,48,24.4,17.400000000000006,7.000000000000001,3.0,40.600000000000016,23.20000000000001,729.0651446811936,25.618,44.36363636363636,0,0,,,,MODEL_NOT_OBSERVATION
grid_R55_G48_y0.07_Iadjust0,1812,55,48,25.618,18.617999999999995,7.000000000000001,3.0,43.442,24.824000000000005,772.5071446811936,26.921259999999997,46.57818181818181,0,0,,,,MODEL_NOT_OBSERVATION
grid_R55_G48_y0.07_Iadjust0,1813,55,48,26.921259999999997,19.92125999999999,7.000000000000001,3.0,46.482939999999985,26.561679999999996,818.9900846811936,28.315748199999994,48.94774545454545,0,0,,,,MODEL_NOT_OBSERVATION
grid_R55_G48_y0.07_Iadjust0,1814,55,48,28.315748199999994,21.3157482,7.000000000000001,3.0,49.736745800000016,28.420997600000014,868.7268304811936,29.807850573999996,51.483178545454535,0,0,,,,MODEL_NOT_OBSERVATION
grid_R55_G48_y0.07_Iadjust0,1815,55,48,29.807850573999996,22.807850574,7.000000000000001,3.0,53.218318006000004,30.410467432000004,921.9451484871936,31.404400114179996,54.196091952727265,0,0,,,,MODEL_NOT_OBSERVATION
grid_R55_G48_y0.07_Iadjust0,1816,55,48,31.404400114179996,24.404400114179992,7.000000000000001,3.0,56.94360026641999,32.53920015224,978.8887487536135,33.1127081221726,57.098909298509085,0,0,,,,MODEL_NOT_OBSERVATION
grid_R55_G48_y0.07_Iadjust0,1817,55,48,33.1127081221726,26.11270812217259,7.000000000000001,3.0,60.92965228506939,34.816944162896796,1039.8184010386829,34.94059769072468,60.20492385849563,0,0,1817,,,MODEL_NOT_OBSERVATION
grid_R55_G48_y0.07_Iadjust0,1818,55,48,34.94059769072468,27.940597690724672,7.000000000000001,3.0,65.19472794502424,37.25413025429957,1105.013128983707,36.89643952907541,63.52835943768124,0,0,1817,,,MODEL_NOT_OBSERVATION
