## Sheet: B2_model_paths.csv (continued)
scenario,year,revenue,primary_spending,interest_paid,cash_deficit,new_issue_running_cost_pct,assumed_new_coupon_pct,nominal_face_increase,issue_discount_adjustment,end_debt_face_proxy,next_year_interest,interest_revenue_pct,automatic_tax_cut,transition_extra_primary_spending,stress60_year,stress70_year,financing30_year,label
grid_R55_G48_y0.07_Iadjust0,1819,55,48,36.89643952907541,29.89643952907541,7.000000000000001,3.0,69.75835890117597,39.86191937210056,1174.771487884883,38.989190296110685,67.08443550740984,0,0,1817,,,MODEL_NOT_OBSERVATION
grid_R55_G48_y0.07_Iadjust0,1820,55,48,38.989190296110685,31.989190296110678,7.000000000000001,3.0,74.64144402425825,42.65225372814757,1249.4129319091412,41.22843361683843,70.88943690201943,0,0,1817,1820,1820,MODEL_NOT_OBSERVATION
grid_R55_G48_y0.07_Iadjust0,1821,55,48,41.22843361683843,34.22843361683843,7.000000000000001,3.0,79.86634510595634,45.63791148911791,1329.2792770150975,43.62442397001712,74.9607883942517,0,0,1817,1820,1820,MODEL_NOT_OBSERVATION
grid_R55_G48_y0.07_Iadjust0,1822,55,48,43.62442397001712,36.62442397001712,7.000000000000001,3.0,85.45698926337329,48.83256529335617,1414.7362662784708,46.18813364791832,79.31713449094022,0,0,1817,1820,1820,MODEL_NOT_OBSERVATION
grid_R55_G48_y0.07_Iadjust0,1823,55,48,46.18813364791832,39.18813364791832,7.000000000000001,3.0,91.43897851180944,52.25084486389112,1506.1752447902802,48.9313030032726,83.97842481439694,0,0,1817,1820,1820,MODEL_NOT_OBSERVATION
grid_R55_G48_y0.07_Iadjust0,1824,55,48,48.9313030032726,41.9313030032726,7.000000000000001,3.0,97.8397070076361,55.90840400436349,1604.0149517979162,51.86649421350169,88.96600546049565,0,0,1817,1820,1820,MODEL_NOT_OBSERVATION
grid_R55_G48_y0.07_Iadjust0,1825,55,48,51.86649421350169,44.86649421350168,7.000000000000001,3.0,104.6884864981706,59.82199228466892,1708.7034382960867,55.00714880844681,94.30271675182125,0,0,1817,1820,1820,MODEL_NOT_OBSERVATION
grid_R55_G48_y0.07_Iadjust0,1826,55,48,55.00714880844681,48.0071488084468,7.000000000000001,3.0,112.01668055304255,64.00953174459575,1820.7201188491292,58.367649225038086,100.01299783353966,0,0,1817,1820,1820,MODEL_NOT_OBSERVATION
grid_R55_G48_y0.07_Iadjust0,1827,55,48,58.367649225038086,51.36764922503809,7.000000000000001,3.0,119.85784819175556,68.49019896671747,1940.5779670408847,61.96338467079075,106.12299859097834,0,0,1817,1820,1820,MODEL_NOT_OBSERVATION
grid_R55_G48_y0.07_Iadjust0,1828,55,48,61.96338467079075,54.96338467079076,7.000000000000001,3.0,128.24789756517845,73.28451289438769,2068.825864606063,65.8108215977461,112.66069940143772,0,0,1817,1820,1820,MODEL_NOT_OBSERVATION
grid_R55_G48_y0.07_Iadjust0,1829,55,48,65.8108215977461,58.8108215977461,7.000000000000001,3.0,137.2252503947409,78.4144287969948,2206.051115000804,69.92757910958832,119.65603926862927,0,0,1817,1820,1820,MODEL_NOT_OBSERVATION
grid_R55_G48_y0.07_Iadjust0,1830,55,48,69.92757910958832,62.92757910958832,7.000000000000001,3.0,146.83101792237278,83.90343881278446,2352.882132923177,74.3325096472595,127.14105292652422,0,0,1817,1820,1820,MODEL_NOT_OBSERVATION
grid_R55_G48_y0.07_Iadjust0,1831,55,48,74.3325096472595,67.3325096472595,7.000000000000001,3.0,157.10918917693886,89.77667952967936,2509.9913221001157,79.04578532256767,135.15001754047182,0,0,1817,1820,1820,MODEL_NOT_OBSERVATION
grid_R55_G48_y0.07_Iadjust0,1832,55,48,79.04578532256767,72.04578532256767,7.000000000000001,3.0,168.10683241932458,96.06104709675691,2678.0981545194404,84.0889902951474,143.71960967739577,0,0,1817,1820,1820,MODEL_NOT_OBSERVATION
grid_R55_G48_y0.07_Iadjust0,1833,55,48,84.0889902951474,77.0889902951474,7.000000000000001,3.0,179.8743106886773,102.7853203935299,2857.9724652081177,89.48521961580772,152.88907326390435,0,0,1817,1820,1820,MODEL_NOT_OBSERVATION
grid_R55_G48_y0.07_Iadjust0,1834,55,48,89.48521961580772,82.48521961580772,7.000000000000001,3.0,192.4655124368847,109.98029282107697,3050.4379776450023,95.25918498891426,162.70039930146856,0,0,1817,1820,1820,MODEL_NOT_OBSERVATION
grid_R55_G48_y0.07_Iadjust0,1835,55,48,95.25918498891426,88.25918498891426,7.000000000000001,3.0,205.93809830746662,117.67891331855236,3256.376075952469,101.43732793813825,173.19851816166226,0,0,1817,1820,1820,MODEL_NOT_OBSERVATION
grid_R55_G48_y0.07_Iadjust0,1836,55,48,101.43732793813825,94.43732793813825,7.000000000000001,3.0,220.35376518898929,125.91643725085103,3476.729841141458,108.04794089380793,184.43150534206956,0,0,1817,1820,1820,MODEL_NOT_OBSERVATION
grid_R55_G48_y0.07_Iadjust0,1837,55,48,108.04794089380793,101.04794089380795,7.000000000000001,3.0,235.7785287522186,134.73058785841064,3712.508369893677,115.12129675637449,196.45080162510533,0,0,1817,1820,1820,MODEL_NOT_OBSERVATION
grid_R55_G48_y0.07_Iadjust0,1838,55,48,115.12129675637449,108.12129675637448,7.000000000000001,3.0,252.28302576487383,144.16172900849935,3964.7913956585508,122.68978752932071,209.31144864795363,0,0,1817,1820,1820,MODEL_NOT_OBSERVATION
grid_R55_G48_y0.07_Iadjust0,1839,55,48,122.68978752932071,115.68978752932071,7.000000000000001,3.0,269.94283756841503,154.25305003909432,4234.734233226965,130.78807265637317,223.07234096240128,0,0,1817,1820,1820,MODEL_NOT_OBSERVATION
grid_R55_G48_y0.07_Iadjust0,1840,55,48,130.78807265637317,123.78807265637317,7.000000000000001,3.0,288.8388361982041,165.05076354183092,4523.57306942517,139.4532377423193,237.7964957388603,0,0,1817,1820,1820,MODEL_NOT_OBSERVATION
grid_R55_G48_y0.07_Iadjust0,1841,55,48,139.4532377423193,132.4532377423193,7.000000000000001,3.0,309.05755473207836,176.60431698975907,4832.630624157248,148.72496438428163,253.55134134967145,0,0,1817,1820,1820,MODEL_NOT_OBSERVATION
grid_R55_G48_y0.07_Iadjust0,1842,55,48,148.72496438428163,141.72496438428163,7.000000000000001,3.0,330.6915835633239,188.96661917904225,5163.322207720572,158.64571189118135,270.4090261532393,0,0,1817,1820,1820,MODEL_NOT_OBSERVATION
grid_R55_G48_y0.07_Iadjust0,1843,55,48,158.64571189118135,151.64571189118135,7.000000000000001,3.0,353.8399944127565,202.19428252157513,5517.162202133329,169.26091172356405,288.446748893057,0,0,1817,1820,1820,MODEL_NOT_OBSERVATION
grid_R55_G48_y0.07_Iadjust0,1844,55,48,169.26091172356405,162.26091172356405,7.000000000000001,3.0,378.60879402164954,216.3478822980855,5895.770996154978,180.61917554421353,307.7471122246619,0,0,1817,1820,1820,MODEL_NOT_OBSERVATION
grid_R55_G48_y0.07_Iadjust0,1845,55,48,180.61917554421353,173.61917554421353,7.000000000000001,3.0,405.111409603165,231.49223405895145,6300.882405758143,192.7725178323085,328.39850098947915,0,0,1817,1820,1820,MODEL_NOT_OBSERVATION
grid_R55_G48_y0.07_Iadjust0,1846,55,48,192.7725178323085,185.7725178323085,7.000000000000001,3.0,433.46920827538656,247.69669044307807,6734.35161403353,205.77659408057008,350.4954869678336,0,0,1817,1820,1820,MODEL_NOT_OBSERVATION
grid_R55_G48_y0.07_Iadjust0,1847,55,48,205.77659408057008,198.77659408057008,7.000000000000001,3.0,463.8120528546636,265.0354587740935,7198.163666888193,219.69095566621,374.13926196467287,0,0,1817,1820,1820,MODEL_NOT_OBSERVATION
grid_R55_G48_y0.07_Iadjust0,1848,55,48,219.69095566621,212.69095566621002,7.000000000000001,3.0,496.2788965544901,283.58794088828006,7694.4425634426825,234.57932256284468,399.4381012112909,0,0,1817,1820,1820,MODEL_NOT_OBSERVATION
grid_R55_G48_y0.07_Iadjust2,1811,55,48,26.4,19.400000000000006,7.000000000000001,3.0,45.26666666666669,25.86666666666668,733.7318113478602,27.758,48.0,0,0,,,,MODEL_NOT_OBSERVATION
grid_R55_G48_y0.07_Iadjust2,1812,55,48,27.758,20.757999999999996,7.000000000000001,3.0,48.435333333333325,27.67733333333333,782.1671446811936,29.21106,50.46909090909091,0,0,,,,MODEL_NOT_OBSERVATION
grid_R55_G48_y0.07_Iadjust2,1813,55,48,29.21106,22.211060000000003,7.000000000000001,3.0,51.825806666666686,29.614746666666683,833.9929513478603,30.7658342,53.11101818181818,0,0,,,,MODEL_NOT_OBSERVATION
grid_R55_G48_y0.07_Iadjust2,1814,55,48,30.7658342,23.7658342,7.000000000000001,3.0,55.45361313333334,31.68777893333334,889.4465644811936,32.429442594,55.93788036363636,0,0,,,,MODEL_NOT_OBSERVATION
grid_R55_G48_y0.07_Iadjust2,1815,55,48,32.429442594,25.429442593999994,7.000000000000001,3.0,59.33536605266666,33.90592345866666,948.7819305338603,34.20950357558,58.96262289818181,0,0,,,,MODEL_NOT_OBSERVATION
grid_R55_G48_y0.07_Iadjust2,1816,55,48,34.20950357558,27.20950357558,7.000000000000001,3.0,63.488841676353346,36.279338100773344,1012.2707722102136,36.1141688258706,62.199097410145455,0,0,1816,,,MODEL_NOT_OBSERVATION
grid_R55_G48_y0.07_Iadjust2,1817,55,48,36.1141688258706,29.114168825870593,7.000000000000001,3.0,67.93306059369806,38.818891767827466,1080.2038328039116,38.15216064368154,65.66212513794655,0,0,1816,,,MODEL_NOT_OBSERVATION
grid_R55_G48_y0.07_Iadjust2,1818,55,48,38.15216064368154,31.15216064368154,7.000000000000001,3.0,72.68837483525694,41.5362141915754,1152.8922076391686,40.33281188873925,69.36756480669371,0,0,1816,,1818,MODEL_NOT_OBSERVATION
grid_R55_G48_y0.07_Iadjust2,1819,55,48,40.33281188873925,33.33281188873926,7.000000000000001,3.0,77.77656107372495,44.44374918498569,1230.6687687128936,42.666108720951,73.33238525225319,0,0,1816,1819,1818,MODEL_NOT_OBSERVATION
grid_R55_G48_y0.07_Iadjust2,1820,55,48,42.666108720951,35.666108720951,7.000000000000001,3.0,83.22092034888568,47.55481162793468,1313.8896890617793,45.16273633141757,77.57474312900182,0,0,1816,1819,1818,MODEL_NOT_OBSERVATION
grid_R55_G48_y0.07_Iadjust2,1821,55,48,45.16273633141757,38.16273633141756,7.000000000000001,3.0,89.04638477330765,50.88364844189009,1402.936073835087,47.8341278746168,82.11406605712286,0,0,1816,1819,1818,MODEL_NOT_OBSERVATION
grid_R55_G48_y0.07_Iadjust2,1822,55,48,47.8341278746168,40.8341278746168,7.000000000000001,3.0,95.27963170743921,54.44550383282241,1498.2157055425262,50.692516825839974,86.97114159021237,0,0,1816,1819,1818,MODEL_NOT_OBSERVATION
grid_R55_G48_y0.07_Iadjust2,1823,55,48,50.692516825839974,43.692516825839974,7.000000000000001,3.0,101.94920592695996,58.25668910111999,1600.164911469486,53.75099300364877,92.16821241061814,0,0,1816,1819,1818,MODEL_NOT_OBSERVATION
grid_R55_G48_y0.07_Iadjust2,1824,55,48,53.75099300364877,46.75099300364877,7.000000000000001,3.0,109.08565034184716,62.33465733819838,1709.2505618113332,57.02356251390419,97.7290781884523,0,0,1816,1819,1818,MODEL_NOT_OBSERVATION
grid_R55_G48_y0.07_Iadjust2,1825,55,48,57.02356251390419,50.02356251390418,7.000000000000001,3.0,116.72164586577644,66.69808335187226,1825.9722076771097,60.52521188987748,103.6792045707349,0,0,1816,1819,1818,MODEL_NOT_OBSERVATION
grid_R55_G48_y0.07_Iadjust2,1826,55,48,60.52521188987748,53.52521188987748,7.000000000000001,3.0,124.8921610763808,71.36694918650332,1950.8643687534905,64.2719767221689,110.04583979977724,0,0,1816,1819,1818,MODEL_NOT_OBSERVATION
grid_R55_G48_y0.07_Iadjust2,1827,55,48,64.2719767221689,57.2719767221689,7.000000000000001,3.0,133.63461235172744,76.36263562955854,2084.498981105218,68.28101509272072,116.85813949485255,0,0,1816,1819,1818,MODEL_NOT_OBSERVATION
grid_R55_G48_y0.07_Iadjust2,1828,55,48,68.28101509272072,61.28101509272072,7.000000000000001,3.0,142.98903521634836,81.70802012362763,2227.488016321566,72.57068614921117,124.14730016858313,0,0,1816,1819,1818,MODEL_NOT_OBSERVATION
grid_R55_G48_y0.07_Iadjust2,1829,55,48,72.57068614921117,65.57068614921117,7.000000000000001,3.0,152.99826768149276,87.4275815322816,2380.486284003059,77.16063417965596,131.94670208947485,0,0,1816,1819,1818,MODEL_NOT_OBSERVATION
grid_R55_G48_y0.07_Iadjust2,1830,55,48,77.16063417965596,70.16063417965596,7.000000000000001,3.0,163.70814641919725,93.54751223954129,2544.1944304222566,82.07187857223188,140.292062144829,0,0,1816,1819,1818,MODEL_NOT_OBSERVATION
grid_R55_G48_y0.07_Iadjust2,1831,55,48,82.07187857223188,75.07187857223187,7.000000000000001,3.0,175.16771666854103,100.09583809630917,2719.3621470907974,87.32691007228811,149.22159740405795,0,0,1816,1819,1818,MODEL_NOT_OBSERVATION
grid_R55_G48_y0.07_Iadjust2,1832,55,48,87.32691007228811,80.32691007228811,7.000000000000001,3.0,187.42945683533895,107.10254676305084,2906.7916039261363,92.94979377734828,158.77620013143294,0,0,1816,1819,1818,MODEL_NOT_OBSERVATION
