## Sheet: B2_model_paths.csv (continued)
scenario,year,revenue,primary_spending,interest_paid,cash_deficit,new_issue_running_cost_pct,assumed_new_coupon_pct,nominal_face_increase,issue_discount_adjustment,end_debt_face_proxy,next_year_interest,interest_revenue_pct,automatic_tax_cut,transition_extra_primary_spending,stress60_year,stress70_year,financing30_year,label
grid_R60_G48_y0.06_Iadjust-2,1837,60,48,59.31358281445215,47.31358281445215,6.0,3.0,94.6271656289043,47.31358281445215,2013.545070791836,62.15239778331927,98.85597135742024,0,0,1826,1830,1830,MODEL_NOT_OBSERVATION
grid_R60_G48_y0.06_Iadjust-2,1838,60,48,62.15239778331927,50.15239778331927,6.0,3.0,100.30479556663855,50.15239778331927,2113.8498663584746,65.16154165031843,103.58732963886546,0,0,1826,1830,1830,MODEL_NOT_OBSERVATION
grid_R60_G48_y0.06_Iadjust-2,1839,60,48,65.16154165031843,53.161541650318426,6.0,3.0,106.32308330063685,53.161541650318426,2220.1729496591115,68.35123414933753,108.60256941719737,0,0,1826,1830,1830,MODEL_NOT_OBSERVATION
grid_R60_G48_y0.06_Iadjust-2,1840,60,48,68.35123414933753,56.35123414933753,6.0,3.0,112.70246829867506,56.35123414933753,2332.8754179577863,71.73230819829779,113.9187235822292,0,0,1826,1830,1830,MODEL_NOT_OBSERVATION
grid_R60_G48_y0.06_Iadjust-2,1841,60,48,71.73230819829779,59.73230819829779,6.0,3.0,119.46461639659557,59.73230819829779,2452.3400343543817,75.31624669019565,119.55384699716298,0,0,1826,1830,1830,MODEL_NOT_OBSERVATION
grid_R60_G48_y0.06_Iadjust-2,1842,60,48,75.31624669019565,63.316246690195655,6.0,3.0,126.63249338039131,63.316246690195655,2578.972527734773,79.1152214916074,125.52707781699274,0,0,1826,1830,1830,MODEL_NOT_OBSERVATION
grid_R60_G48_y0.06_Iadjust-2,1843,60,48,79.1152214916074,67.1152214916074,6.0,3.0,134.2304429832148,67.1152214916074,2713.2029707179877,83.14213478110385,131.85870248601233,0,0,1826,1830,1830,MODEL_NOT_OBSERVATION
grid_R60_G48_y0.06_Iadjust-2,1844,60,48,83.14213478110385,71.14213478110383,6.0,3.0,142.28426956220767,71.14213478110383,2855.4872402801952,87.41066286797007,138.57022463517308,0,0,1826,1830,1830,MODEL_NOT_OBSERVATION
grid_R60_G48_y0.06_Iadjust-2,1845,60,48,87.41066286797007,75.41066286797007,6.0,3.0,150.82132573594015,75.41066286797007,3006.3085660161355,91.93530264004828,145.68443811328348,0,0,1826,1830,1830,MODEL_NOT_OBSERVATION
grid_R60_G48_y0.06_Iadjust-2,1846,60,48,91.93530264004828,79.93530264004829,6.0,3.0,159.87060528009656,79.93530264004826,3166.179171296232,96.73142079845117,153.22550440008047,0,0,1826,1830,1830,MODEL_NOT_OBSERVATION
grid_R60_G48_y0.06_Iadjust-2,1847,60,48,96.73142079845117,84.73142079845115,6.0,3.0,169.4628415969023,84.73142079845115,3335.6420128931345,101.81530604635823,161.21903466408526,0,0,1826,1830,1830,MODEL_NOT_OBSERVATION
grid_R60_G48_y0.06_Iadjust-2,1848,60,48,101.81530604635823,89.81530604635822,6.0,3.0,179.63061209271643,89.81530604635822,3515.272624985851,107.20422440913973,169.6921767439304,0,0,1826,1830,1830,MODEL_NOT_OBSERVATION
grid_R60_G48_y0.06_Iadjust0,1811,60,48,24.4,12.400000000000006,6.0,3.0,24.80000000000001,12.400000000000006,713.2651446811935,25.144,40.666666666666664,0,0,,,,MODEL_NOT_OBSERVATION
grid_R60_G48_y0.06_Iadjust0,1812,60,48,25.144,13.144000000000005,6.0,3.0,26.28800000000001,13.144000000000005,739.5531446811935,25.93264,41.906666666666666,0,0,,,,MODEL_NOT_OBSERVATION
grid_R60_G48_y0.06_Iadjust0,1813,60,48,25.93264,13.932639999999992,6.0,3.0,27.865279999999984,13.932639999999992,767.4184246811935,26.7685984,43.221066666666665,0,0,,,,MODEL_NOT_OBSERVATION
grid_R60_G48_y0.06_Iadjust0,1814,60,48,26.7685984,14.768598400000002,6.0,3.0,29.537196800000004,14.768598400000002,796.9556214811935,27.654714304,44.61433066666666,0,0,,,,MODEL_NOT_OBSERVATION
grid_R60_G48_y0.06_Iadjust0,1815,60,48,27.654714304,15.654714303999995,6.0,3.0,31.30942860799999,15.654714303999995,828.2650500891934,28.593997162239997,46.09119050666666,0,0,,,,MODEL_NOT_OBSERVATION
grid_R60_G48_y0.06_Iadjust0,1816,60,48,28.593997162239997,16.59399716224,6.0,3.0,33.18799432448,16.59399716224,861.4530444136734,29.5896369919744,47.656661937066666,0,0,,,,MODEL_NOT_OBSERVATION
grid_R60_G48_y0.06_Iadjust0,1817,60,48,29.5896369919744,17.589636991974402,6.0,3.0,35.179273983948804,17.589636991974402,896.6323183976222,30.64501521149286,49.31606165329067,0,0,,,,MODEL_NOT_OBSERVATION
grid_R60_G48_y0.06_Iadjust0,1818,60,48,30.64501521149286,18.64501521149286,6.0,3.0,37.29003042298572,18.64501521149286,933.9223488206079,31.763716124182434,51.075025352488105,0,0,,,,MODEL_NOT_OBSERVATION
grid_R60_G48_y0.06_Iadjust0,1819,60,48,31.763716124182434,19.763716124182437,6.0,3.0,39.527432248364875,19.763716124182437,973.4497810689728,32.94953909163338,52.93952687363739,0,0,,,,MODEL_NOT_OBSERVATION
grid_R60_G48_y0.06_Iadjust0,1820,60,48,32.94953909163338,20.949539091633383,6.0,3.0,41.89907818326677,20.949539091633383,1015.3488592522395,34.20651143713138,54.91589848605564,0,0,,,,MODEL_NOT_OBSERVATION
grid_R60_G48_y0.06_Iadjust0,1821,60,48,34.20651143713138,22.206511437131383,6.0,3.0,44.413022874262765,22.206511437131383,1059.7618821265023,35.538902123359264,57.01085239521897,0,0,,,,MODEL_NOT_OBSERVATION
grid_R60_G48_y0.06_Iadjust0,1822,60,48,35.538902123359264,23.538902123359264,6.0,3.0,47.07780424671853,23.538902123359264,1106.839686373221,36.95123625076082,59.23150353893211,0,0,,,,MODEL_NOT_OBSERVATION
grid_R60_G48_y0.06_Iadjust0,1823,60,48,36.95123625076082,24.951236250760815,6.0,3.0,49.90247250152163,24.951236250760815,1156.7421588747425,38.44831042580647,61.585393751268036,0,0,1823,,,MODEL_NOT_OBSERVATION
grid_R60_G48_y0.06_Iadjust0,1824,60,48,38.44831042580647,26.44831042580647,6.0,3.0,52.89662085161294,26.44831042580647,1209.6387797263553,40.035209051354855,64.08051737634412,0,0,1823,,,MODEL_NOT_OBSERVATION
grid_R60_G48_y0.06_Iadjust0,1825,60,48,40.035209051354855,28.035209051354855,6.0,3.0,56.070418102709716,28.03520905135486,1265.709197829065,41.71732159443614,66.72534841892475,0,0,1823,,,MODEL_NOT_OBSERVATION
grid_R60_G48_y0.06_Iadjust0,1826,60,48,41.71732159443614,29.717321594436143,6.0,3.0,59.434643188872286,29.717321594436143,1325.1438410179373,43.500360890102314,69.52886932406024,0,0,1823,,,MODEL_NOT_OBSERVATION
grid_R60_G48_y0.06_Iadjust0,1827,60,48,43.500360890102314,31.500360890102314,6.0,3.0,63.00072178020463,31.500360890102314,1388.144562798142,45.39038254350845,72.50060148350386,0,0,1823,1827,1827,MODEL_NOT_OBSERVATION
grid_R60_G48_y0.06_Iadjust0,1828,60,48,45.39038254350845,33.39038254350845,6.0,3.0,66.7807650870169,33.39038254350845,1454.9253278851588,47.39380549611896,75.65063757251409,0,0,1823,1827,1827,MODEL_NOT_OBSERVATION
grid_R60_G48_y0.06_Iadjust0,1829,60,48,47.39380549611896,35.39380549611896,6.0,3.0,70.78761099223792,35.39380549611896,1525.7129388773967,49.517433825886094,78.98967582686493,0,0,1823,1827,1827,MODEL_NOT_OBSERVATION
grid_R60_G48_y0.06_Iadjust0,1830,60,48,49.517433825886094,37.51743382588609,6.0,3.0,75.03486765177217,37.51743382588609,1600.7478065291689,51.76847985543926,82.52905637647683,0,0,1823,1827,1827,MODEL_NOT_OBSERVATION
grid_R60_G48_y0.06_Iadjust0,1831,60,48,51.76847985543926,39.76847985543927,6.0,3.0,79.53695971087853,39.76847985543927,1680.2847662400475,54.15458864676562,86.28079975906543,0,0,1823,1827,1827,MODEL_NOT_OBSERVATION
grid_R60_G48_y0.06_Iadjust0,1832,60,48,54.15458864676562,42.15458864676562,6.0,3.0,84.30917729353123,42.15458864676562,1764.5939435335788,56.683863965571554,90.25764774460936,0,0,1823,1827,1827,MODEL_NOT_OBSERVATION
grid_R60_G48_y0.06_Iadjust0,1833,60,48,56.683863965571554,44.68386396557156,6.0,3.0,89.36772793114312,44.68386396557156,1853.9616714647218,59.364895803505846,94.47310660928594,0,0,1823,1827,1827,MODEL_NOT_OBSERVATION
grid_R60_G48_y0.06_Iadjust0,1834,60,48,59.364895803505846,47.364895803505846,6.0,3.0,94.72979160701169,47.364895803505846,1948.6914630717336,62.2067895517162,98.94149300584307,0,0,1823,1827,1827,MODEL_NOT_OBSERVATION
grid_R60_G48_y0.06_Iadjust0,1835,60,48,62.2067895517162,50.2067895517162,6.0,3.0,100.4135791034324,50.2067895517162,2049.105042175166,65.21919692481917,103.67798258619368,0,0,1823,1827,1827,MODEL_NOT_OBSERVATION
grid_R60_G48_y0.06_Iadjust0,1836,60,48,65.21919692481917,53.21919692481917,6.0,3.0,106.43839384963835,53.21919692481917,2155.5434360248046,68.41234874030832,108.6986615413653,0,0,1823,1827,1827,MODEL_NOT_OBSERVATION
grid_R60_G48_y0.06_Iadjust0,1837,60,48,68.41234874030832,56.41234874030832,6.0,3.0,112.82469748061663,56.41234874030832,2268.368133505421,71.79708966472681,114.0205812338472,0,0,1823,1827,1827,MODEL_NOT_OBSERVATION
grid_R60_G48_y0.06_Iadjust0,1838,60,48,71.79708966472681,59.79708966472681,6.0,3.0,119.59417932945362,59.79708966472681,2387.962312834875,75.38491504461042,119.66181610787802,0,0,1823,1827,1827,MODEL_NOT_OBSERVATION
grid_R60_G48_y0.06_Iadjust0,1839,60,48,75.38491504461042,63.38491504461042,6.0,3.0,126.76983008922085,63.38491504461042,2514.7321429240956,79.18800994728704,125.64152507435071,0,0,1823,1827,1827,MODEL_NOT_OBSERVATION
grid_R60_G48_y0.06_Iadjust0,1840,60,48,79.18800994728704,67.18800994728704,6.0,3.0,134.37601989457409,67.18800994728704,2649.10816281867,83.21929054412426,131.98001657881173,0,0,1823,1827,1827,MODEL_NOT_OBSERVATION
grid_R60_G48_y0.06_Iadjust0,1841,60,48,83.21929054412426,71.21929054412425,6.0,3.0,142.4385810882485,71.21929054412425,2791.5467439069184,87.49244797677171,138.69881757354042,0,0,1823,1827,1827,MODEL_NOT_OBSERVATION
grid_R60_G48_y0.06_Iadjust0,1842,60,48,87.49244797677171,75.4924479767717,6.0,3.0,150.9848959535434,75.4924479767717,2942.531639860462,92.02199485537801,145.82074662795287,0,0,1823,1827,1827,MODEL_NOT_OBSERVATION
grid_R60_G48_y0.06_Iadjust0,1843,60,48,92.02199485537801,80.02199485537801,6.0,3.0,160.04398971075602,80.02199485537801,3102.575629571218,96.82331454670069,153.36999142563002,0,0,1823,1827,1827,MODEL_NOT_OBSERVATION
grid_R60_G48_y0.06_Iadjust0,1844,60,48,96.82331454670069,84.82331454670069,6.0,3.0,169.64662909340137,84.82331454670069,3272.2222586646194,101.91271341950272,161.37219091116782,0,0,1823,1827,1827,MODEL_NOT_OBSERVATION
grid_R60_G48_y0.06_Iadjust0,1845,60,48,101.91271341950272,89.91271341950272,6.0,3.0,179.82542683900544,89.91271341950272,3452.047685503625,107.30747622467288,169.85452236583788,0,0,1823,1827,1827,MODEL_NOT_OBSERVATION
grid_R60_G48_y0.06_Iadjust0,1846,60,48,107.30747622467288,95.30747622467288,6.0,3.0,190.61495244934576,95.30747622467288,3642.6626379529707,113.02592479815326,178.84579370778815,0,0,1823,1827,1827,MODEL_NOT_OBSERVATION
grid_R60_G48_y0.06_Iadjust0,1847,60,48,113.02592479815326,101.02592479815326,6.0,3.0,202.0518495963065,101.02592479815326,3844.7144875492772,119.08748028604245,188.37654133025544,0,0,1823,1827,1827,MODEL_NOT_OBSERVATION
grid_R60_G48_y0.06_Iadjust0,1848,60,48,119.08748028604245,107.08748028604245,6.0,3.0,214.1749605720849,107.08748028604245,4058.889448121362,125.51272910320499,198.47913381007075,0,0,1823,1827,1827,MODEL_NOT_OBSERVATION
grid_R60_G48_y0.06_Iadjust2,1811,60,48,26.4,14.400000000000006,6.0,3.0,28.80000000000001,14.400000000000006,717.2651446811935,27.264,44.0,0,0,,,,MODEL_NOT_OBSERVATION
grid_R60_G48_y0.06_Iadjust2,1812,60,48,27.264,15.263999999999996,6.0,3.0,30.52799999999999,15.263999999999996,747.7931446811936,28.17984,45.44,0,0,,,,MODEL_NOT_OBSERVATION
grid_R60_G48_y0.06_Iadjust2,1813,60,48,28.17984,16.17984,6.0,3.0,32.35968,16.17984,780.1528246811936,29.150630399999997,46.9664,0,0,,,,MODEL_NOT_OBSERVATION
grid_R60_G48_y0.06_Iadjust2,1814,60,48,29.150630399999997,17.150630399999997,6.0,3.0,34.301260799999994,17.150630399999997,814.4540854811936,30.179668223999997,48.584384,0,0,,,,MODEL_NOT_OBSERVATION
grid_R60_G48_y0.06_Iadjust2,1815,60,48,30.179668223999997,18.179668223999997,6.0,3.0,36.35933644799999,18.179668223999997,850.8134219291936,31.270448317439996,50.29944703999999,0,0,,,,MODEL_NOT_OBSERVATION
grid_R60_G48_y0.06_Iadjust2,1816,60,48,31.270448317439996,19.27044831744,6.0,3.0,38.54089663488,19.27044831744,889.3543185640737,32.426675216486395,52.1174138624,0,0,,,,MODEL_NOT_OBSERVATION
grid_R60_G48_y0.06_Iadjust2,1817,60,48,32.426675216486395,20.426675216486387,6.0,3.0,40.853350432972775,20.426675216486387,930.2076689970464,33.652275729475576,54.04445869414399,0,0,,,,MODEL_NOT_OBSERVATION
