## Sheet: B2_model_paths.csv (continued)
scenario,year,revenue,primary_spending,interest_paid,cash_deficit,new_issue_running_cost_pct,assumed_new_coupon_pct,nominal_face_increase,issue_discount_adjustment,end_debt_face_proxy,next_year_interest,interest_revenue_pct,automatic_tax_cut,transition_extra_primary_spending,stress60_year,stress70_year,financing30_year,label
grid_R55_G50_y0.07_Iadjust-2,1844,55,50,167.26091172356408,162.26091172356408,7.000000000000001,3.0,378.6087940216496,216.34788229808552,5895.770996154979,178.61917554421356,304.11074858829835,0,0,1819,1821,1820,MODEL_NOT_OBSERVATION
grid_R55_G50_y0.07_Iadjust-2,1845,55,50,178.61917554421356,173.61917554421356,7.000000000000001,3.0,405.11140960316504,231.49223405895148,6300.882405758144,190.77251783230852,324.7621373531156,0,0,1819,1821,1820,MODEL_NOT_OBSERVATION
grid_R55_G50_y0.07_Iadjust-2,1846,55,50,190.77251783230852,185.77251783230852,7.000000000000001,3.0,433.4692082753866,247.6966904430781,6734.3516140335305,203.77659408057013,346.85912333147,0,0,1819,1821,1820,MODEL_NOT_OBSERVATION
grid_R55_G50_y0.07_Iadjust-2,1847,55,50,203.77659408057013,198.77659408057013,7.000000000000001,3.0,463.8120528546637,265.03545877409357,7198.163666888194,217.69095566621004,370.5028983283093,0,0,1819,1821,1820,MODEL_NOT_OBSERVATION
grid_R55_G50_y0.07_Iadjust-2,1848,55,50,217.69095566621004,212.69095566621002,7.000000000000001,3.0,496.2788965544901,283.58794088828006,7694.442563442684,232.57932256284474,395.80173757492736,0,0,1819,1821,1820,MODEL_NOT_OBSERVATION
grid_R55_G50_y0.07_Iadjust0,1811,55,50,24.4,19.400000000000006,7.000000000000001,3.0,45.26666666666669,25.86666666666668,733.7318113478602,25.758,44.36363636363636,0,0,,,,MODEL_NOT_OBSERVATION
grid_R55_G50_y0.07_Iadjust0,1812,55,50,25.758,20.757999999999996,7.000000000000001,3.0,48.435333333333325,27.67733333333333,782.1671446811936,27.21106,46.83272727272727,0,0,,,,MODEL_NOT_OBSERVATION
grid_R55_G50_y0.07_Iadjust0,1813,55,50,27.21106,22.211060000000003,7.000000000000001,3.0,51.825806666666686,29.614746666666683,833.9929513478603,28.7658342,49.47465454545454,0,0,,,,MODEL_NOT_OBSERVATION
grid_R55_G50_y0.07_Iadjust0,1814,55,50,28.7658342,23.7658342,7.000000000000001,3.0,55.45361313333334,31.68777893333334,889.4465644811936,30.429442594,52.30151672727273,0,0,,,,MODEL_NOT_OBSERVATION
grid_R55_G50_y0.07_Iadjust0,1815,55,50,30.429442594,25.429442593999994,7.000000000000001,3.0,59.33536605266666,33.90592345866666,948.7819305338603,32.20950357558,55.32625926181819,0,0,,,,MODEL_NOT_OBSERVATION
grid_R55_G50_y0.07_Iadjust0,1816,55,50,32.20950357558,27.20950357558,7.000000000000001,3.0,63.488841676353346,36.279338100773344,1012.2707722102136,34.1141688258706,58.562733773781815,0,0,,,,MODEL_NOT_OBSERVATION
grid_R55_G50_y0.07_Iadjust0,1817,55,50,34.1141688258706,29.114168825870593,7.000000000000001,3.0,67.93306059369806,38.818891767827466,1080.2038328039116,36.15216064368154,62.02576150158291,0,0,1817,,,MODEL_NOT_OBSERVATION
grid_R55_G50_y0.07_Iadjust0,1818,55,50,36.15216064368154,31.15216064368154,7.000000000000001,3.0,72.68837483525694,41.5362141915754,1152.8922076391686,38.33281188873925,65.73120117033008,0,0,1817,,1818,MODEL_NOT_OBSERVATION
grid_R55_G50_y0.07_Iadjust0,1819,55,50,38.33281188873925,33.33281188873926,7.000000000000001,3.0,77.77656107372495,44.44374918498569,1230.6687687128936,40.666108720951,69.69602161588955,0,0,1817,,1818,MODEL_NOT_OBSERVATION
grid_R55_G50_y0.07_Iadjust0,1820,55,50,40.666108720951,35.666108720951,7.000000000000001,3.0,83.22092034888568,47.55481162793468,1313.8896890617793,43.16273633141757,73.93837949263819,0,0,1817,1820,1818,MODEL_NOT_OBSERVATION
grid_R55_G50_y0.07_Iadjust0,1821,55,50,43.16273633141757,38.16273633141756,7.000000000000001,3.0,89.04638477330765,50.88364844189009,1402.936073835087,45.8341278746168,78.47770242075921,0,0,1817,1820,1818,MODEL_NOT_OBSERVATION
grid_R55_G50_y0.07_Iadjust0,1822,55,50,45.8341278746168,40.8341278746168,7.000000000000001,3.0,95.27963170743921,54.44550383282241,1498.2157055425262,48.692516825839974,83.33477795384873,0,0,1817,1820,1818,MODEL_NOT_OBSERVATION
grid_R55_G50_y0.07_Iadjust0,1823,55,50,48.692516825839974,43.692516825839974,7.000000000000001,3.0,101.94920592695996,58.25668910111999,1600.164911469486,51.75099300364877,88.5318487742545,0,0,1817,1820,1818,MODEL_NOT_OBSERVATION
grid_R55_G50_y0.07_Iadjust0,1824,55,50,51.75099300364877,46.75099300364877,7.000000000000001,3.0,109.08565034184716,62.33465733819838,1709.2505618113332,55.02356251390419,94.09271455208868,0,0,1817,1820,1818,MODEL_NOT_OBSERVATION
grid_R55_G50_y0.07_Iadjust0,1825,55,50,55.02356251390419,50.02356251390418,7.000000000000001,3.0,116.72164586577644,66.69808335187226,1825.9722076771097,58.52521188987748,100.04284093437126,0,0,1817,1820,1818,MODEL_NOT_OBSERVATION
grid_R55_G50_y0.07_Iadjust0,1826,55,50,58.52521188987748,53.52521188987748,7.000000000000001,3.0,124.8921610763808,71.36694918650332,1950.8643687534905,62.27197672216891,106.40947616341361,0,0,1817,1820,1818,MODEL_NOT_OBSERVATION
grid_R55_G50_y0.07_Iadjust0,1827,55,50,62.27197672216891,57.271976722168915,7.000000000000001,3.0,133.63461235172747,76.36263562955855,2084.498981105218,66.28101509272074,113.22177585848891,0,0,1817,1820,1818,MODEL_NOT_OBSERVATION
grid_R55_G50_y0.07_Iadjust0,1828,55,50,66.28101509272074,61.281015092720736,7.000000000000001,3.0,142.98903521634838,81.70802012362765,2227.488016321566,70.57068614921118,120.51093653221952,0,0,1817,1820,1818,MODEL_NOT_OBSERVATION
grid_R55_G50_y0.07_Iadjust0,1829,55,50,70.57068614921118,65.57068614921118,7.000000000000001,3.0,152.9982676814928,87.42758153228161,2380.486284003059,75.16063417965597,128.31033845311123,0,0,1817,1820,1818,MODEL_NOT_OBSERVATION
grid_R55_G50_y0.07_Iadjust0,1830,55,50,75.16063417965597,70.16063417965597,7.000000000000001,3.0,163.70814641919728,93.5475122395413,2544.1944304222566,80.0718785722319,136.6556985084654,0,0,1817,1820,1818,MODEL_NOT_OBSERVATION
grid_R55_G50_y0.07_Iadjust0,1831,55,50,80.0718785722319,75.0718785722319,7.000000000000001,3.0,175.16771666854112,100.09583809630922,2719.362147090798,85.32691007228813,145.58523376769438,0,0,1817,1820,1818,MODEL_NOT_OBSERVATION
grid_R55_G50_y0.07_Iadjust0,1832,55,50,85.32691007228813,80.32691007228811,7.000000000000001,3.0,187.42945683533895,107.10254676305084,2906.7916039261368,90.9497937773483,155.13983649506932,0,0,1817,1820,1818,MODEL_NOT_OBSERVATION
grid_R55_G50_y0.07_Iadjust0,1833,55,50,90.9497937773483,85.9497937773483,7.000000000000001,3.0,200.54951881381274,114.59972503646443,3107.3411227399497,96.96627934176269,165.36326141336056,0,0,1817,1820,1818,MODEL_NOT_OBSERVATION
grid_R55_G50_y0.07_Iadjust0,1834,55,50,96.96627934176269,91.96627934176269,7.000000000000001,3.0,214.58798513077963,122.62170578901694,3321.9291078707292,103.40391889568608,176.30232607593214,0,0,1817,1820,1818,MODEL_NOT_OBSERVATION
grid_R55_G50_y0.07_Iadjust0,1835,55,50,103.40391889568608,98.40391889568608,7.000000000000001,3.0,229.6091440899342,131.20522519424813,3551.5382519606633,110.2921932183841,188.00712526488377,0,0,1817,1820,1818,MODEL_NOT_OBSERVATION
grid_R55_G50_y0.07_Iadjust0,1836,55,50,110.2921932183841,105.29219321838411,7.000000000000001,3.0,245.68178417622966,140.38959095784554,3797.2200361368928,117.66264674367099,200.53126039706203,0,0,1817,1820,1818,MODEL_NOT_OBSERVATION
grid_R55_G50_y0.07_Iadjust0,1837,55,50,117.66264674367099,112.66264674367099,7.000000000000001,3.0,262.8795090685657,150.21686232489472,4060.0995452054585,125.54903201572796,213.9320849884927,0,0,1817,1820,1818,MODEL_NOT_OBSERVATION
grid_R55_G50_y0.07_Iadjust0,1838,55,50,125.54903201572796,120.54903201572796,7.000000000000001,3.0,281.2810747033653,160.73204268763732,4341.380619908824,133.98746425682893,228.27096730132354,0,0,1817,1820,1818,MODEL_NOT_OBSERVATION
grid_R55_G50_y0.07_Iadjust0,1839,55,50,133.98746425682893,128.98746425682893,7.000000000000001,3.0,300.9707499326009,171.98328567577195,4642.3513698414245,143.01658675480695,243.6135713760526,0,0,1817,1820,1818,MODEL_NOT_OBSERVATION
grid_R55_G50_y0.07_Iadjust0,1840,55,50,143.01658675480695,138.01658675480695,7.000000000000001,3.0,322.0387024278829,184.02211567307597,4964.390072269307,152.67774782764343,260.03015773601265,0,0,1817,1820,1818,MODEL_NOT_OBSERVATION
grid_R55_G50_y0.07_Iadjust0,1841,55,50,152.67774782764343,147.67774782764343,7.000000000000001,3.0,344.58141159783474,196.90366377019132,5308.971483867142,163.01519017557848,277.59590514116985,0,0,1817,1820,1818,MODEL_NOT_OBSERVATION
grid_R55_G50_y0.07_Iadjust0,1842,55,50,163.01519017557848,158.01519017557848,7.000000000000001,3.0,368.70211040968314,210.68692023410466,5677.673594276825,174.07625348786897,296.3912548646881,0,0,1817,1820,1818,MODEL_NOT_OBSERVATION
grid_R55_G50_y0.07_Iadjust0,1843,55,50,174.07625348786897,169.07625348786897,7.000000000000001,3.0,394.511258138361,225.435004650492,6072.184852415186,185.9115912320198,316.50227906885266,0,0,1817,1820,1818,MODEL_NOT_OBSERVATION
grid_R55_G50_y0.07_Iadjust0,1844,55,50,185.9115912320198,180.9115912320198,7.000000000000001,3.0,422.12704620804624,241.21545497602645,6494.311898623232,198.57540261826117,338.0210749673087,0,0,1817,1820,1818,MODEL_NOT_OBSERVATION
grid_R55_G50_y0.07_Iadjust0,1845,55,50,198.57540261826117,193.57540261826117,7.000000000000001,3.0,451.6759394426095,258.1005368243483,6945.987838065842,212.12568080153946,361.04618657865666,0,0,1817,1820,1818,MODEL_NOT_OBSERVATION
grid_R55_G50_y0.07_Iadjust0,1846,55,50,212.12568080153946,207.1256808015395,7.000000000000001,3.0,483.2932552035922,276.1675744020527,7429.281093269434,226.62447845764723,385.683056002799,0,0,1817,1820,1818,MODEL_NOT_OBSERVATION
grid_R55_G50_y0.07_Iadjust0,1847,55,50,226.62447845764723,221.62447845764723,7.000000000000001,3.0,517.1237830678436,295.4993046101964,7946.4048763372775,242.13819194968255,412.0445062866313,0,0,1817,1820,1818,MODEL_NOT_OBSERVATION
grid_R55_G50_y0.07_Iadjust0,1848,55,50,242.13819194968255,237.13819194968255,7.000000000000001,3.0,553.3224478825927,316.1842559329101,8499.72732421987,258.7378653861603,440.2512580903319,0,0,1817,1820,1818,MODEL_NOT_OBSERVATION
grid_R55_G50_y0.07_Iadjust2,1811,55,50,26.4,21.400000000000006,7.000000000000001,3.0,49.93333333333335,28.533333333333346,738.398478014527,27.898,48.0,0,0,,,,MODEL_NOT_OBSERVATION
grid_R55_G50_y0.07_Iadjust2,1812,55,50,27.898,22.897999999999996,7.000000000000001,3.0,53.428666666666665,30.53066666666667,791.8271446811937,29.50086,50.72363636363636,0,0,,,,MODEL_NOT_OBSERVATION
grid_R55_G50_y0.07_Iadjust2,1813,55,50,29.50086,24.500860000000003,7.000000000000001,3.0,57.168673333333345,32.66781333333334,848.995818014527,31.2159202,53.63792727272727,0,0,,,,MODEL_NOT_OBSERVATION
grid_R55_G50_y0.07_Iadjust2,1814,55,50,31.2159202,26.2159202,7.000000000000001,3.0,61.170480466666675,34.954560266666675,910.1662984811937,33.051034614,56.75621854545454,0,0,,,,MODEL_NOT_OBSERVATION
grid_R55_G50_y0.07_Iadjust2,1815,55,50,33.051034614,28.051034614000002,7.000000000000001,3.0,65.45241409933335,37.40137948533335,975.6187125805271,35.01460703698,60.09279020727273,0,0,1815,,,MODEL_NOT_OBSERVATION
grid_R55_G50_y0.07_Iadjust2,1816,55,50,35.01460703698,30.01460703698001,7.000000000000001,3.0,70.0340830862867,40.01947604930669,1045.6527956668137,37.1156295295686,63.662921885418186,0,0,1815,,1816,MODEL_NOT_OBSERVATION
grid_R55_G50_y0.07_Iadjust2,1817,55,50,37.1156295295686,32.115629529568594,7.000000000000001,3.0,74.93646890232672,42.82083937275813,1120.5892645691404,39.3637235966384,67.48296278103382,0,0,1815,,1816,MODEL_NOT_OBSERVATION
grid_R55_G50_y0.07_Iadjust2,1818,55,50,39.3637235966384,34.36372359663841,7.000000000000001,3.0,80.18202172548962,45.81829812885121,1200.77128629463,41.76918424840309,71.57040653934254,0,0,1815,1818,1816,MODEL_NOT_OBSERVATION
grid_R55_G50_y0.07_Iadjust2,1819,55,50,41.76918424840309,36.76918424840309,7.000000000000001,3.0,85.79476324627389,49.025578997870795,1286.566049540904,44.34302714579131,75.9439713607329,0,0,1815,1818,1816,MODEL_NOT_OBSERVATION
grid_R55_G50_y0.07_Iadjust2,1820,55,50,44.34302714579131,39.34302714579131,7.000000000000001,3.0,91.80039667351308,52.45736952772177,1378.366446214417,47.0970390459967,80.62368571962057,0,0,1815,1818,1816,MODEL_NOT_OBSERVATION
