## Sheet: B2_model_paths.csv (continued)
scenario,year,revenue,primary_spending,interest_paid,cash_deficit,new_issue_running_cost_pct,assumed_new_coupon_pct,nominal_face_increase,issue_discount_adjustment,end_debt_face_proxy,next_year_interest,interest_revenue_pct,automatic_tax_cut,transition_extra_primary_spending,stress60_year,stress70_year,financing30_year,label
grid_R60_G48_y0.07_Iadjust-2,1834,60,48,61.30151057496555,49.30151057496555,7.000000000000001,3.0,115.03685800825296,65.73534743328742,2100.219021854965,64.75261631521313,102.16918429160924,0,0,1824,1827,1827,MODEL_NOT_OBSERVATION
grid_R60_G48_y0.07_Iadjust-2,1835,60,48,64.75261631521313,52.75261631521313,7.000000000000001,3.0,123.08943806883066,70.33682175361753,2223.3084599237955,68.44529945727805,107.92102719202188,0,0,1824,1827,1827,MODEL_NOT_OBSERVATION
grid_R60_G48_y0.07_Iadjust-2,1836,60,48,68.44529945727805,56.445299457278054,7.000000000000001,3.0,131.7056987336488,75.26039927637075,2355.014158657444,72.39647041928752,114.07549909546341,0,0,1824,1827,1827,MODEL_NOT_OBSERVATION
grid_R60_G48_y0.07_Iadjust-2,1837,60,48,72.39647041928752,60.396470419287525,7.000000000000001,3.0,140.92509764500426,80.52862722571673,2495.9392563024485,76.62422334863766,120.66078403214588,0,0,1824,1827,1827,MODEL_NOT_OBSERVATION
grid_R60_G48_y0.07_Iadjust-2,1838,60,48,76.62422334863766,64.62422334863766,7.000000000000001,3.0,150.78985448015456,86.1656311315169,2646.729110782603,81.14791898304229,127.7070389143961,0,0,1824,1827,1827,MODEL_NOT_OBSERVATION
grid_R60_G48_y0.07_Iadjust-2,1839,60,48,81.14791898304229,69.1479189830423,7.000000000000001,3.0,161.34514429376537,92.19722531072307,2808.0742550763684,85.98827331185525,135.2465316384038,0,0,1824,1827,1827,MODEL_NOT_OBSERVATION
grid_R60_G48_y0.07_Iadjust-2,1840,60,48,85.98827331185525,73.98827331185527,7.000000000000001,3.0,172.63930439432897,98.65103108247371,2980.7135594706974,91.16745244368512,143.3137888530921,0,0,1824,1827,1827,MODEL_NOT_OBSERVATION
grid_R60_G48_y0.07_Iadjust-2,1841,60,48,91.16745244368512,79.16745244368514,7.000000000000001,3.0,184.724055701932,105.55660325824687,3165.437615172629,96.70917411474308,151.9457540728085,0,0,1824,1827,1827,MODEL_NOT_OBSERVATION
grid_R60_G48_y0.07_Iadjust-2,1842,60,48,96.70917411474308,84.70917411474306,7.000000000000001,3.0,197.65473960106718,112.94556548632411,3363.0923547736966,102.6388163027751,161.18195685790513,0,0,1824,1827,1827,MODEL_NOT_OBSERVATION
grid_R60_G48_y0.07_Iadjust-2,1843,60,48,102.6388163027751,90.6388163027751,7.000000000000001,3.0,211.49057137314193,120.85175507036683,3574.5829261468384,108.98353344396935,171.06469383795852,0,0,1824,1827,1827,MODEL_NOT_OBSERVATION
grid_R60_G48_y0.07_Iadjust-2,1844,60,48,108.98353344396935,96.98353344396935,7.000000000000001,3.0,226.29491136926185,129.3113779252925,3800.8778375161,115.7723807850472,181.63922240661557,0,0,1824,1827,1827,MODEL_NOT_OBSERVATION
grid_R60_G48_y0.07_Iadjust-2,1845,60,48,115.7723807850472,103.7723807850472,7.000000000000001,3.0,242.13555516511016,138.36317438006296,4043.01339268121,123.03644744000052,192.95396797507865,0,0,1824,1827,1827,MODEL_NOT_OBSERVATION
grid_R60_G48_y0.07_Iadjust-2,1846,60,48,123.03644744000052,111.03644744000053,7.000000000000001,3.0,259.08504402666796,148.04859658666743,4302.098436707878,130.80899876080056,205.06074573333416,0,0,1824,1827,1827,MODEL_NOT_OBSERVATION
grid_R60_G48_y0.07_Iadjust-2,1847,60,48,130.80899876080056,118.80899876080056,7.000000000000001,3.0,277.2209971085347,158.4119983477341,4579.319433816413,139.1256286740566,218.01499793466758,0,0,1824,1827,1827,MODEL_NOT_OBSERVATION
grid_R60_G48_y0.07_Iadjust-2,1848,60,48,139.1256286740566,127.1256286740566,7.000000000000001,3.0,296.62646690613207,169.50083823207547,4875.945900722545,148.02442268124057,231.87604779009433,0,0,1824,1827,1827,MODEL_NOT_OBSERVATION
grid_R60_G48_y0.07_Iadjust0,1811,60,48,24.4,12.400000000000006,7.000000000000001,3.0,28.933333333333348,16.533333333333342,717.398478014527,25.268,40.666666666666664,0,0,,,,MODEL_NOT_OBSERVATION
grid_R60_G48_y0.07_Iadjust0,1812,60,48,25.268,13.268,7.000000000000001,3.0,30.958666666666673,17.690666666666672,748.3571446811936,26.19676,42.11333333333334,0,0,,,,MODEL_NOT_OBSERVATION
grid_R60_G48_y0.07_Iadjust0,1813,60,48,26.19676,14.196759999999998,7.000000000000001,3.0,33.125773333333335,18.929013333333337,781.482918014527,27.1905332,43.66126666666667,0,0,,,,MODEL_NOT_OBSERVATION
grid_R60_G48_y0.07_Iadjust0,1814,60,48,27.1905332,15.190533200000004,7.000000000000001,3.0,35.44457746666668,20.254044266666675,816.9274954811937,28.253870524,45.31755533333334,0,0,,,,MODEL_NOT_OBSERVATION
grid_R60_G48_y0.07_Iadjust0,1815,60,48,28.253870524,16.253870524000007,7.000000000000001,3.0,37.92569788933336,21.67182736533335,854.853193370527,29.39164146068,47.08978420666667,0,0,,,,MODEL_NOT_OBSERVATION
grid_R60_G48_y0.07_Iadjust0,1816,60,48,29.39164146068,17.391641460680006,7.000000000000001,3.0,40.58049674158669,23.188855280906687,895.4336901121137,30.6090563629276,48.98606910113333,0,0,,,,MODEL_NOT_OBSERVATION
grid_R60_G48_y0.07_Iadjust0,1817,60,48,30.6090563629276,18.609056362927603,7.000000000000001,3.0,43.42113151349774,24.812075150570138,938.8548216256114,31.91169030833253,51.015093938212665,0,0,,,,MODEL_NOT_OBSERVATION
grid_R60_G48_y0.07_Iadjust0,1818,60,48,31.91169030833253,19.91169030833254,7.000000000000001,3.0,46.46061071944259,26.548920411110053,985.315432345054,33.305508629915806,53.186150513887554,0,0,,,,MODEL_NOT_OBSERVATION
grid_R60_G48_y0.07_Iadjust0,1819,60,48,33.305508629915806,21.305508629915806,7.000000000000001,3.0,49.71285346980355,28.40734483988774,1035.0282858148576,34.79689423400991,55.50918104985968,0,0,,,,MODEL_NOT_OBSERVATION
grid_R60_G48_y0.07_Iadjust0,1820,60,48,34.79689423400991,22.796894234009912,7.000000000000001,3.0,53.1927532126898,30.39585897867989,1088.2210390275472,36.392676830390606,57.99482372334985,0,0,,,,MODEL_NOT_OBSERVATION
grid_R60_G48_y0.07_Iadjust0,1821,60,48,36.392676830390606,24.3926768303906,7.000000000000001,3.0,56.91624593757807,32.52356910718747,1145.1372849651252,38.100164208517945,60.65446138398435,0,0,1821,,,MODEL_NOT_OBSERVATION
grid_R60_G48_y0.07_Iadjust0,1822,60,48,38.100164208517945,26.100164208517953,7.000000000000001,3.0,60.90038315320856,34.800218944690606,1206.0376681183338,39.9271757031142,63.50027368086324,0,0,1821,,,MODEL_NOT_OBSERVATION
grid_R60_G48_y0.07_Iadjust0,1823,60,48,39.9271757031142,27.9271757031142,7.000000000000001,3.0,65.16340997393314,37.23623427081894,1271.201078092267,41.88207800233219,66.54529283852368,0,0,1821,,,MODEL_NOT_OBSERVATION
grid_R60_G48_y0.07_Iadjust0,1824,60,48,41.88207800233219,29.882078002332193,7.000000000000001,3.0,69.72484867210846,39.84277066977627,1340.9259267643754,43.973823462495446,69.80346333722032,0,0,1821,,,MODEL_NOT_OBSERVATION
grid_R60_G48_y0.07_Iadjust0,1825,60,48,43.973823462495446,31.973823462495446,7.000000000000001,3.0,74.60558807915605,42.631764616660604,1415.5315148435313,46.21199110487013,73.28970577082575,0,0,1821,1825,1825,MODEL_NOT_OBSERVATION
grid_R60_G48_y0.07_Iadjust0,1826,60,48,46.21199110487013,34.21199110487012,7.000000000000001,3.0,79.82797924469696,45.61598813982684,1495.3594940882283,48.60683048221104,77.01998517478354,0,0,1821,1825,1825,MODEL_NOT_OBSERVATION
grid_R60_G48_y0.07_Iadjust0,1827,60,48,48.60683048221104,36.60683048221104,7.000000000000001,3.0,85.41593779182577,48.80910730961473,1580.7754318800542,51.16930861596581,81.0113841370184,0,0,1821,1825,1825,MODEL_NOT_OBSERVATION
grid_R60_G48_y0.07_Iadjust0,1828,60,48,51.16930861596581,39.169308615965804,7.000000000000001,3.0,91.39505343725355,52.22574482128775,1672.1704853173078,53.91116021908342,85.28218102660968,0,0,1821,1825,1825,MODEL_NOT_OBSERVATION
grid_R60_G48_y0.07_Iadjust0,1829,60,48,53.91116021908342,41.91116021908343,7.000000000000001,3.0,97.79270717786133,55.8815469587779,1769.963192495169,56.84494143441926,89.85193369847237,0,0,1821,1825,1825,MODEL_NOT_OBSERVATION
grid_R60_G48_y0.07_Iadjust0,1830,60,48,56.84494143441926,44.84494143441927,7.000000000000001,3.0,104.63819668031164,59.79325524589237,1874.6013891754808,59.98408733482861,94.74156905736544,0,0,1821,1825,1825,MODEL_NOT_OBSERVATION
grid_R60_G48_y0.07_Iadjust0,1831,60,48,59.98408733482861,47.984087334828615,7.000000000000001,3.0,111.96287044793345,63.97878311310484,1986.5642596234143,63.34297344826661,99.97347889138102,0,0,1821,1825,1825,MODEL_NOT_OBSERVATION
grid_R60_G48_y0.07_Iadjust0,1832,60,48,63.34297344826661,51.342973448266605,7.000000000000001,3.0,119.80027137928876,68.45729793102215,2106.364531002703,66.93698158964527,105.57162241377769,0,0,1821,1825,1825,MODEL_NOT_OBSERVATION
grid_R60_G48_y0.07_Iadjust0,1833,60,48,66.93698158964527,54.93698158964527,7.000000000000001,3.0,128.18629037583898,73.24930878619371,2234.550821378542,70.78257030092044,111.56163598274212,0,0,1821,1825,1825,MODEL_NOT_OBSERVATION
grid_R60_G48_y0.07_Iadjust0,1834,60,48,70.78257030092044,58.78257030092044,7.000000000000001,3.0,137.1593307021477,78.37676040122727,2371.7101520806896,74.89735022198487,117.97095050153408,0,0,1821,1825,1825,MODEL_NOT_OBSERVATION
grid_R60_G48_y0.07_Iadjust0,1835,60,48,74.89735022198487,62.897350221984865,7.000000000000001,3.0,146.76048385129803,83.86313362931317,2518.4706359319875,79.3001647375238,124.82891703664146,0,0,1821,1825,1825,MODEL_NOT_OBSERVATION
grid_R60_G48_y0.07_Iadjust0,1836,60,48,79.3001647375238,67.3001647375238,7.000000000000001,3.0,157.0337177208889,89.73355298336509,2675.5043536528765,84.01117626915047,132.16694122920634,0,0,1821,1825,1825,MODEL_NOT_OBSERVATION
grid_R60_G48_y0.07_Iadjust0,1837,60,48,84.01117626915047,72.01117626915047,7.000000000000001,3.0,168.02607796135112,96.01490169220065,2843.5304316142274,89.051958607991,140.01862711525078,0,0,1821,1825,1825,MODEL_NOT_OBSERVATION
grid_R60_G48_y0.07_Iadjust0,1838,60,48,89.051958607991,77.051958607991,7.000000000000001,3.0,179.78790341864567,102.73594481065467,3023.318335032873,94.44559571055036,148.41993101331832,0,0,1821,1825,1825,MODEL_NOT_OBSERVATION
grid_R60_G48_y0.07_Iadjust0,1839,60,48,94.44559571055036,82.44559571055038,7.000000000000001,3.0,192.37305665795088,109.9274609474005,3215.6913916908243,100.21678741028889,157.4093261842506,0,0,1821,1825,1825,MODEL_NOT_OBSERVATION
grid_R60_G48_y0.07_Iadjust0,1840,60,48,100.21678741028889,88.21678741028887,7.000000000000001,3.0,205.83917062400738,117.6223832137185,3421.5305623148315,106.3919625290091,167.02797901714814,0,0,1821,1825,1825,MODEL_NOT_OBSERVATION
grid_R60_G48_y0.07_Iadjust0,1841,60,48,106.3919625290091,94.3919625290091,7.000000000000001,3.0,220.24791256768793,125.85595003867883,3641.7784748825193,112.99939990603974,177.31993754834852,0,0,1821,1825,1825,MODEL_NOT_OBSERVATION
grid_R60_G48_y0.07_Iadjust0,1842,60,48,112.99939990603974,100.99939990603974,7.000000000000001,3.0,235.6652664474261,134.66586654138635,3877.443741329945,120.06935789946252,188.3323331767329,0,0,1821,1825,1825,MODEL_NOT_OBSERVATION
grid_R60_G48_y0.07_Iadjust0,1843,60,48,120.06935789946252,108.06935789946252,7.000000000000001,3.0,252.1618350987459,144.0924771992834,4129.605576428691,127.63421295242489,200.11559649910419,0,0,1821,1825,1825,MODEL_NOT_OBSERVATION
grid_R60_G48_y0.07_Iadjust0,1844,60,48,127.63421295242489,115.63421295242489,7.000000000000001,3.0,269.8131635556581,154.1789506032332,4399.4187399843495,135.72860785909464,212.7236882540415,0,0,1821,1825,1825,MODEL_NOT_OBSERVATION
grid_R60_G48_y0.07_Iadjust0,1845,60,48,135.72860785909464,123.72860785909464,7.000000000000001,3.0,288.7000850045542,164.97147714545954,4688.118824988904,144.38961040923127,226.2143464318244,0,0,1821,1825,1825,MODEL_NOT_OBSERVATION
grid_R60_G48_y0.07_Iadjust0,1846,60,48,144.38961040923127,132.38961040923127,7.000000000000001,3.0,308.90909095487297,176.5194805456417,4997.027915943777,153.65688313787746,240.64935068205213,0,0,1821,1825,1825,MODEL_NOT_OBSERVATION
grid_R60_G48_y0.07_Iadjust0,1847,60,48,153.65688313787746,141.65688313787746,7.000000000000001,3.0,330.5327273217141,188.87584418383665,5327.560643265491,163.57286495752888,256.0948052297958,0,0,1821,1825,1825,MODEL_NOT_OBSERVATION
