## Sheet: B2_model_paths.csv (continued)
scenario,year,revenue,primary_spending,interest_paid,cash_deficit,new_issue_running_cost_pct,assumed_new_coupon_pct,nominal_face_increase,issue_discount_adjustment,end_debt_face_proxy,next_year_interest,interest_revenue_pct,automatic_tax_cut,transition_extra_primary_spending,stress60_year,stress70_year,financing30_year,label
grid_R55_G50_y0.07_Iadjust2,1821,55,50,47.0970390459967,42.097039045996695,7.000000000000001,3.0,98.22642444065896,56.129385394662265,1476.592870655076,50.04383177921647,85.63098008363038,0,0,1815,1818,1816,MODEL_NOT_OBSERVATION
grid_R55_G50_y0.07_Iadjust2,1822,55,50,50.04383177921647,45.043831779216475,7.000000000000001,3.0,105.10227415150513,60.05844237228865,1581.695144806581,53.19690000376162,90.98878505312085,0,0,1815,1818,1816,MODEL_NOT_OBSERVATION
grid_R55_G50_y0.07_Iadjust2,1823,55,50,53.19690000376162,48.19690000376161,7.000000000000001,3.0,112.45943334211044,64.26253333834883,1694.1545781486916,56.570683004024936,96.72163637047568,0,0,1815,1818,1816,MODEL_NOT_OBSERVATION
grid_R55_G50_y0.07_Iadjust2,1824,55,50,56.570683004024936,51.57068300402494,7.000000000000001,3.0,120.3315936760582,68.76091067203326,1814.4861718247498,60.18063081430668,102.85578728004535,0,0,1815,1818,1816,MODEL_NOT_OBSERVATION
grid_R55_G50_y0.07_Iadjust2,1825,55,50,60.18063081430668,55.18063081430668,7.000000000000001,3.0,128.75480523338229,73.5741744190756,1943.240977058132,64.04327497130815,109.41932875328489,0,0,1815,1818,1816,MODEL_NOT_OBSERVATION
grid_R55_G50_y0.07_Iadjust2,1826,55,50,64.04327497130815,59.04327497130815,7.000000000000001,3.0,137.76764159971904,78.72436662841089,2081.008618657851,68.17630421929972,116.44231812965118,0,0,1815,1818,1816,MODEL_NOT_OBSERVATION
grid_R55_G50_y0.07_Iadjust2,1827,55,50,68.17630421929972,63.17630421929972,7.000000000000001,3.0,147.4113765116994,84.23507229239966,2228.4199951695505,72.5986455146507,123.95691676236314,0,0,1815,1818,1816,MODEL_NOT_OBSERVATION
grid_R55_G50_y0.07_Iadjust2,1828,55,50,72.5986455146507,67.5986455146507,7.000000000000001,3.0,157.7301728675183,90.1315273528676,2386.150168037069,77.33055070067624,131.9975372993649,0,0,1815,1818,1816,MODEL_NOT_OBSERVATION
grid_R55_G50_y0.07_Iadjust2,1829,55,50,77.33055070067624,72.33055070067624,7.000000000000001,3.0,168.7712849682446,96.44073426756836,2554.9214530053137,82.39368924972358,140.6010012739568,0,0,1815,1818,1816,MODEL_NOT_OBSERVATION
grid_R55_G50_y0.07_Iadjust2,1830,55,50,82.39368924972358,77.3936892497236,7.000000000000001,3.0,180.58527491602172,103.19158566629812,2735.5067279213354,87.81124749720423,149.80670772677013,0,0,1815,1818,1816,MODEL_NOT_OBSERVATION
grid_R55_G50_y0.07_Iadjust2,1831,55,50,87.81124749720423,82.81124749720425,7.000000000000001,3.0,193.2262441601433,110.41499666293905,2928.7329720814787,93.60803482200853,159.65681363128044,0,0,1815,1818,1816,MODEL_NOT_OBSERVATION
grid_R55_G50_y0.07_Iadjust2,1832,55,50,93.60803482200853,88.60803482200853,7.000000000000001,3.0,206.75208125135327,118.14404642934474,3135.4850533328317,99.81059725954913,170.1964269491064,0,0,1815,1818,1816,MODEL_NOT_OBSERVATION
grid_R55_G50_y0.07_Iadjust2,1833,55,50,99.81059725954913,94.81059725954913,7.000000000000001,3.0,221.22472693894798,126.41412967939885,3356.70978027178,106.44733906771756,181.47381319918023,0,0,1815,1818,1816,MODEL_NOT_OBSERVATION
grid_R55_G50_y0.07_Iadjust2,1834,55,50,106.44733906771756,101.44733906771756,7.000000000000001,3.0,236.71045782467434,135.26311875695677,3593.4202380964543,113.5486528024578,193.5406164867592,0,0,1815,1818,1816,MODEL_NOT_OBSERVATION
grid_R55_G50_y0.07_Iadjust2,1835,55,50,113.5486528024578,108.54865280245781,7.000000000000001,3.0,253.2801898724016,144.73153706994378,3846.700427968856,121.14705849862985,206.45209600446873,0,0,1815,1818,1816,MODEL_NOT_OBSERVATION
grid_R55_G50_y0.07_Iadjust2,1836,55,50,121.14705849862985,116.14705849862986,7.000000000000001,3.0,271.0098031634697,154.86274466483985,4117.710231132325,129.27735259353395,220.2673790884179,0,0,1815,1818,1816,MODEL_NOT_OBSERVATION
grid_R55_G50_y0.07_Iadjust2,1837,55,50,129.27735259353395,124.27735259353395,7.000000000000001,3.0,289.9804893849126,165.70313679137863,4407.690720517237,137.97676727508133,235.04973198824354,0,0,1815,1818,1816,MODEL_NOT_OBSERVATION
grid_R55_G50_y0.07_Iadjust2,1838,55,50,137.97676727508133,132.97676727508133,7.000000000000001,3.0,310.2791236418565,177.30235636677514,4717.969844159094,147.28514098433703,250.86684959105696,0,0,1815,1818,1816,MODEL_NOT_OBSERVATION
grid_R55_G50_y0.07_Iadjust2,1839,55,50,147.28514098433703,142.28514098433703,7.000000000000001,3.0,331.9986622967865,189.71352131244947,5049.96850645588,157.24510085324061,267.7911654260673,0,0,1815,1818,1816,MODEL_NOT_OBSERVATION
grid_R55_G50_y0.07_Iadjust2,1840,55,50,157.24510085324061,152.24510085324061,7.000000000000001,3.0,355.2385686575615,202.99346780432086,5405.2070751134415,167.90225791296746,285.9001833695284,0,0,1815,1818,1816,MODEL_NOT_OBSERVATION
grid_R55_G50_y0.07_Iadjust2,1841,55,50,167.90225791296746,162.90225791296746,7.000000000000001,3.0,380.10526846359073,217.20301055062328,5785.312343577032,179.3054159668752,305.27683256903174,0,0,1815,1818,1816,MODEL_NOT_OBSERVATION
grid_R55_G50_y0.07_Iadjust2,1842,55,50,179.3054159668752,174.3054159668752,7.000000000000001,3.0,406.71263725604217,232.40722128916698,6192.024980833075,191.50679508455644,326.00984721250035,0,0,1815,1818,1816,MODEL_NOT_OBSERVATION
grid_R55_G50_y0.07_Iadjust2,1843,55,50,191.50679508455644,186.50679508455644,7.000000000000001,3.0,435.1825218639651,248.67572677940868,6627.20750269704,204.56227074047538,348.1941728810117,0,0,1815,1818,1816,MODEL_NOT_OBSERVATION
grid_R55_G50_y0.07_Iadjust2,1844,55,50,204.56227074047538,199.56227074047538,7.000000000000001,3.0,465.64529839444265,266.0830276539673,7092.852801091482,218.53162969230866,371.9314013463189,0,0,1815,1818,1816,MODEL_NOT_OBSERVATION
grid_R55_G50_y0.07_Iadjust2,1845,55,50,218.53162969230866,213.53162969230868,7.000000000000001,3.0,498.24046928205365,284.70883958974497,7591.093270373536,233.47884377077025,397.33023580419757,0,0,1815,1818,1816,MODEL_NOT_OBSERVATION
grid_R55_G50_y0.07_Iadjust2,1846,55,50,233.47884377077025,228.47884377077025,7.000000000000001,3.0,533.1173021317973,304.638458361027,8124.210572505333,249.47236283472418,424.5069886741278,0,0,1815,1818,1816,MODEL_NOT_OBSERVATION
grid_R55_G50_y0.07_Iadjust2,1847,55,50,249.47236283472418,244.4723628347242,7.000000000000001,3.0,570.4355132810232,325.963150446299,8694.646085786357,266.58542823315486,453.5861142449531,0,0,1815,1818,1816,MODEL_NOT_OBSERVATION
grid_R55_G50_y0.07_Iadjust2,1848,55,50,266.58542823315486,261.58542823315486,7.000000000000001,3.0,610.3659992106947,348.7805709775398,9305.012084997052,284.8964082094757,484.7007786057361,0,0,1815,1818,1816,MODEL_NOT_OBSERVATION
grid_R60_G48_y0.06_Iadjust-2,1811,60,48,22.4,10.400000000000006,6.0,3.0,20.80000000000001,10.400000000000006,709.2651446811935,23.023999999999997,37.33333333333333,0,0,,,,MODEL_NOT_OBSERVATION
grid_R60_G48_y0.06_Iadjust-2,1812,60,48,23.023999999999997,11.024000000000001,6.0,3.0,22.048000000000002,11.024000000000001,731.3131446811935,23.685439999999996,38.373333333333335,0,0,,,,MODEL_NOT_OBSERVATION
grid_R60_G48_y0.06_Iadjust-2,1813,60,48,23.685439999999996,11.68544,6.0,3.0,23.37088,11.68544,754.6840246811935,24.386566399999996,39.47573333333333,0,0,,,,MODEL_NOT_OBSERVATION
grid_R60_G48_y0.06_Iadjust-2,1814,60,48,24.386566399999996,12.386566399999992,6.0,3.0,24.773132799999985,12.386566399999992,779.4571574811935,25.129760383999994,40.64427733333333,0,0,,,,MODEL_NOT_OBSERVATION
grid_R60_G48_y0.06_Iadjust-2,1815,60,48,25.129760383999994,13.129760383999994,6.0,3.0,26.259520767999987,13.129760383999994,805.7166782491935,25.917546007039995,41.88293397333332,0,0,,,,MODEL_NOT_OBSERVATION
grid_R60_G48_y0.06_Iadjust-2,1816,60,48,25.917546007039995,13.917546007039988,6.0,3.0,27.835092014079976,13.917546007039988,833.5517702632735,26.752598767462395,43.195910011733325,0,0,,,,MODEL_NOT_OBSERVATION
grid_R60_G48_y0.06_Iadjust-2,1817,60,48,26.752598767462395,14.752598767462388,6.0,3.0,29.505197534924775,14.752598767462388,863.0569677981982,27.63775469351014,44.58766461243732,0,0,,,,MODEL_NOT_OBSERVATION
grid_R60_G48_y0.06_Iadjust-2,1818,60,48,27.63775469351014,15.637754693510146,6.0,3.0,31.275509387020293,15.637754693510146,894.3324771852185,28.576019975120747,46.062924489183565,0,0,,,,MODEL_NOT_OBSERVATION
grid_R60_G48_y0.06_Iadjust-2,1819,60,48,28.576019975120747,16.576019975120744,6.0,3.0,33.15203995024149,16.576019975120744,927.48451713546,29.570581173627993,47.62669995853458,0,0,,,,MODEL_NOT_OBSERVATION
grid_R60_G48_y0.06_Iadjust-2,1820,60,48,29.570581173627993,17.570581173628,6.0,3.0,35.141162347256,17.570581173628,962.625679482716,30.624816044045673,49.284301956046654,0,0,,,,MODEL_NOT_OBSERVATION
grid_R60_G48_y0.06_Iadjust-2,1821,60,48,30.624816044045673,18.624816044045673,6.0,3.0,37.24963208809134,18.624816044045666,999.8753115708073,31.74230500668841,51.04136007340946,0,0,,,,MODEL_NOT_OBSERVATION
grid_R60_G48_y0.06_Iadjust-2,1822,60,48,31.74230500668841,19.74230500668841,6.0,3.0,39.48461001337682,19.74230500668841,1039.3599215841841,32.92684330708972,52.90384167781402,0,0,,,,MODEL_NOT_OBSERVATION
grid_R60_G48_y0.06_Iadjust-2,1823,60,48,32.92684330708972,20.92684330708971,6.0,3.0,41.85368661417942,20.92684330708971,1081.2136081983635,34.1824539055151,54.87807217848286,0,0,,,,MODEL_NOT_OBSERVATION
grid_R60_G48_y0.06_Iadjust-2,1824,60,48,34.1824539055151,22.182453905515104,6.0,3.0,44.36490781103021,22.182453905515104,1125.5785160093938,35.51340113984601,56.970756509191844,0,0,,,,MODEL_NOT_OBSERVATION
grid_R60_G48_y0.06_Iadjust-2,1825,60,48,35.51340113984601,23.51340113984601,6.0,3.0,47.02680227969202,23.51340113984601,1172.6053182890857,36.92420520823677,59.18900189974335,0,0,,,,MODEL_NOT_OBSERVATION
grid_R60_G48_y0.06_Iadjust-2,1826,60,48,36.92420520823677,24.92420520823677,6.0,3.0,49.84841041647355,24.924205208236778,1222.4537287055593,38.41965752073098,61.54034201372796,0,0,1826,,,MODEL_NOT_OBSERVATION
grid_R60_G48_y0.06_Iadjust-2,1827,60,48,38.41965752073098,26.41965752073098,6.0,3.0,52.83931504146196,26.41965752073098,1275.2930437470213,40.00483697197484,64.03276253455164,0,0,1826,,,MODEL_NOT_OBSERVATION
grid_R60_G48_y0.06_Iadjust-2,1828,60,48,40.00483697197484,28.00483697197484,6.0,3.0,56.00967394394968,28.00483697197484,1331.302717690971,41.68512719029333,66.67472828662473,0,0,1826,,,MODEL_NOT_OBSERVATION
grid_R60_G48_y0.06_Iadjust-2,1829,60,48,41.68512719029333,29.68512719029333,6.0,3.0,59.37025438058666,29.68512719029333,1390.6729720715575,43.46623482171093,69.47521198382222,0,0,1826,,,MODEL_NOT_OBSERVATION
grid_R60_G48_y0.06_Iadjust-2,1830,60,48,43.46623482171093,31.466234821710927,6.0,3.0,62.932469643421854,31.466234821710927,1453.6054417149794,45.35420891101358,72.44372470285154,0,0,1826,1830,1830,MODEL_NOT_OBSERVATION
grid_R60_G48_y0.06_Iadjust-2,1831,60,48,45.35420891101358,33.354208911013586,6.0,3.0,66.70841782202717,33.354208911013586,1520.3138595370065,47.35546144567439,75.59034818502262,0,0,1826,1830,1830,MODEL_NOT_OBSERVATION
grid_R60_G48_y0.06_Iadjust-2,1832,60,48,47.35546144567439,35.35546144567439,6.0,3.0,70.71092289134879,35.35546144567439,1591.0247824283551,49.47678913241486,78.92576907612398,0,0,1826,1830,1830,MODEL_NOT_OBSERVATION
grid_R60_G48_y0.06_Iadjust-2,1833,60,48,49.47678913241486,37.476789132414865,6.0,3.0,74.95357826482973,37.476789132414865,1665.9783606931849,51.72539648035975,82.46131522069143,0,0,1826,1830,1830,MODEL_NOT_OBSERVATION
grid_R60_G48_y0.06_Iadjust-2,1834,60,48,51.72539648035975,39.72539648035975,6.0,3.0,79.4507929607195,39.72539648035975,1745.4291536539045,54.10892026918133,86.20899413393292,0,0,1826,1830,1830,MODEL_NOT_OBSERVATION
grid_R60_G48_y0.06_Iadjust-2,1835,60,48,54.10892026918133,42.10892026918134,6.0,3.0,84.21784053836268,42.10892026918134,1829.6469941922671,56.635455485332216,90.1815337819689,0,0,1826,1830,1830,MODEL_NOT_OBSERVATION
grid_R60_G48_y0.06_Iadjust-2,1836,60,48,56.635455485332216,44.635455485332216,6.0,3.0,89.27091097066443,44.635455485332216,1918.9179051629317,59.31358281445215,94.39242580888703,0,0,1826,1830,1830,MODEL_NOT_OBSERVATION
