## Sheet: B2_model_paths.csv (continued)
scenario,year,revenue,primary_spending,interest_paid,cash_deficit,new_issue_running_cost_pct,assumed_new_coupon_pct,nominal_face_increase,issue_discount_adjustment,end_debt_face_proxy,next_year_interest,interest_revenue_pct,automatic_tax_cut,transition_extra_primary_spending,stress60_year,stress70_year,financing30_year,label
grid_R60_G48_y0.07_Iadjust0,1848,60,48,163.57286495752888,151.57286495752888,7.000000000000001,3.0,353.6700182342341,202.0971532767052,5681.230661499725,174.1829655045559,272.6214415958815,0,0,1821,1825,1825,MODEL_NOT_OBSERVATION
grid_R60_G48_y0.07_Iadjust2,1811,60,48,26.4,14.400000000000006,7.000000000000001,3.0,33.600000000000016,19.20000000000001,722.0651446811936,27.407999999999998,44.0,0,0,,,,MODEL_NOT_OBSERVATION
grid_R60_G48_y0.07_Iadjust2,1812,60,48,27.407999999999998,15.408000000000001,7.000000000000001,3.0,35.952000000000005,20.544000000000004,758.0171446811936,28.486559999999997,45.68,0,0,,,,MODEL_NOT_OBSERVATION
grid_R60_G48_y0.07_Iadjust2,1813,60,48,28.486559999999997,16.486559999999997,7.000000000000001,3.0,38.46863999999999,21.982079999999996,796.4857846811935,29.640619199999996,47.477599999999995,0,0,,,,MODEL_NOT_OBSERVATION
grid_R60_G48_y0.07_Iadjust2,1814,60,48,29.640619199999996,17.640619200000003,7.000000000000001,3.0,41.16144480000001,23.52082560000001,837.6472294811936,30.875462543999998,49.401031999999994,0,0,,,,MODEL_NOT_OBSERVATION
grid_R60_G48_y0.07_Iadjust2,1815,60,48,30.875462543999998,18.875462544,7.000000000000001,3.0,44.04274593600001,25.16728339200001,881.6899754171935,32.19674492208,51.459104239999995,0,0,,,,MODEL_NOT_OBSERVATION
grid_R60_G48_y0.07_Iadjust2,1816,60,48,32.19674492208,20.19674492208,7.000000000000001,3.0,47.12573815152001,26.92899322944001,928.8157135687136,33.610517066625604,53.6612415368,0,0,,,,MODEL_NOT_OBSERVATION
grid_R60_G48_y0.07_Iadjust2,1817,60,48,33.610517066625604,21.610517066625604,7.000000000000001,3.0,50.42453982212642,28.814022755500815,979.24025339084,35.1232532612894,56.017528444376005,0,0,,,,MODEL_NOT_OBSERVATION
grid_R60_G48_y0.07_Iadjust2,1818,60,48,35.1232532612894,23.123253261289392,7.000000000000001,3.0,53.95425760967526,30.831004348385868,1033.1945110005154,36.741880989579656,58.53875543548234,0,0,,,,MODEL_NOT_OBSERVATION
grid_R60_G48_y0.07_Iadjust2,1819,60,48,36.741880989579656,24.741880989579656,7.000000000000001,3.0,57.73105564235254,32.98917465277288,1090.9255666428678,38.47381265885023,61.2364683159661,0,0,1819,,,MODEL_NOT_OBSERVATION
grid_R60_G48_y0.07_Iadjust2,1820,60,48,38.47381265885023,26.47381265885022,7.000000000000001,3.0,61.77222953731719,35.298416878466966,1152.697796180185,40.326979544969745,64.12302109808371,0,0,1819,,,MODEL_NOT_OBSERVATION
grid_R60_G48_y0.07_Iadjust2,1821,60,48,40.326979544969745,28.326979544969745,7.000000000000001,3.0,66.0962856049294,37.76930605995966,1218.7940817851143,42.30986811311763,67.21163257494958,0,0,1819,,,MODEL_NOT_OBSERVATION
grid_R60_G48_y0.07_Iadjust2,1822,60,48,42.30986811311763,30.30986811311763,7.000000000000001,3.0,70.72302559727449,40.413157484156855,1289.5171073823888,44.43155888103586,70.51644685519605,0,0,1819,1822,1822,MODEL_NOT_OBSERVATION
grid_R60_G48_y0.07_Iadjust2,1823,60,48,44.43155888103586,32.43155888103587,7.000000000000001,3.0,75.67363738908371,43.24207850804784,1365.1907447714725,46.70176800270837,74.05259813505977,0,0,1819,1822,1822,MODEL_NOT_OBSERVATION
grid_R60_G48_y0.07_Iadjust2,1824,60,48,46.70176800270837,34.70176800270838,7.000000000000001,3.0,80.97079200631956,46.26902400361118,1446.161536777792,49.13089176289796,77.83628000451395,0,0,1819,1822,1822,MODEL_NOT_OBSERVATION
grid_R60_G48_y0.07_Iadjust2,1825,60,48,49.13089176289796,37.13089176289796,7.000000000000001,3.0,86.63874744676191,49.50785568386395,1532.800284224554,51.73005418630082,81.88481960482993,0,0,1819,1822,1822,MODEL_NOT_OBSERVATION
grid_R60_G48_y0.07_Iadjust2,1826,60,48,51.73005418630082,39.73005418630082,7.000000000000001,3.0,92.70345976803526,52.97340558173444,1625.503743992589,54.511157979341874,86.21675697716803,0,0,1819,1822,1822,MODEL_NOT_OBSERVATION
grid_R60_G48_y0.07_Iadjust2,1827,60,48,54.511157979341874,42.511157979341874,7.000000000000001,3.0,99.19270195179772,56.68154397245584,1724.6964459443868,57.48693903789581,90.8519299655698,0,0,1819,1822,1822,MODEL_NOT_OBSERVATION
grid_R60_G48_y0.07_Iadjust2,1828,60,48,57.48693903789581,45.48693903789581,7.000000000000001,3.0,106.13619108842357,60.649252050527764,1830.8326370328105,60.67102477054851,95.81156506315968,0,0,1819,1822,1822,MODEL_NOT_OBSERVATION
grid_R60_G48_y0.07_Iadjust2,1829,60,48,60.67102477054851,48.67102477054851,7.000000000000001,3.0,113.56572446461321,64.8946996940647,1944.3983614974236,64.0779965044869,101.11837461758087,0,0,1819,1822,1822,MODEL_NOT_OBSERVATION
grid_R60_G48_y0.07_Iadjust2,1830,60,48,64.0779965044869,52.077996504486904,7.000000000000001,3.0,121.51532517713612,69.43732867264922,2065.91368667456,67.72345625980098,106.7966608408115,0,0,1819,1822,1822,MODEL_NOT_OBSERVATION
grid_R60_G48_y0.07_Iadjust2,1831,60,48,67.72345625980098,55.72345625980098,7.000000000000001,3.0,130.02139793953563,74.29794167973465,2195.9350846140956,71.62409819798705,112.87242709966831,0,0,1819,1822,1822,MODEL_NOT_OBSERVATION
grid_R60_G48_y0.07_Iadjust2,1832,60,48,71.62409819798705,59.62409819798705,7.000000000000001,3.0,139.12289579530315,79.4987975973161,2335.0579804093986,75.79778507184615,119.37349699664507,0,0,1819,1822,1822,MODEL_NOT_OBSERVATION
grid_R60_G48_y0.07_Iadjust2,1833,60,48,75.79778507184615,63.79778507184615,7.000000000000001,3.0,148.86149850097436,85.06371342912821,2483.919478910373,80.26363002687538,126.32964178641024,0,0,1819,1822,1822,MODEL_NOT_OBSERVATION
grid_R60_G48_y0.07_Iadjust2,1834,60,48,80.26363002687538,68.26363002687538,7.000000000000001,3.0,159.28180339604256,91.01817336916719,2643.2012823064156,85.04208412875666,133.77271671145897,0,0,1819,1822,1822,MODEL_NOT_OBSERVATION
grid_R60_G48_y0.07_Iadjust2,1835,60,48,85.04208412875666,73.04208412875664,7.000000000000001,3.0,170.4315296337655,97.38944550500887,2813.632811940181,90.15503001776962,141.7368068812611,0,0,1819,1822,1822,MODEL_NOT_OBSERVATION
grid_R60_G48_y0.07_Iadjust2,1836,60,48,90.15503001776962,78.1550300177696,7.000000000000001,3.0,182.3617367081291,104.20670669035948,2995.9945486483102,95.6258821190135,150.25838336294936,0,0,1819,1822,1822,MODEL_NOT_OBSERVATION
grid_R60_G48_y0.07_Iadjust2,1837,60,48,95.6258821190135,83.62588211901351,7.000000000000001,3.0,195.1270582776982,111.5011761586847,3191.1216069260086,101.47969386734444,159.37647019835583,0,0,1819,1822,1822,MODEL_NOT_OBSERVATION
grid_R60_G48_y0.07_Iadjust2,1838,60,48,101.47969386734444,89.47969386734445,7.000000000000001,3.0,208.7859523571371,119.30625848979264,3399.9075592831455,107.74327243805855,169.13282311224074,0,0,1819,1822,1822,MODEL_NOT_OBSERVATION
grid_R60_G48_y0.07_Iadjust2,1839,60,48,107.74327243805855,95.74327243805857,7.000000000000001,3.0,223.4009690221367,127.65769658407814,3623.3085283052824,114.44530150872265,179.5721207300976,0,0,1819,1822,1822,MODEL_NOT_OBSERVATION
grid_R60_G48_y0.07_Iadjust2,1840,60,48,114.44530150872265,102.44530150872265,7.000000000000001,3.0,239.0390368536862,136.59373534496356,3862.347565158969,121.61647261433323,190.74216918120442,0,0,1819,1822,1822,MODEL_NOT_OBSERVATION
grid_R60_G48_y0.07_Iadjust2,1841,60,48,121.61647261433323,109.61647261433325,7.000000000000001,3.0,255.77176943344426,146.15529681911102,4118.119334592413,129.28962569733656,202.6941210238887,0,0,1819,1822,1822,MODEL_NOT_OBSERVATION
grid_R60_G48_y0.07_Iadjust2,1842,60,48,129.28962569733656,117.28962569733656,7.000000000000001,3.0,273.6757932937854,156.38616759644881,4391.795127886198,137.49989949615014,215.48270949556093,0,0,1819,1822,1822,MODEL_NOT_OBSERVATION
grid_R60_G48_y0.07_Iadjust2,1843,60,48,137.49989949615014,125.49989949615014,7.000000000000001,3.0,292.8330988243503,167.33319932820018,4684.628226710549,146.28489246088066,229.16649916025023,0,0,1819,1822,1822,MODEL_NOT_OBSERVATION
grid_R60_G48_y0.07_Iadjust2,1844,60,48,146.28489246088066,134.28489246088066,7.000000000000001,3.0,313.3314157420549,179.04652328117425,4997.9596424526035,155.6848349331423,243.80815410146775,0,0,1819,1822,1822,MODEL_NOT_OBSERVATION
grid_R60_G48_y0.07_Iadjust2,1845,60,48,155.6848349331423,143.6848349331423,7.000000000000001,3.0,335.26461484399874,191.57977991085644,5333.224257296602,165.74277337846226,259.4747248885705,0,0,1819,1822,1822,MODEL_NOT_OBSERVATION
grid_R60_G48_y0.07_Iadjust2,1846,60,48,165.74277337846226,153.74277337846226,7.000000000000001,3.0,358.7331378830786,204.99036450461634,5691.957395179681,176.5047675149546,276.23795563077044,0,0,1819,1822,1822,MODEL_NOT_OBSERVATION
grid_R60_G48_y0.07_Iadjust2,1847,60,48,176.5047675149546,164.5047675149546,7.000000000000001,3.0,383.84445753489416,219.33969001993955,6075.801852714575,188.02010124100144,294.1746125249244,0,0,1819,1822,1822,MODEL_NOT_OBSERVATION
grid_R60_G48_y0.07_Iadjust2,1848,60,48,188.02010124100144,176.02010124100144,7.000000000000001,3.0,410.7135695623368,234.69346832133533,6486.5154222769115,200.34150832787154,313.36683540166905,0,0,1819,1822,1822,MODEL_NOT_OBSERVATION
grid_R60_G50_y0.06_Iadjust-2,1811,60,50,22.4,12.400000000000006,6.0,3.0,24.80000000000001,12.400000000000006,713.2651446811935,23.144,37.33333333333333,0,0,,,,MODEL_NOT_OBSERVATION
grid_R60_G50_y0.06_Iadjust-2,1812,60,50,23.144,13.144000000000005,6.0,3.0,26.28800000000001,13.144000000000005,739.5531446811935,23.93264,38.57333333333333,0,0,,,,MODEL_NOT_OBSERVATION
grid_R60_G50_y0.06_Iadjust-2,1813,60,50,23.93264,13.932639999999992,6.0,3.0,27.865279999999984,13.932639999999992,767.4184246811935,24.7685984,39.88773333333333,0,0,,,,MODEL_NOT_OBSERVATION
grid_R60_G50_y0.06_Iadjust-2,1814,60,50,24.7685984,14.768598400000002,6.0,3.0,29.537196800000004,14.768598400000002,796.9556214811935,25.654714304,41.28099733333333,0,0,,,,MODEL_NOT_OBSERVATION
grid_R60_G50_y0.06_Iadjust-2,1815,60,50,25.654714304,15.654714303999995,6.0,3.0,31.30942860799999,15.654714303999995,828.2650500891934,26.593997162239997,42.75785717333333,0,0,,,,MODEL_NOT_OBSERVATION
grid_R60_G50_y0.06_Iadjust-2,1816,60,50,26.593997162239997,16.59399716224,6.0,3.0,33.18799432448,16.59399716224,861.4530444136734,27.5896369919744,44.32332860373333,0,0,,,,MODEL_NOT_OBSERVATION
grid_R60_G50_y0.06_Iadjust-2,1817,60,50,27.5896369919744,17.589636991974402,6.0,3.0,35.179273983948804,17.589636991974402,896.6323183976222,28.64501521149286,45.982728319957324,0,0,,,,MODEL_NOT_OBSERVATION
grid_R60_G50_y0.06_Iadjust-2,1818,60,50,28.64501521149286,18.64501521149286,6.0,3.0,37.29003042298572,18.64501521149286,933.9223488206079,29.763716124182434,47.74169201915477,0,0,,,,MODEL_NOT_OBSERVATION
grid_R60_G50_y0.06_Iadjust-2,1819,60,50,29.763716124182434,19.763716124182437,6.0,3.0,39.527432248364875,19.763716124182437,973.4497810689728,30.94953909163338,49.606193540304055,0,0,,,,MODEL_NOT_OBSERVATION
grid_R60_G50_y0.06_Iadjust-2,1820,60,50,30.94953909163338,20.949539091633383,6.0,3.0,41.89907818326677,20.949539091633383,1015.3488592522395,32.20651143713138,51.5825651527223,0,0,,,,MODEL_NOT_OBSERVATION
grid_R60_G50_y0.06_Iadjust-2,1821,60,50,32.20651143713138,22.206511437131383,6.0,3.0,44.413022874262765,22.206511437131383,1059.7618821265023,33.538902123359264,53.67751906188564,0,0,,,,MODEL_NOT_OBSERVATION
grid_R60_G50_y0.06_Iadjust-2,1822,60,50,33.538902123359264,23.538902123359264,6.0,3.0,47.07780424671853,23.538902123359264,1106.839686373221,34.95123625076082,55.898170205598774,0,0,,,,MODEL_NOT_OBSERVATION
grid_R60_G50_y0.06_Iadjust-2,1823,60,50,34.95123625076082,24.951236250760815,6.0,3.0,49.90247250152163,24.951236250760815,1156.7421588747425,36.44831042580647,58.2520604179347,0,0,,,,MODEL_NOT_OBSERVATION
grid_R60_G50_y0.06_Iadjust-2,1824,60,50,36.44831042580647,26.44831042580647,6.0,3.0,52.89662085161294,26.44831042580647,1209.6387797263553,38.035209051354855,60.74718404301078,0,0,1824,,,MODEL_NOT_OBSERVATION
grid_R60_G50_y0.06_Iadjust-2,1825,60,50,38.035209051354855,28.035209051354855,6.0,3.0,56.070418102709716,28.03520905135486,1265.709197829065,39.71732159443614,63.392015085591424,0,0,1824,,,MODEL_NOT_OBSERVATION
