## Sheet: B2_model_paths.csv (continued)
scenario,year,revenue,primary_spending,interest_paid,cash_deficit,new_issue_running_cost_pct,assumed_new_coupon_pct,nominal_face_increase,issue_discount_adjustment,end_debt_face_proxy,next_year_interest,interest_revenue_pct,automatic_tax_cut,transition_extra_primary_spending,stress60_year,stress70_year,financing30_year,label
grid_R55_G50_y0.06_Iadjust2,1829,55,50,66.08285787233434,61.082857872334344,6.0,3.0,122.16571574466869,61.082857872334344,2133.392789503674,69.7478293446744,120.15065067697152,0,0,1816,1819,1817,MODEL_NOT_OBSERVATION
grid_R55_G50_y0.06_Iadjust2,1830,55,50,69.7478293446744,64.7478293446744,6.0,3.0,129.4956586893488,64.7478293446744,2262.8884481930227,73.63269910535486,126.81423517213528,0,0,1816,1819,1817,MODEL_NOT_OBSERVATION
grid_R55_G50_y0.06_Iadjust2,1831,55,50,73.63269910535486,68.63269910535486,6.0,3.0,137.26539821070972,68.63269910535486,2400.1538464037326,77.75066105167615,133.87763473700883,0,0,1816,1819,1817,MODEL_NOT_OBSERVATION
grid_R55_G50_y0.06_Iadjust2,1832,55,50,77.75066105167615,72.75066105167615,6.0,3.0,145.5013221033523,72.75066105167615,2545.655168507085,82.11570071477672,141.36483827577482,0,0,1816,1819,1817,MODEL_NOT_OBSERVATION
grid_R55_G50_y0.06_Iadjust2,1833,55,50,82.11570071477672,77.11570071477672,6.0,3.0,154.23140142955344,77.11570071477672,2699.8865699366384,86.74264275766332,149.30127402686676,0,0,1816,1819,1817,MODEL_NOT_OBSERVATION
grid_R55_G50_y0.06_Iadjust2,1834,55,50,86.74264275766332,81.7426427576633,6.0,3.0,163.4852855153266,81.7426427576633,2863.371855451965,91.64720132312311,157.7138959230242,0,0,1816,1819,1817,MODEL_NOT_OBSERVATION
grid_R55_G50_y0.06_Iadjust2,1835,55,50,91.64720132312311,86.64720132312311,6.0,3.0,173.29440264624623,86.64720132312311,3036.666258098211,96.8460334025105,166.63127513295112,0,0,1816,1819,1817,MODEL_NOT_OBSERVATION
grid_R55_G50_y0.06_Iadjust2,1836,55,50,96.8460334025105,91.8460334025105,6.0,3.0,183.692066805021,91.8460334025105,3220.358324903232,102.35679540666113,176.08369709547364,0,0,1816,1819,1817,MODEL_NOT_OBSERVATION
grid_R55_G50_y0.06_Iadjust2,1837,55,50,102.35679540666113,97.35679540666115,6.0,3.0,194.7135908133223,97.35679540666115,3415.0719157165545,108.19820313106081,186.1032643757475,0,0,1816,1819,1817,MODEL_NOT_OBSERVATION
grid_R55_G50_y0.06_Iadjust2,1838,55,50,108.19820313106081,103.19820313106081,6.0,3.0,206.39640626212162,103.19820313106081,3621.468321978676,114.39009531892445,196.72400569283784,0,0,1816,1819,1817,MODEL_NOT_OBSERVATION
grid_R55_G50_y0.06_Iadjust2,1839,55,50,114.39009531892445,109.39009531892447,6.0,3.0,218.78019063784893,109.39009531892447,3840.248512616525,120.95350103805993,207.98199148895353,0,0,1816,1819,1817,MODEL_NOT_OBSERVATION
grid_R55_G50_y0.06_Iadjust2,1840,55,50,120.95350103805993,115.95350103805993,6.0,3.0,231.90700207611985,115.95350103805993,4072.155514692645,127.91071110034352,219.91545643283624,0,0,1816,1819,1817,MODEL_NOT_OBSERVATION
grid_R55_G50_y0.06_Iadjust2,1841,55,50,127.91071110034352,122.91071110034352,6.0,3.0,245.82142220068704,122.91071110034352,4317.976936893332,135.28535376636412,232.56492927335185,0,0,1816,1819,1817,MODEL_NOT_OBSERVATION
grid_R55_G50_y0.06_Iadjust2,1842,55,50,135.28535376636412,130.28535376636412,6.0,3.0,260.57070753272825,130.28535376636412,4578.54764442606,143.10247499234598,245.97337048429839,0,0,1816,1819,1817,MODEL_NOT_OBSERVATION
grid_R55_G50_y0.06_Iadjust2,1843,55,50,143.10247499234598,138.10247499234598,6.0,3.0,276.20494998469195,138.10247499234598,4854.752594410752,151.38862349188673,260.1863181679018,0,0,1816,1819,1817,MODEL_NOT_OBSERVATION
grid_R55_G50_y0.06_Iadjust2,1844,55,50,151.38862349188673,146.38862349188673,6.0,3.0,292.77724698377347,146.38862349188673,5147.529841394526,160.17194090139995,275.25204271252136,0,0,1816,1819,1817,MODEL_NOT_OBSERVATION
grid_R55_G50_y0.06_Iadjust2,1845,55,50,160.17194090139995,155.17194090139995,6.0,3.0,310.3438818027999,155.17194090139995,5457.8737231973255,169.48225735548394,291.2217107298181,0,0,1816,1819,1817,MODEL_NOT_OBSERVATION
grid_R55_G50_y0.06_Iadjust2,1846,55,50,169.48225735548394,164.48225735548394,6.0,3.0,328.9645147109679,164.48225735548394,5786.838237908293,179.35119279681297,308.1495588281526,0,0,1816,1819,1817,MODEL_NOT_OBSERVATION
grid_R55_G50_y0.06_Iadjust2,1847,55,50,179.35119279681297,174.35119279681297,6.0,3.0,348.70238559362593,174.35119279681297,6135.540623501919,189.81226436462174,326.0930778123872,0,0,1816,1819,1817,MODEL_NOT_OBSERVATION
grid_R55_G50_y0.06_Iadjust2,1848,55,50,189.81226436462174,184.81226436462174,6.0,3.0,369.6245287292435,184.81226436462174,6505.165152231162,200.90100022649904,345.11320793567586,0,0,1816,1819,1817,MODEL_NOT_OBSERVATION
grid_R55_G50_y0.07_Iadjust-2,1811,55,50,22.4,17.400000000000006,7.000000000000001,3.0,40.600000000000016,23.20000000000001,729.0651446811936,23.618,40.72727272727272,0,0,,,,MODEL_NOT_OBSERVATION
grid_R55_G50_y0.07_Iadjust-2,1812,55,50,23.618,18.617999999999995,7.000000000000001,3.0,43.442,24.824000000000005,772.5071446811936,24.921259999999997,42.94181818181818,0,0,,,,MODEL_NOT_OBSERVATION
grid_R55_G50_y0.07_Iadjust-2,1813,55,50,24.921259999999997,19.92125999999999,7.000000000000001,3.0,46.482939999999985,26.561679999999996,818.9900846811936,26.315748199999994,45.311381818181815,0,0,,,,MODEL_NOT_OBSERVATION
grid_R55_G50_y0.07_Iadjust-2,1814,55,50,26.315748199999994,21.3157482,7.000000000000001,3.0,49.736745800000016,28.420997600000014,868.7268304811936,27.807850573999996,47.8468149090909,0,0,,,,MODEL_NOT_OBSERVATION
grid_R55_G50_y0.07_Iadjust-2,1815,55,50,27.807850573999996,22.807850574,7.000000000000001,3.0,53.218318006000004,30.410467432000004,921.9451484871936,29.404400114179996,50.559728316363625,0,0,,,,MODEL_NOT_OBSERVATION
grid_R55_G50_y0.07_Iadjust-2,1816,55,50,29.404400114179996,24.404400114179992,7.000000000000001,3.0,56.94360026641999,32.53920015224,978.8887487536135,31.112708122172595,53.462545662145445,0,0,,,,MODEL_NOT_OBSERVATION
grid_R55_G50_y0.07_Iadjust-2,1817,55,50,31.112708122172595,26.11270812217259,7.000000000000001,3.0,60.92965228506939,34.816944162896796,1039.8184010386829,32.94059769072468,56.56856022213199,0,0,,,,MODEL_NOT_OBSERVATION
grid_R55_G50_y0.07_Iadjust-2,1818,55,50,32.94059769072468,27.940597690724672,7.000000000000001,3.0,65.19472794502424,37.25413025429957,1105.013128983707,34.89643952907541,59.8919958013176,0,0,,,,MODEL_NOT_OBSERVATION
grid_R55_G50_y0.07_Iadjust-2,1819,55,50,34.89643952907541,29.89643952907541,7.000000000000001,3.0,69.75835890117597,39.86191937210056,1174.771487884883,36.989190296110685,63.448071871046196,0,0,1819,,,MODEL_NOT_OBSERVATION
grid_R55_G50_y0.07_Iadjust-2,1820,55,50,36.989190296110685,31.989190296110678,7.000000000000001,3.0,74.64144402425825,42.65225372814757,1249.4129319091412,39.22843361683843,67.2530732656558,0,0,1819,,1820,MODEL_NOT_OBSERVATION
grid_R55_G50_y0.07_Iadjust-2,1821,55,50,39.22843361683843,34.22843361683843,7.000000000000001,3.0,79.86634510595634,45.63791148911791,1329.2792770150975,41.62442397001712,71.32442475788805,0,0,1819,1821,1820,MODEL_NOT_OBSERVATION
grid_R55_G50_y0.07_Iadjust-2,1822,55,50,41.62442397001712,36.62442397001712,7.000000000000001,3.0,85.45698926337329,48.83256529335617,1414.7362662784708,44.18813364791832,75.68077085457658,0,0,1819,1821,1820,MODEL_NOT_OBSERVATION
grid_R55_G50_y0.07_Iadjust-2,1823,55,50,44.18813364791832,39.18813364791832,7.000000000000001,3.0,91.43897851180944,52.25084486389112,1506.1752447902802,46.9313030032726,80.3420611780333,0,0,1819,1821,1820,MODEL_NOT_OBSERVATION
grid_R55_G50_y0.07_Iadjust-2,1824,55,50,46.9313030032726,41.9313030032726,7.000000000000001,3.0,97.8397070076361,55.90840400436349,1604.0149517979162,49.86649421350169,85.32964182413201,0,0,1819,1821,1820,MODEL_NOT_OBSERVATION
grid_R55_G50_y0.07_Iadjust-2,1825,55,50,49.86649421350169,44.86649421350168,7.000000000000001,3.0,104.6884864981706,59.82199228466892,1708.7034382960867,53.00714880844681,90.66635311545762,0,0,1819,1821,1820,MODEL_NOT_OBSERVATION
grid_R55_G50_y0.07_Iadjust-2,1826,55,50,53.00714880844681,48.0071488084468,7.000000000000001,3.0,112.01668055304255,64.00953174459575,1820.7201188491292,56.367649225038086,96.37663419717602,0,0,1819,1821,1820,MODEL_NOT_OBSERVATION
grid_R55_G50_y0.07_Iadjust-2,1827,55,50,56.367649225038086,51.36764922503809,7.000000000000001,3.0,119.85784819175556,68.49019896671747,1940.5779670408847,59.96338467079075,102.4866349546147,0,0,1819,1821,1820,MODEL_NOT_OBSERVATION
grid_R55_G50_y0.07_Iadjust-2,1828,55,50,59.96338467079075,54.96338467079076,7.000000000000001,3.0,128.24789756517845,73.28451289438769,2068.825864606063,63.810821597746106,109.02433576507408,0,0,1819,1821,1820,MODEL_NOT_OBSERVATION
grid_R55_G50_y0.07_Iadjust-2,1829,55,50,63.810821597746106,58.8108215977461,7.000000000000001,3.0,137.2252503947409,78.4144287969948,2206.051115000804,67.92757910958834,116.01967563226565,0,0,1819,1821,1820,MODEL_NOT_OBSERVATION
grid_R55_G50_y0.07_Iadjust-2,1830,55,50,67.92757910958834,62.927579109588336,7.000000000000001,3.0,146.8310179223728,83.90343881278447,2352.882132923177,72.33250964725951,123.50468929016061,0,0,1819,1821,1820,MODEL_NOT_OBSERVATION
grid_R55_G50_y0.07_Iadjust-2,1831,55,50,72.33250964725951,67.33250964725951,7.000000000000001,3.0,157.10918917693888,89.77667952967937,2509.9913221001157,77.04578532256768,131.5136539041082,0,0,1819,1821,1820,MODEL_NOT_OBSERVATION
grid_R55_G50_y0.07_Iadjust-2,1832,55,50,77.04578532256768,72.04578532256768,7.000000000000001,3.0,168.1068324193246,96.06104709675692,2678.0981545194404,82.08899029514743,140.08324604103214,0,0,1819,1821,1820,MODEL_NOT_OBSERVATION
grid_R55_G50_y0.07_Iadjust-2,1833,55,50,82.08899029514743,77.08899029514743,7.000000000000001,3.0,179.87431068867735,102.78532039352993,2857.9724652081177,87.48521961580775,149.25270962754078,0,0,1819,1821,1820,MODEL_NOT_OBSERVATION
grid_R55_G50_y0.07_Iadjust-2,1834,55,50,87.48521961580775,82.48521961580775,7.000000000000001,3.0,192.46551243688478,109.98029282107703,3050.4379776450023,93.2591849889143,159.064035665105,0,0,1819,1821,1820,MODEL_NOT_OBSERVATION
grid_R55_G50_y0.07_Iadjust-2,1835,55,50,93.2591849889143,88.25918498891428,7.000000000000001,3.0,205.9380983074667,117.67891331855242,3256.376075952469,99.4373279381383,169.56215452529872,0,0,1819,1821,1820,MODEL_NOT_OBSERVATION
grid_R55_G50_y0.07_Iadjust-2,1836,55,50,99.4373279381383,94.43732793813831,7.000000000000001,3.0,220.35376518898943,125.91643725085112,3476.7298411414586,106.04794089380798,180.795141705706,0,0,1819,1821,1820,MODEL_NOT_OBSERVATION
grid_R55_G50_y0.07_Iadjust-2,1837,55,50,106.04794089380798,101.04794089380798,7.000000000000001,3.0,235.77852875221865,134.73058785841067,3712.5083698936774,113.12129675637453,192.8144379887418,0,0,1819,1821,1820,MODEL_NOT_OBSERVATION
grid_R55_G50_y0.07_Iadjust-2,1838,55,50,113.12129675637453,108.12129675637453,7.000000000000001,3.0,252.28302576487394,144.1617290084994,3964.791395658551,120.68978752932075,205.67508501159006,0,0,1819,1821,1820,MODEL_NOT_OBSERVATION
grid_R55_G50_y0.07_Iadjust-2,1839,55,50,120.68978752932075,115.68978752932077,7.000000000000001,3.0,269.94283756841514,154.25305003909438,4234.734233226966,128.7880726563732,219.43597732603774,0,0,1819,1821,1820,MODEL_NOT_OBSERVATION
grid_R55_G50_y0.07_Iadjust-2,1840,55,50,128.7880726563732,123.7880726563732,7.000000000000001,3.0,288.83883619820415,165.05076354183095,4523.573069425171,137.45323774231932,234.16013210249673,0,0,1819,1821,1820,MODEL_NOT_OBSERVATION
grid_R55_G50_y0.07_Iadjust-2,1841,55,50,137.45323774231932,132.45323774231932,7.000000000000001,3.0,309.0575547320784,176.6043169897591,4832.630624157249,146.72496438428166,249.91497771330785,0,0,1819,1821,1820,MODEL_NOT_OBSERVATION
grid_R55_G50_y0.07_Iadjust-2,1842,55,50,146.72496438428166,141.72496438428166,7.000000000000001,3.0,330.69158356332395,188.96661917904228,5163.322207720573,156.64571189118138,266.77266251687576,0,0,1819,1821,1820,MODEL_NOT_OBSERVATION
grid_R55_G50_y0.07_Iadjust-2,1843,55,50,156.64571189118138,151.64571189118138,7.000000000000001,3.0,353.83999441275654,202.19428252157516,5517.16220213333,167.26091172356408,284.8103852566934,0,0,1819,1821,1820,MODEL_NOT_OBSERVATION
