## Sheet: B2_model_paths.csv (continued)
scenario,year,revenue,primary_spending,interest_paid,cash_deficit,new_issue_running_cost_pct,assumed_new_coupon_pct,nominal_face_increase,issue_discount_adjustment,end_debt_face_proxy,next_year_interest,interest_revenue_pct,automatic_tax_cut,transition_extra_primary_spending,stress60_year,stress70_year,financing30_year,label
S2_armed_coexistence_costly_transition1,1841,86.26233058130599,57.95750335931496,31.97132505232302,3.6664978303319913,5.5,3.0,6.721912688941985,3.0554148586099936,947.5645591142364,32.17298243299128,37.06290432553136,0,0.0,,,,MODEL_NOT_OBSERVATION
S2_armed_coexistence_costly_transition1,1842,87.12495388711905,58.53707839290811,32.17298243299128,3.585106938780342,5.5,3.0,6.572696054430627,2.9875891156502847,954.137255168667,32.3701633146242,36.92740253805504,0,0.0,,,,MODEL_NOT_OBSERVATION
S2_armed_coexistence_costly_transition1,1843,87.99620342599023,59.122449176837186,32.3701633146242,3.4964090654711555,5.5,3.0,6.410083286697119,2.913674221225963,960.5473384553642,32.56246581322512,36.78586354222581,0,0.0,,,,MODEL_NOT_OBSERVATION
S2_armed_coexistence_costly_transition1,1844,88.87616546025014,59.71367366860556,32.56246581322512,3.3999740215805474,5.5,3.0,6.233285706231004,2.8333116846504565,966.7806241615951,32.74946438441205,36.638018353513104,0,0.0,,,,MODEL_NOT_OBSERVATION
S2_armed_coexistence_costly_transition1,1845,89.76492711485264,60.31081040529162,32.74946438441205,3.2953476748510298,5.5,3.0,6.041470737226888,2.746123062375858,972.822094898822,32.93070850652886,36.483586002927055,0,0.0,,,,MODEL_NOT_OBSERVATION
S2_armed_coexistence_costly_transition1,1846,90.66257638600116,60.91391850934453,32.93070850652886,3.182050629872222,5.5,3.0,5.833759488099075,2.6517088582268524,978.6558543869211,33.10572129117183,36.32227300305747,0,0.0,,,,MODEL_NOT_OBSERVATION
S2_armed_coexistence_costly_transition1,1847,91.56920214986118,61.52305769443798,33.10572129117183,3.0595768357486293,5.5,3.0,5.609224198872487,2.5496473631238574,984.2650785857936,33.273998017138005,36.15377279032241,0,0.0,,,,MODEL_NOT_OBSERVATION
S2_armed_coexistence_costly_transition1,1848,92.4848941713598,62.138288271382365,33.273998017138005,2.927392117160565,5.5,3.0,5.366885548127702,2.439493430967137,989.6319641339213,33.435004583581836,35.97776514236647,0,0.0,,,,MODEL_NOT_OBSERVATION
S2_armed_coexistence_costly_transition2,1811,64.0,57.199999999999996,24.4,17.599999999999994,5.5,3.0,32.26666666666666,14.666666666666664,720.7318113478602,25.368,38.125,0,14.199999999999996,,,,MODEL_NOT_OBSERVATION
S2_armed_coexistence_costly_transition2,1812,64.64,50.601,25.368,11.328999999999994,5.5,3.0,20.76983333333332,9.440833333333327,741.5016446811935,25.991094999999998,39.245049504950494,0,7.170999999999998,,,,MODEL_NOT_OBSERVATION
S2_armed_coexistence_costly_transition2,1813,65.2864,43.8643,25.991094999999998,4.568995000000001,5.5,3.0,8.376490833333335,3.807495833333334,749.8781355145269,26.242389725,39.8108871066562,0,0.0,,,,MODEL_NOT_OBSERVATION
S2_armed_coexistence_costly_transition2,1814,65.93926400000001,44.302943000000006,26.242389725,4.606068725,5.5,3.0,8.444459329166667,3.8383906041666673,758.3225948436935,26.495723504875,39.79782019556663,0,0.0,,,,MODEL_NOT_OBSERVATION
S2_armed_coexistence_costly_transition2,1815,66.59865664,44.74597243,26.495723504875,4.6430392948749954,5.5,3.0,8.512238707270825,3.8691994123958295,766.8348335509644,26.751090666093123,39.78417109536911,0,0.0,,,,MODEL_NOT_OBSERVATION
S2_armed_coexistence_costly_transition2,1816,67.26464320640001,45.193432154300005,26.751090666093123,4.679879613993123,5.5,3.0,8.579779292320726,3.8998996783276034,775.4146128432851,27.008484044862744,39.76991386694495,0,0.0,,,,MODEL_NOT_OBSERVATION
S2_armed_coexistence_costly_transition2,1817,67.93728963846401,45.645366475843005,27.008484044862744,4.716560882241737,5.5,3.0,8.647028284109853,3.930467401868116,784.061641127395,27.26789489338604,39.7550214154722,0,0.0,,,,MODEL_NOT_OBSERVATION
S2_armed_coexistence_costly_transition2,1818,68.61666253484864,46.10182014060143,27.26789489338604,4.753052499138832,5.5,3.0,8.713929581754526,3.960877082615694,792.7755707091495,27.529312780838676,39.739465438933834,0,0.0,,,,MODEL_NOT_OBSERVATION
S2_armed_coexistence_costly_transition2,1819,69.30282916019713,46.56283834200745,27.529312780838676,4.789321962648998,5.5,3.0,8.780423598189829,3.991101635540831,801.5559943073393,27.79272548878437,39.72321637433188,0,0.0,,,,MODEL_NOT_OBSERVATION
S2_armed_coexistence_costly_transition2,1820,69.9958574517991,47.02846672542752,27.79272548878437,4.825334762412794,5.5,3.0,8.846447064423456,4.021112302010662,810.4024413717628,28.058118900717073,39.706243341505086,0,0.0,,,,MODEL_NOT_OBSERVATION
S2_armed_coexistence_costly_transition2,1821,70.69581602631709,47.4987513926818,28.058118900717073,4.861054267081784,5.5,3.0,8.911932822983271,4.0508785559014875,819.3143741947462,28.32547688540657,39.688514084443426,0,0.0,,,,MODEL_NOT_OBSERVATION
S2_armed_coexistence_costly_transition2,1822,71.40277418658026,47.97373890660861,28.32547688540657,4.896441605434916,5.5,3.0,8.976809609964013,4.080368004529097,828.2911838047102,28.59478117370549,39.669994909987935,0,0.0,,,,MODEL_NOT_OBSERVATION
S2_armed_coexistence_costly_transition2,1823,72.11680192844607,48.4534762956747,28.59478117370549,4.931455540934124,5.5,3.0,9.041001825045893,4.109546284111769,837.332185629756,28.866011228456866,39.65065062379928,0,0.0,,,,MODEL_NOT_OBSERVATION
S2_armed_coexistence_costly_transition2,1824,72.83796994773053,48.938011058631446,28.866011228456866,4.966052339357788,5.5,3.0,9.104429288822612,4.138376949464824,846.4366149185787,29.139144107121545,39.6304444634735,0,0.0,,,,MODEL_NOT_OBSERVATION
S2_armed_coexistence_costly_transition2,1825,73.56634964720784,49.42739116921777,29.139144107121545,5.0001856291314795,5.5,3.0,9.167006986741047,4.166821357609567,855.6036219053198,29.414154316723778,39.60933802867777,0,0.0,,,,MODEL_NOT_OBSERVATION
S2_armed_coexistence_costly_transition2,1826,74.30201314367991,49.921665080909946,29.414154316723778,5.033806253953813,5.5,3.0,9.228644798915324,4.194838544961511,864.832266704235,29.691013660691237,39.58729120817331,0,0.0,,,,MODEL_NOT_OBSERVATION
S2_armed_coexistence_costly_transition2,1827,75.04503327511672,50.42088173171905,29.691013660691237,5.066862117293567,5.5,3.0,9.289247215038207,4.22238509774464,874.1215139192733,29.969691077142382,39.56426210358697,0,0.0,,,,MODEL_NOT_OBSERVATION
S2_armed_coexistence_costly_transition2,1828,75.79548360786788,50.925090549036234,29.969691077142382,5.0992980183107335,5.5,3.0,9.348713033569679,4.249415015258945,883.470226952843,30.250152468149473,39.540206949786395,0,0.0,,,,MODEL_NOT_OBSERVATION
S2_armed_coexistence_costly_transition2,1829,76.55343844394656,51.434341454526596,30.250152468149473,5.1310554787295075,5.5,3.0,9.40693504433743,4.275879565607923,892.8771619971803,30.532360519479596,39.51508003170757,0,0.0,,,,MODEL_NOT_OBSERVATION
S2_armed_coexistence_costly_transition2,1830,77.31897282838602,51.94868486907186,30.532360519479596,5.162072560165427,5.5,3.0,9.463799693636618,4.301727133471191,902.3409616908169,30.816274510288693,39.48883359747672,0,0.0,,,,MODEL_NOT_OBSERVATION
S2_armed_coexistence_costly_transition2,1831,78.09216255666989,52.46817171776258,30.816274510288693,5.192283671381389,5.5,3.0,9.519186730865881,4.326903059484492,911.8601484216828,31.10185011221467,39.461417767661324,0,0.0,,,,MODEL_NOT_OBSERVATION
S2_armed_coexistence_costly_transition2,1832,78.8730841822366,52.992853434940216,31.10185011221467,5.221619364918297,5.5,3.0,9.572968835683545,4.351349470765248,921.4331172573663,31.389039177285177,39.43278044047791,0,0.0,,,,MODEL_NOT_OBSERVATION
S2_armed_coexistence_costly_transition2,1833,79.66181502405895,53.52278196928961,31.389039177285177,5.250006122515842,5.5,3.0,9.625011224612377,4.3750051020965355,931.0581284819788,31.677789514023548,39.402867192776434,0,0.0,,,,MODEL_NOT_OBSERVATION
S2_armed_coexistence_costly_transition2,1834,80.45843317429954,54.0580097889825,31.677789514023548,5.277366128706504,5.5,3.0,9.675171235961923,4.397805107255419,940.7332997179407,31.968044651102407,39.37162117661301,0,0.0,,,,MODEL_NOT_OBSERVATION
S2_armed_coexistence_costly_transition2,1835,81.26301750604254,54.59858988687233,31.968044651102407,5.303617031932191,5.5,3.0,9.723297891875683,4.419680859943492,950.4565976098163,32.25974358785868,39.33898301121458,0,0.0,,,,MODEL_NOT_OBSERVATION
S2_armed_coexistence_costly_transition2,1836,82.07564768110296,55.144575785741054,32.25974358785868,5.328671692496769,5.5,3.0,9.769231436244077,4.440559743747308,960.2258290460604,32.552820530946,39.304890670130085,0,0.0,,,,MODEL_NOT_OBSERVATION
S2_armed_coexistence_costly_transition2,1837,82.896404157914,55.69602154359847,32.552820530946,5.352437916630464,5.5,3.0,9.81280284715585,4.460364930525387,970.0386318932162,32.84720461636068,39.2692793633537,0,0.0,,,,MODEL_NOT_OBSERVATION
S2_armed_coexistence_costly_transition2,1838,83.72536819949315,56.252981759034455,32.84720461636068,5.374818175901993,5.5,3.0,9.853833322486988,4.479015146584995,979.8924652157032,33.14281961603529,39.23208141419619,0,0.0,,,,MODEL_NOT_OBSERVATION
S2_armed_coexistence_costly_transition2,1839,84.56262188148807,56.8155115766248,33.14281961603529,5.395709311172027,5.5,3.0,9.892133737148717,4.49642442597669,989.7845989528519,33.43958362814975,39.19322613067028,0,0.0,,,,MODEL_NOT_OBSERVATION
S2_armed_coexistence_costly_transition2,1840,85.40824810030296,57.383666692391046,33.43958362814975,5.415002220237838,5.5,3.0,9.927504070436036,4.512501850198198,999.7121030232879,33.73740875026283,39.15263967114569,0,0.0,,,,MODEL_NOT_OBSERVATION
S2_armed_coexistence_costly_transition2,1841,86.26233058130599,57.95750335931496,33.73740875026283,5.432581528271797,5.5,3.0,9.959732801831628,4.527151273559831,1009.6718358251195,34.03620073431778,39.110244904018515,0,0.0,,,,MODEL_NOT_OBSERVATION
S2_armed_coexistence_costly_transition2,1842,87.12495388711905,58.53707839290811,34.03620073431778,5.44832524010684,5.5,3.0,9.988596273529206,4.540271033422366,1019.6604320986487,34.33585862252366,39.06596126112825,0,0.0,,,,MODEL_NOT_OBSERVATION
S2_armed_coexistence_costly_transition2,1843,87.99620342599023,59.122449176837186,34.33585862252366,5.462104373370622,5.5,3.0,10.01385801784614,4.551753644475518,1029.6742901164948,34.636274363059044,39.01970458464387,0,0.0,,,,MODEL_NOT_OBSERVATION
S2_armed_coexistence_costly_transition2,1844,88.87616546025014,59.71367366860556,34.636274363059044,5.473782571414475,5.5,3.0,10.035268047593204,4.56148547617873,1039.709558164088,34.93733240448684,38.971386967128005,0,0.0,,,,MODEL_NOT_OBSERVATION
S2_armed_coexistence_costly_transition2,1845,89.76492711485264,60.31081040529162,34.93733240448684,5.483215694925818,5.5,3.0,10.052562107364,4.569346412438183,1049.7621202714522,35.23890926770776,38.92091658447529,0,0.0,,,,MODEL_NOT_OBSERVATION
S2_armed_coexistence_costly_transition2,1846,90.66257638600116,60.91391850934453,35.23890926770776,5.490251391051132,5.5,3.0,10.065460883593742,4.57520949254261,1059.827581155046,35.54087309421558,38.86819752140736,0,0.0,,,,MODEL_NOT_OBSERVATION
S2_armed_coexistence_costly_transition2,1847,91.56920214986118,61.52305769443798,35.54087309421558,5.494728638792367,5.5,3.0,10.07366917111934,4.578940532326973,1069.9012503261652,35.84308316934916,38.81312958919284,0,0.0,,,,MODEL_NOT_OBSERVATION
S2_armed_coexistence_costly_transition2,1848,92.4848941713598,62.138288271382365,35.84308316934916,5.496477269371724,5.5,3.0,10.07687499384816,4.580397724476436,1079.9781253200133,36.1453894191646,38.755608135245986,0,0.0,,,,MODEL_NOT_OBSERVATION
S3_adaptive_blockade_transition1,1811,60.0,57.199999999999996,24.4,21.599999999999994,5.5,3.0,39.599999999999994,18.0,728.0651446811936,25.587999999999997,40.666666666666664,0,18.199999999999996,,,,MODEL_NOT_OBSERVATION
S3_adaptive_blockade_transition1,1812,60.3,39.19499999999999,25.587999999999997,4.48299999999999,5.5,3.0,8.218833333333315,3.735833333333325,736.283978014527,25.834564999999998,42.434494195688224,0,0.0,,,,MODEL_NOT_OBSERVATION
