## Sheet: B2_model_paths.csv (continued)
scenario,year,revenue,primary_spending,interest_paid,cash_deficit,new_issue_running_cost_pct,assumed_new_coupon_pct,nominal_face_increase,issue_discount_adjustment,end_debt_face_proxy,next_year_interest,interest_revenue_pct,automatic_tax_cut,transition_extra_primary_spending,stress60_year,stress70_year,financing30_year,label
S1_early_peace_1805_transition2,1814,51.901060806178606,26.507666428353886,23.393394377824723,-2,4.25,3.0,-2.8333333333333335,-0.8333333333333335,657.2268188376433,23.308394377824722,45.0730563392258,1.1142720505291663,0.0,,,,MODEL_NOT_OBSERVATION
S1_early_peace_1805_transition2,1815,52.147406636533034,26.83901225870831,23.308394377824722,-2,4.25,3.0,-2.8333333333333335,-0.8333333333333335,654.39348550431,23.22339437782472,44.697130463810076,1.5306178808835824,0.0,,,,MODEL_NOT_OBSERVATION
S1_early_peace_1805_transition2,1816,52.39789428976688,27.174499911942164,23.22339437782472,-2,4.25,3.0,-2.8333333333333335,-0.8333333333333335,651.5601521709766,23.13839437782472,44.32123598211115,1.9511055341174455,0.0,,,,MODEL_NOT_OBSERVATION
S1_early_peace_1805_transition2,1817,52.652575538666156,27.51418116084144,23.13839437782472,-2,4.25,3.0,-2.8333333333333335,-0.8333333333333335,648.7268188376432,23.05339437782472,43.945417942248085,2.3757867830167214,0.0,,,,MODEL_NOT_OBSERVATION
S1_early_peace_1805_transition2,1818,52.911502803176674,27.858108425351954,23.05339437782472,-2,4.25,3.0,-2.8333333333333335,-0.8333333333333335,645.8934855043099,22.96839437782472,43.56972143388196,2.8047140475272343,0.0,,,,MODEL_NOT_OBSERVATION
S1_early_peace_1805_transition2,1819,53.17472915849358,28.206334780668854,22.96839437782472,-2,4.25,3.0,-2.8333333333333335,-0.8333333333333335,643.0601521709765,22.883394377824718,43.194191566758526,3.2379404028441314,0.0,,,,MODEL_NOT_OBSERVATION
S1_early_peace_1805_transition2,1820,53.44230834325194,28.558913965427216,22.883394377824718,-2,4.25,3.0,-2.8333333333333335,-0.8333333333333335,640.2268188376431,22.798394377824717,42.8188734491933,3.675519587602494,0.0,,,,MODEL_NOT_OBSERVATION
S1_early_peace_1805_transition2,1821,53.714294767819766,28.91590038999505,22.798394377824717,-2,4.25,3.0,-2.8333333333333335,-0.8333333333333335,637.3934855043098,22.713394377824716,42.44381216652077,4.117506012170331,0.0,,,,MODEL_NOT_OBSERVATION
S1_early_peace_1805_transition2,1822,53.9907435226947,29.277349144869987,22.713394377824716,-2,4.25,3.0,-2.8333333333333335,-0.8333333333333335,634.5601521709764,22.628394377824716,42.069052759529555,4.563954767045274,0.0,,,,MODEL_NOT_OBSERVATION
S1_early_peace_1805_transition2,1823,54.27171038700558,29.64331600918086,22.628394377824716,-2,4.25,3.0,-2.8333333333333335,-0.8333333333333335,631.726818837643,22.543394377824715,41.69464020290522,5.014921631356145,0.0,,,,MODEL_NOT_OBSERVATION
S1_early_peace_1805_transition2,1824,54.55725183712033,30.01385745929562,22.543394377824715,-2,4.25,3.0,-2.8333333333333335,-0.8333333333333335,628.8934855043096,22.458394377824714,41.320619383702834,5.4704630814709105,0.0,,,,MODEL_NOT_OBSERVATION
S1_early_peace_1805_transition2,1825,54.847425055361526,30.389030677536816,22.458394377824714,-2,4.25,3.0,-2.8333333333333335,-0.8333333333333335,626.0601521709763,22.373394377824713,40.94703507987077,5.930636299712106,0.0,,,,MODEL_NOT_OBSERVATION
S1_early_peace_1805_transition2,1826,55.142287938830734,30.768893561006024,22.373394377824713,-2,4.25,3.0,-2.8333333333333335,-0.8333333333333335,623.2268188376429,22.288394377824712,40.5739319388479,6.395499183181315,0.0,,,,MODEL_NOT_OBSERVATION
S1_early_peace_1805_transition2,1827,55.44189910834331,31.1535047305186,22.288394377824712,-2,4.25,3.0,-2.8333333333333335,-0.8333333333333335,620.3934855043095,22.20339437782471,40.201354456255615,6.86511035269389,0.0,,,,MODEL_NOT_OBSERVATION
S1_early_peace_1805_transition2,1828,55.7463179174748,31.542923539650083,22.20339437782471,-2,4.25,3.0,-2.8333333333333335,-0.8333333333333335,617.5601521709762,22.11839437782471,39.82934695470642,7.339529161825368,0.0,,,,MODEL_NOT_OBSERVATION
S1_early_peace_1805_transition2,1829,56.05560446172042,31.937210083895707,22.11839437782471,-2,4.25,3.0,-2.8333333333333335,-0.8333333333333335,614.7268188376428,22.03339437782471,39.45795356275045,7.818815706070993,0.0,,,,MODEL_NOT_OBSERVATION
S1_early_peace_1805_transition2,1830,56.369819587769115,32.3364252099444,22.03339437782471,-2,4.25,3.0,-2.8333333333333335,-0.8333333333333335,611.8934855043094,21.94839437782471,39.087218193980924,8.303030832119688,0.0,,,,MODEL_NOT_OBSERVATION
S1_early_peace_1805_transition2,1831,56.68902490289341,32.7406305250687,21.94839437782471,-2,4.25,3.0,-2.8333333333333335,-0.8333333333333335,609.060152170976,21.863394377824708,38.71718452631995,8.792236147243997,0.0,,,,MODEL_NOT_OBSERVATION
S1_early_peace_1805_transition2,1832,57.01328278445676,33.14988840663206,21.863394377824708,-2,4.25,3.0,-2.8333333333333335,-0.8333333333333335,606.2268188376427,21.778394377824707,38.347895981504884,9.286494028807354,0.0,,,,MODEL_NOT_OBSERVATION
S1_early_peace_1805_transition2,1833,57.34265638953967,33.56426201171496,21.778394377824707,-2,4.25,3.0,-2.8333333333333335,-0.8333333333333335,603.3934855043093,21.693394377824706,37.97939570479591,9.785867633890248,0.0,,,,MODEL_NOT_OBSERVATION
S1_early_peace_1805_transition2,1834,57.6772096646861,33.98381528686139,21.693394377824706,-2,4.25,3.0,-2.8333333333333335,-0.8333333333333335,600.5601521709759,21.608394377824705,37.611726544924856,10.290420909036683,0.0,,,,MODEL_NOT_OBSERVATION
S1_early_peace_1805_transition2,1835,58.01700735577187,34.40861297794716,21.608394377824705,-2,4.25,3.0,-2.8333333333333335,-0.8333333333333335,597.7268188376426,21.523394377824705,37.24493103430468,10.800218600122449,0.0,,,,MODEL_NOT_OBSERVATION
S1_early_peace_1805_transition2,1836,58.3621150179962,34.838720640171495,21.523394377824705,-2,4.25,3.0,-2.8333333333333335,-0.8333333333333335,594.8934855043092,21.438394377824704,36.87905136951921,11.315326262346787,0.0,,,,MODEL_NOT_OBSERVATION
S1_early_peace_1805_transition2,1837,58.712599025998344,35.274204648173644,21.438394377824704,-2,4.25,3.0,-2.8333333333333335,-0.8333333333333335,592.0601521709758,21.353394377824703,36.51412939211162,11.835810270348944,0.0,,,,MODEL_NOT_OBSERVATION
S1_early_peace_1805_transition2,1838,59.06852658410051,35.71513220627581,21.353394377824703,-2,4.25,3.0,-2.8333333333333335,-0.8333333333333335,589.2268188376424,21.268394377824702,36.1502065696902,12.361737828451112,0.0,,,,MODEL_NOT_OBSERVATION
S1_early_peace_1805_transition2,1839,59.42996573667895,36.16157135885425,21.268394377824702,-2,4.25,3.0,-2.8333333333333335,-0.8333333333333335,586.3934855043091,21.1833943778247,35.78732397736902,12.893176981029555,0.0,,,,MODEL_NOT_OBSERVATION
S1_early_peace_1805_transition2,1840,59.79698537866463,36.61359100083993,21.1833943778247,-2,4.25,3.0,-2.8333333333333335,-0.8333333333333335,583.5601521709757,21.0983943778247,35.42552227956105,13.430196623015235,0.0,,,,MODEL_NOT_OBSERVATION
S1_early_peace_1805_transition2,1841,60.16965526617513,37.07126088835043,21.0983943778247,-2,4.25,3.0,-2.8333333333333335,-0.8333333333333335,580.7268188376423,21.0133943778247,35.06484171214014,13.972866510525733,0.0,,,,MODEL_NOT_OBSERVATION
S1_early_peace_1805_transition2,1842,60.54804602727951,37.53465164945481,21.0133943778247,-2,4.25,3.0,-2.8333333333333335,-0.8333333333333335,577.893485504309,20.9283943778247,34.70532206498829,14.521257271630105,0.0,,,,MODEL_NOT_OBSERVATION
S1_early_peace_1805_transition2,1843,60.93222917289769,38.00383479507299,20.9283943778247,-2,4.25,3.0,-2.8333333333333335,-0.8333333333333335,575.0601521709756,20.843394377824698,34.347002664943574,15.075440417248288,0.0,,,,MODEL_NOT_OBSERVATION
S1_early_peace_1805_transition2,1844,61.3222771078361,38.47888273001141,20.843394377824698,-2,4.25,3.0,-2.8333333333333335,-0.8333333333333335,572.2268188376422,20.758394377824697,33.989922359163685,15.635488352186712,0.0,,,,MODEL_NOT_OBSERVATION
S1_early_peace_1805_transition2,1845,61.718263141961245,38.959868764136544,20.758394377824697,-2,4.25,3.0,-2.8333333333333335,-0.8333333333333335,569.3934855043088,20.673394377824696,33.634119498919276,16.201474386311844,0.0,,,,MODEL_NOT_OBSERVATION
S1_early_peace_1805_transition2,1846,62.12026150151294,39.44686712368825,20.673394377824696,-2,4.25,3.0,-2.8333333333333335,-0.8333333333333335,566.5601521709755,20.588394377824695,33.279631923830834,16.773472745863558,0.0,,,,MODEL_NOT_OBSERVATION
S1_early_peace_1805_transition2,1847,62.52834734055904,39.939952962734345,20.588394377824695,-2,4.25,3.0,-2.8333333333333335,-0.8333333333333335,563.7268188376421,20.503394377824694,32.92649694656175,17.351558584909654,0.0,,,,MODEL_NOT_OBSERVATION
S1_early_peace_1805_transition2,1848,62.94259675259322,40.43920237476853,20.503394377824694,-2,4.25,3.0,-2.8333333333333335,-0.8333333333333335,560.8934855043087,20.418394377824693,32.57475133797997,17.935807996943836,0.0,,,,MODEL_NOT_OBSERVATION
S2_armed_coexistence_disciplined_transition1,1811,66.0,57.199999999999996,24.4,15.599999999999994,5.0,3.0,25.999999999999993,10.399999999999999,714.4651446811936,25.18,36.96969696969697,0,15.199999999999996,,,,MODEL_NOT_OBSERVATION
S2_armed_coexistence_disciplined_transition1,1812,66.66,42.42,25.18,0.9399999999999977,5.0,3.0,1.566666666666663,0.6266666666666654,716.0318113478603,25.227,37.77377737773778,0,0.0,,,,MODEL_NOT_OBSERVATION
S2_armed_coexistence_disciplined_transition1,1813,67.3266,42.8442,25.227,0.7446000000000055,5.0,3.0,1.2410000000000092,0.4964000000000037,717.2728113478603,25.26423,37.46958854301272,0,0.0,,,,MODEL_NOT_OBSERVATION
S2_armed_coexistence_disciplined_transition1,1814,67.99986600000001,43.272642000000005,25.26423,0.537005999999991,5.0,3.0,0.895009999999985,0.358003999999994,718.1678213478602,25.2910803,37.15335262572429,0,0.0,,,,MODEL_NOT_OBSERVATION
S2_armed_coexistence_disciplined_transition1,1815,68.67986466,43.70536842,25.2910803,0.3165840599999967,5.0,3.0,0.5276400999999946,0.2110560399999979,718.6954614478602,25.306909503,36.82459251369177,0,0.0,,,,MODEL_NOT_OBSERVATION
S2_armed_coexistence_disciplined_transition1,1816,69.3666633066,44.14242210420001,25.306909503,0.0826683006000053,5.0,3.0,0.13778050100000883,0.05511220040000353,718.8332419488602,25.31104291803,36.48281219920251,0,0.0,,,,MODEL_NOT_OBSERVATION
S2_armed_coexistence_disciplined_transition1,1817,70.060329939666,44.58384632524201,25.31104291803,-0.1654406963940005,5.0,3.0,-0.2757344939900009,-0.11029379759600039,718.5575074548701,25.3027708832103,36.12749603067408,0,0.0,,,,MODEL_NOT_OBSERVATION
S2_armed_coexistence_disciplined_transition1,1818,70.76093323906267,45.02968478849442,25.3027708832103,-0.4284775673579446,5.0,3.0,-0.7141292789299079,-0.28565171157196323,717.8433781759402,25.281347004842402,35.758107934679174,0,0.0,,,,MODEL_NOT_OBSERVATION
S2_armed_coexistence_disciplined_transition1,1819,71.4685425714533,45.47998163637937,25.281347004842402,-0.7072139302315179,5.0,3.0,-1.1786898837191966,-0.4714759534876787,716.664688292221,25.245986308330828,35.374090607159715,0,0.0,,,,MODEL_NOT_OBSERVATION
S2_armed_coexistence_disciplined_transition1,1820,72.18322799716782,45.93478145274316,25.245986308330828,-1.0024602360938388,5.0,3.0,-1.6707670601563982,-0.6683068240625594,714.9939212320645,25.195863296526134,34.97486467260979,0,0.0,,,,MODEL_NOT_OBSERVATION
S2_armed_coexistence_disciplined_transition1,1821,72.9050602771395,46.39412926727059,25.195863296526134,-1.3150677133427706,5.0,3.0,-2.1917795222379515,-0.8767118088951809,712.8021417098265,25.130109910858994,34.55982780995887,0,0.0,,,,MODEL_NOT_OBSERVATION
S2_armed_coexistence_disciplined_transition1,1822,73.48818047080229,46.85807055994329,25.130109910858994,-1.5,5.0,3.0,-2.5000000000000004,-1.0000000000000004,710.3021417098265,25.055109910858995,34.196124805190244,0.1459304091086011,0.0,,,,MODEL_NOT_OBSERVATION
S2_armed_coexistence_disciplined_transition1,1823,73.88176117640172,47.32665126554273,25.055109910858995,-1.5,5.0,3.0,-2.5000000000000004,-1.0000000000000004,707.8021417098265,24.980109910858996,33.91244268126861,0.4886908123082776,0.0,,,,MODEL_NOT_OBSERVATION
