## Sheet: B2_model_paths.csv (continued)
scenario,year,revenue,primary_spending,interest_paid,cash_deficit,new_issue_running_cost_pct,assumed_new_coupon_pct,nominal_face_increase,issue_discount_adjustment,end_debt_face_proxy,next_year_interest,interest_revenue_pct,automatic_tax_cut,transition_extra_primary_spending,stress60_year,stress70_year,financing30_year,label
grid_R60_G50_y0.07_Iadjust-2,1824,60,50,39.88207800233221,29.882078002332207,7.000000000000001,3.0,69.7248486721085,39.842770669776286,1340.9259267643758,41.97382346249546,66.47013000388701,0,0,1822,,,MODEL_NOT_OBSERVATION
grid_R60_G50_y0.07_Iadjust-2,1825,60,50,41.97382346249546,31.97382346249546,7.000000000000001,3.0,74.60558807915609,42.63176461666063,1415.531514843532,44.211991104870144,69.95637243749243,0,0,1822,,1825,MODEL_NOT_OBSERVATION
grid_R60_G50_y0.07_Iadjust-2,1826,60,50,44.211991104870144,34.21199110487015,7.000000000000001,3.0,79.82797924469702,45.61598813982687,1495.359494088229,46.60683048221105,73.68665184145023,0,0,1822,1826,1825,MODEL_NOT_OBSERVATION
grid_R60_G50_y0.07_Iadjust-2,1827,60,50,46.60683048221105,36.60683048221105,7.000000000000001,3.0,85.4159377918258,48.809107309614745,1580.7754318800548,49.169308615965825,77.67805080368508,0,0,1822,1826,1825,MODEL_NOT_OBSERVATION
grid_R60_G50_y0.07_Iadjust-2,1828,60,50,49.169308615965825,39.16930861596583,7.000000000000001,3.0,91.39505343725361,52.225744821287776,1672.1704853173085,51.911160219083435,81.94884769327638,0,0,1822,1826,1825,MODEL_NOT_OBSERVATION
grid_R60_G50_y0.07_Iadjust-2,1829,60,50,51.911160219083435,41.91116021908343,7.000000000000001,3.0,97.79270717786133,55.8815469587779,1769.9631924951698,54.844941434419276,86.51860036513905,0,0,1822,1826,1825,MODEL_NOT_OBSERVATION
grid_R60_G50_y0.07_Iadjust-2,1830,60,50,54.844941434419276,44.84494143441927,7.000000000000001,3.0,104.63819668031164,59.79325524589237,1874.6013891754815,57.98408733482862,91.40823572403212,0,0,1822,1826,1825,MODEL_NOT_OBSERVATION
grid_R60_G50_y0.07_Iadjust-2,1831,60,50,57.98408733482862,47.984087334828615,7.000000000000001,3.0,111.96287044793345,63.97878311310484,1986.564259623415,61.342973448266626,96.6401455580477,0,0,1822,1826,1825,MODEL_NOT_OBSERVATION
grid_R60_G50_y0.07_Iadjust-2,1832,60,50,61.342973448266626,51.34297344826663,7.000000000000001,3.0,119.80027137928883,68.4572979310222,2106.3645310027036,64.93698158964528,102.23828908044436,0,0,1822,1826,1825,MODEL_NOT_OBSERVATION
grid_R60_G50_y0.07_Iadjust-2,1833,60,50,64.93698158964528,54.936981589645285,7.000000000000001,3.0,128.186290375839,73.24930878619372,2234.5508213785424,68.78257030092045,108.22830264940882,0,0,1822,1826,1825,MODEL_NOT_OBSERVATION
grid_R60_G50_y0.07_Iadjust-2,1834,60,50,68.78257030092045,58.782570300920455,7.000000000000001,3.0,137.15933070214774,78.37676040122729,2371.71015208069,72.89735022198488,114.63761716820076,0,0,1822,1826,1825,MODEL_NOT_OBSERVATION
grid_R60_G50_y0.07_Iadjust-2,1835,60,50,72.89735022198488,62.89735022198488,7.000000000000001,3.0,146.7604838512981,83.86313362931321,2518.470635931988,77.30016473752383,121.49558370330813,0,0,1822,1826,1825,MODEL_NOT_OBSERVATION
grid_R60_G50_y0.07_Iadjust-2,1836,60,50,77.30016473752383,67.30016473752383,7.000000000000001,3.0,157.03371772088894,89.73355298336512,2675.504353652877,82.0111762691505,128.83360789587306,0,0,1822,1826,1825,MODEL_NOT_OBSERVATION
grid_R60_G50_y0.07_Iadjust-2,1837,60,50,82.0111762691505,72.0111762691505,7.000000000000001,3.0,168.02607796135118,96.01490169220068,2843.5304316142283,87.05195860799103,136.6852937819175,0,0,1822,1826,1825,MODEL_NOT_OBSERVATION
grid_R60_G50_y0.07_Iadjust-2,1838,60,50,87.05195860799103,77.05195860799103,7.000000000000001,3.0,179.78790341864575,102.73594481065473,3023.318335032874,92.44559571055039,145.08659767998503,0,0,1822,1826,1825,MODEL_NOT_OBSERVATION
grid_R60_G50_y0.07_Iadjust-2,1839,60,50,92.44559571055039,82.44559571055038,7.000000000000001,3.0,192.37305665795088,109.9274609474005,3215.691391690825,98.21678741028892,154.07599285091734,0,0,1822,1826,1825,MODEL_NOT_OBSERVATION
grid_R60_G50_y0.07_Iadjust-2,1840,60,50,98.21678741028892,88.21678741028893,7.000000000000001,3.0,205.83917062400755,117.62238321371862,3421.530562314833,104.39196252900913,163.69464568381485,0,0,1822,1826,1825,MODEL_NOT_OBSERVATION
grid_R60_G50_y0.07_Iadjust-2,1841,60,50,104.39196252900913,94.39196252900913,7.000000000000001,3.0,220.24791256768802,125.85595003867888,3641.778474882521,110.99939990603977,173.9866042150152,0,0,1822,1826,1825,MODEL_NOT_OBSERVATION
grid_R60_G50_y0.07_Iadjust-2,1842,60,50,110.99939990603977,100.99939990603977,7.000000000000001,3.0,235.66526644742615,134.66586654138638,3877.4437413299474,118.06935789946256,184.99899984339962,0,0,1822,1826,1825,MODEL_NOT_OBSERVATION
grid_R60_G50_y0.07_Iadjust-2,1843,60,50,118.06935789946256,108.06935789946255,7.000000000000001,3.0,252.16183509874597,144.09247719928342,4129.605576428693,125.63421295242495,196.78226316577096,0,0,1822,1826,1825,MODEL_NOT_OBSERVATION
grid_R60_G50_y0.07_Iadjust-2,1844,60,50,125.63421295242495,115.63421295242495,7.000000000000001,3.0,269.8131635556582,154.17895060323326,4399.418739984351,133.7286078590947,209.39035492070826,0,0,1822,1826,1825,MODEL_NOT_OBSERVATION
grid_R60_G50_y0.07_Iadjust-2,1845,60,50,133.7286078590947,123.7286078590947,7.000000000000001,3.0,288.70008500455435,164.97147714545966,4688.1188249889055,142.38961040923132,222.88101309849117,0,0,1822,1826,1825,MODEL_NOT_OBSERVATION
grid_R60_G50_y0.07_Iadjust-2,1846,60,50,142.38961040923132,132.38961040923132,7.000000000000001,3.0,308.90909095487314,176.5194805456418,4997.027915943779,151.65688313787751,237.31601734871884,0,0,1822,1826,1825,MODEL_NOT_OBSERVATION
grid_R60_G50_y0.07_Iadjust-2,1847,60,50,151.65688313787751,141.65688313787751,7.000000000000001,3.0,330.5327273217142,188.8758441838367,5327.560643265493,161.57286495752894,252.76147189646255,0,0,1822,1826,1825,MODEL_NOT_OBSERVATION
grid_R60_G50_y0.07_Iadjust-2,1848,60,50,161.57286495752894,151.57286495752894,7.000000000000001,3.0,353.67001823423425,202.0971532767053,5681.230661499727,172.18296550455597,269.28810826254823,0,0,1822,1826,1825,MODEL_NOT_OBSERVATION
grid_R60_G50_y0.07_Iadjust0,1811,60,50,24.4,14.400000000000006,7.000000000000001,3.0,33.600000000000016,19.20000000000001,722.0651446811936,25.407999999999998,40.666666666666664,0,0,,,,MODEL_NOT_OBSERVATION
grid_R60_G50_y0.07_Iadjust0,1812,60,50,25.407999999999998,15.408000000000001,7.000000000000001,3.0,35.952000000000005,20.544000000000004,758.0171446811936,26.486559999999997,42.34666666666666,0,0,,,,MODEL_NOT_OBSERVATION
grid_R60_G50_y0.07_Iadjust0,1813,60,50,26.486559999999997,16.486559999999997,7.000000000000001,3.0,38.46863999999999,21.982079999999996,796.4857846811935,27.640619199999996,44.14426666666666,0,0,,,,MODEL_NOT_OBSERVATION
grid_R60_G50_y0.07_Iadjust0,1814,60,50,27.640619199999996,17.640619200000003,7.000000000000001,3.0,41.16144480000001,23.52082560000001,837.6472294811936,28.875462543999998,46.067698666666665,0,0,,,,MODEL_NOT_OBSERVATION
grid_R60_G50_y0.07_Iadjust0,1815,60,50,28.875462543999998,18.875462544,7.000000000000001,3.0,44.04274593600001,25.16728339200001,881.6899754171935,30.196744922079997,48.125770906666666,0,0,,,,MODEL_NOT_OBSERVATION
grid_R60_G50_y0.07_Iadjust0,1816,60,50,30.196744922079997,20.19674492208,7.000000000000001,3.0,47.12573815152001,26.92899322944001,928.8157135687136,31.610517066625597,50.32790820346666,0,0,,,,MODEL_NOT_OBSERVATION
grid_R60_G50_y0.07_Iadjust0,1817,60,50,31.610517066625597,21.61051706662559,7.000000000000001,3.0,50.424539822126384,28.814022755500794,979.2402533908399,33.12325326128939,52.68419511104266,0,0,,,,MODEL_NOT_OBSERVATION
grid_R60_G50_y0.07_Iadjust0,1818,60,50,33.12325326128939,23.123253261289392,7.000000000000001,3.0,53.95425760967526,30.831004348385868,1033.1945110005151,34.74188098957965,55.20542210214898,0,0,,,,MODEL_NOT_OBSERVATION
grid_R60_G50_y0.07_Iadjust0,1819,60,50,34.74188098957965,24.74188098957964,7.000000000000001,3.0,57.7310556423525,32.98917465277286,1090.9255666428676,36.47381265885022,57.90313498263274,0,0,,,,MODEL_NOT_OBSERVATION
grid_R60_G50_y0.07_Iadjust0,1820,60,50,36.47381265885022,26.47381265885022,7.000000000000001,3.0,61.77222953731719,35.298416878466966,1152.6977961801847,38.32697954496974,60.78968776475037,0,0,1820,,,MODEL_NOT_OBSERVATION
grid_R60_G50_y0.07_Iadjust0,1821,60,50,38.32697954496974,28.32697954496973,7.000000000000001,3.0,66.09628560492938,37.769306059959646,1218.794081785114,40.309868113117616,63.87829924161623,0,0,1820,,,MODEL_NOT_OBSERVATION
grid_R60_G50_y0.07_Iadjust0,1822,60,50,40.309868113117616,30.309868113117616,7.000000000000001,3.0,70.72302559727446,40.41315748415684,1289.5171073823885,42.43155888103585,67.1831135218627,0,0,1820,,1822,MODEL_NOT_OBSERVATION
grid_R60_G50_y0.07_Iadjust0,1823,60,50,42.43155888103585,32.43155888103584,7.000000000000001,3.0,75.67363738908364,43.2420785080478,1365.190744771472,44.701768002708356,70.71926480172641,0,0,1820,1823,1822,MODEL_NOT_OBSERVATION
grid_R60_G50_y0.07_Iadjust0,1824,60,50,44.701768002708356,34.70176800270835,7.000000000000001,3.0,80.9707920063195,46.26902400361115,1446.1615367777915,47.13089176289794,74.5029466711806,0,0,1820,1823,1822,MODEL_NOT_OBSERVATION
grid_R60_G50_y0.07_Iadjust0,1825,60,50,47.13089176289794,37.13089176289793,7.000000000000001,3.0,86.63874744676185,49.50785568386392,1532.8002842245535,49.73005418630079,78.55148627149656,0,0,1820,1823,1822,MODEL_NOT_OBSERVATION
grid_R60_G50_y0.07_Iadjust0,1826,60,50,49.73005418630079,39.73005418630079,7.000000000000001,3.0,92.7034597680352,52.97340558173441,1625.5037439925886,52.511157979341846,82.88342364383465,0,0,1820,1823,1822,MODEL_NOT_OBSERVATION
grid_R60_G50_y0.07_Iadjust0,1827,60,50,52.511157979341846,42.511157979341846,7.000000000000001,3.0,99.19270195179764,56.6815439724558,1724.6964459443864,55.48693903789577,87.51859663223641,0,0,1820,1823,1822,MODEL_NOT_OBSERVATION
grid_R60_G50_y0.07_Iadjust0,1828,60,50,55.48693903789577,45.48693903789578,7.000000000000001,3.0,106.1361910884235,60.64925205052772,1830.8326370328098,58.67102477054848,92.47823172982629,0,0,1820,1823,1822,MODEL_NOT_OBSERVATION
grid_R60_G50_y0.07_Iadjust0,1829,60,50,58.67102477054848,48.671024770548485,7.000000000000001,3.0,113.56572446461314,64.89469969406466,1944.398361497423,62.07799650448687,97.78504128424747,0,0,1820,1823,1822,MODEL_NOT_OBSERVATION
grid_R60_G50_y0.07_Iadjust0,1830,60,50,62.07799650448687,52.07799650448686,7.000000000000001,3.0,121.51532517713603,69.43732867264917,2065.913686674559,65.72345625980095,103.46332750747811,0,0,1820,1823,1822,MODEL_NOT_OBSERVATION
grid_R60_G50_y0.07_Iadjust0,1831,60,50,65.72345625980095,55.723456259800955,7.000000000000001,3.0,130.02139793953558,74.29794167973462,2195.9350846140946,69.62409819798702,109.53909376633493,0,0,1820,1823,1822,MODEL_NOT_OBSERVATION
grid_R60_G50_y0.07_Iadjust0,1832,60,50,69.62409819798702,59.624098197987024,7.000000000000001,3.0,139.12289579530307,79.49879759731604,2335.0579804093977,73.79778507184612,116.04016366331172,0,0,1820,1823,1822,MODEL_NOT_OBSERVATION
grid_R60_G50_y0.07_Iadjust0,1833,60,50,73.79778507184612,63.79778507184612,7.000000000000001,3.0,148.8614985009743,85.06371342912819,2483.919478910372,78.26363002687535,122.99630845307688,0,0,1820,1823,1822,MODEL_NOT_OBSERVATION
grid_R60_G50_y0.07_Iadjust0,1834,60,50,78.26363002687535,68.26363002687535,7.000000000000001,3.0,159.2818033960425,91.01817336916716,2643.2012823064147,83.04208412875663,130.43938337812557,0,0,1820,1823,1822,MODEL_NOT_OBSERVATION
grid_R60_G50_y0.07_Iadjust0,1835,60,50,83.04208412875663,73.04208412875664,7.000000000000001,3.0,170.4315296337655,97.38944550500887,2813.63281194018,88.15503001776959,138.4034735479277,0,0,1820,1823,1822,MODEL_NOT_OBSERVATION
grid_R60_G50_y0.07_Iadjust0,1836,60,50,88.15503001776959,78.1550300177696,7.000000000000001,3.0,182.3617367081291,104.20670669035948,2995.9945486483093,93.62588211901347,146.925050029616,0,0,1820,1823,1822,MODEL_NOT_OBSERVATION
grid_R60_G50_y0.07_Iadjust0,1837,60,50,93.62588211901347,83.62588211901345,7.000000000000001,3.0,195.1270582776981,111.50117615868464,3191.121606926007,99.47969386734441,156.04313686502246,0,0,1820,1823,1822,MODEL_NOT_OBSERVATION
