## Sheet: B2_model_paths.csv (continued)
scenario,year,revenue,primary_spending,interest_paid,cash_deficit,new_issue_running_cost_pct,assumed_new_coupon_pct,nominal_face_increase,issue_discount_adjustment,end_debt_face_proxy,next_year_interest,interest_revenue_pct,automatic_tax_cut,transition_extra_primary_spending,stress60_year,stress70_year,financing30_year,label
grid_R60_G50_y0.06_Iadjust0,1844,60,50,108.50449431229762,98.50449431229762,6.0,3.0,197.00898862459525,98.50449431229762,3688.957277049042,114.41476397103548,180.8408238538294,0,0,1822,1825,1824,MODEL_NOT_OBSERVATION
grid_R60_G50_y0.06_Iadjust0,1845,60,50,114.41476397103548,104.41476397103548,6.0,3.0,208.82952794207097,104.41476397103548,3897.786804991113,120.67964980929762,190.69127328505914,0,0,1822,1825,1824,MODEL_NOT_OBSERVATION
grid_R60_G50_y0.06_Iadjust0,1846,60,50,120.67964980929762,110.67964980929762,6.0,3.0,221.35929961859523,110.67964980929762,4119.146104609708,127.32042879785547,201.1327496821627,0,0,1822,1825,1824,MODEL_NOT_OBSERVATION
grid_R60_G50_y0.06_Iadjust0,1847,60,50,127.32042879785547,117.32042879785547,6.0,3.0,234.64085759571094,117.32042879785547,4353.7869622054195,134.3596545257268,212.20071466309247,0,0,1822,1825,1824,MODEL_NOT_OBSERVATION
grid_R60_G50_y0.06_Iadjust0,1848,60,50,134.3596545257268,124.3596545257268,6.0,3.0,248.7193090514536,124.3596545257268,4602.506271256873,141.8212337972704,223.932757542878,0,0,1822,1825,1824,MODEL_NOT_OBSERVATION
grid_R60_G50_y0.06_Iadjust2,1811,60,50,26.4,16.400000000000006,6.0,3.0,32.80000000000001,16.400000000000006,721.2651446811935,27.384,44.0,0,0,,,,MODEL_NOT_OBSERVATION
grid_R60_G50_y0.06_Iadjust2,1812,60,50,27.384,17.384,6.0,3.0,34.768,17.384,756.0331446811936,28.42704,45.64,0,0,,,,MODEL_NOT_OBSERVATION
grid_R60_G50_y0.06_Iadjust2,1813,60,50,28.42704,18.427040000000005,6.0,3.0,36.85408000000001,18.427040000000005,792.8872246811936,29.532662400000003,47.378400000000006,0,0,,,,MODEL_NOT_OBSERVATION
grid_R60_G50_y0.06_Iadjust2,1814,60,50,29.532662400000003,19.532662400000007,6.0,3.0,39.065324800000006,19.5326624,831.9525494811936,30.704622144000002,49.221104000000004,0,0,,,,MODEL_NOT_OBSERVATION
grid_R60_G50_y0.06_Iadjust2,1815,60,50,30.704622144000002,20.704622144,6.0,3.0,41.409244288000004,20.704622144000005,873.3617937691936,31.946899472640002,51.17437024,0,0,,,,MODEL_NOT_OBSERVATION
grid_R60_G50_y0.06_Iadjust2,1816,60,50,31.946899472640002,21.94689947264,6.0,3.0,43.89379894528,21.94689947264,917.2555927144736,33.2637134409984,53.244832454400004,0,0,,,,MODEL_NOT_OBSERVATION
grid_R60_G50_y0.06_Iadjust2,1817,60,50,33.2637134409984,23.2637134409984,6.0,3.0,46.5274268819968,23.2637134409984,963.7830195964704,34.659536247458306,55.439522401664,0,0,,,,MODEL_NOT_OBSERVATION
grid_R60_G50_y0.06_Iadjust2,1818,60,50,34.659536247458306,24.659536247458306,6.0,3.0,49.31907249491661,24.659536247458306,1013.102092091387,36.1391084223058,57.76589374576384,0,0,,,,MODEL_NOT_OBSERVATION
grid_R60_G50_y0.06_Iadjust2,1819,60,50,36.1391084223058,26.13910842230581,6.0,3.0,52.27821684461162,26.13910842230581,1065.3803089359985,37.70745492764415,60.23184737050967,0,0,1819,,,MODEL_NOT_OBSERVATION
grid_R60_G50_y0.06_Iadjust2,1820,60,50,37.70745492764415,27.70745492764415,6.0,3.0,55.4149098552883,27.70745492764415,1120.7952187912867,39.3699022233028,62.84575821274026,0,0,1819,,,MODEL_NOT_OBSERVATION
grid_R60_G50_y0.06_Iadjust2,1821,60,50,39.3699022233028,29.3699022233028,6.0,3.0,58.7398044466056,29.3699022233028,1179.5350232378923,41.13209635670097,65.61650370550467,0,0,1819,,,MODEL_NOT_OBSERVATION
grid_R60_G50_y0.06_Iadjust2,1822,60,50,41.13209635670097,31.13209635670097,6.0,3.0,62.26419271340194,31.13209635670097,1241.7992159512942,43.00002213810303,68.55349392783495,0,0,1819,,1822,MODEL_NOT_OBSERVATION
grid_R60_G50_y0.06_Iadjust2,1823,60,50,43.00002213810303,33.00002213810302,6.0,3.0,66.00004427620604,33.00002213810302,1307.7992602275003,44.980023466389206,71.66670356350504,0,0,1819,1823,1822,MODEL_NOT_OBSERVATION
grid_R60_G50_y0.06_Iadjust2,1824,60,50,44.980023466389206,34.98002346638921,6.0,3.0,69.96004693277843,34.98002346638921,1377.7593071602787,47.07882487437256,74.96670577731534,0,0,1819,1823,1822,MODEL_NOT_OBSERVATION
grid_R60_G50_y0.06_Iadjust2,1825,60,50,47.07882487437256,37.07882487437256,6.0,3.0,74.15764974874511,37.07882487437256,1451.9169569090238,49.30355436683491,78.46470812395427,0,0,1819,1823,1822,MODEL_NOT_OBSERVATION
grid_R60_G50_y0.06_Iadjust2,1826,60,50,49.30355436683491,39.3035543668349,6.0,3.0,78.6071087336698,39.3035543668349,1530.5240656426936,51.661767628845006,82.17259061139151,0,0,1819,1823,1822,MODEL_NOT_OBSERVATION
grid_R60_G50_y0.06_Iadjust2,1827,60,50,51.661767628845006,41.66176762884501,6.0,3.0,83.32353525769003,41.66176762884501,1613.8476009003837,54.161473686575704,86.10294604807501,0,0,1819,1823,1822,MODEL_NOT_OBSERVATION
grid_R60_G50_y0.06_Iadjust2,1828,60,50,54.161473686575704,44.161473686575704,6.0,3.0,88.32294737315141,44.161473686575704,1702.1705482735351,56.811162107770244,90.2691228109595,0,0,1819,1823,1822,MODEL_NOT_OBSERVATION
grid_R60_G50_y0.06_Iadjust2,1829,60,50,56.811162107770244,46.811162107770244,6.0,3.0,93.62232421554049,46.811162107770244,1795.7928724890755,59.61983183423646,94.68527017961708,0,0,1819,1823,1822,MODEL_NOT_OBSERVATION
grid_R60_G50_y0.06_Iadjust2,1830,60,50,59.61983183423646,49.619831834236464,6.0,3.0,99.23966366847293,49.619831834236464,1895.0325361575485,62.59702174429064,99.36638639039408,0,0,1819,1823,1822,MODEL_NOT_OBSERVATION
grid_R60_G50_y0.06_Iadjust2,1831,60,50,62.59702174429064,52.59702174429064,6.0,3.0,105.19404348858129,52.59702174429064,2000.2265796461297,65.75284304894808,104.32836957381775,0,0,1819,1823,1822,MODEL_NOT_OBSERVATION
grid_R60_G50_y0.06_Iadjust2,1832,60,50,65.75284304894808,55.75284304894808,6.0,3.0,111.50568609789616,55.75284304894808,2111.732265744026,69.09801363188497,109.5880717482468,0,0,1819,1823,1822,MODEL_NOT_OBSERVATION
grid_R60_G50_y0.06_Iadjust2,1833,60,50,69.09801363188497,59.09801363188497,6.0,3.0,118.19602726376993,59.09801363188497,2229.9282930077957,72.64389444979807,115.16335605314161,0,0,1819,1823,1822,MODEL_NOT_OBSERVATION
grid_R60_G50_y0.06_Iadjust2,1834,60,50,72.64389444979807,62.64389444979807,6.0,3.0,125.28778889959614,62.64389444979807,2355.216081907392,76.40252811678596,121.07315741633012,0,0,1819,1823,1822,MODEL_NOT_OBSERVATION
grid_R60_G50_y0.06_Iadjust2,1835,60,50,76.40252811678596,66.40252811678596,6.0,3.0,132.80505623357192,66.40252811678596,2488.021138140964,80.38667980379311,127.33754686130993,0,0,1819,1823,1822,MODEL_NOT_OBSERVATION
grid_R60_G50_y0.06_Iadjust2,1836,60,50,80.38667980379311,70.38667980379313,6.0,3.0,140.77335960758626,70.38667980379313,2628.7944977485504,84.6098805920207,133.97779967298854,0,0,1819,1823,1822,MODEL_NOT_OBSERVATION
grid_R60_G50_y0.06_Iadjust2,1837,60,50,84.6098805920207,74.60988059202072,6.0,3.0,149.21976118404143,74.60988059202072,2778.014258932592,89.08647342754195,141.01646765336784,0,0,1819,1823,1822,MODEL_NOT_OBSERVATION
grid_R60_G50_y0.06_Iadjust2,1838,60,50,89.08647342754195,79.08647342754193,6.0,3.0,158.17294685508386,79.08647342754193,2936.187205787676,93.83166183319446,148.4774557125699,0,0,1819,1823,1822,MODEL_NOT_OBSERVATION
grid_R60_G50_y0.06_Iadjust2,1839,60,50,93.83166183319446,83.83166183319446,6.0,3.0,167.66332366638892,83.83166183319446,3103.8505294540646,98.86156154318613,156.3861030553241,0,0,1819,1823,1822,MODEL_NOT_OBSERVATION
grid_R60_G50_y0.06_Iadjust2,1840,60,50,98.86156154318613,88.86156154318613,6.0,3.0,177.72312308637225,88.86156154318613,3281.573652540437,104.1932552357773,164.76926923864355,0,0,1819,1823,1822,MODEL_NOT_OBSERVATION
grid_R60_G50_y0.06_Iadjust2,1841,60,50,104.1932552357773,94.19325523577731,6.0,3.0,188.38651047155463,94.19325523577731,3469.9601630119914,109.84485054992393,173.65542539296217,0,0,1819,1823,1822,MODEL_NOT_OBSERVATION
grid_R60_G50_y0.06_Iadjust2,1842,60,50,109.84485054992393,99.84485054992393,6.0,3.0,199.68970109984787,99.84485054992393,3669.649864111839,115.83554158291938,183.0747509165399,0,0,1819,1823,1822,MODEL_NOT_OBSERVATION
grid_R60_G50_y0.06_Iadjust2,1843,60,50,115.83554158291938,105.83554158291938,6.0,3.0,211.67108316583875,105.83554158291938,3881.320947277678,122.18567407789453,193.0592359715323,0,0,1819,1823,1822,MODEL_NOT_OBSERVATION
grid_R60_G50_y0.06_Iadjust2,1844,60,50,122.18567407789453,112.18567407789453,6.0,3.0,224.37134815578906,112.18567407789453,4105.692295433467,128.91681452256822,203.6427901298242,0,0,1819,1823,1822,MODEL_NOT_OBSERVATION
grid_R60_G50_y0.06_Iadjust2,1845,60,50,128.91681452256822,118.91681452256822,6.0,3.0,237.83362904513643,118.91681452256822,4343.525924478603,136.05182339392232,214.8613575376137,0,0,1819,1823,1822,MODEL_NOT_OBSERVATION
grid_R60_G50_y0.06_Iadjust2,1846,60,50,136.05182339392232,126.05182339392232,6.0,3.0,252.10364678784464,126.05182339392232,4595.629571266448,143.61493279755766,226.7530389898705,0,0,1819,1823,1822,MODEL_NOT_OBSERVATION
grid_R60_G50_y0.06_Iadjust2,1847,60,50,143.61493279755766,133.61493279755766,6.0,3.0,267.2298655951153,133.61493279755766,4862.859436861563,151.63182876541111,239.35822132926273,0,0,1819,1823,1822,MODEL_NOT_OBSERVATION
grid_R60_G50_y0.06_Iadjust2,1848,60,50,151.63182876541111,141.63182876541111,6.0,3.0,283.26365753082223,141.63182876541111,5146.123094392386,160.1297384913358,252.71971460901855,0,0,1819,1823,1822,MODEL_NOT_OBSERVATION
grid_R60_G50_y0.07_Iadjust-2,1811,60,50,22.4,12.400000000000006,7.000000000000001,3.0,28.933333333333348,16.533333333333342,717.398478014527,23.268,37.33333333333333,0,0,,,,MODEL_NOT_OBSERVATION
grid_R60_G50_y0.07_Iadjust-2,1812,60,50,23.268,13.268,7.000000000000001,3.0,30.958666666666673,17.690666666666672,748.3571446811936,24.19676,38.78,0,0,,,,MODEL_NOT_OBSERVATION
grid_R60_G50_y0.07_Iadjust-2,1813,60,50,24.19676,14.196759999999998,7.000000000000001,3.0,33.125773333333335,18.929013333333337,781.482918014527,25.1905332,40.32793333333334,0,0,,,,MODEL_NOT_OBSERVATION
grid_R60_G50_y0.07_Iadjust-2,1814,60,50,25.1905332,15.190533200000004,7.000000000000001,3.0,35.44457746666668,20.254044266666675,816.9274954811937,26.253870524,41.984221999999995,0,0,,,,MODEL_NOT_OBSERVATION
grid_R60_G50_y0.07_Iadjust-2,1815,60,50,26.253870524,16.253870524000007,7.000000000000001,3.0,37.92569788933336,21.67182736533335,854.853193370527,27.39164146068,43.756450873333335,0,0,,,,MODEL_NOT_OBSERVATION
grid_R60_G50_y0.07_Iadjust-2,1816,60,50,27.39164146068,17.391641460680006,7.000000000000001,3.0,40.58049674158669,23.188855280906687,895.4336901121137,28.6090563629276,45.652735767799996,0,0,,,,MODEL_NOT_OBSERVATION
grid_R60_G50_y0.07_Iadjust-2,1817,60,50,28.6090563629276,18.609056362927603,7.000000000000001,3.0,43.42113151349774,24.812075150570138,938.8548216256114,29.91169030833253,47.68176060487933,0,0,,,,MODEL_NOT_OBSERVATION
grid_R60_G50_y0.07_Iadjust-2,1818,60,50,29.91169030833253,19.91169030833254,7.000000000000001,3.0,46.46061071944259,26.548920411110053,985.315432345054,31.30550862991581,49.85281718055422,0,0,,,,MODEL_NOT_OBSERVATION
grid_R60_G50_y0.07_Iadjust-2,1819,60,50,31.30550862991581,21.305508629915806,7.000000000000001,3.0,49.71285346980355,28.40734483988774,1035.0282858148576,32.79689423400992,52.17584771652635,0,0,,,,MODEL_NOT_OBSERVATION
grid_R60_G50_y0.07_Iadjust-2,1820,60,50,32.79689423400992,22.796894234009926,7.000000000000001,3.0,53.19275321268984,30.39585897867991,1088.2210390275475,34.39267683039061,54.66149039001653,0,0,,,,MODEL_NOT_OBSERVATION
grid_R60_G50_y0.07_Iadjust-2,1821,60,50,34.39267683039061,24.392676830390613,7.000000000000001,3.0,56.916245937578104,32.52356910718749,1145.1372849651257,36.10016420851795,57.321128050651026,0,0,,,,MODEL_NOT_OBSERVATION
grid_R60_G50_y0.07_Iadjust-2,1822,60,50,36.10016420851795,26.100164208517953,7.000000000000001,3.0,60.90038315320856,34.800218944690606,1206.0376681183343,37.92717570311421,60.166940347529916,0,0,1822,,,MODEL_NOT_OBSERVATION
grid_R60_G50_y0.07_Iadjust-2,1823,60,50,37.92717570311421,27.927175703114216,7.000000000000001,3.0,65.16340997393317,37.236234270818954,1271.2010780922674,39.88207800233221,63.21195950519035,0,0,1822,,,MODEL_NOT_OBSERVATION
