## Sheet: B2_model_paths.csv (continued)
scenario,year,revenue,primary_spending,interest_paid,cash_deficit,new_issue_running_cost_pct,assumed_new_coupon_pct,nominal_face_increase,issue_discount_adjustment,end_debt_face_proxy,next_year_interest,interest_revenue_pct,automatic_tax_cut,transition_extra_primary_spending,stress60_year,stress70_year,financing30_year,label
S2_armed_coexistence_disciplined_transition2,1832,78.2649037640032,51.76046149459277,25.004442269410426,-1.5,5.0,3.0,-2.5000000000000004,-1.0000000000000004,706.1132203282076,24.929442269410426,31.948473794598662,3.072964298928298,0.0,,,,MODEL_NOT_OBSERVATION
S2_armed_coexistence_disciplined_transition2,1833,78.70750837894911,52.278066109538685,24.929442269410426,-1.5,5.0,3.0,-2.5000000000000004,-1.0000000000000004,703.6132203282076,24.854442269410427,31.673524906142227,3.4437383646116757,0.0,,,,MODEL_NOT_OBSERVATION
S2_armed_coexistence_disciplined_transition2,1834,79.1552890400445,52.800846770634074,24.854442269410427,-1.5,5.0,3.0,-2.5000000000000004,-1.0000000000000004,701.1132203282076,24.779442269410428,31.399597640072564,3.817470170951907,0.0,,,,MODEL_NOT_OBSERVATION
S2_armed_coexistence_disciplined_transition2,1835,79.60829750775085,53.32885523834042,24.779442269410428,-1.5,5.0,3.0,-2.5000000000000004,-1.0000000000000004,698.6132203282076,24.70444226941043,31.126707950258382,4.194189295355528,0.0,,,,MODEL_NOT_OBSERVATION
S2_armed_coexistence_disciplined_transition2,1836,80.06658606013426,53.86214379072382,24.70444226941043,-1.5,5.0,3.0,-2.5000000000000004,-1.0000000000000004,696.1132203282076,24.62944226941043,30.854871532621715,4.573925611003176,0.0,,,,MODEL_NOT_OBSERVATION
S2_armed_coexistence_disciplined_transition2,1837,80.53020749804149,54.400765228631066,24.62944226941043,-1.5,5.0,3.0,-2.5000000000000004,-1.0000000000000004,693.6132203282076,24.55444226941043,30.584103822170604,4.956709289807321,0.0,,,,MODEL_NOT_OBSERVATION
S2_armed_coexistence_disciplined_transition2,1838,80.99921515032781,54.94477288091738,24.55444226941043,-1.5,5.0,3.0,-2.5000000000000004,-1.0000000000000004,691.1132203282076,24.47944226941043,30.31441999016833,5.34257080539949,0.0,,,,MODEL_NOT_OBSERVATION
S2_armed_coexistence_disciplined_transition2,1839,81.47366287913698,55.49422060972655,24.47944226941043,-1.5,5.0,3.0,-2.5000000000000004,-1.0000000000000004,688.6132203282076,24.40444226941043,30.04583494143958,5.731540936147596,0.0,,,,MODEL_NOT_OBSERVATION
S2_armed_coexistence_disciplined_transition2,1840,81.95360508523424,56.04916281582381,24.40444226941043,-1.5,5.0,3.0,-2.5000000000000004,-1.0000000000000004,686.1132203282076,24.329442269410432,29.778363311814125,6.123650768203177,0.0,,,,MODEL_NOT_OBSERVATION
S2_armed_coexistence_disciplined_transition2,1841,82.43909671339249,56.60965444398205,24.329442269410432,-1.5,5.0,3.0,-2.5000000000000004,-1.0000000000000004,683.6132203282076,24.254442269410433,29.51201946570824,6.518931698579308,0.0,,,,MODEL_NOT_OBSERVATION
S2_armed_coexistence_disciplined_transition2,1842,82.93019325783231,57.175750988421875,24.254442269410433,-1.5,5.0,3.0,-2.5000000000000004,-1.0000000000000004,681.1132203282076,24.179442269410433,29.246817493844112,6.917415438259198,0.0,,,,MODEL_NOT_OBSERVATION
S2_armed_coexistence_disciplined_transition2,1843,83.42695076771652,57.74750849830609,24.179442269410433,-1.5,5.0,3.0,-2.5000000000000004,-1.0000000000000004,678.6132203282076,24.104442269410434,28.982771211107334,7.319134015335905,0.0,,,,MODEL_NOT_OBSERVATION
S2_armed_coexistence_disciplined_transition2,1844,83.92942585269958,58.32498358328915,24.104442269410434,-1.5,5.0,3.0,-2.5000000000000004,-1.0000000000000004,676.1132203282076,24.029442269410435,28.719894154542363,7.724119778183365,0.0,,,,MODEL_NOT_OBSERVATION
S2_armed_coexistence_disciplined_transition2,1845,84.43767568853248,58.90823341912204,24.029442269410435,-1.5,5.0,3.0,-2.5000000000000004,-1.0000000000000004,673.6132203282076,23.954442269410436,28.458199581485978,8.132405398659301,0.0,,,,MODEL_NOT_OBSERVATION
S2_armed_coexistence_disciplined_transition2,1846,84.95175802272371,59.497315753313266,23.954442269410436,-1.5,5.0,3.0,-2.5000000000000004,-1.0000000000000004,671.1132203282076,23.879442269410436,28.197700467838317,8.544023875339988,0.0,,,,MODEL_NOT_OBSERVATION
S2_armed_coexistence_disciplined_transition2,1847,85.47173118025684,60.0922889108464,23.879442269410436,-1.5,5.0,3.0,-2.5000000000000004,-1.0000000000000004,668.6132203282076,23.804442269410437,27.938409506471256,8.959008536787508,0.0,,,,MODEL_NOT_OBSERVATION
S2_armed_coexistence_disciplined_transition2,1848,85.9976540693653,60.69321179995487,23.804442269410437,-1.5,5.0,3.0,-2.5000000000000004,-1.0000000000000004,666.1132203282076,23.729442269410438,27.680339105773616,9.377393044849498,0.0,,,,MODEL_NOT_OBSERVATION
S2_armed_coexistence_costly_transition1,1811,64.0,57.199999999999996,24.4,17.599999999999994,5.5,3.0,32.26666666666666,14.666666666666664,720.7318113478602,25.368,38.125,0,14.199999999999996,,,,MODEL_NOT_OBSERVATION
S2_armed_coexistence_costly_transition1,1812,64.64,43.43,25.368,4.158000000000001,5.5,3.0,7.623000000000002,3.4650000000000007,728.3548113478603,25.59669,39.245049504950494,0,0.0,,,,MODEL_NOT_OBSERVATION
S2_armed_coexistence_costly_transition1,1813,65.2864,43.8643,25.59669,4.174589999999995,5.5,3.0,7.653414999999991,3.478824999999996,736.0082263478603,25.826292449999997,39.20677200764631,0,0.0,,,,MODEL_NOT_OBSERVATION
S2_armed_coexistence_costly_transition1,1814,65.93926400000001,44.302943000000006,25.826292449999997,4.189971450000002,5.5,3.0,7.6816143250000035,3.491642875000002,743.6898406728603,26.05674087975,39.166789077293906,0,0.0,,,,MODEL_NOT_OBSERVATION
S2_armed_coexistence_costly_transition1,1815,66.59865664,44.74597243,26.05674087975,4.204056669750003,5.5,3.0,7.707437227875005,3.503380558125002,751.3972779007354,26.28796399658625,39.12502472925256,0,0.0,,,,MODEL_NOT_OBSERVATION
S2_armed_coexistence_costly_transition1,1816,67.26464320640001,45.193432154300005,26.28796399658625,4.216752944486245,5.5,3.0,7.730713731558116,3.5139607870718708,759.1279916322935,26.519885408532993,39.08139959342717,0,0.0,,,,MODEL_NOT_OBSERVATION
S2_armed_coexistence_costly_transition1,1817,67.93728963846401,45.645366475843005,26.519885408532993,4.227962245911996,5.5,3.0,7.751264117505327,3.523301871593331,766.8792557497989,26.752423332058154,39.03583076343135,0,0.0,,,,MODEL_NOT_OBSERVATION
S2_armed_coexistence_costly_transition1,1818,68.61666253484864,46.10182014060143,26.752423332058154,4.237580937810947,5.5,3.0,7.768898385986735,3.5313174481757885,774.6481541357856,26.985490283637755,38.98823163902978,0,0.0,,,,MODEL_NOT_OBSERVATION
S2_armed_coexistence_costly_transition1,1819,69.30282916019713,46.56283834200745,26.985490283637755,4.245499465448077,5.5,3.0,7.783415686654808,3.537916221206731,782.4315698224405,27.218992754237398,38.938511761560804,0,0.0,,,,MODEL_NOT_OBSERVATION
S2_armed_coexistence_costly_transition1,1820,69.9958574517991,47.02846672542752,27.218992754237398,4.251602027865815,5.5,3.0,7.7946037177539935,3.543001689888179,790.2261735401944,27.452830865770018,38.88657664202639,0,0.0,,,,MODEL_NOT_OBSERVATION
S2_armed_coexistence_costly_transition1,1821,70.69581602631709,47.4987513926818,27.452830865770018,4.255766232134732,5.5,3.0,7.80223809224701,3.5464718601122778,798.0284116324414,27.68689800853743,38.83232758152262,0,0.0,,,,MODEL_NOT_OBSERVATION
S2_armed_coexistence_costly_transition1,1822,71.40277418658026,47.97373890660861,27.68689800853743,4.257862728565783,5.5,3.0,7.806081669037269,3.548218940471486,805.8344933014787,27.921080458608547,38.775661483669666,0,0.0,,,,MODEL_NOT_OBSERVATION
S2_armed_coexistence_costly_transition1,1823,72.11680192844607,48.4534762956747,27.921080458608547,4.257754825837182,5.5,3.0,7.805883847368167,3.5481290215309853,813.6403771488468,28.15525697402959,38.71647065868465,0,0.0,,,,MODEL_NOT_OBSERVATION
S2_armed_coexistence_costly_transition1,1824,72.83796994773053,48.938011058631446,28.15525697402959,4.2552980849305015,5.5,3.0,7.801379822372587,3.546081737442085,821.4417569712194,28.389298368700768,38.654642618725056,0,0.0,,,,MODEL_NOT_OBSERVATION
S2_armed_coexistence_costly_transition1,1825,73.56634964720784,49.42739116921777,28.389298368700768,4.250339890710691,5.5,3.0,7.792289799636268,3.5419499089255764,829.2340467708557,28.623067062689856,38.59005986411378,0,0.0,,,,MODEL_NOT_OBSERVATION
S2_armed_coexistence_costly_transition1,1826,74.30201314367991,49.921665080909946,28.623067062689856,4.242718999919887,5.5,3.0,7.778318166519793,3.535599166599906,837.0123649373754,28.85641660768545,38.52259966003965,0,0.0,,,,MODEL_NOT_OBSERVATION
S2_armed_coexistence_costly_transition1,1827,75.04503327511672,50.42088173171905,28.85641660768545,4.232265064287773,5.5,3.0,7.759152617860918,3.526887553573145,844.7715175552363,29.089191186221278,38.45213380330874,0,0.0,,,,MODEL_NOT_OBSERVATION
S2_armed_coexistence_costly_transition1,1828,75.79548360786788,50.925090549036234,29.089191186221278,4.218798127389633,5.5,3.0,7.73446323354766,3.5156651061580275,852.505980788784,29.32122508322771,38.37852837870369,0,0.0,,,,MODEL_NOT_OBSERVATION
S2_armed_coexistence_costly_transition1,1829,76.55343844394656,51.434341454526596,29.32122508322771,4.202128093807744,5.5,3.0,7.703901505314198,3.501773411506454,860.2098822940982,29.552342128387135,38.30164350448752,0,0.0,,,,MODEL_NOT_OBSERVATION
S2_armed_coexistence_costly_transition1,1830,77.31897282838602,51.94868486907186,29.552342128387135,4.18205416907297,5.5,3.0,7.667099309967112,3.485045140894142,867.8769816040652,29.782355107686147,38.22133306656865,0,0.0,,,,MODEL_NOT_OBSERVATION
S2_armed_coexistence_costly_transition1,1831,78.09216255666989,52.46817171776258,29.782355107686147,4.15836426877884,5.5,3.0,7.62366782609454,3.4653035573157,875.5006494301598,30.011065142468983,38.137444440821696,0,0.0,,,,MODEL_NOT_OBSERVATION
S2_armed_coexistence_costly_transition1,1832,78.8730841822366,52.992853434940216,30.011065142468983,4.130834395172599,5.5,3.0,7.573196391149764,3.4423619959771656,883.0738458213095,30.238261034203475,38.04981820303652,0,0.0,,,,MODEL_NOT_OBSERVATION
S2_armed_coexistence_costly_transition1,1833,79.66181502405895,53.52278196928961,30.238261034203475,4.099227979434133,5.5,3.0,7.515251295629244,3.416023316195111,890.5890971169388,30.463718573072352,37.9582878259441,0,0.0,,,,MODEL_NOT_OBSERVATION
S2_armed_coexistence_costly_transition1,1834,80.45843317429954,54.0580097889825,30.463718573072352,4.063295187755315,5.5,3.0,7.449374510884745,3.3860793231294295,898.0384716278235,30.687199808398894,37.862679362743584,0,0.0,,,,MODEL_NOT_OBSERVATION
S2_armed_coexistence_costly_transition1,1835,81.26301750604254,54.59858988687233,30.687199808398894,4.022772189228689,5.5,3.0,7.375082346919265,3.3523101576905754,905.4135539747427,30.90845227880647,37.762811116529186,0,0.0,,,,MODEL_NOT_OBSERVATION
S2_armed_coexistence_costly_transition1,1836,82.07564768110296,55.144575785741054,30.90845227880647,3.9773803834445687,5.5,3.0,7.291864036315043,3.314483652870474,912.7054180110578,31.12720819989592,37.65849329498841,0,0.0,,,,MODEL_NOT_OBSERVATION
S2_armed_coexistence_costly_transition1,1837,82.896404157914,55.69602154359847,31.12720819989592,3.9268255855803886,5.5,3.0,7.199180240230713,3.272354654650324,919.9045982512885,31.343183607102844,37.549527649715614,0,0.0,,,,MODEL_NOT_OBSERVATION
S2_armed_coexistence_costly_transition1,1838,83.72536819949315,56.252981759034455,31.343183607102844,3.8707971666441523,5.5,3.0,7.096461472180946,3.2256643055367933,927.0010597234694,31.556077451268273,37.43570709945542,0,0.0,,,,MODEL_NOT_OBSERVATION
S2_armed_coexistence_costly_transition1,1839,84.56262188148807,56.8155115766248,31.556077451268273,3.8089671464049957,5.5,3.0,6.983106435075825,3.1741392886708297,933.9841661585452,31.765570644320547,37.31681533655987,0,0.0,,,,MODEL_NOT_OBSERVATION
S2_armed_coexistence_costly_transition1,1840,85.40824810030296,57.383666692391046,31.765570644320547,3.7409892364086375,5.5,3.0,6.858480266749169,3.117491030340531,940.8426464252944,31.97132505232302,37.19262641591155,0,0.0,,,,MODEL_NOT_OBSERVATION
