## Sheet: B2_model_paths.csv (continued)
scenario,year,revenue,primary_spending,interest_paid,cash_deficit,new_issue_running_cost_pct,assumed_new_coupon_pct,nominal_face_increase,issue_discount_adjustment,end_debt_face_proxy,next_year_interest,interest_revenue_pct,automatic_tax_cut,transition_extra_primary_spending,stress60_year,stress70_year,financing30_year,label
S2_armed_coexistence_disciplined_transition1,1824,74.28002768905715,47.79991777819816,24.980109910858996,-1.5,5.0,3.0,-2.5000000000000004,-1.0000000000000004,705.3021417098265,24.905109910858997,33.629645394624745,0.8341288195399557,0.0,,,,MODEL_NOT_OBSERVATION
S2_armed_coexistence_disciplined_transition1,1825,74.68302686683914,48.277916955980146,24.905109910858997,-1.5,5.0,3.0,-2.5000000000000004,-1.0000000000000004,702.8021417098265,24.830109910858997,33.34775109646419,1.18227120684395,0.0,,,,MODEL_NOT_OBSERVATION
S2_armed_coexistence_disciplined_transition1,1826,75.09080603639894,48.760696125539944,24.830109910858997,-1.5,5.0,3.0,-2.5000000000000004,-1.0000000000000004,700.3021417098265,24.755109910858998,33.066777707543906,1.53314501802096,0.0,,,,MODEL_NOT_OBSERVATION
S2_armed_coexistence_disciplined_transition1,1827,75.50341299765435,49.248303086795346,24.755109910858998,-1.5,5.0,3.0,-2.5000000000000004,-1.0000000000000004,697.8021417098265,24.680109910859,32.786742914029674,1.886777567309764,0.0,,,,MODEL_NOT_OBSERVATION
S2_armed_coexistence_disciplined_transition1,1828,75.9208960285223,49.7407861176633,24.680109910859,-1.5,5.0,3.0,-2.5000000000000004,-1.0000000000000004,695.3021417098265,24.605109910859,32.50766416348283,2.2431964420914596,0.0,,,,MODEL_NOT_OBSERVATION
S2_armed_coexistence_disciplined_transition1,1829,76.34330388969893,50.23819397883993,24.605109910859,-1.5,5.0,3.0,-2.5000000000000004,-1.0000000000000004,692.8021417098265,24.530109910859,32.229558660977716,2.602429505620961,0.0,,,,MODEL_NOT_OBSERVATION
S2_armed_coexistence_disciplined_transition1,1830,76.77068582948733,50.74057591862833,24.530109910859,-1.5,5.0,3.0,-2.5000000000000004,-1.0000000000000004,690.3021417098265,24.455109910859,31.95244336535167,2.9645048997857515,0.0,,,,MODEL_NOT_OBSERVATION
S2_armed_coexistence_disciplined_transition1,1831,77.20309158867362,51.247981677814614,24.455109910859,-1.5,5.0,3.0,-2.5000000000000004,-1.0000000000000004,687.8021417098265,24.380109910859,31.67633498558856,3.3294510478922064,0.0,,,,MODEL_NOT_OBSERVATION
S2_armed_coexistence_disciplined_transition1,1832,77.64057140545177,51.76046149459277,24.380109910859,-1.5,5.0,3.0,-2.5000000000000004,-1.0000000000000004,685.3021417098265,24.305109910859002,31.401249977337336,3.6972966574797255,0.0,,,,MODEL_NOT_OBSERVATION
S2_armed_coexistence_disciplined_transition1,1833,78.08317602039769,52.278066109538685,24.305109910859002,-1.5,5.0,3.0,-2.5000000000000004,-1.0000000000000004,682.8021417098265,24.230109910859003,31.127204539566595,4.068070723163103,0.0,,,,MODEL_NOT_OBSERVATION
S2_armed_coexistence_disciplined_transition1,1834,78.53095668149308,52.800846770634074,24.230109910859003,-1.5,5.0,3.0,-2.5000000000000004,-1.0000000000000004,680.3021417098265,24.155109910859004,30.854214611356145,4.44180252950332,0.0,,,,MODEL_NOT_OBSERVATION
S2_armed_coexistence_disciplined_transition1,1835,78.98396514919942,53.32885523834042,24.155109910859004,-1.5,5.0,3.0,-2.5000000000000004,-1.0000000000000004,677.8021417098265,24.080109910859004,30.582295868826538,4.818521653906956,0.0,,,,MODEL_NOT_OBSERVATION
S2_armed_coexistence_disciplined_transition1,1836,79.44225370158283,53.86214379072382,24.080109910859004,-1.5,5.0,3.0,-2.5000000000000004,-1.0000000000000004,675.3021417098265,24.005109910859005,30.3114637222071,5.198257969554604,0.0,,,,MODEL_NOT_OBSERVATION
S2_armed_coexistence_disciplined_transition1,1837,79.90587513949006,54.400765228631066,24.005109910859005,-1.5,5.0,3.0,-2.5000000000000004,-1.0000000000000004,672.8021417098265,23.930109910859006,30.041733313043345,5.581041648358749,0.0,,,,MODEL_NOT_OBSERVATION
S2_armed_coexistence_disciplined_transition1,1838,80.37488279177639,54.94477288091738,23.930109910859006,-1.5,5.0,3.0,-2.5000000000000004,-1.0000000000000004,670.3021417098265,23.855109910859007,29.77311951154401,5.966903163950917,0.0,,,,MODEL_NOT_OBSERVATION
S2_armed_coexistence_disciplined_transition1,1839,80.84933052058555,55.49422060972655,23.855109910859007,-1.5,5.0,3.0,-2.5000000000000004,-1.0000000000000004,667.8021417098265,23.780109910859007,29.505636914068333,6.355873294699023,0.0,,,,MODEL_NOT_OBSERVATION
S2_armed_coexistence_disciplined_transition1,1840,81.32927272668282,56.04916281582381,23.780109910859007,-1.5,5.0,3.0,-2.5000000000000004,-1.0000000000000004,665.3021417098265,23.705109910859008,29.239299840753574,6.747983126754605,0.0,,,,MODEL_NOT_OBSERVATION
S2_armed_coexistence_disciplined_transition1,1841,81.81476435484106,56.60965444398205,23.705109910859008,-1.5,5.0,3.0,-2.5000000000000004,-1.0000000000000004,662.8021417098265,23.63010991085901,28.974122333283177,7.143264057130736,0.0,,,,MODEL_NOT_OBSERVATION
S2_armed_coexistence_disciplined_transition1,1842,82.30586089928089,57.175750988421875,23.63010991085901,-1.5,5.0,3.0,-2.5000000000000004,-1.0000000000000004,660.3021417098265,23.55510991085901,28.710118152795445,7.5417477968106255,0.0,,,,MODEL_NOT_OBSERVATION
S2_armed_coexistence_disciplined_transition1,1843,82.80261840916509,57.74750849830609,23.55510991085901,-1.5,5.0,3.0,-2.5000000000000004,-1.0000000000000004,657.8021417098265,23.48010991085901,28.447300777932632,7.943466373887333,0.0,,,,MODEL_NOT_OBSERVATION
S2_armed_coexistence_disciplined_transition1,1844,83.30509349414817,58.32498358328915,23.48010991085901,-1.5,5.0,3.0,-2.5000000000000004,-1.0000000000000004,655.3021417098265,23.40510991085901,28.18568340303032,8.348452136734778,0.0,,,,MODEL_NOT_OBSERVATION
S2_armed_coexistence_disciplined_transition1,1845,83.81334332998105,58.90823341912204,23.40510991085901,-1.5,5.0,3.0,-2.5000000000000004,-1.0000000000000004,652.8021417098265,23.33010991085901,27.92527893644677,8.756737757210729,0.0,,,,MODEL_NOT_OBSERVATION
S2_armed_coexistence_disciplined_transition1,1846,84.32742566417228,59.497315753313266,23.33010991085901,-1.5,5.0,3.0,-2.5000000000000004,-1.0000000000000004,650.3021417098265,23.255109910859012,27.666099999031683,9.168356233891416,0.0,,,,MODEL_NOT_OBSERVATION
S2_armed_coexistence_disciplined_transition1,1847,84.84739882170541,60.0922889108464,23.255109910859012,-1.5,5.0,3.0,-2.5000000000000004,-1.0000000000000004,647.8021417098265,23.180109910859013,27.408158922734067,9.583340895338935,0.0,,,,MODEL_NOT_OBSERVATION
S2_armed_coexistence_disciplined_transition1,1848,85.37332171081388,60.69321179995487,23.180109910859013,-1.5,5.0,3.0,-2.5000000000000004,-1.0000000000000004,645.3021417098265,23.105109910859014,27.151467749348313,10.001725403400911,0.0,,,,MODEL_NOT_OBSERVATION
S2_armed_coexistence_disciplined_transition2,1811,66.0,57.199999999999996,24.4,15.599999999999994,5.0,3.0,25.999999999999993,10.399999999999999,714.4651446811936,25.18,36.96969696969697,0,15.199999999999996,,,,MODEL_NOT_OBSERVATION
S2_armed_coexistence_disciplined_transition2,1812,66.66,50.096,25.18,8.616,5.0,3.0,14.360000000000001,5.7440000000000015,728.8251446811936,25.6108,37.77377737773778,0,7.6759999999999975,,,,MODEL_NOT_OBSERVATION
S2_armed_coexistence_disciplined_transition2,1813,67.3266,42.8442,25.6108,1.1283999999999992,5.0,3.0,1.8806666666666656,0.7522666666666664,730.7058113478603,25.66722,38.03964554871329,0,0.0,,,,MODEL_NOT_OBSERVATION
S2_armed_coexistence_disciplined_transition2,1814,67.99986600000001,43.272642000000005,25.66722,0.9399959999999936,5.0,3.0,1.5666599999999895,0.6266639999999959,732.2724713478602,25.7142198,37.745986146502105,0,0.0,,,,MODEL_NOT_OBSERVATION
S2_armed_coexistence_disciplined_transition2,1815,68.67986466,43.70536842,25.7142198,0.7397235599999874,5.0,3.0,1.232872599999979,0.4931490399999916,733.5053439478602,25.751205977999998,37.44069666895584,0,0.0,,,,MODEL_NOT_OBSERVATION
S2_armed_coexistence_disciplined_transition2,1816,69.3666633066,44.14242210420001,25.751205977999998,0.5269647756000069,5.0,3.0,0.8782746260000115,0.3513098504000046,734.3836185738602,25.777554216779997,37.1233165190315,0,0.0,,,,MODEL_NOT_OBSERVATION
S2_armed_coexistence_disciplined_transition2,1817,70.060329939666,44.58384632524201,25.777554216779997,0.30107060235600613,5.0,3.0,0.5017843372600103,0.20071373490400413,734.8854029111202,25.792607746897797,36.79336685821906,0,0.0,,,,MODEL_NOT_OBSERVATION
S2_armed_coexistence_disciplined_transition2,1818,70.76093323906267,45.02968478849442,25.792607746897797,0.061359296329555946,5.0,3.0,0.10226549388259326,0.040906197553037316,734.9876684050028,25.795675711714274,36.450349884107126,0,0.0,,,,MODEL_NOT_OBSERVATION
S2_armed_coexistence_disciplined_transition2,1819,71.4685425714533,45.47998163637937,25.795675711714274,-0.19288522335965297,5.0,3.0,-0.32147537226608836,-0.1285901489064354,734.6661930327367,25.786031450546293,36.09374807933728,0,0.0,,,,MODEL_NOT_OBSERVATION
S2_armed_coexistence_disciplined_transition2,1820,72.18322799716782,45.93478145274316,25.786031450546293,-0.4624150938783629,5.0,3.0,-0.7706918231306049,-0.30827672925224203,733.8955012096061,25.762910695852376,35.7230234308142,0,0.0,,,,MODEL_NOT_OBSERVATION
S2_armed_coexistence_disciplined_transition2,1821,72.9050602771395,46.39412926727059,25.762910695852376,-0.7480203140165287,5.0,3.0,-1.2467005233608812,-0.49868020934435253,732.6488006862452,25.72550968015155,35.337616617993156,0,0.0,,,,MODEL_NOT_OBSERVATION
S2_armed_coexistence_disciplined_transition2,1822,73.63411087991089,46.85807055994329,25.72550968015155,-1.0505306398160457,5.0,3.0,-1.7508843996934096,-0.7003537598773639,730.8979162865518,25.672983148160746,34.936946169020786,0,0.0,,,,MODEL_NOT_OBSERVATION
S2_armed_coexistence_disciplined_transition2,1823,74.37045198871,47.32665126554273,25.672983148160746,-1.3708175750065266,5.0,3.0,-2.2846959583442112,-0.9138783833376847,728.6132203282076,25.60444226941042,34.52040758345545,0,0.0,,,,MODEL_NOT_OBSERVATION
S2_armed_coexistence_disciplined_transition2,1824,74.90436004760858,47.79991777819816,25.60444226941042,-1.5,5.0,3.0,-2.5000000000000004,-1.0000000000000004,726.1132203282076,25.52944226941042,34.18284630312101,0.2097964609885281,0.0,,,,MODEL_NOT_OBSERVATION
S2_armed_coexistence_disciplined_transition2,1825,75.30735922539057,48.277916955980146,25.52944226941042,-1.5,5.0,3.0,-2.5000000000000004,-1.0000000000000004,723.6132203282076,25.45444226941042,33.90032864251988,0.5579388482925225,0.0,,,,MODEL_NOT_OBSERVATION
S2_armed_coexistence_disciplined_transition2,1826,75.71513839495037,48.760696125539944,25.45444226941042,-1.5,5.0,3.0,-2.5000000000000004,-1.0000000000000004,721.1132203282076,25.379442269410422,33.61869608774041,0.9088126594695325,0.0,,,,MODEL_NOT_OBSERVATION
S2_armed_coexistence_disciplined_transition2,1827,76.12774535620576,49.248303086795346,25.379442269410422,-1.5,5.0,3.0,-2.5000000000000004,-1.0000000000000004,718.6132203282076,25.304442269410423,33.33796653330355,1.2624452087583506,0.0,,,,MODEL_NOT_OBSERVATION
S2_armed_coexistence_disciplined_transition2,1828,76.54522838707372,49.7407861176633,25.304442269410423,-1.5,5.0,3.0,-2.5000000000000004,-1.0000000000000004,716.1132203282076,25.229442269410423,33.058157644328894,1.618864083540032,0.0,,,,MODEL_NOT_OBSERVATION
S2_armed_coexistence_disciplined_transition2,1829,76.96763624825036,50.23819397883993,25.229442269410423,-1.5,5.0,3.0,-2.5000000000000004,-1.0000000000000004,713.6132203282076,25.154442269410424,32.77928685250996,1.9780971470695334,0.0,,,,MODEL_NOT_OBSERVATION
S2_armed_coexistence_disciplined_transition2,1830,77.39501818803876,50.74057591862833,25.154442269410424,-1.5,5.0,3.0,-2.5000000000000004,-1.0000000000000004,711.1132203282076,25.079442269410425,32.50137135221707,2.340172541234324,0.0,,,,MODEL_NOT_OBSERVATION
S2_armed_coexistence_disciplined_transition2,1831,77.82742394722504,51.247981677814614,25.079442269410425,-1.5,5.0,3.0,-2.5000000000000004,-1.0000000000000004,708.6132203282076,25.004442269410426,32.22442809672957,2.705118689340779,0.0,,,,MODEL_NOT_OBSERVATION
