## Sheet: B2_model_paths.csv (continued)
scenario,year,revenue,primary_spending,interest_paid,cash_deficit,new_issue_running_cost_pct,assumed_new_coupon_pct,nominal_face_increase,issue_discount_adjustment,end_debt_face_proxy,next_year_interest,interest_revenue_pct,automatic_tax_cut,transition_extra_primary_spending,stress60_year,stress70_year,financing30_year,label
grid_R60_G50_y0.07_Iadjust0,1838,60,50,99.47969386734441,89.4796938673444,7.000000000000001,3.0,208.78595235713695,119.30625848979255,3399.907559283144,105.74327243805851,165.79948977890734,0,0,1820,1823,1822,MODEL_NOT_OBSERVATION
grid_R60_G50_y0.07_Iadjust0,1839,60,50,105.74327243805851,95.74327243805851,7.000000000000001,3.0,223.40096902213656,127.65769658407805,3623.3085283052806,112.44530150872261,176.2387873967642,0,0,1820,1823,1822,MODEL_NOT_OBSERVATION
grid_R60_G50_y0.07_Iadjust0,1840,60,50,112.44530150872261,102.4453015087226,7.000000000000001,3.0,239.03903685368607,136.59373534496348,3862.3475651589665,119.61647261433319,187.408835847871,0,0,1820,1823,1822,MODEL_NOT_OBSERVATION
grid_R60_G50_y0.07_Iadjust0,1841,60,50,119.61647261433319,109.61647261433319,7.000000000000001,3.0,255.77176943344415,146.15529681911096,4118.11933459241,127.28962569733652,199.36078769055533,0,0,1820,1823,1822,MODEL_NOT_OBSERVATION
grid_R60_G50_y0.07_Iadjust0,1842,60,50,127.28962569733652,117.28962569733653,7.000000000000001,3.0,273.67579329378526,156.38616759644873,4391.795127886196,135.49989949615008,212.1493761622275,0,0,1820,1823,1822,MODEL_NOT_OBSERVATION
grid_R60_G50_y0.07_Iadjust0,1843,60,50,135.49989949615008,125.49989949615008,7.000000000000001,3.0,292.8330988243502,167.33319932820012,4684.628226710546,144.2848924608806,225.83316582691683,0,0,1820,1823,1822,MODEL_NOT_OBSERVATION
grid_R60_G50_y0.07_Iadjust0,1844,60,50,144.2848924608806,134.2848924608806,7.000000000000001,3.0,313.3314157420548,179.0465232811742,4997.959642452601,153.68483493314224,240.47482076813432,0,0,1820,1823,1822,MODEL_NOT_OBSERVATION
grid_R60_G50_y0.07_Iadjust0,1845,60,50,153.68483493314224,143.68483493314224,7.000000000000001,3.0,335.2646148439986,191.57977991085633,5333.2242572966,163.7427733784622,256.1413915552371,0,0,1820,1823,1822,MODEL_NOT_OBSERVATION
grid_R60_G50_y0.07_Iadjust0,1846,60,50,163.7427733784622,153.7427733784622,7.000000000000001,3.0,358.7331378830785,204.99036450461628,5691.957395179678,174.50476751495455,272.904622297437,0,0,1820,1823,1822,MODEL_NOT_OBSERVATION
grid_R60_G50_y0.07_Iadjust0,1847,60,50,174.50476751495455,164.50476751495455,7.000000000000001,3.0,383.844457534894,219.33969001993944,6075.801852714572,186.02010124100138,290.8412791915909,0,0,1820,1823,1822,MODEL_NOT_OBSERVATION
grid_R60_G50_y0.07_Iadjust0,1848,60,50,186.02010124100138,176.02010124100138,7.000000000000001,3.0,410.7135695623366,234.69346832133522,6486.515422276909,198.34150832787148,310.0335020683356,0,0,1820,1823,1822,MODEL_NOT_OBSERVATION
grid_R60_G50_y0.07_Iadjust2,1811,60,50,26.4,16.400000000000006,7.000000000000001,3.0,38.26666666666669,21.86666666666668,726.7318113478602,27.548,44.0,0,0,,,,MODEL_NOT_OBSERVATION
grid_R60_G50_y0.07_Iadjust2,1812,60,50,27.548,17.548000000000002,7.000000000000001,3.0,40.945333333333345,23.397333333333343,767.6771446811936,28.776359999999997,45.91333333333333,0,0,,,,MODEL_NOT_OBSERVATION
grid_R60_G50_y0.07_Iadjust2,1813,60,50,28.776359999999997,18.776359999999997,7.000000000000001,3.0,43.811506666666666,25.03514666666667,811.4886513478602,30.090705199999995,47.96059999999999,0,0,,,,MODEL_NOT_OBSERVATION
grid_R60_G50_y0.07_Iadjust2,1814,60,50,30.090705199999995,20.090705200000002,7.000000000000001,3.0,46.878312133333345,26.787606933333343,858.3669634811936,31.497054563999995,50.15117533333332,0,0,,,,MODEL_NOT_OBSERVATION
grid_R60_G50_y0.07_Iadjust2,1815,60,50,31.497054563999995,21.497054563999995,7.000000000000001,3.0,50.15979398266666,28.662739418666668,908.5267574638602,33.001848383479995,52.49509093999999,0,0,,,,MODEL_NOT_OBSERVATION
grid_R60_G50_y0.07_Iadjust2,1816,60,50,33.001848383479995,23.001848383479995,7.000000000000001,3.0,53.67097956145333,30.669131177973334,962.1977370253136,34.6119777703236,55.00308063913333,0,0,,,,MODEL_NOT_OBSERVATION
grid_R60_G50_y0.07_Iadjust2,1817,60,50,34.6119777703236,24.61197777032359,7.000000000000001,3.0,57.427948130755055,32.815970360431464,1019.6256851560686,36.33481621424625,57.686629617205995,0,0,,,,MODEL_NOT_OBSERVATION
grid_R60_G50_y0.07_Iadjust2,1818,60,50,36.33481621424625,26.334816214246246,7.000000000000001,3.0,61.447904499907914,35.11308828566167,1081.0735896559765,38.17825334924349,60.558027023743755,0,0,1818,,,MODEL_NOT_OBSERVATION
grid_R60_G50_y0.07_Iadjust2,1819,60,50,38.17825334924349,28.17825334924349,7.000000000000001,3.0,65.74925781490148,37.57100446565799,1146.822847470878,40.15073108369054,63.63042224873915,0,0,1818,,,MODEL_NOT_OBSERVATION
grid_R60_G50_y0.07_Iadjust2,1820,60,50,40.15073108369054,30.150731083690545,7.000000000000001,3.0,70.35170586194461,40.200974778254064,1217.1745533328226,42.26128225954888,66.91788513948424,0,0,1818,,1820,MODEL_NOT_OBSERVATION
grid_R60_G50_y0.07_Iadjust2,1821,60,50,42.26128225954888,32.26128225954888,7.000000000000001,3.0,75.27632527228073,43.01504301273185,1292.4508786051033,44.5195720177173,70.43547043258145,0,0,1818,1821,1820,MODEL_NOT_OBSERVATION
grid_R60_G50_y0.07_Iadjust2,1822,60,50,44.5195720177173,34.51957201771731,7.000000000000001,3.0,80.54566804134039,46.02609602362308,1372.9965466464437,46.935942058957515,74.1992866961955,0,0,1818,1821,1820,MODEL_NOT_OBSERVATION
grid_R60_G50_y0.07_Iadjust2,1823,60,50,46.935942058957515,36.93594205895752,7.000000000000001,3.0,86.18386480423423,49.24792274527671,1459.1804114506779,49.52145800308454,78.22657009826253,0,0,1818,1821,1820,MODEL_NOT_OBSERVATION
grid_R60_G50_y0.07_Iadjust2,1824,60,50,49.52145800308454,39.52145800308455,7.000000000000001,3.0,92.21673534053062,52.69527733744607,1551.3971467912086,52.28796006330046,82.53576333847423,0,0,1818,1821,1820,MODEL_NOT_OBSERVATION
grid_R60_G50_y0.07_Iadjust2,1825,60,50,52.28796006330046,42.28796006330046,7.000000000000001,3.0,98.67190681436776,56.3839467510673,1650.0690536055763,55.248117267731494,87.14660010550077,0,0,1818,1821,1820,MODEL_NOT_OBSERVATION
grid_R60_G50_y0.07_Iadjust2,1826,60,50,55.248117267731494,45.24811726773149,7.000000000000001,3.0,105.57894029137348,60.330823023642,1755.6479938969499,58.415485476472696,92.08019544621916,0,0,1818,1821,1820,MODEL_NOT_OBSERVATION
grid_R60_G50_y0.07_Iadjust2,1827,60,50,58.415485476472696,48.415485476472696,7.000000000000001,3.0,112.96946611176963,64.55398063529694,1868.6174600087195,61.804569459825785,97.35914246078782,0,0,1818,1821,1820,MODEL_NOT_OBSERVATION
grid_R60_G50_y0.07_Iadjust2,1828,60,50,61.804569459825785,51.804569459825785,7.000000000000001,3.0,120.87732873959351,69.07275927976772,1989.494788748313,65.43088932201358,103.00761576637632,0,0,1818,1821,1820,MODEL_NOT_OBSERVATION
grid_R60_G50_y0.07_Iadjust2,1829,60,50,65.43088932201358,55.430889322013584,7.000000000000001,3.0,129.33874175136503,73.90785242935145,2118.833530499678,69.31105157455454,109.05148220335596,0,0,1818,1821,1820,MODEL_NOT_OBSERVATION
grid_R60_G50_y0.07_Iadjust2,1830,60,50,69.31105157455454,59.31105157455454,7.000000000000001,3.0,138.3924536739606,79.08140209940606,2257.2259841736386,73.46282518477335,115.51841929092423,0,0,1818,1821,1820,MODEL_NOT_OBSERVATION
grid_R60_G50_y0.07_Iadjust2,1831,60,50,73.46282518477335,63.46282518477335,7.000000000000001,3.0,148.07992543113784,84.61710024636449,2405.3059096047764,77.90522294770749,122.43804197462225,0,0,1818,1821,1820,MODEL_NOT_OBSERVATION
grid_R60_G50_y0.07_Iadjust2,1832,60,50,77.90522294770749,67.90522294770749,7.000000000000001,3.0,158.4455202113175,90.54029726361001,2563.751429816094,82.65858855404701,129.84203824617916,0,0,1818,1821,1820,MODEL_NOT_OBSERVATION
grid_R60_G50_y0.07_Iadjust2,1833,60,50,82.65858855404701,72.65858855404701,7.000000000000001,3.0,169.53670662610972,96.8781180720627,2733.2881364422037,87.74468975283031,137.76431425674502,0,0,1818,1821,1820,MODEL_NOT_OBSERVATION
grid_R60_G50_y0.07_Iadjust2,1834,60,50,87.74468975283031,77.74468975283031,7.000000000000001,3.0,181.4042760899374,103.6595863371071,2914.692412532141,93.18681803552843,146.24114958805052,0,0,1818,1821,1820,MODEL_NOT_OBSERVATION
grid_R60_G50_y0.07_Iadjust2,1835,60,50,93.18681803552843,83.18681803552843,7.000000000000001,3.0,194.10257541623304,110.9157573807046,3108.794987948374,99.00989529801542,155.31136339254738,0,0,1818,1821,1820,MODEL_NOT_OBSERVATION
grid_R60_G50_y0.07_Iadjust2,1836,60,50,99.00989529801542,89.00989529801541,7.000000000000001,3.0,207.6897556953693,118.6798603973539,3316.4847436437435,105.2405879688765,165.01649216335903,0,0,1818,1821,1820,MODEL_NOT_OBSERVATION
grid_R60_G50_y0.07_Iadjust2,1837,60,50,105.2405879688765,95.2405879688765,7.000000000000001,3.0,222.2280385940452,126.98745062516869,3538.712782237789,111.90742912669785,175.40097994812749,0,0,1818,1821,1820,MODEL_NOT_OBSERVATION
grid_R60_G50_y0.07_Iadjust2,1838,60,50,111.90742912669785,101.90742912669785,7.000000000000001,3.0,237.78400129562834,135.8765721689305,3776.4967835334173,119.0409491655667,186.51238187782974,0,0,1818,1821,1820,MODEL_NOT_OBSERVATION
grid_R60_G50_y0.07_Iadjust2,1839,60,50,119.0409491655667,109.0409491655667,7.000000000000001,3.0,254.42888138632233,145.38793222075563,4030.9256649197396,126.67381560715637,198.40158194261116,0,0,1818,1821,1820,MODEL_NOT_OBSERVATION
grid_R60_G50_y0.07_Iadjust2,1840,60,50,126.67381560715637,116.67381560715637,7.000000000000001,3.0,272.2389030833649,155.56508747620853,4303.164568003104,134.84098269965733,211.12302601192727,0,0,1818,1821,1820,MODEL_NOT_OBSERVATION
grid_R60_G50_y0.07_Iadjust2,1841,60,50,134.84098269965733,124.84098269965733,7.000000000000001,3.0,291.2956262992005,166.45464359954315,4594.460194302304,143.57985148863335,224.73497116609553,0,0,1818,1821,1820,MODEL_NOT_OBSERVATION
grid_R60_G50_y0.07_Iadjust2,1842,60,50,143.57985148863335,133.57985148863335,7.000000000000001,3.0,311.6863201401445,178.10646865151116,4906.146514442449,152.9304410928377,239.29975248105558,0,0,1818,1821,1820,MODEL_NOT_OBSERVATION
grid_R60_G50_y0.07_Iadjust2,1843,60,50,152.9304410928377,142.9304410928377,7.000000000000001,3.0,333.5043625499547,190.573921457117,5239.650876992404,162.93557196933634,254.88406848806284,0,0,1818,1821,1820,MODEL_NOT_OBSERVATION
grid_R60_G50_y0.07_Iadjust2,1844,60,50,162.93557196933634,152.93557196933634,7.000000000000001,3.0,356.84966792845154,203.9140959591152,5596.500544920856,173.64106200718987,271.55928661556055,0,0,1818,1821,1820,MODEL_NOT_OBSERVATION
grid_R60_G50_y0.07_Iadjust2,1845,60,50,173.64106200718987,163.64106200718987,7.000000000000001,3.0,381.8291446834431,218.1880826762532,5978.329689604298,185.09593634769317,289.4017700119831,0,0,1818,1821,1820,MODEL_NOT_OBSERVATION
grid_R60_G50_y0.07_Iadjust2,1846,60,50,185.09593634769317,175.09593634769317,7.000000000000001,3.0,408.5571848112841,233.46124846359095,6386.8868744155825,197.3526518920317,308.49322724615524,0,0,1818,1821,1820,MODEL_NOT_OBSERVATION
grid_R60_G50_y0.07_Iadjust2,1847,60,50,197.3526518920317,187.3526518920317,7.000000000000001,3.0,437.15618774807405,249.80353585604234,6824.043062163657,210.46733752447392,328.9210864867195,0,0,1818,1821,1820,MODEL_NOT_OBSERVATION
grid_R60_G50_y0.07_Iadjust2,1848,60,50,210.46733752447392,200.46733752447392,7.000000000000001,3.0,467.7571208904392,267.28978336596526,7291.800183054096,224.5000511511871,350.7788958741232,0,0,1818,1821,1820,MODEL_NOT_OBSERVATION
S1_early_peace_1805_transition1,1806,48.0,49.10000000000001,22.3,23.400000000000006,4.25,3.0,33.15000000000001,9.750000000000007,656.7636729101525,23.2945,46.458333333333336,0,25.10000000000001,,,,MODEL_NOT_OBSERVATION
S1_early_peace_1805_transition1,1807,48.599999999999994,24.299999999999997,23.2945,-1.0054999999999978,4.25,3.0,-1.4244583333333305,-0.41895833333333266,655.3392145768192,23.25176625,47.931069958847736,0,0.0,,,,MODEL_NOT_OBSERVATION
S1_early_peace_1805_transition1,1808,49.207499999999996,24.603749999999998,23.25176625,-1.3519837500000023,4.25,3.0,-1.9153103125000035,-0.5633265625000012,653.4239042643193,23.194306940624998,47.2524843773815,0,0.0,,,,MODEL_NOT_OBSERVATION
