## Sheet: B2_model_paths.csv (continued)
scenario,year,revenue,primary_spending,interest_paid,cash_deficit,new_issue_running_cost_pct,assumed_new_coupon_pct,nominal_face_increase,issue_discount_adjustment,end_debt_face_proxy,next_year_interest,interest_revenue_pct,automatic_tax_cut,transition_extra_primary_spending,stress60_year,stress70_year,financing30_year,label
S3_adaptive_blockade_transition2,1824,64.01917205542924,41.612461836029006,30.06445298552676,7.657742766126532,5.5,3.0,14.039195071231974,6.381452305105443,891.3194392699844,30.485628837663718,46.96163980298946,0,0.0,,,,MODEL_NOT_OBSERVATION
S3_adaptive_blockade_transition2,1825,64.33926791570637,41.82052414520914,30.485628837663718,7.966885067166487,5.5,3.0,14.605955956471893,6.6390708893054065,905.9253952264563,30.923807516357876,47.382616907615805,0,0.0,,,,MODEL_NOT_OBSERVATION
S3_adaptive_blockade_transition2,1826,64.66096425528491,42.02962676593519,30.923807516357876,8.292470027008164,5.5,3.0,15.202861716181635,6.910391689173471,921.1282569426379,31.379893367843323,47.82453814680066,0,0.0,,,,MODEL_NOT_OBSERVATION
S3_adaptive_blockade_transition2,1827,64.98426907656132,42.23977489976486,31.379893367843323,8.635399191046858,5.5,3.0,15.831565183585907,7.196165992539049,936.9598221262238,31.8548403233509,48.28844551728827,0,0.0,,,,MODEL_NOT_OBSERVATION
S3_adaptive_blockade_transition2,1828,65.30919042194411,42.45097377426367,31.8548403233509,8.996623675670463,5.5,3.0,16.493810072062516,7.497186396392053,953.4536321982863,32.34965462551278,48.77543285645685,0,0.0,,,,MODEL_NOT_OBSERVATION
S3_adaptive_blockade_transition2,1829,65.63573637405382,42.663228643134985,32.34965462551278,9.377146894593935,5.5,3.0,17.191435973422212,7.814289078828278,970.6450681717085,32.86539770471544,49.286648421454714,0,0.0,,,,MODEL_NOT_OBSERVATION
S3_adaptive_blockade_transition2,1830,65.96391505592409,42.87654478635066,32.86539770471544,9.778027435142008,5.5,3.0,17.92638363109368,8.148356195951674,988.5714518028022,33.403189213648254,49.823297596651464,0,0.0,,,,MODEL_NOT_OBSERVATION
S3_adaptive_blockade_transition2,1831,66.2937346312037,43.090927510282405,33.403189213648254,10.200382092726954,5.5,3.0,18.70070050333275,8.500318410605797,1007.272152306135,33.964210228748236,50.38664573578836,0,0.0,,,,MODEL_NOT_OBSERVATION
S3_adaptive_blockade_transition2,1832,66.62520330435972,43.306382147833816,33.964210228748236,10.64538907222233,5.5,3.0,19.516546632407607,8.871157560185278,1026.7886989385427,34.54970662772046,50.978021145529084,0,0.0,,,,MODEL_NOT_OBSERVATION
S3_adaptive_blockade_transition2,1833,66.9583293208815,43.52291405857298,34.54970662772046,11.114291365411944,5.5,3.0,20.376200836588566,9.261909471176622,1047.1648997751313,35.160992652818116,51.59881821744595,0,0.0,,,,MODEL_NOT_OBSERVATION
S3_adaptive_blockade_transition2,1834,67.2931209674859,43.74052862886584,35.160992652818116,11.60840031419805,5.5,3.0,21.282067242696428,9.673666928498378,1068.4469670178278,35.79945467009901,52.250500715826355,0,0.0,,,,MODEL_NOT_OBSERVATION
S3_adaptive_blockade_transition2,1835,67.62958657232333,43.959231272010165,35.79945467009901,12.129099369785834,5.5,3.0,22.236682177940697,10.107582808154863,1090.6836491957686,36.46655513543723,52.93460522905155,0,0.0,,,,MODEL_NOT_OBSERVATION
S3_adaptive_blockade_transition2,1836,67.96773450518494,44.179027428370205,36.46655513543723,12.677848058622502,5.5,3.0,23.24272144080792,10.564873382185418,1113.9263706365764,37.16383677866147,53.65274479268597,0,0.0,,,,MODEL_NOT_OBSERVATION
S3_adaptive_blockade_transition2,1837,68.30757317771086,44.399922565512064,37.16383677866147,13.256186166462669,5.5,3.0,24.303007971848228,11.046821805385559,1138.2293786084247,37.892927017816916,54.40661269281959,0,0.0,,,,MODEL_NOT_OBSERVATION
S3_adaptive_blockade_transition2,1838,68.6491110435994,44.62192217833962,37.892927017816916,13.865738152557128,5.5,3.0,25.420519946354737,11.55478179379761,1163.6498985547794,38.655542616207555,55.19798645863152,0,0.0,,,,MODEL_NOT_OBSERVATION
S3_adaptive_blockade_transition2,1839,68.9923565988174,44.84503178923131,38.655542616207555,14.508217806621474,5.5,3.0,26.59839931213937,12.090181505517897,1190.2482978669188,39.45349459557173,56.028732053588314,0,0.0,,,,MODEL_NOT_OBSERVATION
S3_adaptive_blockade_transition2,1840,69.33731838181149,45.06925694817746,39.45349459557173,15.18543316193771,5.5,3.0,27.8399607968858,12.654527634948092,1218.0882586638047,40.28869341947831,56.90080827515986,0,0.0,,,,MODEL_NOT_OBSERVATION
S3_adaptive_blockade_transition2,1841,69.68400497372053,45.29460323291834,40.28869341947831,15.899291678676121,5.5,3.0,29.148701410906224,13.249409732230102,1247.2369600747109,41.16315446180549,57.81627137342653,0,0.0,,,,MODEL_NOT_OBSERVATION
S3_adaptive_blockade_transition2,1842,70.03242499858912,45.52107624908293,41.16315446180549,16.651805712299293,5.5,3.0,30.528310472548704,13.87650476024941,1277.7652705472597,42.07900377598195,58.77727989946766,0,0.0,,,,MODEL_NOT_OBSERVATION
S3_adaptive_blockade_transition2,1843,70.38258712358206,45.74868163032834,42.07900377598195,17.44509828272824,5.5,3.0,31.982680185001772,14.537581902273534,1309.7479507322614,43.038484181532006,59.786099794963576,0,0.0,,,,MODEL_NOT_OBSERVATION
S3_adaptive_blockade_transition2,1844,70.73450005919996,45.97742503847997,43.038484181532006,18.281409160812018,5.5,3.0,33.51591679482204,15.234507634010022,1343.2638675270834,44.043961685376665,60.845109735011526,0,0.0,1844,,,MODEL_NOT_OBSERVATION
S3_adaptive_blockade_transition2,1845,71.08817255949594,46.20731216367237,44.043961685376665,19.163101289553083,5.5,3.0,35.132352364180655,15.969251074627572,1378.396219891264,45.09793225630209,61.9568067367534,0,0.0,1844,,,MODEL_NOT_OBSERVATION
S3_adaptive_blockade_transition2,1846,71.44361342229342,46.43834872449073,45.09793225630209,20.092667558499386,5.5,3.0,36.83655719058221,16.743889632082826,1415.2327770818463,46.20302897201955,63.12381204703964,0,0.0,1844,,,MODEL_NOT_OBSERVATION
S3_adaptive_blockade_transition2,1847,71.80083148940489,46.670540468113174,46.20302897201955,21.07273795072784,5.5,3.0,38.633352909667714,17.560614958939873,1453.866129991514,47.36202955930958,64.34887732301176,0,0.0,1844,,,MODEL_NOT_OBSERVATION
S3_adaptive_blockade_transition2,1848,72.1598356468519,46.903893170453735,47.36202955930958,22.106087082911415,5.5,3.0,40.527826318670925,18.42173923575951,1494.393956310185,48.57786434886971,65.63489112017655,0,0.0,1844,,,MODEL_NOT_OBSERVATION