

178.5- 6 

1786- 7 

1787- 8 

1788- 9 

1789- 90 

1790- 1 

1791- 2 

1792- 3 

1793- 1' 
1791-5 

1795- 6 

1796- 7 

1797- 8 

1798- 9 

1799- 0 

1800- 1 
1801-2 

1802- 3 

1803- 1. 
1801-5 

180.5- 6 

1806- 7 

1807- 8 

1808- 9 

1809- 10 

1810- 1 1 


1 1,7.30,126 
1,150,883 
1,876,189 
2,010,787 

1.677.30.5 

6.0. 57.91 1 
1,851,317 
2,280,601 

2.133.. 5.32 
2,7.51,772 

2.116.03.5 
2,172,7.38 
2,517,863 

2.. 5.3.5.578 
2,568,741 
2,5.56,815 
2,883,5.52 
3,229,599 
2,991,111 
2,318,007 
.3,620,871 
3,196,258 
3,797,229 
3,091,271 

2.871. . 533 
2,9.59,6.51 
2,617,686 
3,012,085 
2,663,962 

2.575. . 589 
2,7.3.5,740 

2.727.37.5 
2,511,113 


Total -1106,.32l,066 


'\i8toni-.  paid  bv 

FrtM;»ht  and 

(Muiri^cs  oi  Mot-  1 

'I'nlal  (-ost  and 

Sab*  \iniMini 

PK.bt 

iho  CtMiipati) 

Deni 

Cliai  gi-s 

i 

JL' 

/ 

JL 

1 

2,90H,5S5 

1,997,207 

622,098 

9,395,70.5 

11,879,892 

2,1SV,187 

8,89.3,671 

4,120,122 

1,771,102 

29,8I.5,.32I' 

32,90.3,6(0 

3,OS8,.n6 

320,316 

151,083 

2,.526,K26 

3,305,687 

7 i H,S()  I 

87J,1()'I 

397,326 

189,088 

3,333,706 

3,.5.56,S7  1 

223,168 

872,313 

461,335 

196,162 

3,.5ro,H9r 

.3,6.50,1.58 

79,261 

(179,503 

438,519 

167,251 

2,962,()0S 

3,028,1  V.5 

6.5,837 

L(i3:3,M1. 

2,120,91.5 

(i  12,8 19 

1 0,72.5, 0S9 

12,573,009 

1,817,9'20 

57i,(i4^1 

1,017,160 

278,8  VI 

3,721,989 

4,201,981 

479,992 

537,l.yi 

8.83,001 

359,673 

1,(I6(),7'27 

1,617,971 

.587,217 

16.5,381 

819,818 

11 1,. 522 

t,133,2S() 

1,667,019 

A33,7(i3 

.550,190 

785,4-98 

291, .598 

1,3H2,0.58 

1,871,7  1.5 

492,687 

513,689 

677,781 

2.5.5,390 

3,S62,S9S 

1,2.56,518 

3*3.3,620 

.501,770 

745,5 13 

2()5,o;h 

.3,9.S.),0.SS 

1,117,823 

132,7.35 

621,880 

71(),303 

.30.5,175 

1,191,521 

,5,101..508 

909,987 

fil  1,722 

719,362 

308,191 

1,175,1.5.1 

.5,1  11,5.32 

966,379 

()(K),091 

716,69.5 

301,589 

•1.190,116 

.5,0.50,819 

860,70.1 

G26,07(> 

7()7,.591 

212,986 

4,133,198 

1,8.59,715 

720,217 

598,396 

663,019 

273,(iV3 

1,118,610 

.5,172,911 

1,051,3.31 

770,371 

1,0.53,701 

325,800 

.5,. 379,4  71 

6,51.5,900 

1,1.16,1'29 

S7(>,545 

1,077,713 

303,191* 

.5,2.51,626 

6,06.1,910 

812,281 

403,031 

1,021,057 

233,768 

3,978,863 

1, 67.5, 358 

696,49.5 

1,198,603 

1,. 51 1,307 

415,783 

6,776, .561 

8,.3 1.5,67. 3 

1,. 539,1 09 

43(i,75l 

1,137,680 

367,983 

.5,738,672 

7,3.59,676 

1,621,001 

209,151 

1,. 53 1,897 

379,75t) 

.5,921,036 

7, .59.5,1 81 

1, 674',  11. 5 

150,365 

1,175,130 

331,314 

1,7.51, .380 

6,626,.'!  17 

1,871,967 

78,159 

1,219,.560 

302,126 

1,171,378 

6,06!>,6.36 

],. 59.5, 2.58 

77,415 

1,281,188 

293,303 

4,611,890 

.5,866,073 

1 ,2.5 1, 1 83 

76,230 

990,07.5 

263,026 

3,977,017 

5,260, .521 

1,28.3, .501 

78,595 

1,176,.581 

29(1,657 

4,.596,918 

5,995,5*38 

1 ,.‘198,680 

54,955 

1,102,7.55 

259,056 

1,080,728 