

4 

9 

08 

100  Sicca  Rs.  ^ 

Bombay  ditto..  105 

7 

3 

27 

Bombay  ditt0w^98 

2 

1 

91 

Arcot  ditto......!  07 

6 

6 

22 

Current  dittOv%..108 

0 

0 

0 

Current  ditto..-**!  16 

0 

0 

0 

17fl 


BOMBAY- 


The  following  is  a Table  for  reducing  Bombay  Rupees  Into  the  preceding  denominations  of  Rupees, 
calculated  upon  the  principle  of  100  Bombay  Rupees  being  equal  to  110  current  Rupees. 


Bombay  Hiipees. 

Kupees  ■■■ 

R.  A.  P. 


Sonaut  Rupees. 

Arcot  Rupees. 

R.  A,  P.  Dec 

R.  A.  P.  Dec 

Current  Rupees. 

R.  A.  P.  Dec 


1 0 15  2 6 0 15  10  27  1 0 3 55 

2 1 U 4.  13  1 15  8 64  2 0 7 11 

3 2 13  G 20  2 15  6 81  3 0 10  66 

4 3 12  8 27  3 15  5 8 4 I 2 22 

5 4 11  10  34  4 15  3 35  5 1 5 77 

6 5 11  0 41  5 15  1 62  6 1 9 33 

7 6 10  2 48  6 14  11  89  7 2 0 88 

8 7 9 4 55  7 14  10  16  8 2 4 41. 

9 8 8 6 62  8 14  8 43  9 2 7 99 

10  9 7 8 68  9 14  6 70  10  2 11  65 

11  10  6 10  74  10  14  4 97  11  3 3 10 

12  11  6 0 81  11  13  3 24  12  3 6 66 

13  12  5 2 88  12  13  1 51  13  3 10  11 

14  13  4 4 95  13  13  11  78  14  4 1 67 

15  14  3 7 2 14  13  10  05  15  4 6 22 

16  15  2 9 9 15  13  8 32  16  4 8 78 

17  16  1 11  16  16  13  6 59  17  5 0 33 

18  17  1 1 23  17  13  4 86  18  5 3 89 

19  18  , 0 3 30  18  13  3 13  19  5 7 45 

20  18  * 5 5 37  19  13  1 40  20  5 11  11 

30  28  , 7 2 6 29  11  8 10  30  8 10  66 

40  37  ' 4 10  75  39  10  2 80  40  11  10  22 

50  47  , 6 7 44  49  8 9 51  50  14  9 77 

60  56  H 4 13  59  7 4 21  61  1 9 33 

70  66  6 0 82  69  5 10  91  71  4 8 88 

80  75  13  9 51  79  4 5 61  81  7 8 44 

90  85  5 6 20  89  3 0 31  91  10  7 95 

100  94  13  2 89  99  1 7 2 101  13  7 55 

200  189  10  5 79  198  3 2 4 203  11  3 10 

300  284  7 8 68  297  4 9 6 305  8 10  65 

400  379  4 11  58  396  6 4 8 407  6 6 20 

500  474  2 2 48  495  7 11  10  509  4 1 75 

600  568  15  5 37  594  9 6 12  611  1 9 SO 

700  663  12  8 27  693  11  I 14  712  IS  4 85 

800  758  9 11  16  792  12  8 16  814  13  0 40 

900  8.53  7 2 6 891  14  3 18  916  10  7 95 

1000  948  4 4 96  990  15  10  20  1018  8 3 50 

2(KX)  1896  8 9 92  1981  15  8 40  2037  0 7 0 

3001)  2844  13  2 88  2972  15  6 60  305.5  8 10  50 

40<X)  3793  1 7 84  3963  15  4 80  4074  1 2 0 

5000  4741  6 0 SO  4954  15  3 0 5092  9 5 50 

6(XX)  5689  10  5 76  .5945  15  1 20  6111  1 9 0 

7000  6637  14  10  72  69.36  14  11  40  7129  10  0 50 

80(X)  7586  3 3 68  7927  14  9 60  8148  2 4 0 

9000  85.34  7 8 64  8918  14  7 80  2166  10  7 50 

10000  9482  12  1 60  9909  14  6 0 10185  2 11  0 


1 1 7 20 

2 3 2 40 

3 4 9 60 

4 6 4 80 

5 8 0 0 

6 9 7 20 

7 11  2 40 

8 12  9 60 

9 14  4 80 
11  0 0 0 

12  1 7 20 

13  3 2 40 

14  4 9 60 

15  6 4 80 

16  8 0 0 

17  9 7 20 

18  11  2 40 

19  12  9 60 

20  14  4 80 
22  0 0 0 
33  0 0 0 
44  0 0 0 
55  0 0 0 
66  0 0 0 
77  0 0 0 
88  0 0 0 
99  0 0 0 