STATEMENT of the INCOME & EXPENDITURE of          I                   of IRELAND, from the Period of its Union with             GREAT BRITAIN in 1800, to the Union of the two EXCHEQURlRS, on the bth. January 1817.

                       1800.       1801.       1802.          1803.        1804.                    1806.           1807.,      1808.            1809.       1810.       1811.       1812.               1813.            814.        1815.       1816.
                                                                                                                      .£                                      -£           £                       |




                                                          „       1R ,                                                         2,823,919       3,208,771   2,382,462   2,533,625   2,898,565           2,988,906   •2.*   '34,804   2,764,592   2,194,715
                      2,750,626   3,208,123   4,355,491                  4,614,691    4,506,078                    5,772,066                                                                   ;



                                                                                                                               3,000,119       2,282,277   2,749,159   3,004,985   3,242,358       i
                                                                                                                                                                                                       3,244.085          162,165   4,509,908   4,071,345
                                   295,182                    297,102     491,178      615,591      696,481         720,076      769,333         818,469     831,708     887,676     910,343   i         953,307      1   28,398      761,329     755,605
                        74>5       119,752     123[55S        125,715     141,709      166,808      164,023         177,258      195,175         207,259     235,255     238,881     238,879             250,656       52,884         264,948     260,039
                        35,105      48,020      59,460         47,217      44,411       41,393       40,429          39,545       35,302          34,777      35,039      33,372      36,775              41,978       40,467                      10,578
                       129,594     433,500     419,417        127,231      42,250      179,133      192,90j,        224.904      123,681         158,738     188,951     112,928     126,208   1         132,618     1 26,901         10o!438     180,616
                                                34,781         62,325     107,173       51,391          130          15,973        3,177           2,838       3,389       4,043                          44,488       49,370          52,765      52,274
                                   119A49                     153,088                  108,076      288,13*         136.905      127,745         115,285     102,123     121,705     162,938             163,246     2 03,093         170,280     208,427

                      3,306,436   4,286,092   5,425,851   4,751,153      5,545,920    5,668,470   6,297,941,       7,086,727   7,078,451       6,828,414   6,528,086   6,937,215   7,616,066           7,819,284   8,4 98,202       8,605,469   7,733,599

                        91,811     300,459                    300,117      367,338     268,847      238,036]   ,285,571          257,099         212,198     505,702     313,378     195,471             129,345     2 97,748         170,498     369,477
                       805,132                 688A04         787,312    1,135,954    1,175,492   1,185,176 1 1,299,026        1,133,735       1,125,873   1,052,236   1,173,094   1,116,220           1,185,381   1,1 16,384       1,160,185   1,159,337

                       898,943     823,858    1,072,061   1,087,428      1,503,292    1,444,339   1,423,212        1,584,597   1,390,834       1,338,071   1,557,938   1,486,472   1,311,691           1,314,726   1,3 14,132       1,330,683   1,528,814

                      2,409,493   3,462,234   4,353,790   3,663,715                   4,224,131   4,874,729        5,502,130   6,687,617       5,490.343   4,970,148   5,450,743   6,304,375           6,504,558   7,1 *4,070       7,334,786   6,204,785
                      2,100,000                              11,400      l,*25o[oOO               2,000,000                    2,000,000       1,250,000       6,198   2,600,000   1,513,000           2,000,000   2,6 r8,700    330.500            6,600
                      1,487,123   3,787^877   2ll66l6G6   2,166,667      4,074,709    4,941,284                    2,924*747   3,389,728       3,011,919   6,647,359   3,406,599   4,778,137           5,575,862   5,0 >9,098 10,761,189        2,752,822

                      5,996,616   7,292,997   8,145,456   5,841.782      9,367,337    9,165,415   9,233,735        8,479,877 11,077,345    |
                                                                                                                                               9,752,262 10,623,705 11,457,342 12,595,512 14,080,420 14,8 11,868 18,426,475                     8,964,207
