                                                         .       ....                                                  6




                                                                                                                                       3

 IMPORTED into GREAT BRITAIN, and appropriation thereof, in each of the 9 Years 1804 - 12
                                                                                1804.        1805.           1806.                1807.                  1808.      I        1809.          1810.            1811.           1     1812.
                                    Articles.                                                                                                               £                     £
                                                                                                £                                                                                              £                £                     £
 66                           Rhubarb                                              2,236        2,770             1,932              2,269       1,985                            2,678       3,103             1,890                 1,475
 67                           Seeds                                              22,603        18,301           23,687             24,358 ! 19,818                 |
                                                                                                                                                                                 33,630     47,373            21,931                44,981
 68                           Shumac                                               1,922        2,723             2,509              1,271 !    1,975                             3,235       3,180             1,866                 3,327
 69                           Skins Sc Furs                                     50,594        41,802            40,219             39,775 ~ 33,929                               21,830     31,394            22,809                15,090
                                                                                 14,101       22,005            11,477              9,960 1g 6,680                               20,300      9,777             4,310                 3,737
 71 Tallow                                                                      48,973        35,954            48,602            34,837       12,058                            33,394     46,791            29,018                36,330
 72 Tar...                                                                        4,733       10,116            10,477             10,862           ^
                                                                                                                                                8,724                             7,870      8,366            17,126                 7,313
73 Turpentine                                                                   20,470        22,251            19,351            14,929
                                                                                                                                           II 4 342          ’                   18,213     18,231            23,693                11,995
74 Wax, Bees                                                                      6,212         4,040            9,553            10,302 ffc> 7,066                               8,388     16,526             7,885                 6,776
   f 75 Balks Sc Ufers
         .
                                                                                12,411        16,649           22,892             17,715          828                             4,326     21,734            34,838                17,773
 <§>                      1       76 Battens &Ends                              14,534        16,848           15,430             13,119 £| 2,034                                 7,451     17,256            15,577                11,020
5
    --

H 78 Beals Sc Ends
                                  77 Boards                                       3,614
                                                                               264,804
                                                                                                4,719
                                                                                             327,647
                                                                                                                 5,211
                                                                                                             310,333
                                                                                                                                    3,263
                                                                                                                                 260,500
                                                                                                                                                    S
                                                                                                                                                  132
                                                                                                                                               89,213
                                                                                                                                                                                  1,191
                                                                                                                                                                            192,336
                                                                                                                                                                                             4,659
                                                                                                                                                                                           359,984
                                                                                                                                                                                                               3,886
                                                                                                                                                                                                             346,842
                                                                                                                                                                                                                                     1,306
                                                                                                                                                                                                                                   216,912
S 79 Lathvvood            !
                                                                                10,119          8,823            4,638            10,427   5§.  1,400                         3,710          6,987            13,083                 9,515
g J 80 Masts                                                                    17,644        22,306           14,057             22,839 !•§ 6,654                            5,538          8,564            16,226                14,808
   i 81 Oars
     .                                                                            2^079        2,081             2,291              1,694 s       812                         1,602          2,869             4,097                 2,390
5s   82 Oak Plank     i                                      .                  19,670        22,318           12,265               8,732 !       199                         1,132          5,034             8,457                 8,492
5 83 Staves           j
                                                                                26,411        39,605           25,431             25,798 §      8,700                        49,154         54,892            18,037                 3,177
     84 Timber Fir                                                             249,634       224,926         1 29,604                        *
                                                                                                                                 203,240 § 29,773                            65,944        128,867           203,098               158,408

                                                                                   —
«a

                                                                                                 —
                                                             .       .



                                                                                                                                    8,312 3
                     J


    85                               Wainscot Eogs                                9,170        5,692           10,295                           1,776                           963          3,374             5,454                 5,067
w 1^86 Other Wood..
                     !




                                                                                                                 8.756              9,488       7,254                        13,786         15,981            13,372                11,456
87 Wool, Sheeps ....                                                             16,456       17,134           14,449             24,510        4,846                        15,007         24,435            10,749                15,661
88 Yarn, Linen                                                                    2,778        3,122             2,972              1,714         209                             1,215      1,365                  55                   61
89 Corn, Grain, See.                                     .                       21,368       25,958           28,541             38,694        3,519                         35,980        56,268             7,815                 6,980

                                    TOTAL.                                    6,511,340 6,938,940          7,560,59            7,546,141            7,317,311           8,065,532         8,161,602   7,020,948                  7,760,237
90 Do. cf Nos. 99-240.                                                          156,291   138,477            152,285             106,702              125,140             192,252           202,814      133,088                    131,493
91 Unenumerated artic.                                                          109,083   282,668            103,854              61 ,022              65,443             293,463            95,578       40,341                     77.528
92 Temporary on do.                                                           1,775,352 2,034,680          2,257,883           2,343,713            2,124,348           2,569,238         2,925,053   2,159,418                  2.480,963
93 Tonnage inwards                                       .                       89,445    94,624             91,953              98,486               56,775              79,119           110,536       73,729                     66,981
     f 94 Coals
     .
                                                                                 84,057    84,259             70,678              50,506               26,036              30,517            38,072       31,439                     51,762
•|     95 Lead                                                                   35,389    24,088             28,924              29,209               24,404              17,982            30,870       21,398                     25,641

                                                                                                                                                                                  —
                  1




 s     96 Sundries   j
                                                                                 11,635.    9,203              8,299               5,738                5,463              14,086            24,680    a 126,554                  b 127,998
1=3
    ^ 97 Linens                                                                                                                                                                                           27,364                     15,318
                                                                                                                                                                                                    r
 | 98 British Manuf.
                  1                                                             91,860       88,352          94,844               83,896                 70,291'                                       1
                                                                                                                                                                                                          73,231                     94,213
       99 Tonnage outwd
                  |
                                                                                54,610       52,538          51,862               49,014                 42,249 > 561,899                  649,329<       43,243                     51,614
^ L.100 Temporary                                        .                     381,418      361,213         366,960              324,207                309,252_                                    _§ 267,795
                                                                                                                                                                                                       i                            341,795
    _                         .     rl Coals        ....                       756,005      744,408         765,256              702,265                842,579 t 742,242                  864,889 | 838,382                        834,445
cZtZys]'  2 Slate &c                            *    -                          24,650       34,804          32,566               32,976                 33,650 t 29,802                    34,072 | 40,893                          42,950
      J
        (3 Temporary                                                           153,803      186,377
                                                                                                       1




                                                                                                            238,167              234,209                280,630 % 254,325                  301,692 | 296,809                        296,028

2
   f 104 West Indies
       5 Isle of Man
                                                                                23,634
                                                                                                —
                                                                                             26,281
                                                                                                    —        26,062               35,897
                                                                                                                                                            —
                                                                                                                                                         26,331 ~ 28,447
                                                                                                                                                                 £ [*10,460]
                                                                                                                                                                                            33,845 ~ 40,891
                                                                                                                                                                                                      «    8,335
                                                                                                                                                                                                                                     23,604
                                                                                                                                                                                                                                      6,973

                                                                                   —            — — —                                                                                          —
                 i                                               .




 8
       6 Goods sold for
       7 Seizures [Duties
                                                                                 13,855       10,785           7,401                6,666
                                                                                                                                                            —
                                                                                                                                                          10,226        |     10,527         3,932 s 13,576
                                                                                                                                                                                                     | 21,926
                                                                                                                                                                                                                                      5,455
                                                                                                                                                                                                                                     34,681

                                                                                   —                                                                                    1
                 |


^ { 8 Surcharges, &c                                                              4,620       4,622            3,089               2,953                  8,705         1    13,004         14,520 -a      8,206                     11,067
 ?     9 Warehouse Rt                                                                         2,061            7,080              10,447                 16,162              18,009         16,697 1 16,440                          15,031
 a
55
    110 Quarantine
     11 Bounties repd.
              1




   L 1 2 Imprests ....
                                                         .


                                                                                   —
                                                                                 13,295

                                                                                   —            — — —
                                                                                             23,273

                                                                                             34,268
                                                                                                              13.371

                                                                                                             28,880
                                                                                                                                  10,425

                                                                                                                                  98,452
                                                                                                                                                         12,746
                                                                                                                                                         19,301
                                                                                                                                                        197,724
                                                                                                                                                                             22,173
                                                                                                                                                                              9,185
                                                                                                                                                                            152,043
                                                                                                                                                                                            20,211
                                                                                                                                                                                             1,301
                                                                                                                                                                                           157,515
                                                                                                                                                                                                      £   12,806
                                                                                                                                                                                                           8,092
                                                                                                                                                                                                         207,467
                                                                                                                                                                                                                                     15,212
                                                                                                                                                                                                                                      2,190
                                                                                                                                                                                                                                    151,404

                                    RECEIPT. £ 10,290,344 11,175,921 11,910,000 11,832,924 11,614,766 13,114,306 13,687,208 11,532,377 12,664,586
             Total
Proportion Scotland
Repayments
       Appropriation
                                                                                082,678
                                                                                  1,081
                                                                                             740,891
                                                                                               3,702          —
                                                                                                             938,373              855,786
                                                                                                                                                1




                                                                                                                                                         792,390            1,010,147      1,096,834         358,169
                                                                                                                                                                                                                 396
                                                                                                                                                                                                                                   947,984
                                                                                                                                                                                                                                       247


Drawbacks & Repaym.                                                          1,586,960     1,589,816       1,560,346           2,046,358            1   ,397,899
                                                                                                                                                               1,913,740 2,242,111                         1,651 ,584            1,391,036
Bounties                                                                       304,056       269,915         307,864             407,293              453,036    576,082    561,662                          364,810    352,835
Civil Govnmt., Scotlnd.                                                         54,477        58,852          76,446              64,393               80,617     68,246     84,591                           75,171     81,421
Quarantine Charges                                       .                    c 76,690                                          d 54,666             d 71,810      2,361      4,801                            4,728     11,795
Charges of Managemnt.                                                          566,999       614,913        655,603              799,615              844,448    867,551    909,393                        1,016,878  1,080,663
                                                                                                                                                                                                                         j




Exchequer Payments                                                           8,357,871     9,084,458       9,733,814           9,207,735            8,797,823 10,289,807 10,819,151                        9,436,323 10,029,748
         <
•»           S>                    Collectors                                   50,552        50,585          58,595              60,041               69,340     74,789     61,253                           74,380     48,096
                              f
a^ J                               Receivers Generl                             47,507        54,657          61,542              48,026               56,851     47,361     39,101                           35,728     38,346
il           5                     Bills not Due         .       .       1
                                                                               167,679       277,414         280,044             230,573              365,704    459,330    343,807                          319,188    526,531
                              J
         .g                   V.   Imprests                                       1,465       29,157          34,990             120,446              199,778    122,818    195,966                          158,828    155,848
                                                                                                                           1




     Total appropriation £                                                   11,214,257 12,029,767 12,769,244 13,039,146 12,337,315 14,422,086 15,261,834 13,137,618 13,71G,319
                                                                                                                           j



                              11       06 » n
                                          ‘                  include about £185,000 proceeds of sale of 3     cent. Stock, sold   cn account of Superannuation Fund and £ 70,000 for Canal and Dock Dues, which are first credited
'n 1km*!                                                                                                                                                                     ;

         ,»“~ 8ee line 15, page 12 c in 1804, was for part purchase of the site of the
                                                     :
                                                                                                                   New'Custoni House        d in 1807, includes £39/243 compensation io Officers for loss of Fees and suppression of
                                                                                                                                            :
J?
Smuggling ; and in 1808, £69,499 wholly on account of the latter.
