                                                                                                                                                                                                         —


                                                                                                                                                                                               9

Articles of Merchandize,                                    IMPORTED into GREAT BRITAIN, in each of the 28 Years 1815 — 31.
              ,   1817.            1818.             1819.                           1820.            1821.                   1        1822.       1823.               1   1824.                   1826.           1826.              1827.                 1828.       1829.        1830.           1831.                1832.               1833
                                   " “A*"                                                                                         1
                                                                                                                                                    -£-                                              £                  £               £                      £             £
                                                                                                                                                                                                                                                                                 |




                                                                                                                                                                                                                                                                                       £               £
 99           !   3,159   4,045 3,665 2,742 2,504 3,313 4,069 4,992 4,950 4.096          5,785                                                                                                                                                              5,955  4,881  4,210                      3,905
100           i
                  4,776   1.577 2,670 2,680     ,343  5,044 3,990 3,580 5,523 3,186 5,452                                                                              1
                                                                                                                                                                                                                                                            5,323  2,222  1 ,432                       765
  1               1,796   3,339 1,185     622  1.524  2,900  3,309  3,054  1,454    498  1,112                                                                         i
                                                                                                                                                                                                                                                            1,411  1,050 2,040                       1,401                                I

              |




  2               2,690   2,822 2,460 2,121    2,023 2,235 3,573 3,639 4,516 4,313 5,872                                                                                                                                                                    5,543 4,327 5,270                        5,316                                I


              |




  3           |
                     985 2,033 1,946 2,854 1,341 3,414 1 ,573 2,043 9,143 8,107 6,222                                                                                                                                                                       7,040 8,137 7,733                        6,889
                  13,472 16,957 14,814 12,235 12,042 12,598 14,652 16,616 16,825 10,411 10,945
                                                                                                                                                                                                                                                                                                                                          1


  4                                                                                                                                                                                                                                                        10,851 11,102 11,811                      9,206
  5                1,831  1,906 2,540 2,522 3,655 4,634 3,231       1,400 3,373   1,114  1,021                                                                                                                                                              1,842  1,344 2,747                       3,341

  0               2,419            1,658            1,819                        2,618               2,012                            2,422        2,494                   2,481                   2,500           3,413              3,561                 3,459       2,473        2,704           2,065
  7               2,491            2,207            2,132                        2,246               2,820                    i
                                                                                                                                      4,007        3,299                   2,833                   3.522           1,829              2,028                 2,957       1,096        1,722           1,783
  8               3,563            4,844            3,812                !       3,472               3,730                            5,015        5,310                   5,397                   5,801           5,209              5,239                 0,778       6,365        7,027           5,087
  9                 310            2,004            2.032                        1,972               2,984                I           2,287        2,099                   2,105                   4,244           1,602              2,356                 2,944       2,670        2,758           2,976
no                2,277            3,029            1,966                        1,842               1,915                I
                                                                                                                                      2,879        1,802                   1,699                     545                649           1,091                 1,183          96          146             227
 11               3,372            3,854            3,390                        3,589               5,542                            5,119        6,272                   6,864                   5,284           1,491              2,472                 1,850       1,976        2,654           2,219

 12  3,236  4,766 3,002 3,097    2,345  2,939 2,646 2,626 4,237 5,918 5,497       6,824 6,044 4,560 4,655
 13  1,261  2,359 3,350 7,340 8,906 9,725 12,568 11,821      4,293    843    565    960    786 1,062       953
 14  7,380 8,001   0.477 5,395 4,256 6,310 6,070 7,939 6,132        7,303 6,891   4,189 3,345 3,560 2,755                                                                                                                                                                                        :




 15 5,369 7,442 5,961     7,959 7,824 7,862 8,177 10,596 17,189 9,777 11,543 12,189 10.909 11,483 110,316
 16 1,236   1.875    985    584    855 1,267 1,047    1,255  3,094 2,564 3,372    4,929 5,799 5,650 5,501                                                                                                                                                                                                             l




 17  1,347  1,093  1,570   ,959  2,213 2,471   2,032 2,514 2,334 2,873 2,704     12,066    591    846      727                                                                                                                                                                                   !




 18 1,160 2,738 2,227 2,635 2,629 2,473 3,348 4,132 4,058 3,398 3,169             1,145    202    213      113                                                                                                                                                                                   !




 19 25,405 33,233 33,459 24,570 38,180 37,221 38,273 58,668 69,854 57,996 73,276 76,747 63,853 48,281 |26,o23
                                                                                                                                                                                                                                                                                             [




120 6,188   9,914 6,010    ,579  7,700 5,644 0,193 4,831     3,175  1,226 2,000
                                                                             1   12,350 2,309 2,192     1 ,908

  1  4,723 4,494 5,398    5,959 5,107   7,432 8,911 13,263 11,938 1,222      714    786    715    644      327                                                                                                                                                                               1




  2  1,077    977    842  1,354  1,107    751  1,142  1,083    770 1,023 1,444 1,211     1,123  1,146  1,114                                                                                                                                                                                 j
                                                                                                                                                                                                                                                                                                                  ,




  3  8,023 12,378 5,851   4,192    510 4,932 4,154 0,183 7,289 5,093 0,988 4,862 3,693 5,038 3,866                                                                                                                                                     !
                                                                                                                                                                                                                                                                                             i




  4 10,500 14,585 14,026 21,235 19,212 21,452 11,151 25,034 14,427 13,591 11,020 11,948 10,886 13,557 10,639
                                                1




  5  1,627  2,701  1,980  2 275  3,008    852 1 ,250 1,885 2,382 1,261     1 ,672 1,758 2,045   1,426 2,579

                  — —                                                                                                                                                       —                                       — — —
                                                                                                                                                                                                                                                                                             |




  6 5,131   5,027 0,784   0,983 7,902 7,928 8,946 10,112 9,251 11,284
                              1
                                                                 |
                                                                           7,689 6,422 4,508 4,528 5,165                                                                                                                                                                                     i

                                                                                                                                                                                                                                                       j




  7                5,013 2,104 2,439      673 1,731              ,
                                                                                         1,363    515 1,968                                                                                                                                                                                  i


                                                                                                 j



  8  1,634 2,488 3,385    2,310 3,523 2,932 2,104 2,983      1,279  1,447     913 1,848 1,430 1,325 1,791
  9 6,020 6,911 9,206 0,589 7,538 7,051        0,157 9,415 10,102 4,873 3,365 2,833 2,942 3,406 2,757
                                                                     1
                                                                                                                                                                                                                                                       !


                                                                                                                                                                                                                                                                                                                                      1




130    917  1,650    452 1,003     425    570    595    745    055    595  1.208    546    448   1
                                                                                                  738    364          !
                                                                                                                                               !




  1 13,105 17,510  9,920 13,448 9,442 12,193 14,446 12,224 13,069 9,532 10,856 9,966 8,242 7,539 10,328
                              |
                                                                                                 1




  2     47]
              798     50      8     42      8     18     55                                                                                                        |




  3 2,410 2,953 3,098 2,578      3,043 4,434 5,243 4,029 3,707 4,954       4,029 5,205 6,133 5,950 6,070                                                                                   i


                                                                                                                                                                                                                                                       j
                                                                                                                                                                                                                                                                                                                  |




  4  4,056  3,702 3,334 4,499 4,744 5,040 5,982 0,636 6,779 0,340          7,117 8,311   7,588  9,027 7,924                                                                                j
                                                                                                                                                                                                               |                                   i




  5 5,009 4,196 4,366     4,731
                              !


                                 5,684  5,562 4,078 5,825 3,830 4,911
                                            I
                                                                           5,014 4,947 4,043 4,798 2,840                                                                                                                          !



                                                                                                                                                                                                                                                                    |



  6 3,097 3,805 2,795 4,009 2,044 3,750 2,591 2.704 2,932 1,947            1,212    961  2,161  1.416
                                                                                                 !       948                                                                                                                      1                1                                                              i




  7  1,070  1,117    400 1,747 1,392 4,290 9,031 2,005 1,821        2,570  1,493  1,280  1,130  1,337  1,018                                                                                                                                       !
                                                                                                                                                                                                                                                                                                                                  I




  8 2,574 2,400 4,009     4,308 3,030 5,131    4,506 3,917 5,437    3,132     762   992    990 1,813 1,116                                                                                                                                         1




  9 2,400 3,840 3,334     2,870 2,048   1,931  1,865  1,447  1,619  1,502  1,419  1,528  1,400  1,318  1,087                                                   |




140       1
                  4,292           3,473             2,528                        2,242               3,080                            2,377        3,399                   3,855                   1,771           1,837              1,515                1,294        1,434        1,179           1 ,260
                                                                                                                                                                                                                                                                                                                                  1


                              j




  1   1
                  1,850           2,894             2,757                        2,402               3,474                            2,896        3,293                   3,527               2,633               1,455              1,673                1 ,372        732           817             823

                                                                                                                                                                                                                                                              —                                      —
                                                                 |                                                !
                                            j




  2               5,404   i

                                  4,871     1       1,634                        1,045               1,517                            1,208        2,429                   2,941               3,810               2,737              4,335                5,476        4,621        0,875           4,506
                                                                                                                  |




  3                378               202              287                        1,154                 885                            1,152        1,216                   1,534               3,303                 363               299                    554


 6
  4
  5
                  3,535
                  1,272
                  1,929
                          ,




                          |




                          1
                                  2,497
                                  4,009
                                  3,035
                                                    2,511
                                                    1,597
                                                    1,510
                                                             ]
                                                                                 1,089
                                                                                 2,092
                                                                                 3,098
                                                                                                     3,942
                                                                                                     3,383
                                                                                                     3,043
                                                                                                                                      3,820
                                                                                                                                      3,256
                                                                                                                                      3,050
                                                                                                                                                   4,074
                                                                                                                                                   2,930
                                                                                                                                                   2,775
                                                                                                                                                                           3,324
                                                                                                                                                                           2,297
                                                                                                                                                                           2,668
                                                                                                                                                                                       1
                                                                                                                                                                                               2,537
                                                                                                                                                                                               1,817
                                                                                                                                                                                               3,471
                                                                                                                                                                                                                     596
                                                                                                                                                                                                                     191
                                                                                                                                                                                                                   1.150
                                                                                                                                                                                                                                       583
                                                                                                                                                                                                                                       223
                                                                                                                                                                                                                                      2,386
                                                                                                                                                                                                                                                            — —
                                                                                                                                                                                                                                                              575

                                                                                                                                                                                                                                                           1,248
                                                                                                                                                                                                                                                                         820

                                                                                                                                                                                                                                                                        1,193
                                                                                                                                                                                                                                                                                     1,141

                                                                                                                                                                                                                                                                                     1,009
                                                                                                                                                                                                                                                                                                     — 855

                                                                                                                                                                                                                                                                                                     1,179    1


  7               2,188           3,192             3,558                        2,227               2,803                            2,213        2,786                     933               1,338                289                990     1
                                                                                                                                                                                                                                                           1,800         054          797             950     |
                                                                                                                                                                                                                                                                                                                                  j




148               3,088            0,368            3,293                        5,086               5,285    j
                                                                                                                                      0,021        4,080                   5,254               4,204                                         -j

  9                970             2,432             993                           586                 730                            1,559        2,000                   1,310               1,502                781                861                  *»* These articles have not been specifically enumerated
150    145                           290             320                                                                                                                                                                                                 since 1827, except Carpets, itdiich have been specified under
                                                                                     500               846                                           704                    572                  572                508                922
 1




 3
    12,602
       481
     1,038
                                  11,842
                                     444
                                   1,330
                                                    7,175
                                                     550
                                                     950
                                                                                 5,409
                                                                                   530
                                                                                   944
                                                                                             1
                                                                                                     5,485
                                                                                                        483
                                                                                                     1 ,003
                                                                                                                                      4,315
                                                                                                                                        833
                                                                                                                                      1,136
                                                                                                                                                   2,626
                                                                                                                                                   1,069
                                                                                                                                                   1,373
                                                                                                                                                                           1,081
                                                                                                                                                                            325
                                                                                                                                                                           1,331
                                                                                                                                                                                               3,695
                                                                                                                                                                                                 124
                                                                                                                                                                                               1,124
                                                                                                                                                                                                                    554
                                                                                                                                                                                                                     99
                                                                                                                                                                                                                    281
                                                                                                                                                                                                                                      —503

                                                                                                                                                                                                                                       313
                                                                                                                                                                                                                                                         the denomination of Woollen Manufactures.
                                                                                                                                                                                                                                                         Duties being here arranged in reference,
                                                                                                                                                                                                                                                         (lu amount of Duty levied on Colonial Produce
                                                                                                                                                                                                                                                                                                         The Customs
                                                                                                                                                                                                                                                                                                        first, to shew
                                                                                                                                                                                                                                                                                                              secondly
                                                                                                                                                                                                                                                         on those articles which ore enumerated in the list of He,
                                                                                                                                                                                                                                                                                                                          —
                                                                                                                                                                                                                                                                                                                                                     ,




                                                                                                                                                                                                                                                                    —
                                                                                                                                                                                                                                                                    <
      I




 4   2,430                         3,954            1,704                        2,413                                                                                                                                                 807             * exports,  see Page 00, and lastly, to shew the changes
                                                                                                     3,151                            4,635        3,209                   3,117               1,980                690                                                                                        The fol-
       214                           505                                                                                                                                                                                                                   (hat have taken place in the articles enumerated.
                                                     568                           934                  860                           1,485        1,335                   1,680               2,010               1,370               698                 lowing Pages contain an Alphabetical list of the whole nj
 ,1    157                           695             573                           813                  708                            588          504                     657                1,134                                   438
                                                                                                                                                                                                                        10                                 the 218 articles, with reference to tin:ir Numb.      in the
                                                                                                                                                                                                                    1                                                                                        -7
                                                                                                                                                           i




  7                765               809             492                              1 12              80                              55          110                     110                   78                105       1
                                                                                                                                                                                                                                       170                 Classification.
  8                547               280             317                             605               876                             300
                                                                                                                                                           J                       |




                          j
                                                                                                                                                    390    '
                                                                                                                                                                            528                1,496                691                048    [
  9                099               770             Gil                         1,295               1,434
                                                                                                                  1
                                                                                                                                                                                                           |




                                                                                                                                      1,100         805    |
                                                                                                                                                                           1,217   l           1,048       j
                                                                                                                                                                                                                    577                346J
                                                                                                                                                                                   N
