                     .                   . , ,
                                             .       ,                                                                 —
                                                                                                                                         2

                                 An ACCOUNT of the Nett Amount of Customs Duty paid on each of 154 enumerated articles of Merchandize
                                                                   1804.           1805.                         1806.           1807.             1808.          1809.         1810.           1811.           1812.
             Articles.
                                                                                                                                                                                                                   £
         f 1 Tea         ....                                      107,410         163,968                       180,447         193,333          217,320          186,762      21 9,322        192,379         215,716
        2 Coffee                 «                                  73,687          36,785                        45,531          45,859          104,108           88,526        77,458         94,396         110,697
         j

        3 Cocoa                      .                               1,970           5,091                         2,894           3,069            3,068            2,525         2,448          3,081           2,928
     I
        4 Pepper                     .                              47,726          39,973                        46,586          50,029           64,433           54,851        62,870          60,157         65,280
     ^ 5 T obacco                                                  308,915         331,968                       326,907         324,666          339,609          337,073       363,310        382,410         385,663
        6 Wines .                                                  669,387         922,124                     1,090,502       1,107,207         1,017,951       1,147,486     1,104,486        961,762         839,388
       g (' 7 Rum                                                   44,441          57,607                        71,429          79,787            97,136          97,515       115,283        120,454         127,269
     I-S    8 Brandy
               •=(                                                  59,125          86,745                       102,054          93,490            90,681          98,047        95,762        j 29,801         10,508
     tdo"          L 9 Geneva                                       30,449          34,490                        32,981          26,741            18,241          22,690        19,270          5,452           2,053

             TOTAL.                                              1,343,110       1,678,751                     1,899,331       1,924,181         1,952,547       2,035,4^5     2,060,209   1,849,842           1.759,502
10 Sugar.                                                        2,537,511       2,587,758                     3,072,795       3,194,589         3,818,316       3,246,586     3,014,074   2,868,232           3,580,224
11 Cotton Wool ......                                              302,640        293,165                       285,119         356,359            231,208         526,730       592,480    .
                                                                                                                                                                                             466,636             426,971
12 Silk                                                            313,170        309,607                       389,511         281,159           215,859          391,993       383,814   SJ] 16,331            423,293
13 Rice                                                              9,541          9,424                        16,943          19,720             2,714              633          278    t        115
14 Indigo                                                           37,517         41,407                        59,639          39,234            54,222           51,477       50,607    ?     29,023          54,640
15 Piece Goods                                                     115,176        140,011                        79,248          60,181            67,131           59, { 34     67,198    a-    53,411          60,528
16 Cassia Lignea                                                     3,213            786                         2,269           2,343              2,061           1,416         1,892   f      1,923           3,073
17 Cinnamon                                                          2,084          1,466                         2,312           2,453              3,613           3,487         4,192   b      2,753           2,974
18 Cloves                                                            4,465          3.106                         3,462           4.141              3,709           4,645         7,381   g      5,828           5,491
19 Mace                                                              1,775           1,865                         1,102          1,972              3,288           2,426         2,008   S      2,899           3,815
20 N utmegs
21 Saltpetre
22 Pimento ..........
                                                                     8,101
                                                                     2,243
                                                                    17,385
                                                                                      —
                                                                                     6.171

                                                                                      —
                                                                                                                   4,997
                                                                                                                   —
                                                                                                                   5,976
                                                                                                                                   —
                                                                                                                                  7,013

                                                                                                                                   8,110
                                                                                                                                                     9,587
                                                                                                                                                     6,333
                                                                                                                                                     6,217
                                                                                                                                                                    10,232
                                                                                                                                                                     1,552
                                                                                                                                                                     8,490
                                                                                                                                                                                   —
                                                                                                                                                                                   8,316

                                                                                                                                                                                   7,431
                                                                                                                                                                                           I
                                                                                                                                                                                           |
                                                                                                                                                                                           I
                                                                                                                                                                                                 10,404
                                                                                                                                                                                                  1,381
                                                                                                                                                                                                  9,594
                                                                                                                                                                                                                  7,869
                                                                                                                                                                                                                  1,000
                                                                                                                                                                                                                  4,755
       (23 Fustic....                                                3,945           3,745                         2,032           2,373             2,045           4,147         5,275   S      7.197           5,271
 Dm        Logwood                                                                   2,684                                         3,209             2,435           2,404         3,387
 JWs <24
     ,


     £ 2 5 Allother                                          i
                                                                     3,303
                                                                     2,584           1,948
                                                                                                                   2,688
                                                                                                                   1,943            980                718           1,579          877
                                                                                                                                                                                           1
                                                                                                                                                                                           £
                                                                                                                                                                                                  4,792
                                                                                                                                                                                                    926
                                                                                                                                                                                                                  5,147
                                                                                                                                                                                                                  1,646
                                                                                                                                                                                           **
26 Whale Oil. ......                                                18,610          19,542                        18,757          16,108            17,773          13,731       21,962          20,636          11)708

             TOTAL.                                              4,726,373       5,101,436                     5,848,130       5,924,125         6,399,776   I   6,366,137     6,231,381   5,451,923           6,357,907
27 Almonds                                                           6,453           5,35G             1
                                                                                                                   8,273           7,292            12,105           7,537         8,510       4,723               9,032
28 Annotto                                           .                                     1
                                                                                                                   3,083           4,881              482    1       2,641         2,326       1,846               1,212
29 Ashes                                                            5,973           6,419                         11,837          13,273            8,304           27,067        49,805      21,063               7,762
                                                                                                                                                             j


80 Barilla                                                         35,049          40,563                         52,464          50,986           53,666          103,362        45,875      50,843              35,227
31 Bark, Oak                                                        2,050           2,720                          3,205           3,180              101              995          943             899                425
32 Borax                                                            1,348           1,722                          1,478           1,260            1,559           2,040         2,024           1,467           1,721
33 Brimstone                                                       24,427          17,889                         28,831          42,201           30,106          33,382        28,216          14,417          15,332
34 Bristles                                                        10,337          11,899                         14,752          12,587            5,183          14,868        10,845          11,478          20,138
35 Camphor                                                          2,695           1,503          I
                                                                                                                   1,198           2,252            2,095            1,233        2,556           2,876           3,354
86 Cochineal                                                        8.001           4,517          !
                                                                                                                   4,081           7,698            6,471           7,111         6,817           8,136           8,528
37 Cortex Peruvianus                                                3,075          22,104                          2,087          11,967            9,350           7,223         6,095           5,997           8,687
38 Cork                                                             6,595           8,549                          7,376           8,352            8,180          11,699        23,414           7,986           7,661
39 Curra.its                                                       97,474         152,711      !                 110,628         117,804          120,473         170,597       140,097         128,046         119,122
40 Elephants Teeth                               .   .              4,760           3,576                          4,712           5,235            6,866           7,154         6,797           6,065           5,439
41 Figs                                                             3,778           6,234      1


                                                                                                                   8,581           6,261            4,434          12,312         5,867           9,320           6,195
42 Flax                                                             4,364           5,976                          4,552           5,334            2,820           9,091         9,373           4,331           6,710      .


43 Gums                                                             5,336           2,484      I                   6,345           7,458            6,972           5,932         7,408           8,953           8,566
44 Hemp                                                           197,313          169,1.67                      204,923         209,894           74,619         269,083       275,264         148,827         208,073
          45 Raw ....                                              27,861          27,800                         15,422          11,865           12,514          21,894        30,599          24,680          14,137
 Hides
        | 46 Tanned                              .       .           7,601          9,780                         13,083           5,405            2,557           6,472         6,695           3,079           3,209
47 Iron                  .   .   .       .       .                 79,276          93,698                        112,536          65,390           56,147          65,896        56,792          52,819          42,395
48 Isinglass                                                        1,019             915                          1,472            868                74           1,735         2,019             940           2.505
49 J alap                                                             835             799                          1,273          2,091             2,813           1,075           969          1,319            2,850
50 Juniper Berries.                      .                          1,640           4,094                          2,073          2,600             1.943           3,188         4,903          1,829            1,718
51 Lemons & Oranges                                                30,463          26,271                         38,205         21,593            28,852          23,881        27,763         26,761           29,061
52 Linens                                                         208,798         133,863                        107,531         68,219            19,936         111,241        66,609         25,641           27,410
53 Liquorice Juice.
54     do.
55 Madders
              Root...
                                                                   19,948
                                                                    1,438
                                                                    6,934
                                                                                    9,216
                                                                                      570
                                                                                   10,099
                                                                                                                   — —
                                                                                                                   6,105

                                                                                                                  3,200
                                                                                                                                  3,371

                                                                                                                                  7,569
                                                                                                                                                    7,230
                                                                                                                                                      754
                                                                                                                                                    7,167
                                                                                                                                                                    8,074

                                                                                                                                                                   13,149
                                                                                                                                                                                 16,225
                                                                                                                                                                                  1,582
                                                                                                                                                                                  8,193
                                                                                                                                                                                                 4,931
                                                                                                                                                                                                   491
                                                                                                                                                                                                 3,043
                                                                                                                                                                                                                  6,758
                                                                                                                                                                                                                     97
                                                                                                                                                                                                                  2,442
56 Mahogany
57 Melasses
   r 58 Olive
                                                                     —
                                                                   36,296

                                                                    11,735
                                                                                      —
                                                                                   31,299

                                                                                    18,717
                                                                                                                 22,221
                                                                                                                    540
                                                                                                                 28,298
                                                                                                                                 35,704
                                                                                                                                    461
                                                                                                                                 12,338
                                                                                                                                                   21,391
                                                                                                                                                      698
                                                                                                                                                   28,796
                                                                                                                                                                   24,045
                                                                                                                                                                    3,075
                                                                                                                                                                   41,960
                                                                                                                                                                                 50,503
                                                                                                                                                                                    999
                                                                                                                                                                                 22,084
                                                                                                                                                                                                51,773
                                                                                                                                                                                                 2,270
                                                                                                                                                                                                13,311
                                                                                                                                                                                                                 50,762
                                                                                                                                                                                                                  7,355
                                                                                                                                                                                                                 21,708
JS J 59 Salad                                                        7,678           3,978                        2,522           4,302             2,110           3,810         4,763          1,065            1,560
5 1 60 Castor .....                                                  2,277           1,738                        2,135             335               479           1,407         2,573          2,602            5,194
   L6t Palm                                                          2,822           1,935                        3,213             972             5,018           5,785         4,583          5,137            2,095
62 Quicksilver                                                          16           2,033                        7,230          10,465             8,688           7,951         6,723          3,065            9,599
63 Rags        .                                                     2,659           3,263                        4,G53           2,141               896           2,130         2,649             932           1,217
64 Rai«ins                                                          74,110   I
                                                                                    96,257             1
                                                                                                           !
                                                                                                                 87,972    |
                                                                                                                                 49,804      i    101,740         110,427        84,753          73,950    1
                                                                                                                                                                                                                 83,014
