                               . ..                       ..                                                                                                                                                  ..




Customs Duties     ,   — Continued.                                                                                                                       8

                                                                                                                An ACCOUNT of the Nett Amount of Customs Duty paid on each of 60 enumerated
         Specification of
                                                                       Rate of Duty.                    1804.       1805.               1806.            1807.              1808.          1809.   1810.               1811.              1812.        1814.       1815.    1816.
       Articles Imported.                                                                                -£-            -£-              -£-                        ]            £          £        £                   £                 £       .   _£           £        £
 99 Aloes                                                               i/3f lb                          242          276               1,122            1,610      !
                                                                                                                                                                            3,1.77         1,419   2,169               1,767              2,461        3,445
                                                                                                                                                                                                                                                           4,469 2,876
100 Anchovies                         ..          1/  2d                              u                  789        2,168               1,502                555            1,512          3,622   1,322                 894              2,583        2,604
                                                                                                                                                                                                                                                           3,527  1,740
  1 Argol                                         7/6 2/                                   Cwt.          497          757                413                 322              399           912    1,587               1,311                633            1,841
                                                                                                                                                                                                                                                       2,471      1,829
                                                                                                           —
                                          .


  2 Balsams                                                                                                         1   ,206            1,265                744    |
                                                                                                                                                                              476          1,180   2,839               1,343                423          941
                                                                                                                                                                                                                                                           1,803 2,171
  3 Beer, Spruce         . .                                       66/                Darrel 3,564                  1,527               2,137                101               25            133     239                 587                322       687 2,072 1,274
  4 Books                                                          .       £5    ^ Cwt. 2,343 2,595
                                                                                          799 1,722
                                                                                                                                        3,778            2,032
                                                                                                                                                             423
                                                                                                                                                                                 626       2,764   2,009               3,(J69             7,353    16,174 12,448 12,358
  5 Bugles                                                              4/                                                              2,574                                    136        716    1,840                 707                246       579 1,530 1,191

  6 Cantharides ....                                                   3/6            «                  607        2,108                746                 311            1,158          1,774   1.431                                  2,885        1,290       1,421    1,004
                                                  1       !
                                                                                                         975        1,307               1,937                997                 646       1,976   1,909               1,339                791         564        2,287    2,485
  8 China Ware                        .   . 15 & 30                              & Cent.         746     789
                                                                                                                                                                                                                          —                            8,904       3,871    3,496
  9 Coral Beads          . .                   15/10                                 m
                                                                                  wCwt.        1,162   978
                                                                                                         735 713                                                                 572       3,903   1,095                                    492        2,864       1,944    2,844
110 Cordage                               21/6 10/9                                      3,251 2,894 2,744 2,916                                                            3,987          6,265   7,484               3,693              4,099        5,620       5,206    3,155
 11    Cream of Tartar                    30/   4/8                                       //            1,926       1   ,622            2,029                833                 910       2,008   2,016                 997              2,201        4,532       2,903    1,281

 12 Feathers                              88/8 44/                                        «   14,547             9,145 11,399                            8,351              2,415          4,727 12,339                6,564              1,901        9,599       8,869    6,285
 13    do.   Ostrich                           30/                                        ft   2,639             1,116  2,112                                575                 154         651  1,707                1,738              2,422        1,078       3,895    2,594
 14 Ginger                                23/  11/6                                       Cwt. 1,551             2,936  3,662                            3,426              3,650          3,472 2,236                 3,808              2,406.       1,890       2,377    4,713
                                                                                               1,080             2,839 3,392                             2,538              2,408          5,984 3,465                 2,031              2,364        8,204       8,010    5,080
 IS                                                                                            7,320             7,501  2,216                            1,815                    —          —    1,354                  238                  5        3,092       1,733    1,371
                                                                                                          —               —                                                                                                                  —
                                                                                               ,/



                                                                       5/        fib                                      709                                395                  —         543          11              321                           1,570       1,391    1,415
                                                                   .       20 <$’ Cent. 1,155                    1,058  1,651                                720                 247       1,535   2,319               1,646              1,478        3,078   1
                                                                                                                                                                                                                                                                   1,669    1,682
 19 Hats, Chip & Straw.                                                                  7,850                   6,283  7,072                            5,137                   932       4,523   1,907                   2              1 ,052       5,156       6,518    9,451
                                                                                                                                                                                                                                             —
                                                                                                                                                                                                                                                               !




120 Juice of Lemons.                                                               «     3,995                   2,299  2,522                            1,604              1,788          6,292   8,375                 765                           8,085       9,486    7,010
  1 Lace                                                                                14., 506                13,521 12,097                            2,038                   088        953    1,464               1,038              1,970        1,877       1,256    2,488

  2 Manna                                                                  1/3             lb                             _             1 ,472                235                854       1,462     808                     75             417        1,952         919  1,179
  3 Matts, Russia...                              2,433            23/9                    100                      2,193               1,831            5,830              2,577          8,335   4,724               4,344              4,733        6,261       6,274 2,775
               a11               2/     Bushel 4,775                                                                3,944               6,023            3,296              3,348          5,105   3,523               1,644              2,558        5,790       9,412 14,135
  4Nutsh™.  Others, as Chesnuts                   1,169                                                               226                                                        474        466      736                 260                638        4,020       4,557 3,489
  5       l
                                     n    u                                                                                               800            1,505
  6 Opium. ........      9/      4/ <rib
                                      •           5,101                                                             3,059               2,664            1,560              8,705 11,637           7,077               5,158              4.130        7,045       3,202 2,140
                                                     18                                                               123
  y "Pappr                                        2,581                                                             2,107               3,993            1,381              1,267          1,257     312              301  1,046  2,862 5,202                               2,081
  9 Pictures 1/ each, <Sr l/4f Square Foot 1,241                                                                    1,624               1,717                 794           1,056          2,363   4,151            1,905 2,222 6,471 8,944                                 5,577
                                     J
130 Pitch                          10 <$ Cwt.       626            .
                                                                                      >
                                                                                                                         885      1,281 1,143      670                      1,060                  1,057            1,926  1,089 1,368 2,776                                  573
  1 Prunes                      27/6       u      1,102                                                             3,617         4,286 9,704   4,629    843                3,885                                     171  5,988 13,982 14,417                              8,158
  2 Rosin                        4/9       a        278                                                               528    675!   769         1,232    574                  881                                      81    203 1,627 1 ,280                                 170
  3 Sarsaparilla ....
    Senna
                                 1/3        lb    1,581        .
                                                                                 ^                                  2,332 1,319     958    569     987 2,042
                                                                                                                                                       1,799
                                                                                                                                                                                       j
                                                                                                                                                                                                                    1,413
                                                                                                                                                                                                                    1,687
                                                                                                                                                                                                                             461
                                                                                                                                                                                                                           2,464
                                                                                                                                                                                                                                    847
                                                                                                                                                                                                                                  3,211
                                                                                                                                                                                                                                           549
                                                                                                                                                                                                                                         3,145
                                                                                                                                                                                                                                                                            1,581
                                                                                                                                                                                                                                                                            3,962
  4                                               3,888                    //         //
                                                                                                                       57    599    773 1,927 1,251
  5 Shawls             .. 67 1     30      Cent. 1,479                                                              3,569 1,905   1,744  2,402  1 ,923 3,291                                                        3,603 4,119 5,130 4,455                                 6,479

                                                                                                                                                          — — — — — —                                                                                               — —
                                                               r



  G Ships Hulls                                  14,938                                                             9,464 14,399 11,184 40,072 30,965 30,886                                                       20,231 15,313 34,937 12,928                              4,099
  7 Soap                         90/        Cwt. 1,152         .                                                      444
  8 Stone, Marble, &c.                        .   2,326
                                                      .                                                             3,268 3,484   2,266    641     148   667                                                             520              1,008        2,650       4,000    5,145
  9 Succades                   ...    3d.      lb 1,005                                                               802    925  1,439  1,022  1,889 2,414                                                            2,131              1,887        3,170       2,889    2,499
                                                                                                                                                 ,

                                                                                                                                                                                                   Sponge              3,408    494
140 Tamarinds                                                                                           2,080         981               1,007              871                   955       1,440   1,366               1,633  1,482                    2,752 4,648          1,991
                                                                                                                                                 j



   1Tortoise Shell. .                                              ..           1/             -        1,435       1,730               1,947            1,112               1,897         2,271   2,352               2,578 2,353                     2,735 4,407          2,403
  2 Verdigris                                                      .   .        2/              „       3,877       3,572                 692                 748                669       3,989   1,639               5,582 19,534                    4,161 10,475         7.201
  3 Vermillion                                                     •   •         1/             "          64       2,404               1 ,766           1,464                   992       1,173     407                 529                545        1,103    261           387
  4 -v       Cotton                                                    ..iod. ^ib                       2,081       1,699                 523                 560            1,174         3,778   2,447                 920                199          709 1,818          2,872
    Yarn V                                                                                                                                                                                                                                             1,560 3,950          1,907
  5        \ Mohair                                            ...id.                          „        4,695       1,241               4,466            2,185               1,918           583   1,456                1,532               151
  6    Y
       ellow Berries .                                             .       14/ iff Cwt.                 1,487            426            1,122        1        239                637         761   1,216                 438                169        1,412  3,009         1,719
  7 Zaffres                                                    ...              Id. ^lb                 2,889       1,725           I   3,324            1,806                   245       9,964   4,092                1,442               353        6,900 5,640          1,979

  8 Carpets, Turkey          20    Cent. 2,427                     .                                                1,516               1,921            1,024               1,757         1,400   3,289                1,998             1,645        2,584       4,404  3,707
                                                                                  ^
                                                                                                                ,




  9 Galls             11/2 5/       Cwt. 1,222                                                                      1,387       I         921            1,003                   663       1,011   1,189                2,344               492    812             1 ,222 2,048
150 Hair, Cow, &c. 16/       2/6          1,477                                           •/
                                                                                                                    2,370           1
                                                                                                                                        1,782            1,328               1,021         1,536   5,742                1,587               896  1,154             1,672    461
                                                                                  &
                                                                                                                                                                        j




  1 Mother of Pearl Shells   25     Cent. 1,890                                                                     2,063               3,033            2,560               2,193         2,894   3,530                4,333             4,699 12,179             8,396 10,412
  2 Pearls
  3 Saffron .........
  4 Turmeric               .
                               l/tf’fc
                             2/4
                                          1,724
                                            341
                                     Cwt. 1,065                                                     ,
                                                                                                                         713
                                                                                                                         429
                                                                                                                        1,185
                                                                                                                                    1




                                                                                                                                    :
                                                                                                                                          922
                                                                                                                                          796
                                                                                                                                          226
                                                                                                                                                         2., 172

                                                                                                                                                         2,522
                                                                                                                                                         1,099
                                                                                                                                                                             2,702
                                                                                                                                                                             1,039
                                                                                                                                                                             1,203
                                                                                                                                                                                           5,209
                                                                                                                                                                                           3,235
                                                                                                                                                                                           1,169
                                                                                                                                                                                                   5,597
                                                                                                                                                                                                     871
                                                                                                                                                                                                     503
                                                                                                                                                                                                                        1,021
                                                                                                                                                                                                                         590
                                                                                                                                                                                                                         933          |
                                                                                                                                                                                                                                          1,761
                                                                                                                                                                                                                                            133
                                                                                                                                                                                                                                          3,003
                                                                                                                                                                                                                                                       1,117
                                                                                                                                                                                                                                                         772
                                                                                                                                                                                                                                                       5,414
                                                                                                                                                                                                                                                                      329

                                                                                                                                                                                                                                                                   4,615
                                                                                                                                                                                                                                                                             —
                                                                                                                                                                                                                                                                            274

                                                                                                                                                                                                                                                                            2,761
                                                                                                                                                                            / 105 Antimony           . . .         ..    15/                Cwt.         664         991       921
                                                                                                                                                                            \        6 Arsenic                     .     14/3                          2,052         559        35
                                                                                   These articles were not specifically                                                                                                                                                        402
                                                                                                                                                                            <        7 Ebony                                                 Ton         249         537
                                                                                enumerated prior to 1814.
                                                                                                                                                                            J
                                                                                                                                                                            V.
                                                                                                                                                                                     8 Lignum Vitae
                                                                                                                                                                                     9 Tapioca
                                                                                                                                                                                                          .        ..    11/2
                                                                                                                                                                                                                                  '




                                                                                                                                                                                                                                          ^ Cwt         —624         287
                                                                                                                                                                                                                                                                    1,107
                                                                                                                                                                                                                                                                               437
                                                                                                                                                                                                                                                                             1,013
