                                                                                                                                         .                                      .                                   .                                                       I




                                                                                                                                       11

of Merchandize,                          IMPORTED                 into    GREAT BRITAIN, in each of the 28 Years 1804 -1831.
     1817.           1818.               1819.   1820.            1821.                 1822.       1823.          1824.         1825.       1826.             1827.                        1828.         1829.                 1830.       1831.       1832.       1833.
                                                                                                                                                           _£ —£—
                                                                                                                                                                                                                        1




                                                   £- -               £                         £       £            £             £          £                                                             £               .
                                                                                                                                                                                                                                     £        £           £           £
   674 1,018     394                             1,004    671                               895     1,658      255   473                     1,257             1,098                        1,271           506                    520    390                                   160
40,524 12,359 15,932                             7,884 15,600                           8,876       5,947 13,077 13,624                      7,894             5,735                        8,919         6,526                  4,230 10,620                                     1

    1,031            1,091               1,792   1,896  2,575                           2,696       3,626 3,113 1,692                        1,538             1,397                        1,718         2,056                  2,204 1,453,                                     2
         278               765            754    1,166    925                               792        844  1,427 2,874                      4,357             3,989                        3,604         2,378                  2,165 1,823                                      3
    1,544         1,659                   825      746 1,911                            1,633       1,630  2,722 2,478                        938                   713                     1,191         1,138                  1,397  1,223                                     4
    1,353         2,216                  1,876   1,565  1,681                           2,092       1,321  2,345 3,100                       1,389             2,114                        1,891         1,527                  1,815 2,034                                      5
    2,434         2,289                  1,802   1,307  1,230                           1,439       2,072 2,132 1,254                        1,675             2,232                        3,423         2,878                  3,730 3,299                                      6
    1 ,656        2,000                  1,553   2,449  1,752                           1,737       2,650 2,296 2,841                        2,153             3,348                        2,958         2,772                  3,088 3,644                                      7
    2,501         2,908                  4,614   5,437  4,759                           4,839       4,252 3,470 1,053                         685                   709                         273         354                    354    221       |
                                                                                                                                                                                                                                                                                  8
    2,732         2,727                  3,636   3,604 3,783                            3,988       5,268 4,681    4,082                     4,845             4,238                        6,217         4,843                  4,253 3,640                                      9
         584        611                   833      986 1,480                                823     1,015      929 1,212                     1,805             1,301                        1,457           876                    776    730                                   170
         317        921                  1,054     899                913                   626     1,420 4,125 5,727                        4,534             4,237                        4,322         3,316                  2,731  3,625                                     1

    4,356         5,412                  4,975    5,052 4,375 4,300                                4,123
                                                                                                    4,076 2,845 3,011                        3,513                                          3,226         1,586                  1,624  1,700                                     2
    4,832         4,035                  2,736    2,358 2,095 2,486                                4,834
                                                                                                    3,972 6,583 6,107
                                                                                                                  3,651                      3,607     1
                                                                                                                                                                                            4,075                                3,483 3,373                                      3
    3,966         2,382                  1,977    2,860 2,795 3,649                         1,931  2,296
                                                                                                    4,351         3,073
                                                                                                           4,729 5,175                                                                      2,989                                3,578 3,761                                      4
    4,285        10,427                  4,612    4,871  1,471  2,759                               7,667 15,730 4,899
                                                                                            3,222 6,017           5,746                                                                     9,374                               11,376 7,209                                      5
    1,218         2,990                  1,192    1,257  1,911  2,034                                             2,290
                                                                                                    2,220 2,082 2,228
                                                                                            2,987 2,126                                                                                     2,024                                2,212 2,558                                      6
    1,124         2,841                  2,402    2,387  1,567  1,203                       2.049 2,293
                                                                                                    1,911   1,679 1,189
                                                                                                                   1,903                                                                    2,398                                1,610 2,379                                      7
                                          204        144    144    44                         210      174 Cobalt    624                                                                                                                                                          8
    ...20#' Cent.                        1,332    1,480  1 ,677 1,926                       1,012     785 1,039 1,038
                                                                                                    1 ,724  1 ,726 1,505  843    969                                                                                                                                              9
50     25            //                  2,297    1 ,799 2,042 3,387                                4,247 4,913 4,900
                                                                                            3,693 3,728 5,663 5,906 6,348 6,099                                                                                                                                                 180
                7/#m                      987        536    868   616    874    464    878    844    433     785    682   799    142                                                                                                                                              1
.   .



£13 1 3
        #Cargo
           120 7,532
         10</.
                 745
                                                 11,077 14,075 17,585 17,319 17,985 22,389 21,717 23,063 22,920 22,167 18,506 20,373
                                                     810    810   810    797    823 1.032   1,129  1,238  1,270   1,113   925 1,082
                                                                                                                                                                                                                                                                                  2
                                                                                                                                                                                                                                                                                  3
.  25 # Cent. 1,586
    .                                             1,246  1,739 2,326 2,611    3,207 1,856      930 1,157 1,017      856   777    607                                                                                                                                              4
.. 20          1,012u                             1,936  1,756  1,826 2,208 2,764    1,651  1,717  1,860  1,837   1,704 1,641  2,145                                                                                                                                              5
.  2/4 # Cu
    .          2,402            t.                1,796  1,883  2,520 2,611   3,536 2,587   1,045     793 1,267 1,264 1,402 1,953                                                                                                                                                 6
50 20 # Cent. 1,538                               1,551     853   985 1,019 1,887 1,191 1,135 1,385           877 1,156 1,142  1,430                                                                                                                                              7
....20               0                    698        529    512   957    879 1,260      965    879 1,026 1,055 1,673 1,965 1,617                                                                                                                                                  8
....           1/8# ft                    755        730    540   951    978    822 1,300      716    976 1,018     956 1,206;
                                                                                                                                 732                                                                                                                                              9
                 various                 4,787    3,303 3,910 5,869 6,986 7,418 8.430 7,012 7,546 9,722 6,740 7,831            7,539                                                                                                                                            190
.   .    6/9    # Cwt.                     771    1,240  1,630    995 2,245     895 1,040 1,189       828 1,361   1,191   955    451                       1
                                                                                                                                                                                                                                                                                  1

....          1/3# ft                      650       574    456   690    699    863 1,109      940    992     153   442   546    649                                                                                                                                              2
                                     1   2,379    1,837  1,594  1,226 ~[ 148    313 4,245 0,198        21 Hops ]                                                                                                                                                                  3
....
£18 18# Tun
              6/4       # ft 3,364
                               896
                                                  3,439 3,013 3,222 2,166
                                                            719
                                                                              1,134  1 ,382

                                                                         602 1,517 1,041
                                                                                            1,003  1,447   1 ,395 1,605 1,919 1,660                        j
                                                                                                                                                                                                                                                                                  4
                                                                                                                                                                                                                                                                                  5
                                                  1,275           691                       2,005   1,423 2,412   1,856 2,288  1,808

                                               —
                                                                                                                                                           1




    £3 16# Ton                             278       147    263   112    168    296     176    196    196     374   528 1,428    480                                                                                                                                              6
                 various                   404       396               3,378 3,731   5,457  3,264 4,287   3,794 2,999     525 1,418                                                                                                                                               7
..


..
          20/
           4/   «
                 #Cwt.

         3 /ty Bushel
                                         — — — —
                                         7,599

                                         1,338
                                                  4,572 5,795 5,907 5,503 9,183 10,849 6,160 7,276 8,027 8,629 10,490 8,484

                                                     341    337   550
                                                                       2,562
                                                                         522
                                                                                852 1,458    1,378
                                                                                587 1,615 2,225
                                                                                                   1,303
                                                                                                      815
                                                                                                          3,481
                                                                                                              686
                                                                                                                  2,946 2,323 2,029
                                                                                                                                                           !




                                                                                                                                                           j
                                                                                                                                                                                    1
                                                                                                                                                                                                                                                                                  8
                                                                                                                                                                                                                                                                                  9

.   .
       #3d.
         6/    Gallon                      995       641    501   863 1,175     803     887    706    769
...         # ft                           937    1,261  1,071    740    593    351     347    350    329
..   15/ # Cwt.                            364       322    147   304    439 1,759 1,000       302    481
..  2/ # Gallon                            413       40)    394   447    793    724     855    241    512
 .... 5/ # Cwt.                            555       458    787 1,343 1,789 2,486 1,543        374    469
 ..       20 iy Cent.                    2,692     1,871 1,507 1,895 1,862 2,587 2,617 2,012
..        10        0                      238     167                129                   315         218         166            308          80             224 Alkanet Root                                 .                2,651        849
                 various                    49     105                 43                    58          62          69             91          49     i
                                                                                                                                                                 5 Burr Stones ....                                              1,603        965
 ....          Qd.   # ft 1,273                    216                358                   768         726         708            488         363             Boracic Acid   2,570                                              5,282      5,169
        7/6   # various
                    Bushel  476
                                           515
                                                   285        |
                                                                      636                   198         144         289            294          99             Boots & Shoes 2,178                    i
                                                                                                                                                                                                                                 3,496      2,506
                                                   404                607                   385         720         741  1,016  1,325
                          do.              756       9                 21                    30          49          36 [2,745     31                  1
                                                                                                                                                                        33                      243 Lead P ig]                                                  1




                        do.                215     546            1,642                     472         650         162 228 Ernbroidery                             .   .   .               4,065         4,474                  4,728      5,903
                                         4,232     443                                      930         105              1
                                                                                                                                                                                            1   974       1 303                  1   810      682

                                         —
                                                                                                                         J
       281                 155              53   Snuff]                                                                                                                                     2,025          *520                               167
                                                                                                        f 23() Salted Beef.
                                                                                                                                                                                                                                     *292
    21,888       266,052
                                                                                                        1
                                                                                                              1l   Cubebs                           2/# ft                                  1,781         1,487                  1,854      1,840
|
         253               148                                                                          J     2 Lacquer’d Ware.               .   30# Cent.                                 1.233         1,280                  1,079      1,105
         457               432                                                                          ]     3 Boxes                             20           ,/                           3,795         3,450                  3,765      3,454
           9               121              15                                                          j
                                                                                                              4 Guernsey Spirits                                                            8,049         7,400                  2,825      7,613
         201                62              33                                                          1     5 Leather                                                                     3,676         1,481                    791        793
          32
         116
                           124
                             8
                                          236 Gloves . • • 4/ £/ & 7/
                                            7 Cologne Water
                                                                  •


                                                                    1/
                                                                          Dozen
                                                                           Flask    .   .   .
                                                                                                    #
                                                                                                    #               — —
                                                                                                                    —
                                                                                                                                             8,960 15,697 21,614 15,507 19,459 21,847
                                                                                                                                             3,271  3,467 4,603 3,922 4,272     4,436

                                                                                                                    —
                                                                            ,   .

                                1
                                            8 Horses      .
                                                                        20/ each                                          4,696              2,326 2,683 3,620 2,298     1,150  1,124
        1817.       1818.
                                            9 Paper Hangings 1/        Sq. Yard
                                          240 Platting of Straw .... 17/# ft
                                                                                                #                         1,784              1 ,209 1,505  1,825 1,850   1 ,476 1,176
                                                                                                                   4,196 10,078              5,884 3,392 4,473 2,915 6,689 13,317       1
