                                                           ..
                                                            ,                                                                                                         ;                                                       1



                                                                                                                 14

   ST AT EM ENT showing the Gross, Receipt of EXCISE Duty in GREA T BRITAIN, on each of 26 articles subject thereto, in each of
20 Years 1812- 1831       the amount of Drawback on each of the principal articles
                                    ;                                                             of Repayments, Superannuations, and      EXPORTED
other Charges, and Nett Payments into the EXCHEQUER, in each Year.
                                                                              * * The Bounties in line 45 ceased in 1821
                                                                                                                         the amounts in                                                                     ;


that line after that Year, are J'oi Corn Returns.

                                        [
                                            Years                 1812.              1813.          1814.             1815.               1816.                 1817-         i       1818.           1819.             1820.
                                                                   -£                                                                                                                                                        X*

     f 1 Hops                                                     273,934             53,563        233,634        238,355                213,971                 80,756            115,164           349,020        419,130
LJ   |
      2 Malt                                                    4,351,896          4,898,258      5,808,375      6,092,264              5,978,728              2,093,077          3,196,241         2,799,113      4,937,660
S    I   3 Beer                                                 3,150,647          2,969,109      3,105,335      3,392,087              3,279,617              2,669,163          3,038,779         3,006,732      2,907,076
£ 1 **Snirifs   4 British                                       3,177,079          2,607,068      3,466,984      3,459,094              2,898,445              2,762,834          3,312,258         2,867,288      3,110,715
       pirits $
Q    J        \ 5 Foreign                     ....              2,405,286          2,524,746      2,878,269      2,660,431              2,348,532              2,277,090          2,266,843         2,495,202      2,529,587
     L.6      Wine                                              1,110,556          1,167,876      1,287,891      1,121,424                950,134              1,153,332          1,288,841         1,043,509      1   ,039,248

           TOTAL DRINK                             £             14,469,998         14,220,020     16,780,4S8         16,963,055         15,669,427             11,036,252            13,218,126     12,560,86-1       14,943,416
 7 Tobacco and Snuff                                            1,236,493          1,318,512      1,048,306      1,408,213              1,397,557              1,483,943          1,486,522         1,872,107      2,559,629
 8 Cocoa and Coffee                                               133,612            131,594         97,141        100,347                117,825                136,040            122,826           219,737        404,557
                                                                                                                                                                                                       26,342        142,098
10 Salt                                                         1,635,940          1 ,665,205     1,631,048      1,678,425              1,624,367              1,523,190          1,568,492         1,549*352      1,603,467
11 Wire, Gold and Silver                           ..              12,780            12,888          12,158         11,701                  9,470                  8,963              9,633             8,577         11,568
12 Cyder and Perry                                                 15,683            25,200          27,679         21,992                  9,349                 22,915             12,120            62,968         65,190
13 Leather                                                        444,361           751,717         731,235        739,720               648,082                 647,135              689,243         696,517        661,800

          TOTAL of the above                       £             17,948,807         18,125,730     20,328,055     20,924,053             19,476,077             14,S58,438            17,106,962     16,996,464        20,391,725
14 Tea                                                          2,471,067          4,103,360      3,885,668      3,460,270              2,796,869              2,830,203          3,173,879         3,118,788      3,133,396
15 Printed Calicoes & Paper                                       989,729          1,210,856      1,284,631      1,333,892              1,137,927              1,164,838          1,567,453         1,523,017      1,601,049
16 Auctions                                                       351 ,969           361,721        323,603        283,913                257,761                251,452            275,966           277,202        245,407
17 Bricks and Tiles                                               326,896            305,930        254,916        272,055                238,078                250,180            320,351           374,377        330,258
18 Candles                                                        334,060            330,358        336,485        363,148                371,613                353,822            366,729           370,295        375,748
19 Soap                                                           683,726            751,743        692,816        772,037                878,670              1,005,724          1,042,630         1,003,095      1,074,415
20 Glass                                                          519,453            750,967        841,146        866,382                804,505                746,663            927,282           958,466        801,483
21       Licences                                                 498,637            496,152        502,160        778,853                665,632                648,303            702,981           680,474        720,474
22 Paper                                                          473,688            462,939        482,267        499,846                470,912                469,926            543,162           516,157        524,189
23 Starch                                                          33,397             40,582         60,365         53,577                 40,013                 34,736             60,554            60,555         65,798
24 Stone Bottles                                                      253              2,544          1,954          1,963                  1,174                    827               2,692            2,978          2,727
25 Sweets                                                          22,116             29,973         27,129         21,148                 13,206                 9,750              15,378            13.100          4,551
26 Vinegar                                                         39,886             43,389         44,686         47,633                 41,863                37,937               40,648           47,544         42,254
27 Fines and Forfeitures ....                                      18,490             16,709         21,936         20,212                 28,273                18,000              16,601            17,910         19,166

         TOTAL Gross Receipt £                                   24,712,234         27,032,965     29,087,817         29,698,982         27,222,574             22,680,799            26,163,268     25,960,422         29,332,640


 in hands < Imprests              ........                         29,227             29,039         28,910            27,200              26,879                 26,860                26,800         26,800            26,800
         of        (.   Receiver General                           65,899             51,913         47,516           112,282             157,819                203,459                97,230        132,764           133,590


    Total Sum to be accounted for £                               24,807,300         27,113,917     29,104,213        29,838,464         27,407,272             22,911,118            26,287,298     26,119,986          C
                                                                                                                                                                                                                             11
                                                                                                                                                                                                                              1
   Discharged as follows, Viz.
           f 32     ines  W                                        61.901             65,978         83,935            68,498              54,130                 48,780               48,744          43,034            43,230
      9 33 Beer|
                                                                   42,593              6,162         55,956            62,044              66,149                 57,340               58,389          38,605            44,769
IS -3 5      34 Glass
               1                                                  139,701            304,366        480,039           441,594             408,146                373,389              410,130         333,446           306,986
                                                                                                                                                       ,




-5 § C;
          j
             35 Leather                                            22,348             56,352         46,715            41,377              33,358                 47,354                45,971         49,439            39,819
 *
   ^ ? 36 Paperi
                                                                   29,686             29,800         28,475            23,827              21,483                 22.172                24,320         22,493            19,293
Q ^ 37 Printed Calicoes
               I                                                  196,978            771,980        798,285           945,816             718,170                824,668          1   ,079,603        877,832           935,661
          ^    |
                   38 Soap                                         17 168             37,668         30,287            24,278              36,180                 32,320                32,491         40,852            47,264
               L.39 All other articles                            201,613            348^432      » 920,776           174' 180            146,577                 73,560                62,333         69,174            67*219

                                                                                                                                    b
40 Allowances                                                     145,331            120,726        142,501           103,595           1,465,926                152,617             82,365            88,544             87,247
41 Repayments                                                      16,131             12,356         25,195            10,751              10,667                 12,807             10,703            12,921             29,186
42 Superannuations ........                                        25,742             33,854         38,008            48,005              53,543                 57,343             57,205            65,578             68,193
 43 Rewards to Officers                                            11,027              8 887          3 291            12,035              13,450                112,608             46,223            39,316             34,492
 44 Pensions                                                       14,000             14,000         14*000            14,000              14,000          i
                                                                                                                                                                  14,000             14,000            14,000             14,000
 45 Bounties                                                       25,851             19,996         23,830            20,605              11,074                 15,760             16,155             2,717              5,132
 *S6 Salaries and Allowances.                                     943,601            937,899        947,879           939,279           1,083,865                980,672          1,009,782         1 ,020,838         1,042,504

 a ~     T47 Fishery Board                                           4,000              6,000          4,000             6,000              7,000                  8,000                 7,000         10,000                 9,000
 2 < j 48 Bounties on do                                            10,748             13,610         13,707            24,222             31,495                 36,599                54,488         66,064                76,130
 | S 1 49 King Hereditary Rev                                       36,914             26,360         32,667            33,350             38,212                 33,961                24,700         22,435                38,059
 S'* *50 Courts of Session                     .   .   .            95,263             87,502         92,137            86,644             99,889                 95,237               100,886         98,469                91,209
   Payments into the $ England                     . . .          20,901,813         22,877,737     23,649,676         24,796,633         21,553,639             18,396,401            21,330,746     21,492,840        24,742,242
     EXCHEQUER                ?   Scotland ...                     1,424,000          1,257,815      1,593,400          1,772,000          1,310,000              1,391,500             1,611,500      1,551,000          1,628,961
 53 Balances                                                        80,951             76,427        139,483           184,731            230,319                124,030               159,564        160,390            122,424      |




 TOTAL    Discharge of Income                              £      24,807,360         27,113,917     29,164,213         29,838,464         27,407,272             22,911,118            26,287,298     26,119,987        29,493,030
                                                                                                                                                                                                                                      '




 Proportion         SCOTLAND                                       1,943,510   1      1,801,691      2,190,445          2,350,884   |      1,840,957              1,970,901             2,200,000      2,138,850         2,225,762
