     )                       2                                                                                                                                                   1




                                                                                                                                      13

    DUTIES of GREAT BRITAIN, in each of the 18 Years 1814-31.
             :      1823.               1824.                  1825.            1826.               1827.            1828.             1829.                          1830.                         1831.                   1   1832.            1   1833.   1834.               1835.
                                                                                                                                                                                  J
                                                                           |                                                                                                             1




                                                                                                                                           £                            £                             £             _            £          ..
                                                                                                                                                                                                                                                      £       *
                                                                                                                                                                                                                                                                             \

                                                                                                                                                                                                                                                                                  £
             110,384.450 10,362,246 15,417,732                         16,048,743 16,390,206 16.264,893
                                                                           1
                                                                                                                               1
                                                                                                                                    16,120,602                  17,759,247                   15,994,826             1




         2         398,399              460,345                489,416    353,702    392,702    439,777                                376/582                        383,767                   358,436
         3          70,276               68,151                 64,644     52,529     76,362     83,364                                 65,856                         96,147                    85,646



     5              70,045               73,231                 77,031           61,505             70,935            67,193           62,514                          62,164                       57,856
         6                       s'         122                    840            1,411              2,467             3,754              953                          1,891                         2,349
     7              42,718 S             40,532                 41,465           39,339             44,683            40,826           43,279                       § 63,563                        52,928
                        zz*       a
                                                                      46                                                                                        £
     '                2,000               f.                                      9 *nn
                                  t            ’y?                                 *
j                                                                                          54
11               1,069,948 \           867,679            S 815,370            879,235             783,034           833,072          867,322                   '£.958,299                          64,380
12                  46,739 l            45,885           2     52,575           47,427              39,271            35,497           34,715                         35,573                         1,181
                                                                                                                                                                |
                                 £                       ~     22,275                                                 20,301           21,144                                                       21,860
13                  19,431              21,266                                  18,833              18,338                                                      ^ 23,613
14                  17,164
                                 1
                                      1 20,084           •g    15,738           12,261              15,498            30,650           10,571                   2 17,108                            13,276

15                  41,301 l 543,393                     S     46,849           45,624              47,300           47,624            48,512                   k     47,202                        50,173
16                   4,414      3,324                    t      1,268            6,844               7,512           13,285            21,242                   ^ 16,609 £                          15,740
17                  22,988 * 2 15.492                    •w    26,639           19,150              17,996            8,831            13,397                   3-24,789 *           1
                                                                                                                                                                                                    13,567
J
     r
                                                                                                                                                                k                            2                          1
     J                                                                                     4
                                 a    a.- i’                                           .
                                                                                                     ,
                                                                                                                                                                •c                                                      1
                    00,0 DO                      L
*        1
                                                                                                                                                                w        """ ”

                                                                                                                                                                                             O'-

                                 ^ a                     £                                                                                                                               'S;
                     3 000               £)



22
23
24
                     1,280
                    10,000
                    18,862
                                 li~
                                 8


                                 JJS
                                          622
                                       50,000
                                         ’’’
                                                         1
                                                         §
                                                         •r
                                                                  894
                                                                4,106
                                                                  '
                                                                                   686
                                                                                 4,314
                                                                                                   — — 467
                                                                                                     4,532
                                                                                                                        238
                                                                                                                      4,762             1,177
                                                                                                                                        3,687
                                                                                                                                               29           |

                                                                                                                                                            7
                                                                                                                                                                                         £
                                                                                                                                                                                                                    |




2b                  24,753       H      19,509           1     19,136           30,051              16,521           17,774             9,847                   £     12,782             5
                                                                                                                                                                                         ^ • go 000
                                                                                                                                                                                                   13,591



28               1,129,229           1,041,930                989,759          841,503            947,826         1,056,324         1,116,537                                     I
                                                                                                                                                                                               170,634
29                  77,172              64,492                 54,35   1        29,065             23,473            33,498            36,293 S                                   [
                                                                                                                                                                                             1,118,484
30                  S7.934                                     83,759           44,320             40.511            32,430            39,134 i                                  ii                48,611
31                   4,418              18,401                 13,041            5,038              3,631             2,90              2,429 S                                   »
                                                                                                                                                                                                    3,930
                                                                                                                                                    i        _                   1


                                                                                                                                                                                 i j




32 12,695,005 12,689,691 16,7 13,757                                       17,252,351           17,627,950 17,642,362              17,524,138       i
                                                                                                                                                                                         16,688,586
                                                                                                                                                                 19,505,312
3     891,409    953,837  1,512,961                                         1,299,351            1,376,045  1,376,001               1,372,089       <
                                                                                                                                                        |                                1,479,905
54     80,262     93,116     72,364                                             44,833              49,635     47,951                  40,476                         47,482                57,351
3S     15,246     15,647     21,673                                             31,111              42,160     13,27 4                  9,076                          9,321                11,873
36    167,382    230,755    228 319                                            335,784            434,129           287,003          390,815                         419,356               497,269
37      2,851      1,059       3,096                                            18,858              6,790             3,880             1,811                          8,691                          975

38 13,852,155 13,984,105                                 18,552,170 18,982,288 19,536,709 19,370,471                               19,338,405           19,990,092 18,735,959

39                924,712             844,496                 777,634          733,622            839,886           920,701          998,610                 1,286,753                   1,123,435

41
                    81,731
                   43,513               35*7 10
                                        34,290
                                                              105 051
                                                               40,787
                                                                  566
                                                                                36,297
                                                                                    57
                                                                                                   54,348
                                                                                                       62           —73,615           63,282
                                                                                                                                       4,84 4               n 36,690
                                                                                                                                                                      50,1 65                      44,511
                                                                                                                                                                                                   46,654


                                                                                                                                                                                                   —
42                 39,222
43
44
45
46
47
                   23,1 07
                   31,732
                     1, 41



                    4,629
                         61
                                        27,986
                                        39,450
                                         2,486
                                            15
                                         3,302
                                                               26,568
                                                               51,271
                                                                1,040

                                                                4,142
                                                                      86
                                                                                 9,942
                                                                                27,817
                                                                                  290
                                                                                     5
                                                                                 3,254
                                                                                                    9,879
                                                                                                   26,418


                                                                                                    3,044
                                                                                                          7
                                                                                                         59
                                                                                                                    — —
                                                                                                                      8,565
                                                                                                                     36,581

                                                                                                                        30
                                                                                                                      3,118
                                                                                                                                       6,782
                                                                                                                                      39,173

                                                                                                                                           29
                                                                                                                                       2,671
                                                                                                                                                        -5
                                                                                                                                                        •3

                                                                                                                                                        3
                                                                                                                                                            5 5,753



                                                                                                                                                            a
                                                                                                                                                                      33,879

                                                                                                                                                                          16
                                                                                                                                                                       2,008
                                                                                                                                                                                                    5,487
                                                                                                                                                                                                   36,711

                                                                                                                                                                                                       80
                                                                                                                                                                                                    1,796
48                    150                      349              1,112            2,476              1,024             2,194            5,153                ^          4,946                        6,480
49                                                              4,719            8,179              8,562            11,383            9,198                7         13,719                        9,861
50                   1.094                     662                665             285                 166              236               104                ®            122                          125
51                 33,393               7,846                   6,744           10,722              3,493             6.343            1,262                2         18,956                        1,922
52                 20,717              21,855                  23,815           25,542             24,351            27,055           21,722                |         20,664                       12,056

53            1,206,402          1,100,422               1,044,H0              870,568            971,299         1,089,821        1,152,830                1,473,671                    1,289,118                                                                "i
54
55
56
57
                 44,764
                     1,7 1
                   62,714
                   12,117
                                 iS *508,529

                                 1
                                 « 70,325
                                 5       9,177
                                              3,39
                                                               98,297
                                                                4,667
                                                               24,909
                                                               16,378
                                                                                50,972
                                                                                 6,127
                                                                                12,068
                                                                                13,804
                                                                                                   —
                                                                                                   52,530
                                                                                                    6,538

                                                                                                   10,733
                                                                                                                     47,026
                                                                                                                      8,992
                                                                                                                      4,140
                                                                                                                      8,328
                                                                                                                                      42,392
                                                                                                                                      11,605
                                                                                                                                      14,149
                                                                                                                                      1 1 ,045
                                                                                                                                                                      60, 96
                                                                                                                                                                         1



                                                                                                                                                                          84
                                                                                                                                                                       9,697
                                                                                                                                                                      13,776
                                                                                                                                                                                            52,864
                                                                                                                                                                                                      565
                                                                                                                                                                                                   10 575
                                                                                                                                                                                                    5,195
                                                                                                                                                                                                                                        |
                                                                                                                                                                                                                                                                      |


                                                                                                                                                                                                                                                                         i




58                207,286        E 248,566                    195,064          108,154            137,648          143,334           120,086                        116,179                      112,780    1
                                                                                                                                                                                                                                                                         |




59                 73,392        8     79,711                  75,534           34,177             35,969           27,177            25,152                         24,099                       26,973    |



60                  10,698             13,034                  14,452           36,384             16,282           22,730            11,349                          7,203                       10,180
                                 |
61
62
63
                   32,980
                    6,800        8
                                        29 132
                                         7,300                  6,700            6,200
                                                                                                                    “71
64               1,109,530       1,094,673                    136,176      1,157,494            1,078,470         1,078,579        1,044,799                1   ,024,396                 1,053,834
6   ~i


66                 26,709              33,784                  48,789           51,407             30,305           20,395            19,566                         37,226                        26,092                               I


67                 49,564              48,392                  58,966           88,106            107,172           91,681            98,295                         87,878                        87,703
68                150,082              25,500                  28,010            5,633             46,769              126            31,287                         43,026                         3,017
69                 85,613              87,908                 143,348          173.431            173,735          160,876           186,206                        167,626                        99,607
70                 24,777              47,057                  27,683           42,424             44,469           36,901            34,250                         37,587                        78,184
71
             10,406,438 10,239,742 15-194,256 15,766,764                                        16,391,839 16,125,120 16,023,861                        16,343,562 15,336,716
72
73                340,577             325,453                 430,586          532,715            352,108          442,178           484,750                         557,468                     542,556                                                             [




74 13,852,155 13,984,105 18,552,170 18,982,288 19.536,709 19,370,471 19,338,405 19,990,092 18,735,959
                                                     |
                                                                                                              1
                                                                                                                                                                                                                1
