                                                                                      —



                                                                                                 19

                                  Revenue of the POST OFFICE, in the United Kingdom, iu each of the 20 Years 1809-29.

         1821.               1822.       1823.       1824.            1825.      1826.        1827.              1828.             1829.        i
                                                                                                                                                      1830.         1     1831.          1832,        1833.
                                                        £                  £        -£          £.                  £-                                   £                   £              x*
                                                                                                                                                                                            x
in       London 440,758                 417,570     433,533         510,316     516,624     488,359             486,250          485,615             486,416            486,156                                        1

                            380,213     410,649     430,025         455,963     463,476     436,099             436,506          427,220             444,990            485,627                                    2
                            513,338     520,196     547,116         574,025     587,268     568,844             573,332          574,926             '*79,571           592,710                                    3
                             37,342      45,109      53,108          48,395      50,568      50,863              41,249           52,631              57,880             60,628                                    4
                             18,900      46,624      32,699          36,241      33,656      46,095              55,189           53,173              51,797             48,470                                    5
                             50,451       3,598      15,937          16,885      16,701       4,145              17,734            2,408               9,498             22,146                                    6
            *
1


        1,441,419           1,441,002   1,443,746   1,612,418       1,641,825   1,668,293   1,594,405           1,610,260        1,595,973          4,630,152           1,695,73?                                  7

|




;
         99,825
        159,170
         55,208
        179,397
        187,120
                            100,739
                            164,226
                             52,792
                            184,143
                            186,024
                                        105,138
                                        178,212
                                         53,771
                                        184,601
                                        188,826
                                                    111,511
                                                    178,107
                                                     58,083
                                                    495,517
                                                    199,603
                                                                    117,368
                                                                    133,045
                                                                     62,053
                                                                    206,099
                                                                    207,178
                                                                                118,192
                                                                                122,553
                                                                                 61,076
                                                                                214,401
                                                                                207,757
                                                                                            116,257
                                                                                            119,960
                                                                                             28,315
                                                                                            203,243
                                                                                            216,233
                                                                                                                117,554
                                                                                                                116,957

                                                                                                                203,630
                                                                                                                239,559
                                                                                                                                 115,740
                                                                                                                                 111,103

                                                                                                                                 201,602
                                                                                                                                 241,064
                                                                                                                                                     110,374
                                                                                                                                                     110,278

                                                                                                                                                    202,917
                                                                                                                                                    247,712
                                                                                                                                                                         —
                                                                                                                                                                         103,134
                                                                                                                                                                          60,771

                                                                                                                                                                        204,693
                                                                                                                                                                        256,977
                                                                                                                                                                                                                   8
                                                                                                                                                                                                                   9
                                                                                                                                                                                                                  10
                                                                                                                                                                                                                  11
                                                                                                                                                                                                                  12

        2,122,139           2,128,926   2,154,294   2,255,239       2,367,568   2,392,272   2,278,413.          2,287,960        2,265,482          2,301,433           2,321,312
        130,601             119,007      97,711     100,030         103,996     101,611      91,103              78,229           71,659              64,594             72,405          69,172                   13
         11,533               2,978       4,316       6,429           5,700       1,659       1,345                 886            4,347                 954              1,283           2,319                   14
         70,463             *76,674      72,847      61,850          53,392      60,441      53,932              49,119           48,584              13,821             45,976          52,207                   15
         39,318              41,968      45,982      45,377          42,918      50,681      47,401              50,500           51,724              54,350            *52,505          46,968                   16

        2,374,054           2,369,553   2,375,150   2,468,925       2,573,574   2,606,664   2,472,194           2,466,694        2,441,796          2,465,152           2,493,481


         54,688    50,665                54,569      56,671          60,945      63,061      59,259              54,492           57,998              61,088              64,316                                  17



-


a
    1
         11,146
         11,502
           6,348
                   10,693
                   12,237
                    6,003
          64,826 f 64,387
          73,426 71,027
                                         10,144
                                         11,598
                                          6,480
                                         62,671
                                         73,204
                                                     10,046
                                                     12,473
                                                      7,198
                                                     61,023
                                                     74,753
                                                                     17,866
                                                                     12,550
                                                                      7,588
                                                                     61,559
                                                                     76,157
                                                                                 11,014
                                                                                 13,394
                                                                                  8,401
                                                                                 63,518
                                                                                 77,881
                                                                                             10,472
                                                                                             13,933
                                                                                              4,392
                                                                                             61,869
                                                                                             79,107
                                                                                                                 10,120
                                                                                                                 15,350

                                                                                                                 61,754
                                                                                                                 79,600
                                                                                                                                   7,006
                                                                                                                                  15,811

                                                                                                                                  61,728
                                                                                                                                  83,284
                                                                                                                                                      —
                                                                                                                                                      10,421
                                                                                                                                                      17,717

                                                                                                                                                      64,651
                                                                                                                                                      85,558
                                                                                                                                                                          10,724
                                                                                                                                                                          18,907

                                                                                                                                                                          72,079
                                                                                                                                                                          89,014
                                                                                                                                                                                                                  18
                                                                                                                                                                                                                  19
                                                                                                                                                                                                                  20
                                                                                                                                                                                                                  21
                                                                                                                                                                                                                  22
          28,715 30,625                  31,510      32,581          33,120      34,261      34,005              34,420           34,515              35,523              36,494                                  23
    l



    H 52,193                 54,374      59,222      55,617          57,428      61,898      63,006              67,870           71,225             71,489               70,540                                  24
I? 55,730                    53,115      53,081      53,083          54,832      57,142      61,549              66,307           66,283             69,251               75,087                                  25
           2,427              2,365       2,477       2,390           2,023       2,481       3,136               2,441            2,401              2,472                2,697                                  26
nj         6,501              6,541       9,200      10,857           9,261       9,662      10,195               8,070           11,238             11,739               12,261                                  27
tl
          H.627              14,150      15,805      15,993          15,895      17,134      15,700              16,169           13,470             14,416               15,098                                  28
S? 15,456                    12,311      11,063      12,445          13,092      12,845       9,564              12,307           12,771             12,572               11,777                                  29
           1 ’ 685 '    <     2,034       2,142       4,866           5,576       6,227       6,556               7,098            7,310              8,099                8,012                                  30
Jj
    M
    3,799                     6,373       7,353       7,894          10,538       8,355      10,619               7,710            8,151              6,244                6,239                                  31
\l  1.382                     4,297       6,992       2,824           4,150          974      1,960               2,043            1,090               1,959               2,957                                  32
   15,594                     9,744       9,688       7,561           5,523       9,072       6,171               6,244            4,958             10,455                6,964                                  33
if 2,884                      6,549       4,505       5,032           4,864       4,928       4,772               5,394            5,141              4,579                4.569                                  34
I* 3,390                      5,803       3,973       4,036           4,537       6,185       6,354              12,082            7,288              6,325                7,282                                  35
Y   8,179                     8,264       7,747       3,506           3,832       4,300       3,475               4,164            4,034              3,663                3j538                                  36
1  13,213                     9,289       9,992      11,660          13,134      13,616      13,941              13,492           13,198             11,988               11,287                                  37
S   2,500                     5,157       5,125       4,474           4,388       7,178       7,192               8,089            7,589              7,494                7,644                                  38
*                                         5,946
                            _ 6,192                   6,639           7,308       7,200       4,215               7,350            5,760              5,855                5,976                                  39
         14,000              22,700                  18 344          Ofi   AH                Q1
                                                                                             ol ,U                                                   00,1 oy                                                      40
        383,849               2,707       3,051       2,860           2,914       2,880       4,016               6,571            6*841              3,676                6,206                                  41

         13,700              13,700      13,700      13,700          13,700      13,700      13,700              13,700           13,700             13,700              13,700                                   42
        118,125             107,730      94,654     109,674         103,223     136,648     160,324             117,260          108,306            106,038             124,831                                   43
         12,609               9,000       9,000       9,000           9,000       9 000      12 500                                                                                                               44
         15,558              17,895      18,219      19,328          21,364      1 7 093                                                                                   A ftfin
                                                                                                                                                                           0,1)0 /                                45
         36,020              35,913      34,564      34,439          35,038      35^598      35,883              35,848           36,095             37,294              35,015                                   46
         38, 110             38,042      38,075      42,530          39,875      39,913      41,456              41 ,966          41,903             42,834              35,567                                   47
         26,652              20,584      23,022      22,059          18,489      20,258      21,172              19,577           18,146             19,777              13,165                                   48
                                                      6,747           7,409      19,478      18,297              17,593           21,482             24,105              14,992                                   49
        1,318,000           1,359,000   1,387,000   1,444,000       1,517,000   1,496,000   1,385,000           1,400,000        1,376,000          1,358,012           1,391,006                                 50
         65,538              69,231      75,692      76,615          78,461      74,000      78,000             108,000          105,000 108,000                        139,200                                   51
                                                                |



        139,576             102,027     106,459     109,697         103,270      92,448      79,115              76,006           65,548                                 71,491                                   52
                                                                                                                                          73,688
        *66,464              72,847      61,850      53,392          60,441      53,932      49,119                                                                      52,207                                   53
                                                                                                                 48,584           43,821  45,976
         41,968              45,982      45,377      42,918          50,681      47,401      50,500              51,724           54,350 *52,335                         46,968                                   54
        2,374,154           2,369,553   2,375,t50   2,468,925       2,573,574   2,606,664   2,472,194           2,466,694        2,441,796          2,465,152           2,493,481
                                                                                    —       j—   —   ,   /j i   J-   —   .   i
                                                                                                                                        ,
                                                                                                                                            ,   i                   t
                                                                                                                                                                         i— y —n.
                                                                                                                                                                                     '



                                                                                                                                                                                                  y
                                                                                                                                                                                                       ^
                                                                                                                                                                                                              ;


         1821.      1
                             1822.       1823.       1824.           1825.       1826.                                                                                   1831.           1832.
                                                                                             1827.               1828.            1829.              1830.      |
                                                                                                                                                                                                      1833.
