                                                                                                                                  '

                                                                                                                              1


  The Duty on about »00 Items of Law Stamps, producing in the aggregate about £ 200,000 ¥ Annum was repealed in 1826, which accounts for the diminution in line 1 since 18J5 .
the panic of 1.825, and suppression of the small Notes of Country Bunkers is a sufficient solution to the diminution of line 4 in 1826/ The Lottery was abolished in 1825/ the amounts
in line 22 since 1826 noted with a j are for Penalties in Law Proceedings and Costs received.


                      1821.                1822.                 1823.        1824.        1825.            1826.             1827                    1828.                1829.       1830.         1831.           1832.   1833.
                                                                                                                                                                  |


                                                                                              £               £-                £.                                                           £          £              £       -P

                  1,873,463               1,850,624             1,835,716    2,018,874    2,022,961        1,731,402      1,678,330                 1,592,363             1,500,024   1,522,300     1,412,553                                 1
 1
                                          1,053,958             981,242      1,049,458    1,056,906        923,323        1,033,053                 1,170,294             1,178,710   1,223,261     1,144,459                                 2
 O'960,616
 3 796,657        739,583                   851,941 874,511     820,599                         877,595    815,038        868,789                                         877,982     903,938       876,939                                   3
 4 691,335        668,057                   723,920 790,870     081,881                         496,367    578,815        582,098                                         483,965     458,511       469,076                                   4
 5 199,225        194,535                   217,845 218,070     196,044                         229,388    202,830        212,039                                         223,640     220,961       215,739                                   5
   The high price of Bullion arrears to have checked the Manufacture of Wrought Plate,
                                                                                                 36,576                                     \                              34,894      34,694        34,669                                   6
in 1812- 14    the Duty on Playing Cards was reduced in 1828
                           ;
                                                                      and a general revision <   72,922;                                                              i    75,466      75,953        75,271                                   7
of the Stamp  Duties,  more particularly in  Ireland wa s proposed it the  Session of 1 830.   .168,170                                                                   152,243     155,779       154,349                                   8
  9   221,930     211,638     223,634       228,084       282,560     219,629       258,906     244,236                                                                   227,973     220,008       222,824                                   9
                                                                                                                                                j




10 621 ,362 631,207 637,349 669,569 701,455 737,859 717,128 753,808                                                                                                       773,784     768,855       799,353                                  10
11 414,370 398,873 411,171 431,608 449,574 451,676 458,559 473,355                                                                                                        480,969     505,439       554,789                                  11
12 142,061 148,319 141,496 152,460 163,460 153,467 152,380 155,309                                                                                                        153,645     157,482       156,899                                  12
13 279,602 311,284 345,824 361,543 362,740 358,978 394,492 407,533                                                                                                        426,490     418,604       422,543                                  13
14 242,704 242,334 261,873 236,309 232,651 257,293 225,864 238,858                                                                                                        252,772     220,358       231,863                                  14
15     81,329      83,700       86,215 100,913 128,238 106,682 104,027                           98,960                                                                    92,234      85,632        83,878                                  15
16     40,109      39,927       38,757        47,002       44,640      41,789        43,655      40,880                                                                    37,650      38,785        39,084                                  16
17     33,016      32,453       30,550        32,023       31.948      30,545        30,106      32,537                                                                    30,849      27,780        29,806                                  17
18     21,347      21,180       22,007        20,320       22,578      18,301        20,865      17,365                                                                    15,543      14,509        14,400                                  18
19        830        1 ,663      1,309         1,111        1,194         1,794         1,020       867                                                                       870       1,294         2,221                                  19
20      1,027           751         796        1,073           722        1,005         1,634       984                                                                     1,130       1,020            944                                 20
21                     1,004                1,046                 1,507        1,506        1,485             1,581         1,558                        1,637              1,641        ,462
                                                                                                                                                                                         1            1,386                                  21
22                    4,825                 3,591                 2,962        3,889        4,955            2,884        X 9,396                   112,784               I 4,719      10,137         2,514                                  22

                  0,626,811               6,634,723             6,720,932    7,155,508    7,391,527        6,634,891      6,793,899                 7.121,788             7,087,193   7,060,769     6,945,559

                  100,944                 100,962                95,545       81,573       48,087           53 ,bll        50,382                    37,342                58,826      37,416        38,117
                   22,100                  24,637                24,019       29,781       27,163           22,092         24,981                    22,078                24,153      24,940        22,096
                   35,691                   3,714                 7,646        9,387       10,987           14,202         14,408                    14,928                 2,773       5,523         4,385
      1
                   48,167                 189,525               232,560      214,126      232,039          225,378        177,586                   209,644               181,017     185,952       191,041

                  0,833,713               6,953,561             7,080,702    7,490,375    7,709,803        6,900,374      7,061,256                 7,405,780             7,353,902   7, 320, GOO   7,201,198
                                                        j




                   12,550                  12,269                12,929       13,294       13,519           10,340            10,600                 10,020                7,734       7,678          0,941      i




                    8,601                   8,008                 9,027        9,227        9,435            8,310             9,379                  9,497                9,978      10,716         10,170
                    4,259                   4,268                 4,410        5,055        5,725            3,312             3,398                  3,528                3,362       3,106          3,444
                    8,893                   8,791                 8,279        9,294        9,267            9,051             9,235                 11, 698              15,788      15,320         15,314
          i




                   78,016                  70,281                78,943       81,513       86,121           86,179            87,521                 89,999               91,148      94,459        103,131
                   28,516                  29,011                29,301       30.860       32,284           34,146            33,187                 34,937               35,924      35,693         37,132
                    4,319                   4,265                  1,174       4,411        4,911            4,520             4,538                  4,550                4,229       4,397          4,446
                    1,289                   1,535                 1 ,482       1   ,702     1 ,524           1,488                1,254               1,819                1,306       1,480          1,766
                    2,024                   2,057                 2,137        2,507        3,006            2,279             2,204                  2,456                2,271       2,141          2,072
                      312                      310                   323           382         332             267                    302            *2,897                2,667       2,493          2,429
                           49                      51                 70            60          72              78                75                     77                   79          70                68
                   10,207                   6,024           1     7,244        5,319        8,471            5,374             4,697                  6,555                8,254       6,339         7,517
                   26,605                  26,293                28,315       29,729       29,779           28,855            24,237                 22,451               20,974      21,605        17,066
                    1,446                   5,253                 2,294        4,063        3,835            5,287             3,312                 18,103               12,715      25,277         6,493
                   31,418                  32,432                31,759       41,436       39,575           52,253            60,208                 59,980               74,868      66,544        63,276
                   88,572'                 70,279                63,917       68,811       69,473           65,365            64,355                 69,221               62,090      56,869        55,834
                   47,746                  48,680                48,671       50,027       48,655           50,176            50,883                 58,782               58,459      58,145        57,252                               1




                  i 4,439                   2,235                 4,133        4,045        3,309            4,673             3,040                  5,157                4,995       4,633         7,308
                  s 8,336                  13,385                 4,187        2,986        3,610            3,667             2,858                  3,871                3,658       2,631         2,266                           |




                  *   451                      570                   657           689        607               599                   608                 072                728             712        685
                       10                   4,562                 4,334       28,842          263            3,547             8,571                 23,714                3,661        9,554         3,455      i


                  1
                                      >     5,440                 5,781        a 389          485               478                   556               716                   663         447           512
              1
                  l 6,704         1         6,789                 7,118        6,880        7,205            7,080             7,333                  8,323                 7,723       9,366         8,784
                  5 4,378                   5,002                 5,238        5,535        5,924            5,856             6,703                  9,309                 9,221       9,056         9,094
                       M
                                  1

              |

                       00                   1 .497                1,788        1,592        1,739            1,554             1,465                  1,362                 1,554       1,548         1,547
                                      1




                  c   861                      700                   508       1,337          525               998                   422                1 ,865               536         372           928
                    1,035                   1,192                 1,142        1,117        1,128            1,202          1,055                        1,222              1,112       1,087         1,139
                    4,603 )                 4,881                 4,933        5,508        4,696            5,415          5,860                        5,663              5,844       6,096         5,435
                  183,768                   3,166               b 7,114        2,332        1,711          c 3,711        d 4,267                        4,302              4,009       1,830         3,217
                  5,074,522                5,770,302
                                                                 6,362,620   6,753,097    6,997,231         6,277,015     6,375.141                  6,666,365            6,041,636   6,605,291     6,500,910
                    438,250                  131   250 ^
                  318,010                 359,771               334,868      318,277      315,483          267,358        283,992                   266,769               253,830 255,639           261,567
                                                                                                                                                                                                                                     |




                  6,833,713               6,953,561             7.080,702    7,490,375’   7,709.803         6,950,374     7 001,256                  7,405,780            7,353,962   7,320,600     7,201,198
                       438,1 16             458,176               401,892      516,903      J 89 625          466,613       481 ,054                   483,310              499,125     488,296       482,041
                       386,981              410,143               425,484      177,099      436,844          4 1 1 ,190        422,239                 441,585              456,669     452,830       446,920
                                                                                                                          O
