                                                                                                                                       .




                                                                                                                           22

       An ACCOUNT of the Charges of Collection of the Revenue of the United Kingdom, in the Year 1818, and in each of the Eleven
 Years 1822                   — 32 ; and also of the amount of “ Payments out of the Gross Receipt of Income, in its progress to the EXCHEQUER,
other than                    Cha g s of Collection,” in each of the Eleven Years 1822 — 32.

                                                                                                                                           Heads of Departments.

                                                                                             Crown        Branch tt
                                                                                                                            Land and          Post
                                                                                                                                                          Customs.      Excise.
                                                                                                                                                                                                    to:TALS
                                                                               Stamps.                                of
                             Items of Charge.                                                Lunds.       REVENUE*         Ass. Taxes.       Office.                                       1818.             1832.
                                                                                 £
                 1 Salaries and Allowances                  850
               ''
                                              47,716              16,298     60,264                                                         166,968       557,593        786,418       1,636,107         1,514,534
                 2    Centage
                 3 Day Pay
                             &                88,572      2,755      733 207,134
                                                                              6,313                                                                       249,559         19,275
                                                                                                                                                                                         299,194
                                                                                                                                                                                         275,147
                                                                                                                                                                                                           173,269
                                                                                                                                                                                                           261,106
                 4 Special Services            4,439         95      388     13,906                                                          3,799         21,295         30,698          74,620            69,067
 i *                                                               1,022        870
'2     <         5 Tradesmens’ Bills           6,574                                                                                       106,926         43,716         36,299         195,407           163,916
 V
^ U—             6 Rent and Taxes                451                 852        426                                                          2,884          7,769         10,862          23,244            27,018
                 7 Law Charges                    15         17               5,898                                                          3,390         38,475         30,092          77,887            78,826
                 8 Stationery                  8,855                 600      9,021                                                          6,975         18,839         29,165          73,475            13,486
 ® <             9 Postage                     2,619                 140      8,567                                                          1,204         18,629         15,058          46,217            64,793
 £ Id           10 Carriage                    4,055                          2,749                                                                         1,843          7,526          16,153            16,252
       A
 SO             11 Superannuations             4,278               1,452      2,117                                                         13,213         80,791         55,278         157,129           223,936
                12 Compensations                 100                 108      9,640                                                          2,500         42,865          8,513          63,726            76,392
S                                              9,833        597    4,761                                                                                  246,249         84,025         350,249
                13 Incidents                                                  1,467                                                          3,317                                                          72,564
               _14 Conveyance of Mails, Tr ansit Posi age, Ship Letters, &kc. &c.                                                          236,122                                       236,122           309,545

       TOTAL Great Britain                                                    177,507        4,314        26,354           328,372         547,298       1,327,621     1,113,209       3,524,677         3,064,703
       TOTAL Ireland                                                           47,112        -                        -     67,479         127,450         369,117       269,159         880,317           553,456

  TOTAL United Kingdom                                           1818         224,620         4,314       26,354           395,851         674,748       1,696,738     1,382,368       4,404,994         3,618,159
                                                                                                                                                                                      United Kingdom.   Propor. Ireland.

               do                    do.                         1822         206,082        52,515       14,974           384,261         594,082       1,547,487     1,360,869       4,160,271            883,140
               do.                   do.                            3         198,534        44,553       15,826           371,748         569,117       1,567,779     1,337,626       4,105,182            868,170
               do.                   do.                            4         217,310        51,000       15,329           302,568         600,500       1,462,096     1,318,838       3,967,642            726,754
               do.                   do.                            5         184,914        47,053       12,786           289,827         605,988       1,504,703     1,253,105       3,898,378            723,292
               do.                   do.                            6         186,212        43,963       12,417           288,800         680,546       1,537,408     1,280,990       4,030,337            715,976
               do.                   do.                            7         191,558        44,973       12,427           296,716         693,693       1,490,170     1 ,236,920      3,966,457            700,598
               do.                   do.                            8         225,515        43,096       13,190           280,812         663,775       1,454,009     1,209,754       3,890,152            654,069
               do.                   do.                            9         193,280        26,327       13,293           287,183         675,320       1,375,575     1,226,060       3,797,038            651,747
               do.                   do.                         1830         190,159        27,971       12,269           281,940         694,254       1,295,189     1,212,161       3,713,944            603,691
               do.                   do.                              1       185,110        26,332       14,482           281,304         658,326       1,317,826     1,131,989       3,615,368            557,275
               do.                   do.                              2       195,956        25,183        1,946           239,359         643 465       1,376,365     1,135,884       3,618,958            553,456
               do.                   do.                              3
               do.                   do.                              4
               do.                   do.                              5
               do.                   do.                              6
                                                                                                                                                                                          1822.             1832.
      evT"a
                     |
                         ^15 Quarantine and Warehousing Establishments               -

                                                                                                                                                          175,609        106,423                            206,808
22                                                                                                                                           _
                          16 Bonnties for promoting Fisheries, Linen Manufacturers, &c.
                                                                          :                                                                               332,903         71,600          _         _        70,805
           *              17 Payments in Support of the Civil Government of Scotland                                               .
                                                                                                                                             _       _     72,382        148,881          _         _       137,485
           £              18 Pensions       .   .   .   .                                                                                    13,700                       14,000                             23,375
§Q         -              19 Militia and Deserters Warrants                      30,622                                                                            _                      _         _            85
                          20 Advances to Commissioners of Roads.                 11,250                                                       6,192       _        _     _        _                          11,358
!«2
—
                          9 1 A liomontofinn rtf ^finonrlc tr*    Plorrrtr
                                                                       8y        10 102                                                                                                                      16,440
•H
      ~o .£               22 Miscellaneous Pavments                               1,411                                                                                   17,480                             16,313
                          23 Sundries ....                     213,458     2,000                      1                                     26,895        -        -                      -         -       368,629
                                                                                                      1




  tJo S
                                  TOTAL Great Bitatn £ 213,458                                              2,000           53,385          46,787        580,894       358,284          TOTALS
                                                                                                                                                                                          in each
                                                                                                                                                                                                            851,297
^ p ^                             TOTAL Ireland                                                            -          ~      -     -         -    -       199,187        73,826            Tear              64,876

                              TOTAL United Kingdom 1822 206,753
                                                            [
                                                                                                            2,000           53,385          46,787        780,081       432,110        1,527,821            916,173
                                                                                                                                                                                                        Propor. Ireland.
                    H
~ S**                               do.                         do.                  3     219,028          2,591           37,816          46,864        828,822       502,290       1,637,410            226,334
•S    1 2                           do.                         do.                  4     195,009          7,007           27,136          55,414        772,328       388,927       1,445,819            242,445
jo |                                do.                         do.                  5     540,715          2,052           20,842          58,779        748,835       327,829       1,699,054            244,210
                                    do.                         do.                  6     247,206          2,190           20,341          66,472        684,577       336,261       1,357,047            248,845
••a   *S
                                    do.                         do.                  7     219,874          2,000           19,134          48,711        735,450       276,860       1,302,030            261,349
                                    do                          do.                  8     421,839          2,000           18,531          38,643        641,945       273,482       1,396,440            264,581
      J-
                                    do.                         do.                  9     427,015          2,000           21,346          40,942        668,893       191,046       1,351,243            190,826
      |
~ - 0 1                             do.                         do                1830     363,451          2,000           22,009          43,660        561,268       169,342       1,161,730             89,463
* 5 <                               do.                         do.                      1 328,208          2,000           24,460          40,336        465,420       112,374         972,799             75,922
      o
^w S                                do.                         do.                      2 383,117          2,000           26,261          74,699        383,117       119,114         916,173             64,876
 Is- 2                              do.                         do.                      3
               I?                   do.                         do.                      4
           ic                       do.                         do.                      5
                         _          do.                         do.                      6
