                                                          ..
                                                          .                                                                                                             1




                                                                                                                                                          31


        As ACCOUNT  of the amount of Property assessed to the                TAX, in each County of England and Wales, in the                     PROPERTY
Year 1812, ending the 5th. of April 1813 distinguishing the proportion assessed according to Rent, from the proportion assessed
                                                                                                        ;




according to annual Value occupied by Owners, and also the proportion Tithe free, from the proportion Titheable, in whole, and in
part.     —       Vide Folio 89, Vol.                                          X. of Papers, Session 1814-15.
                                                                                  Lands, Houses and Tenements
                                                                                                    ,
                                                                                                                                                                                Properties assessed under Schedule B.

                                                                                                                                                                                         |
                                                                                                                                                                                                      Ti t h f
                                                                                                                                                                                                             free                                   lAmt. 0 / Com-
                                                                                                    lue otcupie si
                                                                                                                           '

                                                                                                                                                                                                                                                    position for
                                                                       R   t
                                                                                                                                                           Tithe free        Titheable
                                                                                                                                                                                                                 011   payment       TOTAL          Tithes, % for
                                                                                                                                                                                         I        in part
        Total Assessment                                                            by Owners       I        Tenants                                                                                              of Modus                          Tithes leased
                                                                                                    1

                                                                                                                     -f                                         £                £                                      £              £                 ._£
    Middlesex....
    1                                                               1,356,166      437,092          1
                                                                                                            1,287,788               3,081,047                  80,858         301,058                                               381,917             14,459
  2 Westminster                                       .        .      442,385      101,835              691 ,080                    1,235,299                   2,320                                                                 2,320
  3      LONDON                                       .        .      462,128       78,812          |
                                                                                                        395,025                       935,965
  4      York                                                       2,916,214      803,161              471,081                     4,190,457             1,579,962         1,514,973        163,550             101,019           3,359,504           93,203

                                                                                                                                                                                                                        —
                                                                                                    ,




 5 Lancaster                          .       .       .        .    1,989,417      482,598              298,319                     2,770,334               101,128         1,239,756          3,349               9,897           1,354,130           50,944
 6 Somerset ....                                                    1,418,722      551,469               169,181                    2,139,3V                 91,699         1,382,546          8,340                               1,482,586           78,808
 7 Lincoln                                                          1,424,734      338,442               182,295                    1,945,472             1,056,191           573,989        128,237               44,798          1 ,803,205          48,579
 8 Devon                                                            1,077,714      468,770               157,530                    1,704,014                35,059         1.269,518          6,230                2,998          1,313,799          125,723
 9 Surrey                                                             703,264      266,065              485,814                     1 ,455,143               47,809           351,225         21,988               11,348             432,370          45,017
                                                                      408,164      329,300              712,179                     1,449,644                14,804           918,087                                                 932,891         127,019
11 Essex                                                              673,237      321,478              324 ’363                    1,319,079                60,97            993^870              9,882                 831       1 ,065,557         161, 157
                                                                                           292,578                                  1,310,241               115,517           948,399              4,053                           1,067,969          152,050
13      Gloucester                                .       .          856,012       280,994  67,630                                  1,204,637               304,994           629,186                               4,698             938,878          48’, 452

14      Northumberld.                                                813,524       126.137 179,423                                  1,119,087               296,080           422,550        140,009               61,146             919,785            8,114
15      Wilts                                                        715,428       243,168 123,587                                  1,082,183               247,628           660,117         25,187               10,073             943,005          97,548
16      Warwick                   ....                               779,897       162,650 134,941                                  1,077,488               368,804           248,383        127,556               47,639             792,282          20,297
17      Stafford                                                     756,299       238,636  71,100                                  1 ,066,042        1
                                                                                                                                                            213,182           616,087                                                 829,269          13,550
18      Southampton                                                  578,466       279,669 166,446                                  1,024,581                42,615          640,475                                                683,039           121,503
                                                                     692,093       169,147 138,439                                      999,679              20,550          772,382           2,127                                795,060            20,188
20 Suffolk                                                           571,275       250,358 142,476                                      964,008              73,401          714,916           2,452                   2,527        793,297           123,143
                                                                     675,618       140,172 106,636                                      922,427              94,521          691,921             220                                786.663            55,610
22 Leicester ....                                                    651,889       189,952  48,870                                      890,712             642,503          188,298          20,733               24,130           775.664             12,977
23 Northampton                                                       628,468       227,785  33,169                                      889,422             675.994          141,066                                                817,060             15,158
24 Derby                                                             552,781       161,809  60,747                                      775,067             248,958          382,307          55,768                  518           687,551              9,197
25 Sussex                                                            346,779       196,180 216,187                                      759,447              76,252          442,090          15,563               56,968           590,874            101,677
26 Cornwall ....                                                     476,477       186,097  68,360                                      730,935               1,894          608,908             510                2,382           613,694             61,622
27 Worcester.                             .       .                  457,377       157,037 114,907                                      729,321             171,681          402,930           3,512                5,889           584,012             38,621
28 Nottingham                                     .                  420,670       179,521 100,110                                      700,301             368,377          168,976           2,014               21,503           560,870             14,215
29 Oxford                                                            443,731       104,463 114,286                                      662,480             329,297          228,552             830                1,077           559,757             37,605
2J0     Durham            ,
                              .   t                                  518,111       141,789    1 ,001                                    660,901             119,051          412,844                                                531,896              5,02 t
31 Dorset                                                            480,457       118,952  32,283                                      631,693              59,675          483,165                 545               1,761        544,546             51,967
32 Berks                                                             401,147       160,911  62,137                                      624,195             115,484          373,906                                                489,390             57,692
33 Burks                  .   .           .
                                                                     430,841       102,022  7.i* .inn
                                                                                                  JG         f   ,
                                                                                                                     *-1                607,354            325,896           190,153          12,563                                528,613             25,202
34 Cumberland                                     .                  339,444       189,145  67,833                                      596,422              75,733          337,382          74,200               19,876           507,198             13,628
35 Cambridge                                      .                  316.752       183,017  88,639                                      588,408             129,015          392,889           2,820                     935        525,660             34,884
36 Hereford ....                                                                                                                                                                                                                                        46,194
                                                                                                                                                                                                            |



                                                                     356,342        94,251  99,385                                      549,978              25,761          477,919                                                503,681
37 Hertford ....                                                     245,887       127,644 114,916                                      488,448              88,285          283,041              3,658                  100        375,085             46,478
38 Bedford                                                           259,549        47,358  38,037                                      344,944            211,879            92,164                 554                 490        305,084             11,776
39 Huntingdon                                     .       .          172,728        35,696  80,653                                      289,078             195,732           61,731                 200           1,721            259,383             12,021
40 Westmoreland                                                      198,546        64,677    7,006                                     270,230              77,567           92,267          1 1   ,427          59,733            240,995              4,295
41 Monmouth                                                          176,698        64,708  13,604                                      255,011              30,030          184,950                                                214,979             15,005
42 Rutland   ....                                                     96,151        14,794       234                                    111,180              64,502           25,421          14,871                     583        105,377              4,904

      TOTAL England                                                28,006,199       9,110,427               8,034,500              45,151,727             8,781,063 20,860,403               862,961             494,537 30,998,964 2,028,567
         f Anglesea.
           Carnarvon
                                                                           649
                                                                      81,980
                                                                                     7.407
                                                                                     4,856
                                                                                                            70,981
                                                                                                            26,904
                                                                                                                                       79,038
                                                                                                                                      113,740
                                                                                                                                                              6,338
                                                                                                                                                                238
                                                                                                                                                                        69,598
                                                                                                                                                                        96,383                — —                            75,936
                                                                                                                                                                                                                             96,621
                                                                                                                                                                                                                                          165
                                                                                                                                                                                                                                          682
          j




      7 J Denbigh
       *                                                             179,021        36,928                  59,189                    274,539
                                                                                                                                                                —      247,181
                                                                                                                                                                                                —                           247,181


                                                                                                                                                                                              — —
                                                  .


                  Flint           ....                                                                                                                                                                                      131,504    10,706
    £                                                                119,889         9,078                   6,929                    135,797                          131,504

                                                                                                                                                                                                —
          :
              \




                  Merioneth                                           72,085         9,145                  18,425                     99,655                   572     92,678                                               93,250     6,553
              LMontgomry                                             124,711        18,441                  51,185                    194,338                 1,664    158,000                                              159,664    11,994
3         1                                                                                                                                                                                                                                     1




s             f Brecon                                               103,079        26,112                  15,654                      144,845                8,410         109,092                                                117,502             8,685

                                                                                                                                                                —                               —
          i




                  Cardigan.                               .
                                                                      77,265        19,946                  15,690                      112,903                  315          97,436          ,                                      97,751             6,075
      iJ Carmarthen                                                  147,610        33,028                  67,302                      247,940                              229,689                                                229,689            14,032
                  Glamorgan                                          216,889        32,831                  25,792                      275,511                2,506         173,024                             44,706             220,236            10,667
    <i
          ]
              |




              |
                  Pembroke
              [.Radnor                            .
                                                                     127,873
                                                                      52,127
                                                                                    35.357
                                                                                    35,197
                                                                                                            24,333
                                                                                                             2,723
                                                                                                                                        187,563
                                                                                                                                         90,047
                                                                                                                                                               2,199
                                                                                                                                                               2,225
                                                                                                                                                                             166,465
                                                                                                                                                                              87,421          — —                                   168,665
                                                                                                                                                                                                                                     89,646
                                                                                                                                                                                                                                                       10,031
                                                                                                                                                                                                                                                        9,295

Total England If Wales 29.309,377                                                  9,378,753             8,419,513                 47,107,643             8,005,530 22,518,874               862,961             539,243 32,726,609 2,117,452
        SCOTLAND                                                    4,372,675      994,877              725,651                     6,093,203             4,137,915                                                       4,137,915

GREAT BRITAIN 33,682,052                                                           10,373,020
                                                                                                |
                                                                                                        19,145 104             j   53.200,846 [l2,943,445 22,518,874
                                                                                                                                                  1
                                                                                                                                                                                             862,961         ;
                                                                                                                                                                                                                 539,243 30,864,524
                                                                                                                                                                                                                               '                -


                                                                                                                                                                                                            |
