                                                .                               .




                                                                                                               28

     An ACCOUNT of the Number and amount of Assessments under the Act of 48 Geo. III. cap. 124. to the Income Tax,
In each County of England and Wales, for the Year ending the 5tb. of April 180L: distinguishing the Number and amount Assessed at, under £200 ; and at £200; and all above;
and also the Total amount of Property Assessments, in each County, in each of the Years 1804 and 1906, together with the Number of Properties, in each County, according to Ike
Laud Tax Assessments of 1798, as stated in the 2nd. Report of the Commissioners for enquiring into the Law of Real Property. Folio 72.

                          COUNTIES
                                                            Number of Assessments, in 1801                  Amount of Assessments, in 1801.                Deductions           Annual Value of                    PUOPHRTIBS
                                                                                                                                                                                                                              *
                                                                                                                                                                           ti        i   i Assessment,*             L,ud tL
                                                                         £g00                              under        £200                                  for
                                                                                                                                  [                                                                                        "*
                        ASSESSMENTS     ,                     £ 200   itnd a bob    TOTAL                   £ 200     and above   l
                                                                                                                                        TOTAL               Children        1803.               1812.               “'mi
                                                                                                                          £-               £~                                   £                £
 1    ^LONDON                                                9,061     8,260        17,321                29,557      1,084,470        1,114,027           60,165       7,948,826          8,606,182'
                                                                       7,054        30,100                69,552     559,687          629,239              27,992       8,838,988          7,512,861 -115,700
 3 Westminster                                              10,021     4,003        14,024                33,183     467,978          501,161              15,498       4^594^820          3^963^341
 4 *York, West Riding                                       13,414     2,804        16,218                32,894     177,019          209,912              19,959'
 5   do.. North Riding                                        2,924      531         3,455                 8,083      35,194           43,278               2,468       7,509,042          9,517,172               139,824
 6 * do.. East Riding                                        2,590       668         3,258                 8,475      49,343           57,819               3,789
 7 * Lancaster                                              14,223    2,965         17,188                35,416     212,333          247,750              19,514       5,349,556          5,923,774                76,648
 8 * Kent                                                   12,644    2,660         15,324                32,469     153,744          186,214              13,652       3,164,644          4,186,311                49,000
 9 * Somerset                                               10,042    3,139         13,181                33,236     199,553          232,789              16,449       4,055,356          4,986,806                65,040
10 Surrey                                                   10,164    2,517         12,681                28,241     146,383          174,625               9,205       3,646,783          3,609,732                61,100
11    *   Devon                                              9,340    1,622         10,962                26,037      81,322          107,359               8,997       2,767,753          3,894,551                70,100
12 * Southampton                                             7,730    1,912          9,642                22,626     109,026          131,652               9,306       2,105,562          2,767,662                34,500
1 3 Essex                                                    6,354    1,652          8,006                18,978      90,704          109,682               8,834       2,499,789          3,174,524                36,252
14 * Norfolk                                                 5,618    1,549          7,167                18,801      92,713          111,514               8,833       2,414,476          3,062,902                53,150
15 Lincoln                                                   5,378    1,267          6,645                17,588      73,957           91,544               7,735       2,704,736          4,192,398                38,400
                                                                                              |



16 * Gloucester                                              5,160    1,331          6,491                16,063      74,946           91,009               6,839       2,130,527          2,568,211                39,500
17 *      W
        arwick                                               5,372    1,072          6,444                16,217      55,144           71,361               4,991       1,901,390          2,574,796                21,420
18 * Suffolk                                                 4,627    1,237          5,864        1
                                                                                                          14,463      67,862           82,325               6,711       1,731,764          2,342,911                32,640
19 Wilts                                                     4,586    1,247          5,833                15,275      69,047           84,323               6,593       1,821,783          2,488,073                35,000
20 Stafford                                                  4,598       896         5,494                12,874      59,137           72,011               5,085       1,840,962          2,520,609                38,816
21    * Chester                                              4,548       835         5,383                11,354      53,422           64,777               4,372       1,747,854          2,157,165                31,300
22 Sussex                                                    3,880    1,104          4,984                12,169      66,738           78,906               5,524       1,436,514          1,831,059                31,750
23 Salop                                                     3,786       769         4,555                12,382      47,062           59,444               4,368       1,530,060          2,109,821                  8,580
24 * Northumberland                                          3,347    1,048          4,395                 9,880      66,347           76,227               3,892       1,966,335          2,640,640                16,500
25 *      W
       orcester                                              3,367       857         4,224                10,127      43,734           53,861               4,677       1,309,123          1,618,279                10,600
26 * Cornwall                                                3,514       618         4,132                 9,232      41,173           50,406               4,055       1,335,229          1,739,357                30,650
27 Leicester                                                 3,335       776         4,111                 9,789      41,926           51,715               3,961       1,443,761          1,988,890                25,596
28 Oxford                                           1
                                                             3,234       863         4,097
                                                                                              1




                                                                                                          10,972      47,392           58,364               4,025       1,217,134          1,617,503                18,250
29 Northampton                                      1

                                                             3,241       748         3,989                11,689      40,930           52,620               4,315       1,445,616          1,908,318                21,800
30 Berks                                                     2,823    1,095          3,918                 9,410      64,961           74,371               5,210       1,220,353          1,481,902                21,500
31 * Nottingham                                              2,973       715         3,688                 8,082      46,904           54,987               2,599       1,160,665          1,575,984                21,000
32 Dorset                                   .                2,772       729         3,501                 8,586      38,476           47,062               3,692       1,051,651          1,448,280                24,000
33 Bucks                                                     2,860       633         3,493                 9,761      37,385           47,146          !
                                                                                                                                                            3,894       1,224,197          1,393,904                19,000
34 *1)urham                                         !
                                                             2,815       644         3,459                 7,914      36,145           44,060          [
                                                                                                                                                            3,648       1,320,364          1,541,850                38,000
35 Derby                                                     2,837       571         3,408                 8,056      47,305           55,362               4,700       1,302,862          1,735,069                32,950
36 Hertford                                                  2,519       848         3,367                 7,528      52,236           59,764               3,881       1,138,674          1,181,505                19,600
                                                                         Oo #        o noA            j




                                                                                                                      33 25^           40 7*19              O QOQ
                                                                                                                                                            — U\J
                                                                                                                                                              J   O           DOU
                                                                                                                                                                          iJOVJ t          1 4‘trt 901              16 500
38 Ciimberland                                              2,237        314        2,551                 5,112       16i838           21,951               1,974         966,626          1,320,951                24^520
39 H ereford                                                2,029        420        2,449             !   6,168       24,730           30,898               2,244         810,188          1,170,702                16,720
40 Bedford                                                  1,408        260        1,668                 4,919       22,053           26,972      i
                                                                                                                                                            1,803         591,816            761,386                1 2,450

41 Huntingdon                                       '

                                                            1,155        270        1,425                 3,858       15,489           19,347               1,517         395,020            661,965                  8,000
42 Monmouth                                                    952       169        1,121                 2,544        8,760           11,303                 594         374,057            599,405       1
                                                                                                                                                                                                                    12,280
43 Westmoreland                                                936       170        1,106                 2,166        8,959           11,124                 847         425,206            567,225                10,584
44 Rutland                                                     409        89           498                1,478        6,869            8,347                     666     199,023            253,909                  2,160

                    TOTAL England                           230,29?   63,538        293,945               680,692   4,766,998         5,449,343            341,985       93,896,767        1 12,728,089            1,381,380

          1   f Anglesea                                       179        50           229                   412       2,363            2,775                     266     129,986             172,442"]
                                                                                                                                                                                                               |




                  Carnarvon                                    222        57           279                   457       2,393            2,850                     165     131,801             256,011
     *            Denbigh                                                                                                                                         766
     S    J                                                    663       165           828                 1,799      11,164           12,962                             406,472             583,972
              i
                  Flint                                        390        87           447                   911       9,331           10,242                     530     206,468             308,564
          !



                  Merioneth                                    190        24           214                   467       1,593            2,059                     192     156,251             207,743
          1
              LMontgomery                                      546        77           623                 1,583       3,441            5,023                     432     313,619             389,401
                                                                                                                                                                                                               f 85,470
        f Brecon                                               360         81          441                   992       3,734            4,726                     334     130,703             306,107
          Cardigan
              1                                                210        52           262                   567       2,571            3,138                     199     175,214             248,625
      .   1




     •s   * Carmarthen
          i


                                                               600       119           719                 1,513       7,130            8,642                     589     378,816             524,866
              |




     4M Glamorgan
              1                                                963       205         1,168                 2,700      11,124           13,825                     929     561,251             680,745
                  Pembroke                                     615       172           787                 1,786       9,670           11,456                     631     322,704             417,324
              [^Radnor                                         244        36           280                   682       1,659            2,342                      90     118,025             193,737^

          TOTAL England and Wales
                    «   SCOTLAND
                                                            233,479
                                                             16,220
                                                                      64,743
                                                                        4,317
                                                                                    300,222
                                                                                     20,537
                                                                                                          694,561
                                                                                                           43,787
                                                                                                                    4,834,821
                                                                                                                      280,461
                                                                                                                                      5,529,382
                                                                                                                                        324,247
                                                                                                                                                           347,108
                                                                                                                                                            23,933
                                                                                                                                                                        96,627,077
                                                                                                                                                                         7,633,036
                                                                                                                                                                                           116, 917, 6*6
                                                                                                                                                                                            13,140, 1*0              —
                                                                                                                                                                                                                   1,466,850



                  GREAT BRITAIN
                        Proportion of
                           Income
                                                      251.699
                                                        1
                                                                 69,060
                                                    } Derived from Tradie
                                                    J Other Sources . .
                                                                          320,759                         738,348
                                                                                                           45,881
                                                                                                           10,303
                                                                                                                    5,115,282
                                                                                                                    1,060,813
                                                                                                                      376,760
                                                                                                                                      5,853,629
                                                                                                                                         19,768             —
                                                                                                                                                           371,041      104,280,113
                                                                                                                                                                         11,071,239
                                                                                                                                                                                           130,057,746             1,466.850
