                                         .....                                    —                                                                                               —



                                                                                                                                                                        42

    No. V.                ACCOUNT Continued, — of the Quantity, and Declared Value of each kind of IRON, ana of STEEL, Ex-
 ported from Great Britain, to each of 21 different parts of the World, in each of the 16 Years 1814-29.

 Countries             Description                                                                                                                                                QUANTITIES.
  to which                 of
 Exported.               IRON.                   [      rs       1814.         1815.           1816.                  1817.    1818.               1819.        1820.
                                                                                                                                                                            |
                                                                                                                                                                                 1821.     1822.     1823.            1824.         1825.    1826.       1827.        1828.      1829.       1830.       1831.

                                                                                                                                                                  — — — —
                                                                                                                  |




                  Pig and Old                               S                                         _
                                                                                                                  1
                                                                                                                                  1                                                                                                   30       50                      ,


                  Bar                                                                                                                                                           1,410     1,724      1,623           1,199
                                                                        — 45
                                                                     12          '

                                                                                                                      2,201   6,563               1,363         3,022                                                              1,025    1.883        2,210       1,260      4,587
                 Bolt & Rod                                           6           399 107 76 123  3  30  42 18  89 134 22  42
                                                                                                                  1



                 Castings                                                                 79  60 21
                                                                     — — —5 H10 —4 475 — 1 — — 62 —         10
                                         .                           12               1              11         28   4      9                                                                                                                                               1
                 Anchors                                                                                        18
             ]
                 Hoops ....                                          — —       25  45  10 27  40 101 67  46 n   25  54 — 4714
                                                                                                                                                                                                                           j                                h

                 Wrought                                             20        83 273 114 49  45 29 107 124 47 143
                                                                     — 36h 4J4 — 16 30 28 81                        71 13 117
                                         .
             |




             |
                 Nails
                 Wire                                                                     —      10
                                                                                                     H 28 13 H —    11      $                                                                   3                                                                          k
                                                                     38        29       2            30   4  2
                                                                           — — — — — 40 — — 161 11 — — —6 8
                                                 C          .                                                    5                1                                               •




             l^Steel                                                  2 6

                 TOTAL TONS                                           62             38          59                   2,409   7.301               1,676         3,281           1,761      1,788     1,843            1,456         1,151    2,237       2,484        1,297      4,816


                                                        s                                                     1
                                                                                                                        15      15                               12               — —                  If                5                               122            40         _
                 Bar                                             791           918             1,218                  9J7     1,094               1,141        1,195            1,459      1,366     1,280            754           732      819         1,584        1,981      2,518
                 Bolt & Rod                                       80             8              45                     47         1                   7            4              10         9        21               12            10        9          80           59         25
                 Castings .                                      120           153             138                    127      158                 128          151              131       127       J67              164           178      185         279          481        547
                 Anchors             .
                                                                                               10f                     13       29                   6           35               19        22        58               38            91        12         37           44         74
                 Hoops      . .      .                           170           144             287                    534      156                  64          130              111       354       315              180            80      115         305          377        429
                 Wrought            ..                            92            91             124                    150      161                 130          148             258        274       233              162           219      152         217          235        438
                 Nails                                            34            36              40                     49      59                   21           30              68         53        52               55            59       38          96          163        165
                 Wire                            Cwts             20            85             125                    220     414                   40          111                   8     22       130               10             10      51          54           86         70
             LSteel                                              120            86              75                     61       56                  73            3               64       141        64
                                                                                                                                                                                                                 |




                                                                                                                                                                                                                       —             42       —           84           25         22




         I
                 TOTAL TONS

                 Bar
                                                        5
                                                                1,298



                                                                'gl
                                                                              1,364



                                                                              7,615
                                                                                              1,872


                                                                                              314
                                                                                              7,245
                                                                                                                      1,946


                                                                                                                      1,099
                                                                                                                      2,847
                                                                                                                              1,696


                                                                                                                              811
                                                                                                                              3,302
                                                                                                                                                  1,502


                                                                                                                                                   164
                                                                                                                                                  2,464
                                                                                                                                                               1,700


                                                                                                                                                               676
                                                                                                                                                               4,280
                                                                                                                                                                                2,059


                                                                                                                                                                                768
                                                                                                                                                                                2,028
                                                                                                                                                                                          2,213


                                                                                                                                                                                          1,418
                                                                                                                                                                                          5,152
                                                                                                                                                                                                    2,137


                                                                                                                                                                                                    2,744
                                                                                                                                                                                                    3,169
                                                                                                                                                                                                                     1.370


                                                                                                                                                                                                                      408
                                                                                                                                                                                                                     3,050
                                                                                                                                                                                                                                   1,371


                                                                                                                                                                                                                                    924
                                                                                                                                                                                                                                   3,773
                                                                                                                                                                                                                                             1,332


                                                                                                                                                                                                                                            1,745
                                                                                                                                                                                                                                            3,412
                                                                                                                                                                                                                                                         2,727


                                                                                                                                                                                                                                                         1,952
                                                                                                                                                                                                                                                         8,007
                                                                                                                                                                                                                                                                      3,385


                                                                                                                                                                                                                                                                     3,050
                                                                                                                                                                                                                                                                     8,561
                                                                                                                                                                                                                                                                                 4,200


                                                                                                                                                                                                                                                                                 1,319
                                                                                                                                                                                                                                                                                7,006
                                                                                                                                                                                                                                                                                         r
                                                                                                                                                                                                                                                                                         1




         j
                 Bolt & Rod                                     ST-           1,525           1,356                   238     586             1   272          278              796       1,029     1,024            520            897     1,109        1,494        920        368
                 Castings .                                                   424             893                     897     1,150               728          228              396       663       776              918            398         446
                                                                                                                                                                                                                                              — — 454
                                                                                                                                                                                                                                             261
^j      J
         |


                 Anchors
                                                                ||
                                                                5
                                                                          .



                                                                                6              28                      93      84                  73           43               20        54         15                8           43*             — 476
                                                                                                                                                                                                                                                      34                            j,

        "I       Hoops      .   .   .        .
                                                                ©             387             510                     173     351                 275          261              706       523       476              474            358     624          716          594        211
                                                                a,
.2 'S
         |
                 Wrought            .                                         1,044           739                     368     966         !
                                                                                                                                                  872          549              983       1,547     1,120            1,029         692       761         1,582       2,041      1,258
                   ails                                                       717             1,100                   670     573                 139          109              369       477       243              189            138       78         228         195         138
I >4    |        £,
                                         -
                                                                              4,226            60                      22
                                                                                                                                          1




                                                                                                                                                   70            32             103       181       122              189             88                   85         122
                                                                                                                               37                                                                                                             73                                 146
                 Steel                                                        774             497                     249     224                 125            86             274       288       233              173            130      137         227         518         330
                                                                                                                                       |




                 TOTAL TONS                                     —             16,718          12,742              7,466       8,084               5,182        6,542        6,441         11,332    9,922            6,958         7,341    8,200    14,73?          10,455     11,280


                                                        1
                                                                     15         46            235                     348     409                 295          400              290         44      131              299           447      249          377         257        465
                 Bar                                            774           1,304           1,480               1,254       936                 1.084        1,068            1,405     1,417     1,804            2,002         2,099    1,692    1,981           1,963      3,217
                 Bolt & Rod                                     167           426             280                     386     285     !
                                                                                                                                                  184      [
                                                                                                                                                               145              153       155       367              588           666      423          331         312        385
                 Castings                                       431           639             1,099                   868     627     !
                                                                                                                                                  685          472              287       419       452              805           604      348          400         423        686
                                                                                                                                                           |




                 Anchors                                        148           168             122                     106     109                 133          130               38        39        78              231           329      224      167             127        109
        \
                 Hoops      .   .   .
                                                                      2        23              43                      43     120                 8 4h
                                                                                                                                                           '
                                                                                                                                                               119              184       111       156              253           200      268      241             236        450
         i
                 Wrought            .        .                  1,420         638             454                     398     474                 610          570              447       548       829              1,173         1,281    1,164        975         1,324      1,250




n  §     !
                 Nails
                 Wire
                 Steel

                 TOTAL TONS
                                                       191
                                                 Cwts. 291
                                                                1,347


                                                                3,229
                                                                              1,227

                                                                              237
                                                                              1,749


                                                                              4,570
                                                                                              1,069
                                                                                                23
                                                                                              1,935


                                                                                              4,810
                                                                                                                      524



                                                                                                                  3,969
                                                                                                                       15
                                                                                                                      835
                                                                                                                              839
                                                                                                                               18
                                                                                                                              839

                                                                                                                              3,841
                                                                                                                                                  822

                                                                                                                                                  663
                                                                                                                                                     7


                                                                                                                                                  3,931
                                                                                                                                                               751
                                                                                                                                                                34
                                                                                                                                                               996

                                                                                                                                                               3,706
                                                                                                                                                                                729

                                                                                                                                                                            1,579


                                                                                                                                                                            3,612
                                                                                                                                                                                  9
                                                                                                                                                                                          804
                                                                                                                                                                                          160
                                                                                                                                                                                          1,213


                                                                                                                                                                                          3,600
                                                                                                                                                                                                    955
                                                                                                                                                                                                     37
                                                                                                                                                                                                    1,186


                                                                                                                                                                                                    4,833
                                                                                                                                                                                                                     967
                                                                                                                                                                                                                       18
                                                                                                                                                                                                                     2,205


                                                                                                                                                                                                                     6,429
                                                                                                                                                                                                                                   949
                                                                                                                                                                                                                                   106
                                                                                                                                                                                                                                   1,780


                                                                                                                                                                                                                                   6,669
                                                                                                                                                                                                                                            1,004

                                                                                                                                                                                                                                            105
                                                                                                                                                                                                                                            1,119


                                                                                                                                                                                                                                            5,433
                                                                                                                                                                                                                                                     1,016


                                                                                                                                                                                                                                                     1,007


                                                                                                                                                                                                                                                     5,539
                                                                                                                                                                                                                                                          24



                                                                                                                                                                                                                                                                 j
                                                                                                                                                                                                                                                                     1,081

                                                                                                                                                                                                                                                                       31
                                                                                                                                                                                                                                                                     2,241


                                                                                                                                                                                                                                                                     5,836
                                                                                                                                                                                                                                                                                1,131

                                                                                                                                                                                                                                                                                22£
                                                                                                                                                                                                                                                                                1,817


                                                                                                                                                                                                                                                                                7,703


                                                        !        30            45              58                      24      33                 222           72              135        63       122               33            50       16           19          41         70
                 Bar                                            380           451             425                     523     578                 646          420              521       411       502              409           446      369      448             656        706                  i




                 Bolt& Rod                                       24             77             33                      49     112                  53           58               35        37        68               38            68       41       47              49         62
                 Castings           .        .                  1,401         1,596           1,652               1,781       1,678               2,009        1,748        1,533         1,218     1,219            1,453         1,102    1,444    1,187           1,418      2,084
                                                                                                                                                                                                                                                                                                     j



                 Anchors                                             22         49              63                     95      92                  52           45               51         18       26              131            51       47           59          50          51
                 Hcops                                          1,056         1,090           1,117               1,305       1,403               1,411        1,182        1,176         999       1,101            1,108         1,214    1,074    1,161           1,371      1,085
                 Wrought            .        .                  2,979         2,075           1,903                1,943      2,362               2,405        1,982        1,830         1,712     1,685            1,742         1,741    2,020    1,933           2,191      2,274
                 Nails                                 465                    806             920                 1,170       1,309               1,220        869          1,038         913       1,019            1,049         1,110    1,135    1   ,107        1,379      1,156

                 Wire                            Cwts. 140                    419             216                     126     370                 610          434              477       519       405              198           288      206      226         1   327        236
                 Steel                                 150                    666              99                     145      88                 113           52               86         71      116      !
                                                                                                                                                                                                                     151            68        76      69              79        140
                                                                                                                                                                                                                               1




                 TOTAL TONS                                     6,371         6,243       1
                                                                                              6,186       !        6,903      7,589       [       8,054        6,400    1   6,347         5,385     5,768   |
                                                                                                                                                                                                                      ,980     1   5,814    6,160    5,975       1
                                                                                                                                                                                                                                                                     7,078      7,506
                                                                                                                                                                                                                                                                                                 j
