                                                                                                                                                                                                            —




                 • • These, and  the four following Pages, have been compiled in part from Accounts presented to Parliament, in 1819, and 1825 .—see Val. XVI, and    of Papers of the Session oj                                                                                          XXI
            tkos’e   Years’ respectively ; and made complete from M.S Returns, specially obtained from the Custom House, in 1830. The Details will be found to present some very great disparities,
            for instance, the 311 Tons of Wrought Iron to the North of
                                                                      EUROPE, in IS15, averaged £ 119 ^ Ton: the 139 Tons to Germany, £227 W Ton while 909 Tons, in 1S29, averaged only £ 14 ti' Ton.                                                :




                                                                                                                                           VALUES.
                 1814.              1815.          1    1816.         1817.         1818.               1819.       1820.         1821.                  1822-                   1     1823            1824.                     1825.       1     182G.       1       1827.               1       1828.                     1829.                1830.
                                                                                                                                                                                                                                                                         £_
                                                                                                                                                                                                                                                                                                                       1




                                                                                                                                                                                                                                   £—J
                                                                                                                                                   |




                     £~~
                               !




                                      At                                                                 -£          £             _£                    -£          J                   £              £                                    ,
                                                                                                                                                                                                                                                    Amt                                             £           J              £         J
                                                                                                                                                                                                                                                                                                                                              |




                                       80                352           240           565                 227         150           272                                                  110          102                          156               132                   74                        748                      941
                   28                  —           |



                                                           17           59           653                     —     1,208           496                   195                            196            7                          193               359            1,389                        8,404
                                                                                                                                                                                                                                                                                                                       j



                                                                                                                                                                                                                                                                                                                           3,916
                  243                      3               —             13            —                     —        —             121                  251                 j
                                                                                                                                                                                 j




                                                                                                                                                                                        321          511                          541               623              701
                                                                                                                                                                                                                                                                                           |




                                                                                                                                                                                                                                                                                           |
                                                                                                                                                                                                                                                                                                  585                      1,245
                  420                440                 200             98          356                 731      1,032           597                    326                            141          175                          410               341            2,276                            789                      605
                                       12                  10            —            65                 150      1,817           600                  3,000                            308          150                        4,855               442
                                                                                                                                                                                                                                                           |




                                                                                                                                                                                                                                                                        615                         704
                                                                                                                                                                                                                                                                                                                   i




                                                                                                                                                                                                                                                                                                                             551
                  224                111                   —             —            15                     —    1,119           328                  1,074                         1,221         1,243                    1,478                2,084
                                                                                                                                                                                                                                                           |




                                                                                                                                                                                                                                                           I
                                                                                                                                                                                                                                                                   1,668                       2,992
                                                                                                                                                                                                                                                                                                                   |




                                                                                                                                                                                                                                                                                                                           2,992
              36, 5 16             6,513               1,332         3,518         2,884            1,265         3,462         3,003                  1,080                            681        1   ,702                 6,920                3,126             5,406                       2,275                       4,027
                      4               14                   6             4            36                  12         185           20                    109                             27             62                         68              269                   80                      192                          82
                  284                418           !
                                                         190             6           106                 590         659          561                    236                             —             607                        292             *170                  737                        660                       153
                  253                 86                 165           171           127                 143         141           89                    202                 1         507             504                        765              820             1,396                           898                       834

                                                                                                                  9,773
                                                                                                                                                                                                        is
              37,972               7,737               2 272         4,109         4,807            3,118                       6,087                  6,473                         3,511
                                                                                                                                                                                                  1* 1 i
                                                                                                                                                                                                       O                        15,678           8,366             14,342                       18,247                     15,346

                     _                -                                                                             120                                                                120          402                 !
                                                                                                                                                                                                                                  no                  5                610                          125                       996
                     94              156                 999         9,751         5,930            1,877         5,524         3,947                  4,760                         4,620        4,724                     2,172                7,413             12,230                       12,508                     20,120
                      r>             268                 320         1,540         1 ,753           1,084           937         1,131                  1,298                         2,400        1,679                     1,747                3,606             3,713                       3,597                       3,846
                  375                168                 435           573          458                  463        594            378                   314                           361             317                  7,864                3,157             2,255                       2,497                       2,580
        i




                                     180                  —             30          180                      —        —              —                   375                           307        1,029
                                                                                                                                                                                                                       |




                                                                                                                                                                                                                       |
                                                                                                                                                                                                                                 933                720                605                          989                    1,165
        !
                  131                250                 180           528          785               223         1,225           757                    923                           871        2,982                     1,832                2,348             2,667                       2,470                       3,869
                                                                                                                                                                                                                                                                                                                                          |




                                                                                                                                                                                                                       j




        1

             31,633                2,562               3,426         3,143        3,551             2,883         2,886         3,795                  3,133             1
                                                                                                                                                                                     3,827        4,543                     7,919                9,564             1   1,454                   9,444                        12,779
                      5               94                 118           371          652                  J   17     3(>(i         411                    674                           009             580                    934                1 ,429              726                       1,877                       1,037          |




                     —                32                   10           30           164                206         473           416                    748                           951        1,015                       597                  964               717                       1,377                       1,157
                  490                102                 272            66            23                 32          59              —                   160             1
                                                                                                                                                                                       177               34                 1,259                1,601             1,816                       2,058                       1,644

             32,729                 3,812               5,760        16,032       13,499                6,915     12,184        10,835                 12,385                        14,302       15,305                    25,367               30,807            36,863              1       36,912                      49,133
                                                                                                                                                                         J                                         |




                                                                I
                                                                      553           110         1        322        380            217                   156                         1,731             724                       355               689             1,953                       5,413                       7,942
                                                                                                                                                                                                                   j




             4,486                 1,711               3,177        6,866         7,776             6,7 17        10,831        11,464                 9,868                         15,378       12,172                    9,031                16.267            25,298
                                                                                                                                                                                                                                                                                       j




                                                                                                                                                                                                                                                                                               21,055                      26,401
             1   ,422              1,316               2,067          948         1,050             1,782           427           421                    796                         1,564          975                        12                  854                 704                         380                     1,108
                  553                315                 219          329           330                 373         548           347                    110                           308          455                          800             1,858             1,597                       1,517                       2,675
1




    j
                  375                 —                  200           10         1,139                      —      310             —                    525     1                   1,170          468                     1 ,400               2,774             3,605                       3,055
                                                                                                                                                                                                                                                                                                               |




                                                                                                                                                                                                                                                                                                                           2,807
             3,725                 2,263               4,522        2,118         3,603             3,803         6,575         3,970                  10,023                        11,500       7,192                     8,116                14,303            10,406                      10,771                      10,660
                                                                                            j
    j




             10,172                1,724               3,245        2,494           893             1,666         3,342         3,205                  2,852                         5,758        6,596                     6,870                6,969             11,515                      7,785                       9,489
                  222                 —                   60          567            —                  225         342           474                    352
                                                                                                                                                                 1




                                                                                                                                                                                       139          445                        125                  41                 549                        70                         119
j
                     —     !




                                       6                  40           32           143                 472         234           301                    449                           399             040                     718                 546               931                       1   ,246                    1,684
    1
                  231

             21,189
                                      35

                                    7,400
                                                          H
                                                       13,545
                                                                       65

                                                                     13,982
                                                                                      9

                                                                                  15,054            15,423
                                                                                                             31      37

                                                                                                                  23,026
                                                                                                                                    11

                                                                                                                                20,410             25,173
                                                                                                                                                          43     |
                                                                                                                                                                                       214

                                                                                                                                                                                  38,161
                                                                                                                                                                                                       434

                                                                                                                                                                                                  30,100
                                                                                                                                                                                                                            1,360

                                                                                                                                                                                                                            28,786
                                                                                                                                                                                                                                                 1,424

                                                                                                                                                                                                                                                 45,525
                                                                                                                                                                                                                                                                   2,573

                                                                                                                                                                                                                                                                   59,131
                                                                                                                                                                                                                                                                               |
                                                                                                                                                                                                                                                                                               2,785

                                                                                                                                                                                                                                                                                               54 078
                                                                                                                                                                                                                                                                                                           |




                                                                                                                                                                                                                                                                                                           1
                                                                                                                                                                                                                                                                                                                           2,177

                                                                                                                                                                                                                                                                                                                           65,062
                                                                                                                                                                                                                                                                               I                                                      1




                     IT                                5,120        7,395         3,030             4,007         5,752         4,422              6,489                            527             530                          680           102
                                                                                                                                                                                                                                                                         *„* The separate Account with
             1,231                                     1,346        2,990         2,905             3,951         3,202         2,755                  1,231                      2,696           3,397                     2,778            4,614
               971                  121                  170          701           302                 536         290           759                   300                         871             494                        90                 318               Flanders has oeen discontinued,
                  128               231                  304          143            82             4,246           281           712                   492                         396           1,065                          492              559              having; since 182 6, been incorporated
                                      —                                                                              —
                                                                                                                                                                                                                                                                                   ,




                     14                                                             200                 200                       420                   272                       2,256                349                       659         1,229                 with Hoi land, under the head of
                 525                103                  306           434          661               951         1,456         1,012                   752                         834                557                       539           107                 the United Kingdom OF TUB
             3,171                 1,244               1,856        2,903         1,604             2,564         1,917         1 ,423                  875                         778           1,837                     2,103            2,548                 N ETHER LANDS  The events of                    :


                     50               46                 100           21                                            14                                  85                           3
                                                                                                                                                                                                                                                                   September 1830, nay however main        i

                     14             281                   35             4            21                199         193            95                   258                         166             163                         432               294
                                                                                                                                                                                                                                                                   render it desircable to reinstitute a
|
                 772                 97                  341            30          153                 200          61           120                   659                         551           1,015                     1,157            1,181

                 6,879             2,123                9,578       14,619         8,958            16,853        13,166        11,718                 11,419                        9,078         9,414                        8,930            10,952
1




                 208                499                1,934        4,183         4,798             1,143         7,096         14,657                 14,727                        17,785       4,350                     9,603            21,693                13,178                      10,203                      15,841

             7,506                 1,269               9,410        101,980       88,647            54,268        68,593        <12, 593               18,554                        17,398       11,148                    14,826               23,168            13,793                      15,644                      13,870
               516                    68                 140          693           571                 484         238         1,419                    629                          558         1,540                        34            1,163                     472                       764                     727
             3,076                    14               1,195        1,018           642                 938       3,111         1,572              5,234                          4,249           2,346                     2,868            2,481             2,756                           6,365                   1,593
                     —     |



                                     190                 155           635        2,424                 398         278           840              1,156                             66           1,744                       677            2,154             1,300                           1,827                   3,139
             5,720                    53                 135           227        2,676             5,050         6,094         4,077      1       2,288                          1,253           4,550                     1,687            4,676                 3,331                       5,286                   6,860
             9,891                 2,160                                                                                                                                                                                                                                                                               3,908
                                      — 1,118 1,797
                                                 —                                3,689             2,575         1,387         1,876              4,410                          2,777           2,490                     1   ,554
                                                                                                                                                                                                                                  —          7,379                 5,706                       3,711
                                                                                                                                                                                                                                                                                                                              —
                                                                                                                                           1




                  344                      40                                        10               100            19            30                     49                            10                                                      44                     298                        14
               191                   404   — 105                                      25    j
                                                                                                       98            10           158      1
                                                                                                                                                         211                           196           71                        98                  195               197                           496                      4)3
    1        1,201                 1,607                 372         1,117        2,872             4,308         5,466     1   3,826                  4,923                         4,954        7,320                     4,788                3,811             4,543                       4,905                   5,123
                                                                                            |
                                                                                                                            I




    j
             286.36                 6,264      |
                                                       14,499       111,755   1
                                                                                  106,354           69,362        92,292        12,048         1       52,187        i               49,252       35,559       1            36,135       1       66,764            45,574                      49,215                      51,474    |
                                                                                            |                               |                                                                 j
