                                                                                                                     1




                                                                                                  43

         The Duty' on English Bar and Bolt Iron, Imported into the United States of North America, is 37 Dollars*? Ton, equal to about £8 Sterling; and on Sheet, Hoops, and Rod,
2 l Centimes V lb. equal to about £ 16 S' Ton, being at
                   ,
                                                        the Rate of from 110 to 120 Cent, on the Value in England, in 1830; These enormous duties do not however appear to check the
Exportation, because the English producer seems to yield in Profits and Cages, in proportion to the oppression oj the Duties.

                                                                                              VALUES         .




     1814.      1815.     1816.     1817.          1818.      1819.         1820.     1821.     1822.            1823.     1821.     1825.     1826.         1827.         1828.             1829.    1830.
    — £                                                                                                                                £                       £             £                 £        £
                                                                                                                                       240       350
      100                   405 22,240 59,542 14,358 28,620 12,286 12,838 12,075                                           9,109 10,271 16,992 17,945                     O 1 Id
                                                                                                                                                                              iU 29 269
                                   247 4,547 1 ,235     791 1,198      24    256                                             414    245    914 1,263                                QAC
      272          22        79    200     56     71    848    684    230    135                                              22    224    398     75                         12               127            1


                                      176                    1,564                      14                                   236           730     20                                       1,177
                             14      422            602        151            302      451        110             794        480     98    282    601                                         137
     1,197     1,608        272    1,809          6,355      2,791         1,475       997        611            1,491     2,209    919 3,514 1 ,258                         194            1,770
                  21        170                     497      1,063           840     1,866         15              132       626    520     44    335                         29               10
1
      120           5                  68                2                                         17               40       115     10     10                                14
1
        JO         15                                                                   161                                  691    460                                                         1 A
                                                                                                                                                                                                14

     1,875     1,671        940 25,162 71,010 21,238 32,876 17,657 14,005 14,923 13,902 12,987 23,234 21,497                                                              9,584 32,809
r
                                       75               80              60                   10                               35                               550           280
    10,140 11,222 12,164           9,751          12,194     12,980 11,818 12,757 11,066 10,248                            6,603    8,938     7,530 14,495 16,000 17,573
       949    111    441             460                11       79            52        98        79             212        105      145        89    743    552    202
     1,873 2,352 2,290             1,833          2,278      1,883         2,211     1,933     1,813             2,169     2,329    2,587     2,571  4,904 7,088 8,538
       198    259    381             570          1,145        240           875       653       858             1,875     1,307    2,651       360 1,404 1,138 2,062
     2,900 2,617 4,071             0,801          2,461      1,004         1,707  1,432        4,063             3,458     2,170     1,141    1,648 3,752 4,326 4,445
     5,438 6,079 7,060             7.372          7.670      5,049         5,868 10,545        7,500             0,623     4,996     6,851    4,817 7,153 8,664 12,988
     1,166 1 ,202  1,164           1 ,732         2,112        802           981  2,142        1,449             1,372     1,611     1,800    1,206 2,762 4,466 4,314
        44    264    022             660          1,153         80           238        22        43              214         16        20       90     87    172    122
       195    144    164              133           134         165            10      144       297              151                   91             196     62     51
|




    22,903 24,850 28,347 29,387 29,238 22,282 23,820 29,726 27,168 26,332 19,172 24,284 17,371 36,046 42,748 50,295


     —                1,556 9,760 4,579 1,238 3,858 3,995 7,108 12,732 2,157 8,005 12.036 10,865 15,678 6,813
              84,082 72,310 20,188 35,225 26,124 41,172 17,643 38,969 24,181 25,808 45,472 29,475 68,271 70,327 46,286
              17.454 14,519 2,417    7,148 3,087 2,711 6,730 8,252 8,223 4,685 11,006 11.036 13,680 7,472 1,544
               7,972 15,785 14,077 2 a 460 13,115 4,461 6,355 11,551 11,470 1 1 ,857 8,224 5,129 7,928 7,874 7,402

     —
                                                    ,


                 191  1,034 3,012 2,517     1 761 1,569    698 1 ,803            270 1,550
               5,408 6,979 2,151 4,948 3,708 3,346 7,846 5,174 4,979 4,905 3,458 7,796 8,366 6,442 1,929
              36.454 28,303 14,543 28,652 22,623 13,696 23,790 34,127 18,951 19,188 17,882 15,825 27,014 32,409 19,451
              20,485 40,977 21,320 21,641   5,602 4,025 12,383 13,679 7,850 0,222 6,149 2,894 7,174 5,701 4,221

     —        21,944 4,380   1 ,002                      4,312                                            3,853 5,071
              32,516 22,183 12,027 9,828 6,392 4,688 13,828 14,500 11,136 8,483 6*2 43 6,544 10,405 25,584 17,227

     —        226,506    208,032   107,103        130,091     86,280       80,680    97,580    141,717       105,202       91,670   112,403    93,329       156,782   ‘

                                                                                                                                                                          175,400           110,566


      120        355      1,092  1 ,908 2,570            2,066 2,842 1,637      224    675                                 1,912     4,435  1,911  2,034 1,428 2,392
[10,381 16,043           15,768 10,979 10,616           11,983 11,313 12,918 11,036 14,900                                17,494    27,123 16,849 16,699 16.273 22,556
     2,534 5,933          3,428 3,322 3,907              2,400 1,535   1,593  1,477 3,119                                  5,221     9,185 4,110 2,982 2,986 2,901
    10,477 12,860        19,384 16,440 11,198           12,381  9,599         7,904 8,185                                 13,734    13,397 7,329 7,339 7,828       1,440                1


     5,900 6,300          4,939 3,598 3,877              4,262 3,854 1 ,207   1,301  2, 163                                6,775    11,087 7,380 4,780 3,455 2,862
        39    402           010     735 1 ,800           1,156  1,547  1,873  1,209 1,616                                  2,866     3,214  3,367  2,835    2,493 4,451
    60,638 30,938        21,740 12,908 17,625           24,017 19,216 14,442 14,303 20,633                                30,181    38,825 31,143 26, *289 31,811 26,472
                                                                                                         '




     6,071 50,200        39,428 17,895 28,799           31,230 24,934 22,232 23,007 26,91                                 27,347    35,523 30,804 28,325 29.273 29,669
     2,281  1,879                      39            32     28     60     21    110                                           37       288    152      53      51     62
     3,375 4,654          6,014    2,133          2,088 1,622 2,554 3,720 2,826 2,887                                      5,286     4,470 2,718 2,442 5,008 4,728

    108,421    136,064   112,057   09,057          82,512     91,145       77,454    64,890     64,717           81,410   110,853   147,553   105,763        93,778       100,606           107,533

      220   321     319     140     185 1,067      332    506    287    567    214    471    117    105    197    295
  5,282 5,991    4,939 5,878 0,735 6,761 4,503 4,939 3,646 4,252 3,894 5,583 3,832 4,288 6,005 5,225
    311   1,082     407     625 1,381       635    647    340    390    592    400    920    504    439    478    469
28,040 30,652 33,281 32,828 33,426 39,181 31,883 25,299 20,400 20,243 24,302 21,313 30,060 21,054 26,933 39,316
    847 1,885 2,114 3,513 3,301 2,001            1,568 1,784     702    932 4,179 1,781 1,792 2,145 1 ,482 1,566
 19,700 19,394 17,729 20,307 22,433 21,672 17,199 15,125 11,936 14,116 15,440 18,515 14,390 16,066 16,935 12,359
|
 167,624 128,645 104,041 108.910 16,605 107,394 86,057 76,950 61,881 59,809 67,399 68,425 73,015 67,903 72,308 71,106
                                                                                                                                                        |




121,170 30,042 34,899 42,226 49,648 45,554 29,778 33,969 26,581 28,647 33,167 39,949 36,458 34,032 38,629 31,907
    427 1,482       773     4 46  1,003  1 ,292  1,001    912    970 1,075     382    581    385    445    600    442
    286 1,377
                                             |




                    107     297     188     261
                                             I
                                                   119    210    241    252    340    174    177    140    183    267

    243,979   226,871    198,750   215,170        134,905    225,746       173,087   160,064   127,034       130,485      149,717   157,712   160,730   1   146,617       163,750   i
                                                                                                                                                                                        163,102
                                              |                        ,
