                                                      .......                                                                                                                                                                                                                                    -




                                                                                                                                                                       44

          No. VII.                        ACCOUNT Continued, — of the Quantity, and Declared Value of each kind of IRON, and of STEEI., Ex-
  ported from Great Britain, to each of 21 different parts of the World, in each of the 16 Years 1814-29.

 Countries                           Description                                             I                                                                                       QUANTITIES,
      to which                           of                                                  |
                                                                                                                                                        —
 Exported.                               IRON.                            [ Year s'              1814          1815       1816.     1817.        1818.       1819.    1820.       1821.      1822.      1823.        1824.       1825.    1826.       1827.        1828.    1829.            1831.       1831.

                                                                                                   — — 100
                                                                                                                                                                              |




                            f Pig and Old Ton S                                                                                      90                       25       90           74         40                                                      101           60       35
                            j
                                 Bar ......                                         »            352            488       773       793         1,007        520      514          291        251       356          402          444     496         1,587        1,168     877
                                 Bolt    &
                                        Kod                                         »            147            166       158       138          184          39       64          111        48        105          106          135     154          254          162       16
                                 Castings                     .                     it
                                                                                                 320            473       469       404          717         864      637          515       623        638          655          320     718         1,270         992     995
      42
      'n                J        Anchors                      .                     it
                                                                                                  66            157        44        56          171         174        17              1      —         52          303          150     209          172          155      47
                        |
                                 Hoops       . .              .                    a             224            282        90       203          438         142      215          314       249        376          124          191     146          530          444      120
                        j
                                 Wrought                  .                        ii
                                                                                                 342             99        95        65          256         352      203          195       115         80          268         410      595          563          513      367
                                 Nails                                             e              30            150        90       128          384         303      240          147        82        276          530         424      249          279          436      591
                        |




                        1        Wire                                     Cwts                     10            25        15              1       7          77        —           38        26         19          102           14      66             3          _        —
                        LSteel                                                     "
                                                                                         ;




                                                                                                 169             25        32        —            90          49        12          16         6        104          114         460       46           60          115       82
                                TOTAL TONS                                                       1,490         1,817     1,821     2,377        3,160       2,425     1,981       1,651      1,409     1,889        2,398        2,097   2,572        4,769        3,935    3,052        r~
                                                                                                                                                                                                                                                                                         ——
                                                                                                                                                                                                                                                                                         i




                                                                                                                                                                                                                                                                                         i




       f Pig and Old Tom                                                                                                                          98           3                    25             2     43                        43        7                                20
         Bar              145                                                     ii
                                                                                                                 90       119       277          144          82      274         571        1,099      597          577         1,415    755          845         1,616    1,314
         Bolt & Rod   "     2                                                                                    85        15        30         111           20       30           53       145         78           54         205      108           76          130       85
         Castings     a    90                             .                                                      60        38       171         162           63       98          142       141        249          285         696      166          169           99      258
 •2 -a
         Anchors
         Hoops .... a
                      "

                           53
                                                          .
                                                                                                  n —                      18            5      19|           _         n           25        26
                                                                                                                                                                                             176
                                                                                                                                                                                                        216            4          37      130          16!            4       30
                                                                                                                70          5        28          37           22        26          94                   30           26           81      27            19          36       37
            rought    a   67|    W                    ,           .                                            117          9        50           66          26      77J           98       190        188          197         752      457          202          164      117
         N ails           34!                                                  //
                                                                                                                17          3        19           39          22       21 102                117        115           86         151       76           92           73       98
 ° §     Wire       Cwts.  20                                                                                   93        — — —                                        —   10                 28          11          34          34        5           30           —        28
       [.Steel        "   422                                                                                  246         30      141            33          —         23           5         —         79          121         920     1,211         325          340      332

                                TOTAL TONS                                                        416           455       208        587         678         238       537        1,111      1,897     1,520        1,236        3,427   1,786        1,430        2,136    1,977


                    fPig and Old                                          Tons                                                                                                                                                                                                30
                     Bar                                                       a                 134           120       430       176          476         635       693         390        448       375          316          435     773          857          784      1,338
                    |



                                Bolt & Rod                                     "                  10                8      8         — 105                   97        53          65        138        96           78           49      69           87          109       122
                                Castings .                                     a                 696           508       775       1,077        938         1,117     606         524        343       372          532          305     578          649          977      1,102
                                                                                                                                                                       —
                 |




 IS        ^
                 !
                                Anchors               .                        ii
                                                                                                      5          6          7      198           33          10                     6          3         11          10             1        h          11           —       85
                 |
                                Hoops ....                                  387u                               136        62       125          126         151       122          89         76       101          154           99      112         126          276      285
                 |
                                Wrought               .                     540ii
                                                                                                               271       399       365          359         243       329         170        182       230          313          185     215          206          162      146
                                Nails
                !




  s                                                                     a   198                                272       232       439          332         329       340         304        371       381          448          238     319          450          551      443
 $                              Wire                                  Cwts.  65
                                                                                                          !




                                                                                                                72         6         31           —                    —            4         —          15          75           —                      2          25        37
                                                                                                                                                                                                                                           —7
                                                                      i



                                                                                                                                                              ?!
            1
                 LSteel                                                        "
                                                                                                                13        90          3           20           i         3         65         —          41           —            30                   15           2        —
                                                                                         _j|
                            TOTAL TONS                                                   1,973                1,325     1,918     2,381        2,370        2,582    2,143        1,551     1,561      1,569        1,855        1,313   2,066        2,387        2,860    3,553

                 "Pig and Old                                             Tons 295                              40      371       838          610                      6          17         40         60           50          90     383          398          183      143
            |
                            Bar                                               a          6,354                4,365     5,213     7,082        6,533     4,608       6,492    6,421         7,502      9,291        7,769        4,382   6,797        12,260       17,347   11,722
            i
                            Bolt & Rod                                        O              643              1,553     711       785          867          417      694          823        917       1,054        764          432     414          1,027        2,298    1,156
                            Castings                                       1                 190              671       468       633          486          722      452          341        451       1,034        1,269        1,008   1,369        943          402      698
      •
            |
                        Anchors                   .                        It
                                                                                             335              890       527       553          371           93      162          291       173        417          397          313     608          547          397      171
•s         1
^                       Hoops ....                                          271
                                                                           II
                                                                                                              205       143       412          472          250      523          483       655        615          184          184     324          524          428      932
            I

            1
                        Wrought                   .
                                                                            386
                                                                           II
                                                                                                              862       1,316     1,646        1,521        687      659      1,196         1,611      1,672        1,139        1,290   1,703        2,943        2,537    2,562
                            Nails                                       "   219                               193       333       839          682          180       142         137       222        274          279          247     369          428          422      511
            |
            i                   it ire                                Cwts.   3                                                                                                                                                  245      35            83         268       53
           i
                                                                                                               24         21       36            6           40        32          68        79        121           61
                        Steel                                          Tons 140                               272                              355                     55          50        27          9            10          43      38            16           17      22
            i
                                                                                                                        279       125                       217
                        TOTAL TONS                                                       8,833                9,052     9,362     12,914       11,897    7,076       9,186    9,762         11,502     14,432       11:373       8,061   12,008       19,090       24,044   17,919
                                                                                                                                                                                                                j




                        Pig and Old                                       Tons                   —             31         6        2!            H            2         8          10         25         19          34           33      60           55          134       161
                        Bar                                               •               99                  142       269       623          287       524         1,106    638           355        278
                                                                                                                                                                                                                !




                                                                                                                                                                                                                    254          299     682          582          556      972
                        Bolt & Rod                                        »              26!                   43        50        56                                          70            59         73           70           93     144           86           70       66
                                                                                                                                                64        43          87
j                       Castings                                          a               75                   58                                                                                                                106      86           63           63       72
                                                                                                 — — 40                                                                                       53        80          111
                                                                                                                                                                                                                                                                                                     1


                                                                                                                                   27           69        45          87       70
                        Anchors
~e
•3                      Hcops ....
                                              .                           U

                                                                                                  5 37
                                                                                                       u
                                                                                                       16
                                                                                                                                    10
                                                                                                                                   24
                                                                                                                                                  3          12       15
                                                                                                                                                                               65
                                                                                                                                                                                   21         29
                                                                                                                                                                                              38
                                                                                                                                                                                                        10
                                                                                                                                                                                                         60
                                                                                                                                                                                                                      5
                                                                                                                                                                                                                     22
                                                                                                                                                                                                                                  20
                                                                                                                                                                                                                                  21
                                                                                                                                                                                                                                          16
                                                                                                                                                                                                                                          52
                                                                                                                                                                                                                                                      19!
                                                                                                                                                                                                                                                       33
                                                                                                                                                                                                                                                                    53
                                                                                                                                                                                                                                                                    62
                                                                                                                                                                                                                                                                             66
                                                                                                                                                                                                                                                                             43
                                                                          If
                                                                                                                                                38           91       50                                                                                                             !




                        Wrought               .                           "              139                   95        72        62           96           87      100      108             65         78         131          129     116          149          183      220
Cr*
                        Nails                                                              8                   51        35        48           43                    25       63             51         42          51           58      47           63           73       90
                                                                                                                                                             35
                        W ire                                     Cwts.                           h            24        56         16          41       10f                   44             8|        H           io!           14      —            10           15       30
                        steel                                             "                      40            87        78                     66                            143             57        34           67           72                  112          171      120
                                                                                                                                   78                        51       95
                                                                                                                                                                                                                                         J2                                                      |

                    TOTAL TONS                                                               355      1       462       495        856          606         842      1,483    1,052          678        642          682     1    762    1,207
                                                                                                                                                                                                                                                  j




                                                                                                                                                                                                                                                  1
                                                                                                                                                                                                                                                      1,065    1   1,193    1,697
