                                          ..           ....                   1




                                                                                                                                                         40

     No. V.                       ACCOUNT Continued, — of the Quantity, and Declared Value of eac Kind of IRON, and of STEEL, Ex                                                                            i

ported from Great Britain, to each of 21 different parts of the World, in each of the 16 Years 1814-29.

Countries                      Description                                                                                                                     QUANTITIES.
 to which                          of
Exported.                                                              s 1814.          1815.    1816.    1817.     1818.          1819.         1820.    1821.           1822.           1823.   1
                                                                                                                                                                                                      1824.          1825.         1826.   ,     1827.         .     1828.        1829.     .   1830.   1831.

                                                                       s      11                            8*      121                     .
                                                                                                                                                   10          39             53            11          15              16           35          165           •      25                5
 g      .            I    Bar                                                240        344       526      470      730               726        1,223        864         1,078           979         1,151          1,432         1,603        1,734          l    1,558        2,324
‘S                   j
                          Bolt & Bod                                         659        1,461    1,918    1,366     953            1,023         1,619    1,533            965           1,935        816             814          2,143        1,676          t    1,244         1,777
 s h                      Castings                                           248        227       128       75       64               151          89          79          124            151         105             109          108           102                  90             71
                                                                                                                                                                              —
                                                                                    i




                                                                                                            —
                                                                                                                                                                                                                                                               !
                     |



^ ^ J Anchors                                          .                     201          6J       2f                86                14           9           9                          10          65              30            6            30           i

                                                                                                                                                                                                                                                                      22              10
                         Hoops                 ....                          632        1,426     854      673      919               560        1,093    1,310           1,277           832         719            1,001         1,617         941                 827         1,093

                     i
                         w rought                      .                     761        152       218      133      208               246         161      221             210            195         221             207          261           226                 165          215
I I                  I
                         Nails                                               88         122       200      139      124               136         168      142             104            203          81             262            84           72                  63           78
                                                                            215         224       186       83      115               213         170      137             142             93         157             156          131           124                  81           82
                                                                                          —
                                                                       .



                     L_Steel                                                 83                    47       21       28                62          72        3                13           20           55             13            7*                               25           42
                         TOTAL TONS                                         2,684       3,749    3,858    2,869    3,212           2,870         4,384    4,204           3,819          4,321        3,183          3,679        5,864         4,854               3,999        6,579


                                                                      s                            33                                              11         —                            —                8          15                            8                _                 5
                         Bar                                                278         102      281      668      841                459        589      482                   7         318         648            858           522          215                 317           578
                         Bolt & Rod                                         32|          95      247      161       93                 48        139       12              69               5          90              9            22            H                  30            66
                         Castings                  .                        934         417      409       52       32                133          8*     21|              69             13*         50*              91           31            25                  21          125
                         Anchors                                             28            1       4      10$        —    .                         6       6              35              19          77              48          24             5*                 3$           143
                         Hoops ....                                         447         530      714      578      831             788           584      233             605             180         278            401          594           725                 830          1,222
da","
                         Wrought                                            491         206      120      149      107             210            83       68             204              93         221            115          138            97                 113           188
                         N ails                                              95         127      14*      361      12|              36            23          10           10             14*          60              9            3            6|                 10*           12$
                         Wire                                 Civts,        629         444       85      177      286             362           318      150             335             189         400            213          209           160                 197           180
                         Steel                                               75          30        4       19        12             20             — —                     66              25          53             23                         —                   -             20
                         TOTAL TONS
                                                                      s
                                                                           — — —— —— — —— — —
                                                                           2,337    1,501       1,826    1,665     1,931           1,693         1,459        8-10        1,018


                                                                                                                                                                            10
                                                                                                                                                                                          653

                                                                                                                                                                                           —
                                                                                                                                                                                                   1,436


                                                                                                                                                                                                       28
                                                                                                                                                                                                                     1,557        1,311


                                                                                                                                                                                                                                    — 280 250 —
                                                                                                                                                                                                                                               1,099               1,335        2,350



                         Bar                                                510         433      316      455      840             277           749 538 769 535                                      515            400          715           488                 510          224
                         Bolt & Rod                                          57          45       41       77       67             109            75  28  43  91 142                                                  84           79            67                  22                4
                         Castings                  .                         63           5       16       22       13              25            33  39  24  42  34                                                  21           22            53                  30           22
                         Anchors                   .                         46            1      4*       5*       1|                8*           3  13  47  56  45                                                  36          106            79                  29           49
                "j       Hoops             .   .   .                        155         299      332      268      383             496           415 659 713 287 606                                                 447          506           931                 400          116                          j




                j
                         Wrought                   ..                       111          34       55       53       26              72            54  50  55  65  83                                                 133           65            93                  72            18                         1




                |
                         Nails                                               15          24       23       11       13              49            31  22  35  58  37                                                  30           39            31                  22           31
                         Wire                                 Cwts,         111          40       50       85      168               9             9 120 270  83 129                                      41          95                        180                  86          240
                ^Steel                                                      100          —         2       46        2               6            77   2  25  10                                      — — —                                      26                  — —
                         TOTAL TONS                                          967        843       790      898    1,352           1,033         1,363    1,355           1,710          1,138     1,495             1,161        1,534         2,032               1,339          473


                                                                                     20                             30                                     —                              —                           15                          3                463          975
            I            Bar                                               1,266    944         586      1,898    6,855           2,350         4,985    3,419           5,909          6,559     2,923             4,813        6,654         5,375               5,040        8,662
                         Bolt & Rod                                        237      602         596      818      1,589           553           1,998    934             1,495          1,863     729               1,156        1,594         1,419               1,316        1,356

                         Castings                                          22        12           4        10       16             41             16       81             32             36        43                 8           35            53  54 395
            ,




        J Anchors
                                                                                        —         1*       13       25             20              5       6              13             27            4             5$           39            68  77  22
            |
             Hoops                        . . .                  400                222          66        88     274             142           305      292             419            414       200               421          468           469 804 808
            (Wrought                               ..            590                282         145      141      311             249           247      274             344            335       210               168          368           593 664 514
                         Nails                             Cwts. 69                     16       —         64     169             276            41            3          61        1   1,513      35     —          50                          4  34  28
                                                                                                                                                                                                                                                                                                   1




            |



            |
                         Wire                                               —           60       22        80      10             '60            —         71             63             86           — — —                                     52  51  60
            LSteel                                                           20          2        4        10       40             50             76      62              60            138       174                19            19          144  29 179
                                                                                                                                                                          —                                                                                                      —         _
                         TOTAL TONS                                        2,519    2,086       1,400    2,975    9,111           3,374         7,562    5,013       !
                                                                                                                                                                      8,221         1   9,320    4,115          5,590
                                                                                                                                                                                                                (            !   9,159
                                                                                                                                                                                                                                          ’
                                                                                                                                                                                                                                           7,990           1
                                                                                                                                                                                                                                                               8,42.3       l   2,747
                                                                                                                              .




                         Pig and Old                          Tons                                                                                                                                                                             480                  90                                    f




                         Bar                                               549      648 229 419 1,631 654                                       502      289          1,282             131           47            356          520           983                 461          878                       1



                         Bolt & Rod                                        259      188  67   8 227 138                                           77       34            162              22          —              20          109            48                  67           91

                                                                                                                                                           —4 —8                                                                                62
                         Castings                                           4*        2  27   3     5                                             20                                      14           1             15           8*                                8*          118
                                                                            n —                                     —                                                                                 —
                                                                                                        *
                         Anchors                                                          4  14        15                                         14                                       3                           1          23            44                   4             1
                         Hcops            .                                152       68   6   5   80    5                                          4      18             125              70           8             84           31            71                  34           96
                         W rought                                          235
                                                                             —
                                                                                    143 28$  7$   37   47                                         57       8              39              61          39             33           43
                                                                                                                                                                                                                                  — 41
                                                                                                                                                                                                                                                65                  45           32
                         Nails                                Cwts.                 129  10  13   90   58                                         60     134             183              17          46               3                                            90           24
                         Wire
                                  .   .

                                                                                     27                    —                          1 —                                                 12           5               3
                                                                                                                                                                                                                                                                                                   |




                                                                                                  —                                   1   —                                                                                       - — — —
                                                                               '
                                  .   .                                                             1

                         Steel    .                                                                                                                                         2                                        26
                                      .

                                                                                                                                  1
                         TOTAL TONS                                        1,216    1,047         362      445    1,982               862        677      359            1,625           302           97            511          736     1
                                                                                                                                                                                                                                           1,716
                                                                                                                                                                                                                                                       |
                                                                                                                                                                                                                                                                   710 1 1,217
                                                                                                                                                                                                                                                                                            n          “1
