                                                                                                                                                                                                                       7




                                                                                                                                41

          t * T/. e
           #
                                                                                                                          In 1814, the Value averaged £ 12 I2i. V Ton; In 1S29, less than £c lo.s.
                                mon Striking feature of this part of the Account, is the progressive increase of Bar Iron to Italy.
         pf„   .   great inequality in the Value of the Wrought Iron, is appaenl in this Statement, for instance, 491 Tons to Spain, its 1814, averaged about £ 45 1? Ton ; whilst 590 Tons to Italy,
in the same            Year, is It low i'Tl l*' Ton.

                                                                                                                            VALUES.
         1SU       .              1815.         1816.       1817.            1818.            1819.         1820.   1821.       1822.           1823.   182-1.       1825.    1826.       1827.             1828.              1829.           1830.
                                                                                                                                                                                             £
        102                   86    605            60    249    272     55                                                                                 75    137    248    708    106     25
      3,032 3,599 4,845 4,076 7,958 8,058 11,406 7,200 8,132         7,420                                                                              9,609 17,193 14,386 14,320 11,979 15,100
      7,888 17,480 19,991 12,887 11,144 12,337 17,120 14,071  8,468 16,268                                                                              5,832 10,264 21,657 14,471 11,603 12,897
      3,940 4,094   1,753  1,194    964 1,802 1,300 1,234 1,848 1,971                                                                                   1,602 1,648 1,848 1,498 1,411      1,119
        874    189     97         3,393    519    287    409           310                                                                              2,794 1,072     166    619    574    373
     10,842 22,796 11,514 8,732 12,807   8,271 13,555 14,420 12,941  8,803                                                                              8,297 14,789 20,938 10,856 9,070 10,210                                                        !




     19,748 6,921   5,824 3,677 5,475 6,260 3,788 4,753 4,217 4,560                                                                                     3,789 4,369 4,712 3,103 3,062 3,057
      4,119 5,722   7,110 5,143 5,126 5,237 7,386 4,718 3,134 3,744                                                                                     2,584 2,037 3,055 2,325 1,963 1,912                                                            j




        790    829    547 3,499     301    493    297    281    343    174                                                                                365    307    253    279    149    167
        240           114     33     49    182    100      8     43     50                                                                                171     26     25     38     74    101                                                       1




    51,575 61,630 51,795 36,228 47,822 43,159 55,299 47,343 39,399 43,355 35,118 51,842 67,288 48,211 40,051 44,961
                                                                                                                                                                                                                                                       1




                                                  170                                                         100                                           90          90            1      30                                   20
        3,393                    1,149          2,773       6,488 8,825 4,916                               5,293   4,340             54        2,707   5,817 10,504          4,918       1,732             2,670              4,054
          477                    1,200          2,974       1,388 1,027     537                             1,281     125            729           42     849    118            221            106               263             530
        13,251                   6.809          6,495         878    448 1,982                                152     301            787         210      093 1,499             628            437               328           2,347
           487 40                                 228         451            25                               220     260       1,211            639    1,809 1,495             758            154               112           3,953
     7,688 8,080                                9,672       7,373 11,788 10,901                             7,707   2,610       6,474           2,217   3,566 6,037           8,122       8,655             8,811 11,831
    22,170 15,742                               5,857       5,964 3,824 6,164                               2,581   2,955       5,493           2,616   5,190 3,104           2,985       2,105             2,510 3,861
     4,700 5.809                                 705        1,244    605 1 ,243                               091     314         330             398   1,205    257             98            202               362                394
        1,997                    1,254           325         588                 676             823          077    300             620          356     768          419      3<j 6          275               343                308
           164                         60         24          64                                  50                                 231           62     105           48                                                           35

    54,339 40,143 29,223                                >4,438 27,115 20,701 18,202 11,211 15,937                                               9,247 20,092 23,781 18,087 13,690 15,399 27,333
                                                                                                                                            [




                                                                                                                                   60                     131           36           1,260                  1,000
        6,522                    4,973          3,028       4,434           9,081            3,132          0,790   4,557       6,202           4,298   4,301        4,636    6,853 4,338                   3,977              1,646
          867                         609         433         747             775            1   ,278         721     274         408             792   1,392          966      821    010                       193               8
           967                         78        283         314              181                409          433     513         314             575     575          299      300    728                       485                236
        1,752                          39        180          175                 80           145             75     454       1,302           1,528   1,213        1,095    2,858 2,560                        774            1,228
        2,450           !
                                 4,182          4,209       3,338           4,970            0,869          4,883   7,307       7,459           3,115   6,522        0,344    6,237 10,511                  4,551               1,165
        6,739           i        2,708          3,000       2,734           1,714            3,659          2,107   1,843       1,010           2,117   2,231        3,525    1,473 2,500                   2,036                   610
           749                   1,136            783         421                503         1   ,494       1,170     665         921           1,310   1,086          977    1,178    9G 2                      589                913

                                  —                                                                                                                     — — —                                                                      —
                                                                    |




:

           342          |
                                   175            230        244                 441              27           21     251            502          141     252          178       97    318                       144                381
           172                                      4         70                     7             8          112           6         80           30                                   83                   •




        20,560 13,900 12,156 12,483 17,815                                                   17,021     16,372 15,870 18,910 13,906 17,703 18,056 19,817 23,870 13,749                                                         6,187

            200                                                    180                                              75            15 1,935 O,
Il 5,984 11,029             !
                                                5,946   17,576 74,541 25,943 46,973 28,280 44,351 49,333 24,414 58,831 59,397 45,496 38.837 55,187
        3,227                    7,457          0,094    8,218 18,781  0,042 20,353 8,554 12,325 15,640 0,542 15,063 15,622 13,526 11,245 10,166

                                  —
                            [




           350                        208         109       197    289   028    213 1,303     574    494    939    152    462    899    872 3,963
j




(
                                                  60        477    775   071    195    245    588 1,040      17    213 1,299 2,042 2,148       595                                                                             •




         6,379                   4,690           935     1 ,225  3,630 1,896 3,557 3,070 4,244 4,201      2,142 6,970 5,693 5,617 8,400 7,652
        12,808                   6,384          3,611    2,705 0,549 5,175 4,901 4,479 4,990 4,700 3,520 3,430 6,264 8.488 8,936 7,200                                                                                                                     i




    |       245                     OU
                                    •in                     i on   *MO
                                                                   -in  t
                                                                         191     05            •70   737     39     70            12            ‘iO
                                      210          50       220     23   120           138     90    150                          87     90     75                                                                                                         1




    |
                   40                   2           6         39    88    99    170    1-24   103    308    300     49     40    344    132    670

    139,133 30,210 16,811 30,777                                            10.1,096     41,365 70,493 40,810 67,401 76,003 37,913 84,861 88,777 76,526 72,704 88,816

                                                                                                                                                                                          >2   i (52
                                                                                                                                                                                                                 •!jn
                                                                                                                                                                                                                 0*111

         7,148
         4,059
            64
                                 7,604
                                 2,587
                                    47
                                            j




                                            !
                                                2,239
                                                  769
                                                  325
                                                            4,092 17,882
                                                               85 2,575
                                                               43    171
                                                                                             6,951
                                                                                             1 ,673

                                                                                                 14
                                                                                                            4,667
                                                                                                              807
                                                                                                              215
                                                                                                                    2,440
                                                                                                                      305
                                                                                                                       54
                                                                                                                                9,233
                                                                                                                                1   ,333
                                                                                                                                      94
                                                                                                                                                  979
                                                                                                                                                  186
                                                                                                                                                  220
                                                                                                                                                        — 370

                                                                                                                                                            16
                                                                                                                                                                     3,923
                                                                                                                                                                       284
                                                                                                                                                                       230
                                                                                                                                                                              4,670
                                                                                                                                                                              1,015
                                                                                                                                                                                 109
                                                                                                                                                                                          8 J 09
                                                                                                                                                                                               441
                                                                                                                                                                                               827
                                                                                                                                                                                                            3,592
                                                                                                                                                                                                                 550
                                                                                                                                                                                                                 151       1
                                                                                                                                                                                                                                   5,768
                                                                                                                                                                                                                                    680
                                                                                                                                                                                                                                   1,028
           164                                                                                   440                                              100                   40                       n
                                                                                                                                                                                               lJu
                                                                                                                                                                                               i   i
                                                                                                                                                                                                                   1
                                                                                                                                                                                                                                     on
         2,550                     ,064           105          79                ,226             05           60     210       1,241             740       80       1,165       388           765            371                   991

          —                                                                                                                                                                    —
                                  1                                          1                                                                                                                                                             i




         6,621                    2,6 55    l
                                                  733         406                931          1,163         2,095     302            013          848   1,456          690    1,017       1    ,874         1,186                   761
                                      297          21          33                105               96         100     229            233           26       52           4                         60         112                    28    i




                                      112                                            ~                                                             25       10
                                                                                                                                        0
                                                                                                                                        “                                00                                                |




                                                                                                                                                                 !




        20,006 14,307                           4,292   I   4,822 1*22,892 10,302        1
                                                                                                        '
                                                                                                            8,010   3,540 12,748                3,130   1.990        6,402    7,808 14,348              |
                                                                                                                                                                                                            6,319          |
                                                                                                                                                                                                                                   9,283
