                                    .                    .                                                         —




                                                                                                                                                                                      38

                    No. V.              An ACCOUNT of the Quantity, and Declared Value of each kind of IRON, and of STEEL, EXPORTED from
      Great Britain, to each of 21 different parts of the World, in each of the 16 Years 1814- 1829.
                          Description
                                                                                                                                                                                                    QUANTITIES.
       Countries

                                    of
                                                             [ Years
                                                                               “*   1814.      1815.           1816.             1817.                                         1820.               1821.          1822.         1823.         1824.            1825.         1826.        1827.
                                                                                                                                                     1818.         1819.                                                                                                                                   1828.     1829.           1830
                                                                                                                                                |              |
                                                                                                                                                                                              |                                                                                                       |



                                                                               s                 10                50              41                  78            30         20                   44                          18            14               15            15           39              156       189
                        Bar                                           a                2         —                     1                4              60—                                           54 \          25            25                             17            30          138              1,101     518
                        Bolt & Rod                                    "               16                                                1              — — 132J
                                                                                                                                                            —                             \


                                                                                                                                                                                                      64    ;
                                                                                                                                                                                                                   134    ;
                                                                                                                                                                                                                                 25            29
                                                                                                                                                                                                                                                     i!



                                                                                                                                                                                                                                                                33            44           62               62       121
    EUROPE.
                        Castings                     .       .        »               26         20                    8                5              24            58         71                   42            26            10            10               22            18          101               33        41
                        Anchors                      .       .        //              —                  ;
                                                                                                                                   —                    2              H        40                   15            65             84    i       &              122            13           12               22        21
                        Hoops ....                                    n               13             7                                                                          93                   26           102           121           112              104           164          132              254       289
    of                  V Tought                     .       .        a              311         76                23              65                  58           28          83                   89            35            30            75              254           105          158              103       302
                        Nails ....                               Cu                               6                 4                  2               21              3       125                   17            79            30            53               62           192           75              145        81
    North
                        Wire            ....                          ,i
                                                                                      90        114                51                  2               30          214         324                 308            124            —            219               73            79          261              229       193
                        Steel           ....                          a              106         35                45             60                   57           52          46                  30             84           229           239              262           363          458              323       325
                        Total       TONS                                            378        121i                87]             119               227f          134         463|                2944          2801          2504          2714              587           420          681             1,766     1,511


                                                                               s     —                                                                                          15                  — —                         20            56                10                  l     125               21       202
                                                                                                                                                                                                                                                                                                                                 *




                        Bar                                           ,/               81        12           102                987                 559           168         598                 454           634           620           547               195          769          1,370            1,552     2,956
                        Bolt & Rod                                    a                         22             35                179                 157            95          90                 128           162           286           177               132          380          429               447      490
                        Castings                             .       u                23        10             25                 35                  30            34          35                  27            20            24            24               522          175          112               147      168
                                                                                                                                                                                                    —
                                                 .


                        A nchors                 .           .       «               —           4i
                                                                                                                   —                    £               7           —           —                                  10             94          40                29           23           20                39       49
  GERMANY.
                       Hoops ....                                    n
                                                                                       H         13                11             37                  58            16         102                  75            97   89                     92               128          197          253               263      418
                       Wrought..                                     //
                                                                                    139         36                 63             97                 126           108         129                 191           204  235  286                                 330          494          571               612      909
                        Nails           ....                         a
                                                                                           ?         1              3£              n                 224                       n2                  16|           454  344  41                                  57           83           40               111       70
                       Wire .... Cwt,                                                           12              2                 10                  74            27         220                 210           531  658 631                                  331          654          492              1,180
                       .Steel           ....                                        147         27            113                 20                  12            16          31                  —             34   55   18                                 313          426          417               585
                                                                                                                                                                                                                                                                                                                    1,003
                                                                                                                                                                                                                                                                                                                    535
                        Total   TONS                                                 187        100$               245         1,346                  963$          428*        993                 901f 1,220$                1,353         1,295         1   ,405         2,175$ 2,965                  3,280     5,339

                       fPig&Old                                                !                                                 87                   H4            45          40                  32             27          290           203                52            81         332               983     1,585
                                                                                                                                                                                                                                                                                                                                                i


                       Bar                                                          340        165            335               700   712                          601     J   ,138               1,285         1,291         2,016         1,428              749          1,674       2,903             2,625    3,687
                       Bolt & Rod
                                                                                                                                                                                                                                                                                                                             1




                                                                                     96        101            185                80    87                          158          44                  47             88          176            94                 1           75            59               39      145
                       Castings
                       Anchors
                                                 .                                   34         19
                                                                                                —              14                18    23                           33
                                                                                                                                                                    —
                                                                                                                                                                                41                  28
                                                                                                                                                                                                    —               H           25            37            45              123          107               126      248
                                                 .                                   15                         4                   i  36                                       10                                 14           35             124          48               77          118               114       101
 HOLLAND.


                   )
                       Hoops ....                                                   238        155            391               161   261                          288         557                359  998                    1,147          700           588              1,188        980              1,074     1,148
                       Wrought                   .                                  122         33            107                84    20                           59         115                134  169                     407           475           128              385          671              508       649
                   j




                       Nails    .                                Cwt       ,
                                                                                     85         —                  40           330                   —            1004        180                280f 260                      80           280            84               33          409               46       101
                   {



                   I
                       Wire         .                                                —           H                  H            10    57                          235         124                169  250                     260           587           456              447          642              941      1,280
                   ISteel                                                           140         10                 n                    3                            7          12                  4   15                      92           143           430              349          940              1,090     960
                        Total   TONS                                                 856       475           1,038                              1,153          1,201       1,969              1,908$ 1,821 J 4,118$ 3,000                                 1,739            3,676        5,658     |
                                                                                                                                                                                                                                                                                                          5,616    7,776
                                                                                                                                                                                                                                                                       |




                       Pig & Old Tons                                                                        560        411  492
                                                                                                                               1,204                                        707                   598            940            99            81               77           154
                       Bar                                       //
                                                                                     91         —            178   306  268  369                                            336                   312            156           334           391           245              466
                       Bolt & Rod                                a
                                                                                     71          9            24    90   27   53                                             28                    82             33            98            44                84           284
                       Castings
                       Anchors
                                             .           .       n

                                                                 *
                                                                                      n —13J                  18 h  J0£   64 299
                                                                                                                                 —
                                                                                                                                                                               13                  49             36            39            75               34            28
                                             .       .
                                                                                       £                                  6    5                                                                    104            1\           89            11               18            40
FLANDERS.



                   |
                       Hoops ....                                /
                                                                                     31          6            21    35   51   72                                            135                    93             To            81            52               37             6                       #
                                                                                                                                                                                                                                                                                                            free i\ote to

                       Wrought                                   a                   38         18            33    69 645    77                                             47                    36             31            28            65               68            82
                       Nails        .   Cwts.
                                        .
                                                                                     20         24            50    12                               —                        8                    —             65              2             5
                                                                                                                                                                                                                                                                                           con esponding Page.
                       Wire         ....                         ,/
                                                                                      4         65            11          6  100   1                                         94                    51           149            111           120          208               180
                   LSteel                                        a                  269         43           100    12   57   93                                             24                    64           390           320           657           560               561
                        Total   TONS                                                254         53            842              1,716            1,417$ 1,376               1,272              1,186$ 1,308$                    789$          758               625f         841$
                                                                                                                       $|


                       Pig & Old Tons 26                                                        51           269               820                  940            194     1,439          3,051             3,351          4,006            903          1,064             3,802        2,669         2,181        3,952
                       Bar        n   575                                                       86           1,096             11,567           8,677          5,191       7,530              11,259        2,516             2,344         1,394         1,481            2,620        1,706         2,053        2,093
                       Bolt & Rod a
                       Castings   u
                                       34
                                      335
                                                                                                 n 160                           76
                                                                                                                                 93
                                                                                                                                                     52
                                                                                                                                                     99
                                                                                                                                                                    43       26  169                             75             71          157
                                                                                                                                                                                                                                                          290
                                                                                                                                                                                                                                                                3           128
                                                                                                                                                                                                                                                                            209
                                                                                                                                                                                                                                                                                         48
                                                                                                                                                                                                                                                                                        266
                                                                                                                                                                                                                                                                                                           91       98
                                                                                                                                                                                                                                                                                                                   104
                                             .       .
                                                                                                                                                                   127      300  132                            402           375           139                                                           387
                       Ancho s               .       .           n                   —           6
                                                                                                     £
                                                                                                                    54
                                                                                                                           I




                                                                                                                                 25                  632            16        84  27
                                                                                                                                                                                      I




                                                                                                                                                                                                                  31            2            55            22                65          49                95      142
FRANCE.


                   j
                       Hcops ....                              340
                                                                 h
                                                                                                 31            io4|              19                 194            347      503  364                            238           118           435           110              417          296               503      735
                       Wrought                                 568
                                                                 n                              81                                                   69                                                                                                                                 304
                   I




                   \
                       Nails        .    .               Cwts. 118                              —              224I
                                                                                                             180           I
                                                                                                                                 79
                                                                                                                                 —                  120
                                                                                                                                                                    74
                                                                                                                                                                    60
                                                                                                                                                                             41
                                                                                                                                                                             11
                                                                                                                                                                                  64
                                                                                                                                                                                  24
                                                                                                                                                                                                                160
                                                                                                                                                                                                                 66
                                                                                                                                                                                                                               88
                                                                                                                                                                                                                                12            — 41
                                                                                                                                                                                                                                             96
                                                                                                                                                                                                                                                —
                                                                                                                                                                                                                                                                           302
                                                                                                                                                                                                                                                                            28          200
                                                                                                                                                                                                                                                                                                          157
                                                                                                                                                                                                                                                                                                           20
                                                                                                                                                                                                                                                                                                                   196
                                                                                                                                                                                                                                                                                                                     —
                   |
                       Wire         ....                         „                   41        117             -
                                                                                                                                28                   10             35        5   76                            107            111            23               53           94           101              238      232
                   I^Steel          ....                         n                  461        436           121               544              1,069              182     2,180              1,635             2,285         2,221         3,579         1,984            1,693        2,156         2,628        2,666

                        Total   TONS                                               1,609       262           1,589         1   12,707       |       10,151$|   6,006       9,954                  15,I52|       6,895         7,121 13,259                3,112            7,633f 5,460               5,611        7,464                    i
