                                                                                          5!

r the four Years 1814- 17, see Parliamentary Payer, No. 300, Session 1825 ; and  for the nine years 1818-26; see No. 553, Session 1828, in the Session of 1829, another Account was
lto Parliament , Payer No. 314, but in this Payer, the return is    made
                                                                       under two        Heads
                                                                                          only, instead of under seven Heads , as in the two former ; which discrepancy will ac-
 the seeming great increase oj Printed,and   White, or Plain Calicoes, in the two latter Years, and for the other articles not being continued beyond 1826. Another discrepancy
             Account , Viz. The seeming decrease in the Export of Muslins, and the more costly kind of Fabrics, but this discrepancy doubtless arises from the Clerks of the
itself in this
taking the Official Rate of Valuation, as their guide for the Classification of the several description of Goods . There was no Exportation to the United States of North America
n account of the War then prevailing.


       Cape of   New Sout      United State                       Mexico,
                                                                                          Foreign      British           British     East Indies,        British
                                                                                                                                                                      TOTAL
                                                   Brazils          and                                                                                              Number oj
                                                                                    |

     Good Hop       Wales     North A meric                    South Americ i           West Indies North America i    West Indies    and China           Isles            Yards

     78,136         1,300             2,857.384 1,365,101                       1       4,752,973    6,294,289 17,005,592      82,638                   233,638     58,928,174
     31,846        10,291 19,207,928 4,974,469  1,880,907                               2,543,234     1,825,891 11,107,114    239,027                   205,305     66,669,930
    158,254         5,147 12,175,975 4,771,176    791,668                                1,791,294   1,167,990 4,888,853      252,560                   222,448     50,251,102
    122,708           557 7,916,935 6,967,003 2,423,925                                 2,439,297       372,412 10,342,702    938,680                   265,514     63,525,555
    166,424         1,390 12,525,008 8,515,322 2,335,566                                2,510,101       924,744 6,235,395 2,271,314                     270,496     68,390,415
    203,456       22,501 10,491,071 8,707,527 1,886,399                                 1 ,958,236   1,910,128 4,087,898 1,877,196                      450,193     72,716,867
    339,870       67,392 9,042,450 9,531,496 3,509,176                                  2,158,258    1,043,697 3,807,675 3,977,948                      340,701     80,580,005
    508,429       84,427 15,529,946 8,836,727 4,687,732                                 2,342,941       677,124 3,864,894 5,802,653                     465,188     92,125,424
    231,011      121,602 13,774,292 8,692,339 10,187,513                                2,195,747    1,333,381   5,244,357 5,661,808                    462,143    114,135,811
    1,107,111     57,650 13,130,258 19,030,838 12,028,983                               3,552,260    1,817,218 6,210,758 9,981,366                      413,456    120,139,335
    473,417      220,509 14,086,397 16,011,626 23,280,412                               4,729,942    1,735,071 7,607,699 10,954,049                     419,178    138,722,783
    403,387      311,798 10,993,998 19,511,803 21,796,351                               3,561,010    1,991,281   5,276,414 11,230,100                   364,322    129,836,060
    505,925      451,347 8,898,791 13,729,291   9,366,283                               1,996,998    1,440,502 4,910,781 11,889,702                     324,286    109,606,677
    919,564      636,554 17,526,489 21,316,375 16,509,513                               5,274,484    2,758,056 1 1,676,324 28,204,234                   310,984    183,949,186
    1,231,165    768,878 10,359,707 33,155,443 18,189,480                               4,813,752    4,300,522 9,400,506 31,278,607                     363,872    189,475,956

                                                                                                     9,184,135 12,738,778    589,467                 191,891        C1-i
                                                                                                                                                                    t/O,   070   1 HQ
                                                                                                                                                                            t y, lot?

    271,638       26,270 32,549,408 7,911,892 2,989,979                                 4,686,461    5,682*849 17,818,067    839,666                 280,495       124,916,205
    312,865       15,163 16,922,239 7,959,670     932,002                               4,379,401    1,988,142 10,480,942    968,903                 201,784        90,392,886
    498,570        2,365 18,896,855 8,935,050 2,892,880                                 8,700,079    1,072,756 23,567,535 2,782,670                  258,971       115,099,715
    422,104        3,867 23,476,609 14,766,938 2,444,674                                7,475,166    2,096,644 19,003,962 4,159,878                  278,058       132,369,832
    311,549       23,542 6,814,647 4,605,068      998,510                               4,971,179    2,098,502 10,796,695 3,699,877                  276,745        86,501,648
    597,807       82,809 12,746,531 7,471,051   3,504,491                               5,319,595    1,798,236 12,813,229 7,543,685                  220,222       120,281,259
    685,242       97,976 20,379,511 8,937,333 4,062,981                                 8,857,610    1,665,641 17,369,783 9,875,100                  244,673       128,919,681
    530,241      169,768 21,303,258 6,311,177 6,465,201                                 7,266,706    2,453,253 11,762,310 8,918,483                  173,569       139,734,107
    595,234      114,037 21,737,623 11,943,253 7,941,505                                8,884,573    2,917,218 13,802 866 9,422,576                  138,248       136,977,404
    1,378,138    225,878 25,583,264 16,674,089 16,964,732                               9,799,823    3,333,897 14,861,484 9,513,221                  266,850       162,414,188
    490,833      317,666 32,563,803 19,867,169 17,843,057                               8,298,067    3,509,922 17,126,998 8,687,975                  326,240       167,091,855
    269,870      490,116 20,255,264 10,335,237 6,229,328                                4,467,092    2,942,139 10,619,530 9,999,232                  449,828       118,399,739
    828,992      469,403 35,330,320 15,879,947 1 ,993,365       1                       8,793,548    3,858,756 15,053,772 11,515,970                 372,461       181,543,618
    1,122,181    457,079 25,840,720 29,942,569 14,672,150                               8,200,367    4,901,733 11,695,544 12,489,898                 484,620       173,852,475

    128,255                                    2,282,801          856,961                 452,821    1,624,292        1,303,107        130,770           6.279     28,193,993
     48,509       14,673 13,703,082            2,819,577          933,235               1,148,506    1,038,856        5,616,113        250,372          27,267     45,363,766
    116,810        2,723 5,495,417             2,799,574          319,079                 844,912      344,715        3,595,874        462,051          10,477     35,460,257

                     —
                                                                                                                                                    .




    134,474          468 4,759,192             3,856,945          575,931               1,725,931      175,265        5,195,381      1,529,344          10,236     45,262,305
    149,672               3,761,153            3,513,531          500,039               1,153,040      303,894        3,209,431      2,343,067          51,229     38,699,434
    155,800        2,452 1,807,141             1,465,816          325,266               1,032,441      272,691        1 ,625,230     1,536,864          47,185     30,413,570
    214,300       25,529 1,988,816             1,573,656          419,555                 964,105      229,404        1,721,222      2,746,803          15,531     33,092,481
    143,695       33,727 2,721,016             1,212,441          750,070               1,223,711      236,407        3,828,990      4,116,483          11,526     31,786,267
     98,357       25,814 2,379,996             1,352,036          834,472               1,050,232     436,954         2,005,389      6,050,831          12,423     37,104,720
    216,155       21,445 1,027,414             1,691,300        1,338,807               1,106,495     411,801         2,841,358      3,769,555           5,490     31,672,563
    152,326       54,838 1,387,051             1,491,592        1,326,395                 907,133     435,234         2,642,836      3,504,466           5,109     30,684,761
     91,559       25,182 1,356,002             1,087,553        1 113,837                 992,257     494,643         2,966,461      2,982,797           2,168     27,035,705
     87,437       29,478    698,368              811,372          331,530                 403,591     390,735         2,405,720      4,116,899             419     27,927,288

     49,079                                      144,506              78,046              60,784      107,001          809,116          8,128            2,109     10,073,271
     17,342        5,874      1,629,115          116,874              80,924              63,552      164,679          728,936          6,976            1,978     11,850,033
     48,153        5,342        837,468          289,436             143,767              42,317      199,511          218,845          9,020            3,115      9,486,882
     69,175           652       332,240          207,042             168,547             123,293       45,643          488,734         60,323            9,823     10,873,311
     54,199                     435,366          381,808             124,703              84,532       56,907          404,330         56,047            3,585     12,279,922
     45,821        2,505        215,566           42,963              55,048             146,683       20,546          158,287         12,224            1,684     10,768,906
     43,365        7,212        369,217           83.554             113,202             147,909       66,643          242,551         45,100            2,176     14,942,551
    139,838       14,032        290,418          117,883             136,174             116,187       41,297          410,277         66,102            4,319     10,825,173
     31,832       38,669        156,088           52,250             127,915              90,000       59,233          317,687         97,638            2,605     10,786,021
     70,105       12,496         57,295            7,435             134,409              60,895       40,258          173,096         76,135              480      9,950,231
     72,295       21,076        176,299           14,211             146,609             111,574       35,397          320,440         56,593              803      8,282,283
     62,845        5,727        236,300           13,826             164,939              24,767       47,760           95,022         68,832              163      7,564.608
     61,634       32,280        185,630           23,082              81,031              10,819       20,080 J         85,040         35,000            1,518      7,472,585
