                                            ..                                                                 —                                 d




                                                                                                                                                     46

       No. VIII.                ACCOUNT Concluded, — of the Quantity, and Declared Value of each kind of IRON, and of STEEL,
 Exported from Great Britain, to each of 21 different parts of the World, in each of the 16 Years 1814 - 29                                                                                                                                                                .




 Countries            Description                                                                                                                              QUANTITIES.
  to which                 of
 Exported.             IRON.                     lYears 1814.               1815.          1816. ( 1817.               1818.        1819.        1820.      1821.       1822.     1823.      1824.              1825.       1826.        1827.             1828.       1829. 1 1830. 1 1831.
                                                                       |

                                                                                                                                                                                                                                     |                j            j

          HPig and Old Tons 3,048 2,542 2,025 2,716 2,371 2,635 2,884 2,902 3,164 3,759 3,277 3,636
           Bar              6,170 8,085 5,415 9,063 9,412 12,267 9,621 16,031 11,222 12,562 12,608 12,649
                                                                                                                                                                                                                               Since 1825 the Commercial intercourse
           Bolt & Rod       998 2,547 2,093 2,049         2,906 2,351 3,270 5,021 3,107 3,195 3,687                                                                                                                          between Great Britain and Ireland has                           ,

           Castings         682 888 919 859 1,319 1,140 1,462 2,050
                                        .                                            1,539 2,433 4,390                                                                                                                       been put on the footing of a Coasting Trade ,
                                                                                                                                                                                                                             and as such no account ( except so far as
         I Anchors            19     9     2     6    14      6     2    l
                                                                           h    'n     4|     12     11                                                                                                                      relates to Grain ) has been kept ; this fact
                                                                                                                                                                                                                            is stated in several other parts of this Work ,
         |
           Hoops ....       340 955 724 965 756 979              1,103 1,204  1,106 1,134 1,327 1,456
                                                                                                                                                                                                                            but it is a truth which cannot he too often
           Wrought          1,947 485 307 490 465 462 379 339 479 924 831 766
                                        .                                                                                                                                                                                   repeated that as there is no analogy in the
                                                                                                                                                                                                                            nature of the intercourse between Great
           Nails              7f    49    16    20    27     43    35    37     32     29     48     56                                                                                                                     Britain and Ireland , and that of from one
           Wire               17    49    37    50    46     45    42    48     40     40     24     16                                                                                                                     Port of Great. Britain to another , the abun-
                                                                                                                                                                                                                            donmtnt of the account is a subject for re-
         ISteel               68    59    42    57 105 168 112 181 241 175 164 233                                                                                                                                          gret. There is no intercourse which deserves
                                                                                                                                                                                                                            to be kept more distinct und complete tha                        t

                                                                                                                                                                                                                            that between Great Britain and Ireland.
                  TOTAL TONS                             13,367            15,668         11,580     16,275        16,406          20,661       17,989     21,063   23,194       23,273     23,919         26,900



         f                                       Tons 3,355                2,708           2,978      6,773        5,419           3,541        5,630      7,386    8,259        11,304      5,370          6,452           6,563        7,096            7,827        8,932
             Old                                   n         71              87            1,057      1,331            605          568         769        599          921           19      44                 72           35           30              108         226
             Bar                                   II    19,071            26,309         26,285     43,373        51,507          36,032       46,469    50,124    44,617       45,699     38,397          38,263          33,253       45.284       51,108           56,178
             Bolt & Rod                           1,     3,565             8,972          7,875      6,660         7,863           6,366        7,937      8,484    10,665       10,596      7,745          8,523           7,164        7,337            7,450        6,476
             Castings               .             II     5,716             6,208          7,307      7,181         7,622           8,410        6,648      6,556    6,698        7,269       9,150          10,334          5,940        6,292            6,206        8,220
             A nchors               .             II     719               1,311           854       1,013         1,159           685          545        561          579      1,149       1,460          1,407           1,680        1,416            1,230        1,254
             Hoops ....                           1,     4,926             6,173          5,415      5,720         7,006           6,198        7,552      7,898    8,947        7,772       7,102          7,112           7,956        8,506            8,808        9,532
             Wrought ..                                  1,401             3,806          4,096      4,128         4,495           3,399        2,847      3,288    3,353        3,785       3,980          3,612           3,538        3,958            4,596        4,528
             Nails                                „      11,304            6,884          6,261      6,028         8,015           7,161        6,064      6,806    8,104        8,686       8,884          8,988           9,568        11,621           11,703    11,673

             Wire                                 u      101               380             141        120          165             218          169        248          358      288         356            219             189          207              311          329
        LSteel                                    »      391       1
                                                                           1,280          959         532          809             663          438        694          785      654         734            767             472          535              917          715

                  TOTAL TONS                            50,619     |
                                                                       64,118             63,228     S2.859        94,665          73,211       85,066    92,641    93,286       97,221     83,212          85,749          76,358   92,232 100,264
                                                                                                                                                                                                                                                  1
                                                                                                                                                                                                                                                                   108,063



                                                                                                                       Transposition of                        TOTALS.
                                                                                                      QUANTITIES, in TONS WEIGHT.
Years            Pig       |
                                        Old                  Bar             I            Bolt            Castings                    Hoops                Nails            Anchors    1    Wire                 Wrought                    Steel               Hardwares           I
                                                                                                                                                                                                                                                                                         TOTAL
1814             3,355             71                    19,071                       3,565                5,716                     4,926                1,401                 719          101                  11,304                   391                      6,163                 56,782
  15             2,708             87                   26,309                        8,972                6,208                     6,173                3,806             1,311           380                    6,884                 1,280                     15,472                 79,590
  16             2,978          1,057                   26,285                        7,875                7,307                     5,415                4,096                 854         141                       6,261                959                     13,914                 77,142
  17             6,773          1,331                   43,373                        6,660                7,181                     5,720                4,128             1,013           120                   6,028                    532                      8,190                 91,049
  18             5,419                      605         51,507                        7,863                7,622                     7,006                4,495             1,159           165                   8,015                    809                     11.057                105,722
  19             3,541                      568         36,032                        6,366                8,410                     6,198                3,399                 685         218                   7,161                    663                      8,699                 81,940
1820          5,630                         769         46,469                        7,937                6,648                     7,552                2,847                 545         169                   6,064                    438                      6,697                 91,763
   1          7,386                         599         50,124                        8,484                6,556                     7,898                3,288                 561         248                   6,806                    694                      9,037                101,678
   2          8,259                         921         44,617                       10,665                6,698                     8,947                3,353                 579         358                   8,104                    785                     10,467                103,753
   3         11,304                          19         45,699                       10,596                7,269                     7,772                3,785             1,149           288                   8,686                    654                     10,376                107,597
   4          5,370                          44         38,387                        7,745                9,150                     7,102                3,980             1,460           356                   8,884                    734                     12,286                 95,498
   5          6,452                          72         38,263                        8,523               10,334                     7,112                3,612             1,407           219                   8,988                    767                     12,567                 98,316
   6          6,563                          35         33,253                        7,164                5,940                     7,956                3,538             1,680           189                   9,568                    472                      9,627                 85,985
   7          7,096                          30         45,284                        7,337                6,292                     8,506                3,958             1,416           207                  11,621                    535                     12,443                104,725
   8          7,827                         108         51,108                        7,450           I    6,206                     8,808                4,596             1,230           311                  11,703                    917                     12,100                112,364
   9          8,932                         226         56,178                        6,476                8,220                     9,532                4,528             1,254           329                  11,673                    715                     13,029                121,092
1830
                                                                                                      I

   1
   2
   3

                 £1                 £1                       £10                          £ 10                 £10                       £15               £35               £40           £40                    £ 55 £28 10       £ 55
        — £— s— d— -£— s — — --£—s—d— ~£--s — d — --£ s—d — — £— s— — —£—s—d -£-s-d-
                                                                                                                               1




                                                 rf                              •
                                                                                                                                                                                                       d-       -£-s-d— -£- s—d— —£—s.—d.— --£-«.— d .-
 1814        6 12      8        7           7     3     13    9     8                14    0     8        17       2    5           17      1    1        43 7 1            36 16 3        76 9 11               45 18 8             41 17                8    167 13           1       38 6         8
   15        7    1    8        8 13              3     U 14           3             13 8        3        17 5 1                    1 C 14 3              38 17 11          34 2 8         88 12 5               50 4 5              42 18                8    151 18           8       45 12        3
   16        5 19      4        7 19              3     9   9       8                10 12       3        17 7 1                    13 10 6               36 19 3           35 18 0        68 11 LI:             46 9 11             44 1                 3    142 16           3       39 19        1

   17        5  8 0             6 4 0                    9 9        3                 9 19       3        16 12 5                   13 10 10              31  1  6          33 7 1         54 13 1               47 16 5             43 15                6    146 5            3       26       8   8
   18        5 19 10            6 10 7                  10 17       3                11 18       8        16 3 6                    14 7 3                33 7 1            33 4 8         55 i 11 :             38 8 0              38 4                 0    155 13           8       30  3 11
   19        6 14 4             8 2 3                   10 16       5                12 1        8        14 18 0                   15 5 1                35 9 8            31 8 3         41 16 5               36 4 10             38 13 3                   151 7            3       30  3 6
 1820        5 19 2             8 8 10                  9 13        4                10 9        1        15 18 10                  13 0 3                33 6 0            33 10 3        41 10 8               35 8 0              46 17 6                   141 11           3       22 13 3
    1        5 4 0              7 12 0                   8 13          1              9    8     3        14 1 11                   11 8 10               30 19 6           37 10 3        40 17 11:
                                                                                                                                                                                                                 33 2 8              44 0 5                    136 19           1       23 5 6
    2        4 14 6             6 18 10                  7 1 11                       8 15       1        14 9 8                    10 8 5                27 18 0           35 19 3        36 12 8               26 10 8             41 19 3                   127 10           8       23       111
    3        4 12 3             5 11              5i     7 16 1                       8 11 3              14 6 5                    10 16 0               26 5 1            32 6 8         38 14 3               24    11
                                                                                                                                                                                                                        1            42 16 10                  121 17           3       21 14        8
    4        5 12 10            6           1     8      8 14 3                       9 8 10              14 11 6                   11      9    6        27 12 5           29 19 1        39 13 8               26 14 3             43 3 3                    118 7            6       25 12        0
    5        8 14 3             7           4     8     11 15 a                      12 10 3              16 0           8          14 18 11              35 14 3           34 5 8         43 16 0               31 7 8              46 17 6                   131 15 6                 29 19        6
    6        6 3 3              5 18              2      9 15 11                     10 2 3               18 2           8          12 13 6               31   3    3       33 2 8         33 5 8                27 0 3              50 0 0                    121 8 10                 26       8 10
             5 2 3              5           6     0      8 19 6                       9    7     6        16 18          0          11 16 3               28 12 5           32 11 1        36 0 8                27 15 11            48 15 6                   111 18 10                25       3   8
    8        4 18      5        5           8     3      8 3 11                       9  0 5              17       8     3          10 18 5               27 1 11           28 8 0         31 10       8         24 0 3              46 1                 1    114 10 3                 23       4   5
    9        4    9    3        2           6     3      6 18 8                       7 10 10             16       7     1           9 13 3               26 1 3            26 11 6        31 6        8         22 1 1              48 13                6    106 12 10                21       1   6
 1830
    1

    2
    3                                                                                                                          1                                        1                                   1
