                                                                                                       50

      AN ACCOUNT of the Number of Yards of White, or Plain Calicoes; of Printed Calicoes; of White, or Plain Muslins; and of
Fustians, Velverets, Velvets, and Jeans,               EX PORTED from GREAT BRITAIN, to each of Twenty-two different parts of the World,
in each of the Fifteen                   Years 1814-28, shewing the Official rate of Valuation of each description of Goods, and the Total Number of
Yards, of each kind, in each Year.
                                              Sweden                                                                 Portugal,       Spain,                     Malta,       '


                                                                                                                                                                                  Turkey,    <




                                                                   Germ ™y                  Fiance                                   and the
              Years           Russia
                                          Zz?i\
                                         and Prussia.    1
                                                                              Netherlands                   Italy     Maderia,
                                                                                                                    tf the Azores   Canaries
                                                                                                                                                 Gibralter      and the
                                                                                                                                                              Ionian Isles
                                                                                                                                                                                  and the
                                                                                                                                                                                  Levant


                            1,119,397          5,355,899
                                             1,790,605                        3,982,896      338,965  3,066,025 3,370,920           1,999,768   3,889,002       889,172
      f 1814                                                                                                                                                                        91,301
                15            237,819          6,004,445
                                             1,070,640                        3,986,213     21,813    4,081,033 3,861,657           515,181     2,776,921     1,323,577            193,359
                16            554,952 310,394  6,265,485                      3,900,923     44,026    3,133,439 4,408,250           542,140     2,882,868     1,173,773            232,526
                17          3,643,937 666,468  6,972,748                      2,362,831     16,690    8,678,117 3,450,139            45,245     1,826,698     2,102,165            359,575
                18          4,374,088 442,971  7,656,746                      2,055,522     25,592 10,840,344 3,799,841              57,549     1,127,804     1,130,077            979,910
                19          3,149,381 346,041  6,372,143                      3,630,438     11,680 16,237,233 6,348,370              89,110     2,833,434     1,298,039            384,641
              1820          5,409,467 576,538  9,936,033                      3,293,527       2,581 12,739,090 6,562,030            465,260     5,134,574     1,903,015            608,456
                    1       3,559,860 358,194 10,468,318                      2,840,496       1,857 12,110,576 13,795,087           520,067     3,977,012     1,028,007            425,595
                   2          539,804 353,103 11,106,646                      3,382,211       1,200 24,779,001 14,714,005           1,318,006   7,694,506     1,054,919          1,048,566
                   3          908,720 416,948 10,773,776                      4,743,886       4,608 15,624,791 11,710,119           1,039,337   3,969,004     1,335,436          2,005,631
                   4          992,566 382,645  7,889,562                      3,747,555     32,180 18,422,819 13,884,697            323,104     8,691,777     1,221,896          3,276,916
                   5        1,545,740 389,429  9,158,584                      4,081,679     36,216 16,616,932 11,989,771            369,537     5,551,996       887,887          3,578,575
                                              10,842,120                      3,830,701     340,186 18,059,567 11,144,257           454,294     5,391,733     1,448,844
                   6          917,580 242,918                                                                                                                                    3,242,092
                                                                              6,038,894      192,374 17,930,290 15,747,660          460,140
                   7        2,944,635 390,954 14,251.631                                                                                        9,221,816     2,393,227          8,923,539
                   8        1,946,683 346,474 15,431,602                      5,046,463     56,700 20,926,141 13,075,811            474,986     9,763,381     3,411,697          4,542,819

      ''1814                                 5,006,008           1,2365,497   8,137,120     388,337   7,193,305 6, 358,337          6,714,344   5, 1 33,252   2,312,551    368,296
                               98,737
                              167,150        3,921,384           16,163,393   9,661,731     102,465   4,466,800 6,205,113           749,793     4,945,617     4,377,603    607,233
                15
                16            121,199        1,658,387           16,902,678   7,602,416     68,591    4,453,689 5,724,806           998,508     5,168,037     2,406,373    623,584
                17            151,615        2,937,872           21,424,537   4,537,991     26,121    7,089,757 4,998,651           311,051     3,123,986     1,262,320 1,007,525
                18            163,567        2,986,696           22,388,453   5,755,386     11,045   12,188,776 4,674,454           222,815     2,450,413     2,302,160 4,662,346
                19             99,535        2,440,099           19,398,683   6,743,238      8,886   10,043,529 3,729,404           261,900     4,249,487     1,382,202 3,308,920
                            1,769,813        4,074,891           24,572,169   7,731,633      4,673    9,064,859 7,193,549           1,211,884   7,215,626     1,149,948 3,879,916
              1820
                              607,947        1,778,444           18,713,505   7,117,817      5,895    6,619,046 9,997,556           1,121,993   6,423,996       851,796 2,920,758
                   1
                   2          146,145    2,07 1,845              18,806,150   8,560,401      4,165   13,945,144 10,751,442          934,130      12,992,209     906,321 4,482,467
                   3           33,115        921,001             14,218,938    10,077,406       538 10,060,747 6,863,143            712,976     8,368,702     1,531,361 5,293,803
                   4          ? 1,628        553,559             17,211,862   6,890,576     64,322 12,831,302 9,085,547             931,763     9,215,704       598,053 6,658,165
                   5           48,071        561,254             19,031,130   7,346,199     47,192    9,102,022 7,543,536           803,259     7,076,792       667,623 5,008,482
                   6           51,702        290,177             18,337,367   6,658,578     48,573    8,669,544 6,696,386           707,698     6,068,510       852,442 3,430,850
                   7        1,313,873        179,896             29,424,057   7,695,551      172,726 10,183,248 10,499,000          518,947     7,981,075       98“ .894 4,269,971
                   8          555,584        297,411             24,070,038   8,231,158     22,496 11,896,545 6,044,823             538,440     8,744,559     1,161,684 1,048,157

              1814          1,151,434        2,213,992            4,027,518   4,340,084     238,590    2,738,142    2,008,087       1,496,041 1,768,336 1,225,941   149,080
                15            121,605        1,429,186            4,203,898   4,694,431     69,225     2,067,799    2,421,793       245,594 1,102,303 3,070,667     229,791
                  16          623,491        753,291              5,575,376   3,200,730     81,060     2,790,203    1,925,271       193,832 2,157,243 3,210,700     820,719
                  17        2,391,638        1,225,708            6,892,287   2,666,261     95,058     4,581,096    1,571,241        96,314 2,089,495 3,129,566 2,358,685
                  18        3,979,889        764,089              6,733,794   2,499,117     31,647     3,028,063    1,356,288        76,644 1,017,082 1,576,343 2,609,174
                  19        1,772,466        681,554              5,843,194   3,447,285     19,419     3,311,625    1,671,504        97,670 1,377,792 1,176,564 2,656,057
              1820          4,344,993        711,419              5,531,745   2,498,333      6,748     2,331,940    1,387,375       296,492 1,526,182 1,134,642 3,333,821
                   1    1
                            1,846,283        548,703              4,985,854   2,609,618      6,047     2,043,798    1,840,880       122,565 1 ,680,350    376,547 1,365,967
                   2        1,03-5,771       626,159              5,570,072   3,417,926     10,942     3,885,025    1,418,715       156,990 1,568,304     866,568 4,208,410
                   3        1,154,272        496,084              4,946,177   2,378,134      3,145     1,588,581    1,235,555       122,363 1,193,331     900,502 5,167,549
                   4        1,137,682        274,976              5,308,985   2,457,849     17,543     1,407,619    1,891,595       197,181 1,687,247     370,289 3,566,406
                   5        1,317,263        290,691              4,898,253   2,361,120     26,788       822,294    1,008,573       400,522 1,052,842     288,435 3,336,931
                   6        2,092,452        141,914              5,063,011   1,958,045     18,534       708,884    1,067,040       440,158 1 ,477,866    611,712 4,973,869

      fl814                       625        381,577              2,790,528   1,168,842     14,731     1,276,538       436,450 1,184,349 897,594                 77,661            20,852
         15                     5,399        410,735              3,190,183   1,680,056        670     1,117,667       314,826 148,792 1,270,949                127,203            15,538
 "2
         16                    18,703        264,605              3,909,877   1,160,526         31       575,963       560,759  99,128   536,523                 95,408            16,252
                   17          63,652        482,632              5,187,305     766,428      4,273     1,618,023       195,567 114,836   385,768                 75,879            54,065
                              580,829        311,723              5,198,250   1.128,455      6,678     2,922,455       159,397  60,048   108,600                 58,152           139,894
 <>
      1



              1
                   19
                  820
                              509,079
                            1,666,674
                              29)5,304
                                             256,224
                                             885,663
                                             196,019
                                                                  5,462,043
                                                                  7,479,403
                                                                  6,168,620
                                                                                967,830
                                                                                629,639
                                                                                794,596
                                                                                              —
                                                                                             4,324

                                                                                               350
                                                                                                       2,062,731
                                                                                                       2,025,900
                                                                                                       1,292,761
                                                                                                                       123,564 375,575
                                                                                                                       345,324 180,772
                                                                                                                       388,779   15,979
                                                                                                                                         220,692
                                                                                                                                         543,273
                                                                                                                                         280,276
                                                                                                                                                                 36,783
                                                                                                                                                                 47,844
                                                                                                                                                                  2,329
                                                                                                                                                                                   38,205
                                                                                                                                                                                   10,653
                                                                                                                                                                                   44,539
[*                  2         215,566        146,916              5,957,054     764,062       —        1,898,203       359,307   14,587  357,830                 44,036            50,000

                                                                                              —
                                                         1
      !



                    3         885,840        135,120              5,895,845     768,364           14     958,859       279,376   18,256  284,917                 28,799            59,275
                    4         481,878         89,081              4,370,337     702,015                  681,072       429,699   91,307  416,237                 18,249            44,935
                                         j


 £        l




                    5         419,076         54,496              4,000,907     692,399      5,846       559,870       388,349 191,444   217,407                 24,742            82,883
          1




                    6         875,453    1    37,312              4,235,441     448,054      1,710       645,604       349,374 136,174   171,162                 20,869            15,118
                                                             |
          l
