       '                                                                              »




                                                                                                                         63

                   Of all the results exhibited in this Volume, that of the excess of the Value of Exports, over the Value of Imports, is certainly the most interesting and impor-
tant, the amount of the Bills drawn on the Treasury, and the various departments of Government during the War, arc sufficient to account for the equalization of
the Values up to the period of 1815 inclusive ; from which period it will be seen by the conclusion of the preceding and the following Statements, that the equaliza-
tion has been obtained, by a progressive depreciation in the Value of Exports, Absentee Expenditure, Loans to Foreign States, Sfc., fie., as more fully exemplified
in the general exhibition of the Amounts of Importation from, and Exports to, each different part of the World ; much stress having been laid on the assumed con-
traction of the Circulating Medium, the exhibition below has been introduced to shew the probability of that contraction having followed the depreciation in the
Value of Produce, rather than that the depreciation was occasioned by the contraction of the Currency, in short that it has resulted as an effect.

                      1821.             1822.        1823.                       1824.                18*25.            1826.         1827.               18*28.                         1829        |
                                                                                                                                                                                                           1830.        1831.
                                                                                                                                                                       (


                       -£                 £                                                                                                                                                £         |      .£            £
                    21,639,493         24,566,920   24,117,549           27,170,108                  26,598,872        21,445,743    29,203,139          28,989,976                     31,810,409        35,395,401   33,082,476         1
 1
 2 1,898,095 2,353,217 2,425,419                                     2,984,329 2,897,706 3,748,527 3,979,760 4,485,841 5,458,958 5,655,570 5,674,600
                                                                                                                                                                           !


                                                                                                                                                                                                                                         2
 3 5,500,922 5,943,013 5,539,789                                     0,150,937 5,925,574 5,041,568 5,979,701 5,720,079 5,361,998 5,551,644 6,107,979                       i
                                                                                                                                                                                                                                         3
 4 2,303,443 2,594,783 2,654,098                                     3,283,403 2,709,767 *2,056,553 2,808,08*2 3,118,270 2,856,564 3 101,031 3,662,946                                                                                   4
                                                                                                                                     435,046
                                                                                                                                                                           j




     130,402   141,008   140,321                                       159,648   150,834   106,648    173,335    178,871   2*20,436            469,077                                                                                   5
 6    21,205    22,796    21,227                                        26,282    30,512    33,833     62,216     44,2*24   39,989    46,449    44,487                                                                                   6
 7   197,276   194,942   205,321                                       189,457   215,090   153,977    146,484    166,312   165,975   171,870   135,911                                                                                   7
 8    13,107    13,963    13,179                                        12 615    21,414    13,802     13,002     16,964    13,850    13,880    14,646                                                                                   8

 9 1,059,123 1,140,480 1,203,872 1,125,6*26                                                      1   ,106,576                  1,581,414 1,687,366
                                                                                                                      1,3*29,569                                       1
                                                                                                                                                                                       1,745,246 1,867,063 1,979,416                     9
10   455,194   534,901   527,227   604,045                                                           629,958           563,148   713,525   710,595                                       765,757   802,022   967,794                    10
11   672,496   611,801   557,914   540,213                                                           405,249           524,6*26  776,895   675,538                                       860,315   997,379   959,971                    11
12   104,291   129,089    94,659   131,483                                                           119,518           159,692   180,768   151,309                                       121,261   111,052    79,458                    12
13   183,100   1 94,606  229,129   253,656                                                           205,5*28          241,017   299,799   263,983                                       232,242   247,618   228,116                    13
                                                                                                                                                                       J




14   168,099   148,450   117,447    16,397                                   1                        90,260           107,652   141,094   105,565                                        72,184    78,1*27   71,784                    14
     223,171   241,454   216,684   235,778                                                           265,864           298,069   314,203   30*2,220                    |
                                                                                                                                                                                         312,855   435,591   435,009                    15
10   207,022   236,107   209,393   2*29,101                                                          277,992           202,343   245,918   295,647                     i
                                                                                                                                                                                         349,543   345,415   3*28,049                   16
17     5,013      8,454    7,585      7,303                                                            4,089             3,064     3,301     *2,302                    !
                                                                                                                                                                                           2,925     5,691    12,213                    17

18                    42,735            29,838       28,838                      29,230               2*2,137            20,536       29,022              23,406                         27,546            34,312       21,482          18
1 !)                  84,477            79,041       97,534                      97,030               73,486             59,556       57,646              41,314                         57,284            62,378       55,994          19
*20                   03,694            68,175       65,957                      48,136               49,343             45,449       55,505              61,707                         59,858            54,447       47,212          20
21                    39,557            48,678       57,702                      33,660               12,901              5,391        5,550               8,979                          6,788             6,980        6,641          21
                                                                                                                                                                                                           50,107       46,635          2*2
22     ‘
                      53,103            64,420       64,877                      56,423               62,677             55,091       53,831              67,250                         64,636
23                    20,228            25,874       29,573                      14,692               11,699             19,363       27,578              13,932                         12,489            12,855       12,787          23
24.                   26,614            55,554       21,557                       3,1*22               1,808              6,298        8,883              5*2,031          j
                                                                                                                                                                                          6,243             8,945       17,597          24
25     j
                       7,253             7,630            7, 101                  7,162                6,078              5,535         6,261               5,611                         8,404             5,364        6,197          25
                                                                                                                                                          Sundries.                        21,232             21,970      17,710
                114,992    126,980
                     123,829          142,442  133,161    91,810    102,116                                                                               94,155                         9*2,421           96,571       94,620          26
20]
27         1      91,222
                      78,373!»_>. (Ml  93,128   95,1 85   78,9*231   91,711                                                                               99,753                         96,928            93,188       97,409          27
38               136,001   143,822
                     121,565          131,326  1*28,768  111,409    146,109                                                                              137,414                        128,207           1*25,180     116,726          28
                                                                                                                                                                           J




29                   199,409
                 176,400   203,807    197,737 220,321    153,164    168,004                                                                              181,703                        175,616           194,401      188,245          29
                                                                                                                                                                           j



30                         262,274
                     196,760
                208,191               195,527 178,430    178,612    187,25*2                                                                             241,989                        184,136           *276,958     190,686          30
21                    50,879
                  21,265    29,564     11,297     8,455     9,112    16,434                                                                               52,769                         63,211            34,841       15,291          31
                                                                                                                                                                                                                         4,520          3*2
32                    35,899
                  28,201    15,227     30,992   13,744    17,167     20,103                                                                               3*2,4*26                       23,065            24,644
33                         167,524
                     130,061
                 116,040              153,105  177,077   131,430    223,598                                                                              234,036                        199,378           237,523      2*29,618         33
                                                                                                                                                                                                                                        34
                                                                                                                                                                           j




34                44,500
                      52,81774,002     98,444  100,7*28   68,618     63,013                                                                               56,943                         47,800            37,656     38,685
35                   141,727
                  90,245    75,432     59,030   51,493    58,174     42,089                                                                               58,099                         89,186             15,185    32,488            35
36       ,150      1,379       1,559    2,507     1 ,629    1,627      1,582                                                                                1,957                          1,757             2,376     1,785            36

                                                                                   — — — —
                        1


37 1,765,037     949,450 1,125,789 1,058,811   895,778   917,131 1,117,330                                                                           1   ,229,503                      1,294,773         1,652,210 1,638.678            37
                                                                                                                                                                                                                     153,7*29           *38
38        781         438         224                                                                                                                       Wool.
                                                                                                                                                                               I
                                                                                                                                                                                          70,2*29          125,989
39    390,307 1 ,009,559 1,101,815 1,179,377 1,297,480 1,188,5*21 1,192,558                                                                          1   ,*289,09*2                    1,215,308         1,099,997   958,991            39
                  31 ,225   33,982     32,095   30,353    18,482     17,0*25                                                                               17,041                         1 0,242           15,691    17,395            48
 .•    .         237,214   213,422    311,716  375,182   383,0*20   261,686                                                                              242,978                        270,608            245,498   459,579            49
                                                                                                                                                                               j


                  17,870     17,3*27   17,502    15,542    1*2,020    15,642                                                                              15,860                         15 192             1*2,911    6,932            50
    1,773,983    768,815   745, 084   805,162  849,962   066,946    743,286                                                                              854,135                        050,590            683,615   678,552

                     40,194,893        43,558,489   43,144,400               48,030,037              46,468,281         40,332,854   51,270,448          52,029,151                     55,455,723        60,492,637   60,090,124
                                                                                             j



                        636,852           678,044      059,907                  705,515                 697,739            032,882      942,832             708,301                        747,319           648,227      693,810
                     10,602,090         9,211,928    8,588,996               10,188,596               9,155,395         10,060,503    9,800,248           9,928,055                     10,000,441         8,535,786   10,729,943
                         27,599            15,661       14,909                   16,189                  14,189              9,7S4       24,481              17,891                         15,962            14,651       15,129

                     51,461 ,434       53,464,122   52,408,278               58,940,337              66,335,604         51,042,023   62,050,009          02,744,001                     06,835,445        69,991,301   71,429,009
                     30,792,764        30,530,663   35,798,707               37,552,935              44,137,482         37,086,113   44,887,775          45,028,805                     43,981,317        46,215,242   49,713,889
                                                                                                                                                                                                                                    |



                     20,068,670        22,933,459   16,009,571               21,387,402              12,198,122         13,355,910   17, 10.*, 231       17,715,190                     22,854,128        23,746.059   21,715,110



                                                                                                                                                                                                          20,494,850   19,070,824
                     20,443,320        18,326,430   19,582,348               20,293,326              19,290,570         22,251,600   21,512,480          21,039,860                     19,651,507
                                                                                                                                                          10,121,4*6                     8,130,327         7,600,000    7,400,000
               !      8,256,180         8,416,830    8,821,074               11,141,422              14,731,168          9,570,100    9,985,300
               j      9,520,760         5,356,787      759,748                4,005,075               4,580,919          5,890,461    2,512,637            1,277,784                     2,271,158
                      8,090,801        17,611,561   22,908,348               23.728,096              27,797,171         32,374,090   38,270,551          40,783,188                     42,000,972        44,332,130

                                                                                                                                                                                           594,326           569,158      579,016
               !        691,335           608,067         681,881                 723,926               790,870           678,815       582,098             001,801                !



                                                                                                                                                                                                                          215,739
               !        199,225           194,534         196,044                 217,845               218,070           202,830       212,039             221,458             ]
                                                                                                                                                                                           223,040
                                                                                                                                                                                                             220 008      222,821
               |




               1
                        221,930


                      1821.        I
                                          211,638


                                         1822.        1
                                                          223,034


                                                          823.
                                                                     1




                                                                     !
                                                                         V——      228,084


                                                                                 1821.
                                                                                         J
                                                                                                        282,506


                                                                                                       1825
                                                                                                                  |
                                                                                                                          219,629


                                                                                                                         11326.
                                                                                                                                       ^
                                                                                                                                       1827.
                                                                                                                                                            245,038


                                                                                                                                                           1828.
                                                                                                                                                                               j




                                                                                                                                                                               1
                                                                                                                                                                                           227,973


                                                                                                                                                                                         1029.             1830.        1831.
