                                                          GRAIN                              MEAL                           WINES
                                              Wheat                        •
                                                                               32/      8/9 ctf Cwt          Canary                      £31   Of Tun
                                              Barley                           17/      7/6     ,            Cape - - -                    31 0
                      The annexed are the                                      12/      3/9     »            Rhenish -                     28 10
                        Official Rates of.                                     14/                          Port                           25 0
                        Valuation, of         Peas,                            21/       —                  French - -                     22 10
                                              Rye                              28/      7/6     ,           Madeira - -                    21  0
                                                                               10/      3/0     .           all other - -


   1821.        1822.             1823.         1824.        1825.                   1826.          1827.           1828.                   18*29.        1830.                           •
                           |

                                                                                                                        £                      £            £          -1|          jfc


   14,501        21,459            21,188       14,731     19,522     21,798     22,467    15,595    21,544     13,490    24,464                                        [



   25,099        10,718            24,183        9,728       7,256    12,301     21,865    19,571    31,1 13    20,559    16,682
   59,369        52,119            57,590       54,797     56,036     69,158     66,260    58,336    55,654     56,254    66,186
   20,572       24,136             24,039       23,310     34,828     88,783     67,695    68,214    63,686     67,290    67,837
   24,950       22,713            34,999        32,578       9,645    32,600     41,121    28,327    18,923     21,502    40,326
  584,948     541,855           475,053        629,894   572,316    330,392    451,087   651,647   412,827    375,153  542,200
   83,965      119,050           114,809       115,706   210,564    105,648    135,796   309,802   152,118    365,046  551,093
   91,382      116,921           122,092       127,523     91,323   116,178    139,107   126,255     57,340   122,084   108,181
   36,201       92,934                 79      110,177   380,097      38,284   176,652     53,689  127,181    401,414    62,857
  104,548       70,359           136,894       112,562   121,832    139,591      88,110  136,934     99,743     81,322  147,688
   75,515       36,652            38,388         35,435    33,046     70,008     57,610    66,978    91,801   100,797    87,747
   39,559       24,423             18,083        56,454    87,175     42,132     82,127    84,465    27,668     77,746   63,194  1




 132,425       142,910          169,606        212,284   296,419    229,160    259,669   221,160   223,737    206,000  316,798       i




    9,092       30,964            16,992        74,563    61,078      75,915     65,763    55,400    48,864    68,427    52,060  i




   34,455       16,166            30,977        40,751    30,535      14,5-36    23,879    26,523   23,227     39,362    42,021
 271,518      255,348           259,839       272,279   336,109     242,709    314,094   410,696   389,909    342,977  424,406   1




    8,810       13,495              9,951         7,984    10,771      4,116     10,074    10,414     7,491     10,862     8,363
   18,472       21,403            19,367        30,159    30,869      18,243     19,100    26,517    11,861     14,193   15,189  i




 157,567      197,022           349,413       296,355   246,709     199,534    236,789   341,211  269,663    224,827   198,582   i




 660,716      828,731           849,550       704,000 1,180,205    866,974 1,249,801 1,029,126 11,145,489 1,076,967 1,062,235
   44,058       51,546            59,912        80,579  105,250      49,214     56,174     56,668   57,745     56,997    64,161  !




 123,525        89,012            94,744      109,574   142,484    127,837     106,927    80,597    84,414     49,621    84,537
   50,806       51,781            45,101        46,959    49,983     47,706     43,422    59,381    63,220     46,278    47,512
 285,551      318,260           376,778       413,996   503,736    367,313    330,079   321,523   332,795    320,514   357,214
   42,368       23,447            32,682        44,536    75,622     58,555     50,781    45,089    38,504     26,243    33,220
   56,117       75,106           62,987         72,234  101,635      87,788     70,999    71,143    79,860     78,521    88,107
 213,853      329,116           328,322       200,788   371,576    242,469    308,645   231,223   204,963    278,187   305,248
   72,511       93,105          141,521       186,109   140,486      81,315   144,782   150,085    130,164    119,745  158,540
   27,437       24,665            33,713        21,561    27,937     19,528     38,068    43,780    55,169     35,036    34,254
 594,493      675,962           748,151       724,808 1,178,930    786,440    867,545 1,015,531   789,680    719,421   752,284
 671,754      695,725           678,524       762,735 1,436,831    478,419    883,785   913,190   678,195    881,354   929,856

     —
 134,178

     — —
              229,325
                 1,907
                                317,242
                                    5,930
                                              336,374
                                                40,595
                                                        326,130
                                                          35,288
                                                                   142,565
                                                                     40,091
                                                                              181,543
                                                                                39,100
                                                                                        161,526
                                                                                          59,329
                                                                                                  165,581
                                                                                                    25,289
                                                                                                             100,247
                                                                                                               24,448
                                                                                                                         95,046
                                                                                                                         31,550

     —           i ,369       26,061
                                              *21,971
                                                71,618
                                                        *42,764
                                                          62,943
                                                                   170,399
                                                                     27,840
                                                                              379,665
                                                                                42,660
                                                                                        545,681
                                                                                          56,884
                                                                                                  424,690
                                                                                                    55,716
                                                                                                             409,725
                                                                                                               68,589
                                                                                                                       446,402
                                                                                                                         89,172

     — —
    7,921

   28,834
                 7,031

             20,935
                               5,176
                               5,565
                              10,689
                                                  8,412
                                                10,682
                                                36,593
                                                            7,454
                                                          92,459
                                                          25,735
                                                                       3,062
                                                                     13,701
                                                                     25,658
                                                                                  2,848
                                                                                32,456
                                                                                15,298
                                                                                            6,105
                                                                                          37,195
                                                                                          20,831
                                                                                                    29,418
                                                                                                    22,629
                                                                                                    38,235
                                                                                                               31,806
                                                                                                                 9,912
                                                                                                               48,779
                                                                                                                         28,296
                                                                                                                         18,400
                                                                                                                        37,676
                                                                                                                             !




  102,490    63,853           66,493            74,410   85,411      99,068     94,296  126,531   179,946    213,459   164,760
                                                                                                                             i




   19,204    23,523           32,756            33,050   41,355      22,965     31,407    34,865    37,183     41,158    30,136
   71,130   125,246          256,832          459,933   577,793    241,984    299,986   225,688   210,952    221,380   191,032
1,055,333 1,065,634        1,403,837        1,669,495 1,982,643 1,682,449 1,875,157 2,087,334 1,973,522 2,010,112 1,982,067
                                                                                                            j




29,724,174   29,432,376        34,591,264    36,146,448   42,589,678           36,038,951     43,467,747        43,396,527               42,311,649   44,815,398            48,161,661
 1,068,590    1,098,287         1,207,443     1,406,487    1,547,804            1,647,162      1,420,028         1,632,278                1,669,668    1,429,844             1,558,8*8

30,792,764   30,530,663        35,798,707    37,552,935   44,137,482           37,686,113     44,887,775        45,028,805               43.981,317   45,245,242            49,713,889
10,602,090    9,211,928         8,588,996    10,188,596    9,155,395           10,066,503      9,806,248         9,928,655               10,606,441    8,535,786            10,789,943

20,190,674   21,318,735        27,209,711   27,364,339    34,982,087           27,619,610     35,081,527        35,100,150               33,384,876   37,709,456        38,983.946
20,004,219   22,239,754        15,934,755   20,665,698    11,486,194           12,713,244     16,194,921                                 22,080,847   22,783,181        21,106,178
                                                                                                                16,921,001

40,194,893   43,558,489        43,144,466   48,030,037    46,468,281           40,332.854     51,276,448                                 55,465,723   60,492,637        60,090,124
                                                                                                                52,029,151
   636,852      678,044           659,907      705,515       697,739              632,882        942,832                                    747,319      648,227           593,810
                                                                                                                  768,304

40,831,745   44,236,533        43,804,373   48,735,552    47,166,020           40,965,736     52,219,280                                 56,213,042   61,140,864       60,683,934
                                                                                                                52,797,455
36,659,631   36,968,964        35,458,049   38,396,301    38,877,388           31,536,723                                                35,830,469   38,251,502       37,163,648
                                                                                              37,182,857        36,814,176


 4,172,114    7,267,569         8,346,324    10,339,251    8,288,632            9,429,013                                     20,382,573              22,889,362   1   23,520.286
                                                                                              15,036,423        15,983,279
    90           83                 80          79             82                   77            72                              64                      62                   61
                                                                                                                   70                                              |




,£74 IS 5    £ 79 15 0         £80 5 10      c£94 3 6      £90 0 8
                                                                       i
                                                                                £79 8 8       <£84 12 10        £ 85 14 0
                                                                                                                             £°-3 15 HJ               £'89 15 4    1
                                                                                                                                                                        £"78 0 10             i




  1823.        1824.                           1825.                                             1828.
                                                                                                                                                          1331
