                              1                                         1




                                                                                                            64
      An ACCO IJ NT of the amount of all the Promissory A otcs\ i'ost liills of the Governor ami Company of the HA A’ A’ of ENC LA AT)
                                                                                                                     ,


m Circulation at the close of Business tin Saturday in every Week during the Seventeen Years 1815—31.                                                        This account is arranged
so,as to shew in a shilling point of view the increase of issue occasioned by the Payment of the Dividends falling due on the \Gth. of (Jet.
ami the islh. of January, April, and July, in each Year ; the intercalary or 'Moth, day, it icill be seen, tends sometimes to bring the in-
creased issue to precede the blanlt space left to denote the Quarterly period. The * denotes the largest, and the { the lowest amount in
Circulation, in each Year.     Another Page will shew the annual average amount of Exchequer and Navy Bills in Circulation with the
proportion held by the Hank of England and the annual average amount of Notes in Circulation ; ( distinguishing the. proportion below £b)
which aggregate amount, appears to have been influenced or regulated by the amount of Exchequer Bills held by the Bank.       The Note to
the following Page will shew the aggregate amount of the Circulating Medium in each Year since 1813, injuxta position with other items
bearing upon the question of amount and Circulation.       Of the £43,391,149 of Gold Coined between the Is/. of January 1317, and the
31 st. nl l)n ember IS2U, rather more limit u third is supposed to Imre been Exported, and absorbed for Manufacturing purposes ; the only other point for consideration in
looking at these two Pages will lie the relative activity and effect in Circulation of Gold, as compared with Paper


        [
             Years                          1815.              1816.              1817.             1818.          1819.            1820.        1821.         1822.         1823.
                                                                                                                                                                 £              £
  1     Jan                   7           26,397,640        24,441,430      1   23,950,510       26,407,510      25,338,830   1   22,048,240   21,571,714    16,950,147   1 16,379,531



  2          „            14 *28,886,071                    28,086,811          28,372,199 *30,529,731 *28,354,691                26,280,291 *25,722,892 *20,764,268       20,157,482
  3          „            21              28,199,061        27. 04 5), 71       28,175,531  29,952,131  27,343,471                26,344,371  25,904,357 20,211,461        19,909,578
  4         V             28              27,923,921        26,775,081          28,055,261  29,599,851  26,890,391                25,450,281  25,222,425 19,673,545        19,879,317
  5     Feb                   4           28,258,611        26,526,321          27,703,811  29,385,141  26,094,421                25,244,231  24,914,286 19,211,845        18,652,608
  6         »             11              27,597,721        26.996,691          27,386,121  28,883,341  26,157,711                24,350,621  24,523,184 19,034,229        18,404,361
  7         n             18              26,935,821        26,635,071          27,518,561  28,742,811  25,680,101                24,052,781  24,231,586 18,679,243        17,802,629
 8    25    ii                            26,673,351        26,081,811          27,326,221  28,259,261  25,305, 961               23,420,141  24,049,421  18,348,009       17,839,486
 9 Mar A                                  26,799,391        26,724,151          27,182,621 27,770,971   25,126,691                23,484,101  23,702,176 18,387,046        18,106.362
10  u  1                                  26,552,661        26,407,931          26,876,061 27,491,321 25,048,221                  22,866,711  23,576,084 17,803,676        17,224,579
11          1,            18              26,541,25)9       25,942,301          26,593,571  27,948,131  24,665,881                22,694,251  23,329,581  17,709,606       17,121,786
12          II            25              26,871,991        26,590,391          26,744,801  27,345,351 24,610,681                 22,311,471  23,447,112 17,467,141        17,070,015
13     A pr                   1           26,668,151        27,195,061          26,912,667 27,089,061   24,710,761                22,713,521  23,847,239 17,388,481        17,174,946
14          *                 8           27,771,181        20,264,681          26,400,271  27,042,041  24,816,381                24,683,533 23,671,274 17,149,301         16,845,841

15           „            15              28,039,691        27,307,831          29,071,621       29,412,231      26,963,651       24,990,421   25,649,341    19,025,399    19,282,022
16        22 #/                           27,290,851        27,375,111          28,936,241       29,060,571      27,133,191       25,182,963   25,101,031    18,583,121    19,198,274
17        29 n                    I       27,479,831        27,170,771          28,666,041       28,509,651      26,413,692       24,732,257   24,532,258    18,105,998    18,943,557
18     May 6                              20,894,441        27.008,061          28,373,961       28,043,291      26,178,089       24,317,747   24,346,073    17,798,295    18,994,051
19           «            13              27,196,211        26,564,161          28,040,701       28,104,511      25,984,881       24,032,937   24,053,419    17,461,161    18,585,349
20           „            20      |
                                          27,022,021        20,346,151          27,927,361       27,985,851      25,801,489       23,840,981   23,370,431    16,984,938    18,464,533
21                        27              26,780,731        25,987,271          27,964,981       27,132,801      25,201,058       23,659,821   22,678,265    17,036,996    17,971,841
22 June 3                                 26,878,121        26,027,141          27,169,441       26,745,011      25,132,774       22,655,208   21,512,016    16,505,296    17,425,713
23   „ 10                                 26,051,881        25,491.780          26,449.790       26,605,040      24,951,055       22,511,175   21,099,138    16,785,480    17,602,986
24   » 17                                 26,069,590        25,751,530          26,414,580       26,313,040      24,000,415       22,467,409   20,667,229    16,304,837    17,059,267
25   a 24                                 26,432,200        25,562,000          26,060,050       26,285,520      23,807,384       23,026,436   20,330,419    16,404,930    16,703,737
26 July 1                                 27,296,570        25,865,720          26,560,660       26,173,990      23,711,755       23,417,930   20,537,088    17,005,527    16.835,669
27   "  8                                 28,182,330        25,887,140          25,800,260       26,034,9/0      23,081,450       26,280,157   19,304,719    16,834,794    16,975,891

28           „            15              27,326,641  28,156,510 30,686,720                      29,284,740      27,558,360 *26,384,894        23,361,691   20,896,904     20,785,759
29           *            22              20,916,621 *28.348,430 30,759,300                      28,924,090      27,424,230 25,588,137         22,948,803   20,579,130     20,680,963
30           II           29              27,428,731  28,251,440 30,646,840                      28,149,130      26,480,770 25,462.755         22,138,808   19,748,395     20,359,367
31 Aug,               .       5           27,143,651  28,088,850 *30,920,360                     27,007,900      26,284,530 25,066,750         21,770,501   19,287,790     20,221,913
32     12    ,1                           27,233,051  27,735,020 30,374,260                      26,927,790      25,968,180 24,723,667         21,453,635   18,833,458     19,966,005
33   „ 19                                 27,155,211  28,044,400 30,112,650                      26,603,930      25,782,871  24,282,351        21,028,527   18,503,576     19,716,776
34     26    ,1                           27,024,031  27,162,541  29,971,699                     26,644,071      25,158,221  24,453,388        20,327,753   18,498,856     19,582,348
35 Sep 2              .                   27,065,191  26,758,720 29,543,770                      26,450,610      25,252,680 24,437,125         20,172,215   17,464,796     19,231,241
36  a   9                                 27,102,831  26,415,320 28,938,560                      26,091,950      24,435,330 23,411,387         19,722,285   17,149,134     18,884,217
37  u  16                                 26,640,511  26,707,470 28,712,160                      25,892,920      23,900,920 23,098,624         19,449,894   17,540,955     18,409,593
38     23    ,/                           26,516,111  26,035,699 28,527,061                      25,893,661      23,558,221  22,951,527        18,889,454   16,796,585     17,820,421
39     30   II                            27,388,601  26,446,771  28,559,511                     25,709,981      23,766,621  22,944,463        19,173,682   16,798,699     17,824,286
40 Oct. 7                                 26,522,951  25,842,931  28,925,911                     26,289,101      24,721,641 22,736,129         18,742,235   17,231,846     17,879,271
41   " 14                                 27,411,111 25,817,441 20,293,891                       28,512,741      24,066,201 24,547,427         19,845,072   16,093,871     17,541,491
                                                                                             1




 42      21    26,706,800 27,491,810                                            30,502,360         27,417,700 25,780,510          24,013,768 19,802,451       18,387,096  19,919,414
 43  „   28 26,373,170 27,199,220                                               29,981,610         26,753,580 25,391,570          24,224,012 19,452,333       17,991,058  19,386,184
 44 Nov 4 26,828,510 27,026,030
                          .                                                     29,658,950         26,626,800 24,960,190          24,248,241  19,259,894      17,753,077 *21,779,666
 45   a  11    26,376,710 26,930,299                                            29,544,611         26,279,861  24,134,341         23,577,525 19,006,236       17,456,991  20,679,004
 46   „  18 25,854,250 26,540,311                                               29,446,071         26,026,541  23,720,451         23,302,951  19,008,034      17,382,866 20,353,143
 47  a   25 25,770,420 26,217,850                                               29,050,230         25,977,630 23,404,700          23,222,600 18,175,260       17,218,660 19,820,209
 48 Dec 2 25,619,430 25,593,120
                      :.                                                        28,698,540         26,280,220 23,248,340          22,771,200 17,635,927       17.457,244  19,400,809
 49       9 25,047,390 25,318,840
                 ,,                                                             28,465,490         25,632,150 22,536,690          22,102,220 17,486,083       16,370,602 18,664,214
 50   „  16 It 25,006,330 t 25,067,800                                          27,967,590       1 24,789,670  22,418,220         22,356,306  17,474,502    1 10,088,529  18,031,400
 61      23 25,823,080 25,412,820
                 ,,                                                             27,770,990         25,019,560 122,194,650         22,647,165 117,375,662      16,642,042  17,575,971
                                      |


 62    u 30 25,629,470 25,219,140                                               27,601,180         25,462,690 22,781,550          22,865,079 17,443,650       19,483,697  17,551,531

                 Years                       1815.      1
                                                                1816.       1
                                                                                   1817.            1818.          1819.            1820.        1821.         1822.         1823.
