                                                                               74

  An ACCOUNT of the Official Value of Meichandize EXPORTED from, and IMPORTED into Great Britain, to and
from America ; and Foreign West Indies, annually on an average of Years of Peace and War, from 1698, to 1792 ; and in each of the 3G Years 1793 - 1828.

                                                              EXPORTS                                                   IMPORTS.
              Periods of                  Foreign     United States     British                           Foreign  United States          British
                                         West Indies of N. America     America        TOTAL           West Indies of N. America i        America          TOTAL
                    — 1701
   4 Years Peace 1692                                                                   406 037                       296,402            18,617            si Fk   ma
           War 1708 —                                                                  313,424
  11 do.
   5 do. Peace 1713 — 1712
                      1717
                                           36,328
                                          187,039
                                                         266,957
                                                         402,216
                                                                        10,139
                                                                         9,275         598,530
                                                                                                            4,305
                                                                                                           38,852
                                                                                                                      276,032
                                                                                                                      369,345
                                                                                                                                         1 7^956

                                                                                                                                         18,120
                                                                                                                                                           298,293
                                                                                                                                                           416,317
   4     War 1781 — 1721
        do.                               146,014        367,487        10,438         523,939             30,610     470,646            23,054            524,310
  17 do. Peace 1722 — 1738                235,101        542,083        23,544         800,728             47,694     581,951            42,613            672,258
  At*    War 1739 — 1748
        do.                               322,975        751,184        36,641       1,110,800             10,734     678,311            49,167            738,212
   7     Peace 1749 — 1755
        do.                                26,478      1,238,161        72,984       1,337,623              1,896     891,169            48,750            941,815
   7    do.   War   1756 - - 1762         111,757      1,837,249       168,165       2,117,171            263,257     746,465            47,764          1,057,486
  12    do.   Peace 1763    —1774          11,796      2,341,712       335,487       2,688,995            145,977   1,202,911           104,849          1,453,737
    9   do.   War 1775      —1783          57,899        406,023       869,041       1,332,963             47,411    271,307            139,377            458,095
    9   do.   Peace 1784 - 1792            39,131      2,839,484       864,489       3,743,104            183,853    986,409            221,413          1,391,675

                                           21,081     3,514,681         904,522      4,440,284            308,366     904,040           210,345          1,422,751
                                           53,853     3,859,871         971,271      4,884,995            271,902     625,733           241,026          1,138,661
                                          205,526     5,254,118         999,781      6,459,425            383,546   1,352,136           314,761          2,050,443
                                        1,041,185     6,054,032         814,671      7,909,888            876,857   2,080,970           203,844          3.161,671
                                          664,715     5,056,799         845,325      6,566,839        1,077,935     1,175,512           213,054          2,466,501
                                        1,264,464     5,580,369       1,054,012      7,898,845        1,158,705     1,782,720           220,109          3,161,534
                                        1,048,429     7,056,558       1,091,996      9,196,983        1,390,038     1,818,941           170,076          3,379,055
                                          479,208     7,885,594         975,872      9,340,674        1,496,906     2,357,923           392,690          4,247,519
                                          580,470     7,517,530       1,017,458      9,115,458        2,577,111     2,706,518           455,575          5,739,204
                                          284,831     5,329,490       1,350,896      6,965,217    |
                                                                                                      1,658,256     1,923,604           367,935          3,949,695
                                          193,133     5,272,811       1,082,107      6,548,C51          355,158     1,914,098           327,960          2,597,216
                                          312,499     6,398,426       1,056,349      7,767,274          346,213     1,651,467           377,790          2,375,470
                                          319,282     7,146,765         865,311      8,331,358          735,515     1,766,556           293,515          2,795,586
                                        1,795,962     8,613,122         950,662     11,359,746        1,226,525     1,999,884           330,092          3,556,501
                                        1,326,260     7,921,120       1,061,127     10,308,507        1,341,454     2,847,522           449,730          4,638,706
                                        4,829,636     3,992,059       1,125,058      9,946,753        2,837,724       836,342           826,989          4,501,055
                                        6,381,668     5,187,613       1,748,115     13,317 396        5,090,409     2,205,331           678,361          7,973,101
                                        5,970,061     7,813,317       1,844,558     15,627,936        6,961,389     2,614,405           885,046         10,460,840
                                        3,046,819     1,431,829       1,909,689      6,388,337        3,834,286     2,309,415           802,163          6,945,864
                                        4,114,987     4,135,592       1,419,019      9,669,598        2,471,426     1,294,152           719,683          4,485,261

                                        4,302,098      7,303          4,093,062      8,402,463        6,219,648        22,621           322,899          6,565,168
                                        3,786,175 11,936,501          3,098,617     18,821,293        3,371,292     2,370,288           368,873          6,110,453
                                        3,278,727 7,801,062           2,208,041     13,287,830        1,974,192     2,386,224           493,025          4,853,441
                                        4,845,492 6,387,078           1,395,570     12,628,140        1,689,790     3,057,000           615,032          5,361,822
                                        5,523,809 8,383,437           1,795,264     15,702,510        2,324,363     3,426,832           690,432          6,441,627
                                        3,465,671  4,301,696          2,001,033      9,768,400        2,016,963     2,688,076           751,003          5,456,042
                                        4,449,810 3,920,262           1,676,181     10,046,253        2,303,633     3,651,342           841,271          6,796,246
                                        4,914,454 6,607,302           1,395,593     12,917,349        2,470,776     3,642,210           844,278          6,957,264
                                        5,322,913 7,368,064           1,534,858     14,225,835        2,107,534     4,020,729           780,970          6,909,233
                                        7,804,636 6,141,451           1,766,538     15,712,625        2,524,039     5,459,737           864,944          8,848,720
                                        9,762,877 7,141,286           2,241,667     19,145,830        2,708,078     3,925,609           925,699          7,559,386
                                       10,226,783 7,627,275           2,151,463     20,005,521        3,682.562     5,716,252           1,084,463       10,483,277
                                        5,461,353 5,262,192           1,650,319     12,373,864        1,866,133     4,984,647           974,823          7,825,603
                                        8,202,400 8,637,917           1,719,375     18,559,692        2,364,496     7,997,247           813,324         11,175,067
                                       10,893,499 6,843,727           2,206,914     19,944,140        2,225,917     5,820,581           838,991          8,865,489
                                                                                                                                    ,               1
