                                                                                             71

   An ACCOUNT of the Official Value of Merchandize EXPORTED from, and IMPORTED into GREAT BRITAIN,
to and from Russia, Holland, and France annually on an average of Years of Peace and War from 1698 to 1792 and in each of the 36 Years 1794 — 1828.
                                               ;
                                                                                                                                             •




                                                       EXPORTS.                                              IMPORTS.
            Periods oj
                                                   Russia        Holland            France        I     TOTA L               Russia      1        Holland       France          TOTAL
                                                  -£                   £              -£                   £                                                       £
 4 Years Peace 1698—1701                         60,899        2,044,228            166,115           2,271,242              110,446               624,410       86,025           820,881
11   do.   War 1702      —
                       1712                     129,894        2,251,404             16,642           2,397,940              134,026               604,154        8,890           747,070
 5   do.   Peace 1713    —
                       1717                      95,334        2,349,633            155,725           2,600,692              178,709               526,894       54,928           760,531
 4   do.   War 1718      —
                       1721                      80,582        2,085,681            140,431           2,306,694              187,808               563,434       58,428           809,670
17   do.   Peace 1722— 1738                      40,928        2,108,739            253,702           2,403,369              233,979               670,772       54,877           959,628
10   do.   War    1739—1748                      77,293        2,533,097            264,881           2,875,271              310,874               577,795       36,891           925,560
 7   do.   Peace 1749— 1755                     100,354        2,442,947            437,483           2,980,784              488,053               407,240       60,962           956,255
 7   do.   War    1756—1762                      61,583        2,239,508            202,961           2,504,052              623,272               487,292        3,194         1,113,758
12   do.   Peace 1763— 1774                     147,625        2,427,661            504,225           3,079,511            1,070,512               586,378       93,518         1,750,408
 9   do.   War    1775— 1783                    216,384        2,443,795            139,790           2,799,969            1,293,895             1,064,105       38,992         2,396,992
 9   do.   Peace 1784    — 1792                 395,696        2,317,986            921,492           3,635,174            1,619,146               717,057      452,734         2,788,937
                          r      3              320,827        2,392,872            228,887           2,942,586            1,804,026               926,847      121,028         2,841,901
                                 4              495,907        2,312,798             34,543           2,843,248            1,789,448             1,090,172          167         2,879,787
                                 5              862,267           124,624            78,653           1 ,065,544           1,857,978               123,823       10,362         1,992,163
                                 6              737,349           354,145              7,975          1,099,469        !   2,510,083               317,000       14,655         2,841,738
                                 7              444,397        1 ,098,439           673,824           2,216,660            1,707,504               539,942       13,706         2,261,152
                                 8              609,599           665,042             4,481           1,279,122            2,416,829               608,717       20,885         3,046,431
                                 9              751,428            29,104             8,697              789,229           2,662,256               212,787       29,930         2,904,973
                              1800              926,600        2,794,630          1,173,707           4,894,937            2,382,098             1,007,256      110,415         3,499,769
                                 1              840,935        3,873,715          1,192,510           5,907,160            2,246,878             1,052,257      221,548         3,520,683
                                 2            1,281,555        4,392,617          2,390,103           8,064,275            2,182,430             1,000,768      424,434         3,607,632
                                 3            1,260,032        1,691,502          1,183,708           4,135,242            2,335,219               646,611      479,035         3,460,865
                                 4            1,199,831        2,338,037             19,865           3,557,733            2,263,766               875,228      139,668         3,278,662
                                 5
                                 6
                                 7
                                 8
                                 9
                                              1,508,056
                                              1,692,091
                                              1,699,512
                                               395,368
                                               878,867
                                                                  365,408
                                                               1,156,609
                                                               1,656,553
                                                                 358,156
                                                               2,458,160
                                                                                     —1
                                                                                          552


                                                                                          ,972
                                                                                        497
                                                                                                      1,874,016
                                                                                                      2,848,700
                                                                                                      3,356,065
                                                                                                         755,496
                                                                                                      3,337,524
                                                                                                                   I




                                                                                                                   ;



                                                                                                                   !
                                                                                                                       1

                                                                                                                           2,527,078
                                                                                                                           2,576,699
                                                                                                                           2,569,484
                                                                                                                             814,012
                                                                                                                           2,023,291
                                                                                                                                                   729,334
                                                                                                                                                   636,803
                                                                                                                                                   903,999
                                                                                                                                                   786,468
                                                                                                                                                 1,722,147
                                                                                                                                                                469,820
                                                                                                                                                                237,066
                                                                                                                                                                511,335
                                                                                                                                                                213,510
                                                                                                                                                                737,520
                                                                                                                                                                                3,726,232
                                                                                                                                                                                3,450,568
                                                                                                                                                                                3,984,818
                                                                                                                                                                                1,813,990
                                                                                                                                                                                4,482,958
                              1810             877,094           486,828            731,766           2,095,688            2,746,604               747,531      540,901         4,035,036
                                11             730,928           260,877            420,045           1,411,850            1,528,768                28,539       36,226         1,593,533
                                12            1,806,611          306,018          1,010,142           3,122,771            2,322,726               237,480      711,407         3,271,613

                                              1,370,119        8,875,701          2,224,677 12,470,497                     2,450,421         2,162,756           718,461        5,331,638
                                              1,201,166        8,206,499          1,441,645 10,849,310                 |
                                                                                                                           2,305,201         1,248,482           743,409        4,297,092
                                              1,706,885        6,582,638          1,608,861  9,898,384                     1,316,496            731,340          407,883        2,455,719
                                              2,758,997        4,423,826          1,649,181  8,832,004                     2,194,238            852,982          518,353        3,565,573
                                              2,820,741        3,968,222          1,194,752 7,983,715                      2,851,549         1,705,674         1,137,754        5,694,977
                                              2,036,063        4,059,202            981,821  7,077,086                     2,483,961            788,170          620,988        3,893,119
                                              3,668,383        3,590,283          1,162,776 8,421,442                      2,500,200            661,812          761,563        3,923,575
                                              2,097,230        3,878,982          1,416,979 7,393,191                      1,910,959            909,989          852,783        3,673,731
                                              1,219,778        3,858,062          1,184,189 6,262,029                      2,555,424         1,079,925           862,201        4,497,550
                                              1,841,275        4,057,243            904,567 6,803,085                      2,611,617         1,083,758         1,102,739        4,808,114
                                              2,238,140        4,234,868          1,124,228 7,597,176                      2,606,531         1,564,274         1,536,840        5,707,645
                                              2,063,620        4,517,838          1,171,471  7,752,429                     3,678,586         1 ,998,336        1,805,002        7,481,924
                                          !
                                              2,220,879        4,957.891          1,082,273 8,261,043                      2,935,946         1,396,293         1,225,705        5,557,944
                                          '


                                              2,654,761        4,847,860            546,931  8,049,552                     4,173,470         1,579,373         2,604,183        8,357,026
                                              2,753,887        4,956,116            643,309 8,353,312                      3,442,653         1,978,111         3,159,307        8,580,071




              EXPORTED                                         1825.                                      1826.                                     LEstimated annual average
                 from                                                                                                                                                      c   nmmer cun
               DENMARK.                        Quantity        Price        Value         Quantity        Price            Value      Quantities "f Duty       Revenue     equivalent
                                                                             .£                                              £                                    £
     Wheat                   Quarters 122,635                  12/10        78,691        145,792        17/9          129,349        250,000            20/   250,000         500,000
     Rye                                       240,078         11/2        134,042        137,900        17/5          119,756         20,000            15/    15,000          35,000
     Barley                          «         475,824          8/6        202,225        309,947        13/5          207,623        200,000            12/   120,000         250,000
     Oats                            „         143,545          5/5         38,877        266,531        11/5          152,838        250,000             7/    85,000         200,000
     Buckwheat
     Peas, Vetches & Beans
     Grits

      TO TAL Quarters of Grain
                                     n
                                     //



                                     «
                                                15,844
                                                30,298
                                                     1,974

                                                   1,030,190
                                                                8/5
                                                                9/3
                                                               19/4

                                                                9/3
                                                                             6,668
                                                                            14,013
                                                                             1,908

                                                                           476,423
                                                                                            2,530
                                                                                           37,632
                                                                                             1



                                                                                          901,548
                                                                                                 ,220
                                                                                                          9/5
                                                                                                         18/9
                                                                                                         24/10

                                                                                                         14/4
                                                                                                                            1,191
                                                                                                                           35,341
                                                                                                                            1,467

                                                                                                                       647,565
                                                                                                                                      — 3,000
                                                                                                                                      100,000


                                                                                                                                      850,000
                                                                                                                                                     I




                                                                                                                                                     i
                                                                                                                                                         10/
                                                                                                                                                         12/
                                                                                                                                                         —
                                                                                                                                                                 1,500
                                                                                                                                                                60,000


                                                                                                                                                               531,500
                                                                                                                                                                                 5,000
                                                                                                                                                                               150,000


                                                                                                                                                                           1,140,000
     Butter                     Cwts. 136,504                  39/6        269,595        105,464        39 6          208,291        120,000            20/   120,000       400,000
     Cheese                       „    13,218                   9/2          6,058          9,406         9/2               4,311      10,000            10/     5,000        15,000

              TOTAL Valve                 £                                752,077                                     860,168                       1
                                                                                                                                                               656,500     1,555,000
