                                                                                                                            1                                                                                          1                                              4
                                                                                                                                                                                                                                                                      f




                                                                                                                                         7o


   An                   ACCOUNT
                      of the Official Value of Merchandize                from, and                 into Great Britain, to and  EXPORTED                                           IMPORTED
from Africa ; the British West Indies; and the East Indies and China, annually on an average of Years of Peace and War, from 1698
to 179:2 and in each ot the 36 Years 1793- 1828.
                        ;




                                                                                                                     EXPORTS.                                                                                 IMPORTS.
                                                                                                                 British        East Indies                                                          British          East Indies
                                  Periods of                                            Africa
                                                                                                             W   est Indies      and China
                                                                                                                                                        TOTAL                          Africa
                                                                                                                                                                                                   West Indies         and China
                                                                                                                                                                                                                                               TOTAL
                                                                                         •
                                                                                                 £                                                                                                                                 £             £
        4 Years Peace 1698                                        — 1701              114,043                    331 ,839         214,212                 660,094                      17,421         714,761           656,031                1,388,213
      J 1           do.          War   1702   1712                —                    71,677                    272,515          106,908                 451,100
                                                                                                                                                                          j

                                                                                                                                                                          !


                                                                                                                                                                                       12,322         606,132           468,941                1,087,395
        5           do.          Peace 1713   1717                —                    87,493                    349,254           79,323                 516,070         1
                                                                                                                                                                                       23,721         966,421           695,267                1,685,409
            1       do.          War 1718     1721                —                   104,040                    258,134           93,402                 455,576                      22,775        937,017            958,104                1,917,896
      17            do.          Peace 1722   1738                —                   195,582                    287,450          151,642                 634,674                      47,168      1,300.044            650,879                1,998,091
      10            do.          War 1739     1748                —                   151,657                    391,180          432,022                 974,859                      28,065      1,265,661            968,400                2,262,126
       7            do.          Peace 1749   1755                —                   213,841                    664,067          714,105               1,592,013                      34,279      1,588,183          1,119,118                2,741,620
       7            do.          War 1756     1762                —                   240,488                    943,502          856,679               2,040,669                      31,443      1,858,894            975,805                2,866,142
      12            do.          Peace 1763   1774                —                   609,893                 1,243,991           998,765               2.852,649                      60,268      2,900,857          1,720,263                4,681,388
        9           do.          War 1775     1783                —                   384,166                 1,415,714           926,297               2,726,177                      56,674      2,824,938          1,340,164                  4,221 ,776
        9           do.          Peace 1784 — 1792                    -               809,546                 1,862,522         1,795,747               4,467,815             |
                                                                                                                                                                                       92,252      3,860,674          3,179,136                  7,132,062

                                                                      fl793             384,587               2,695,220         2,721,793              5,801,600                   120,372         4,392,158          3,499,023  8,011,553
                                                                             4          749,823               3,632,762         2,924,829              7,307,414                    48,865         4,782,616          4,458,475  9,289,956
                                                                             5          428,731               2,460,888         2,382,933              5,272,552                    65,097         4,099,291          5,760,795  9,925,183
 I? 2 || = k-5 |                                              1
                                                              .
                                                                             6          613,535               3,223,268         2,377,376              6,214,179                   120,397         3,966,763          3,372,689  7,459,849
                                                                             7          887,138               3,144,363         2,288,415              6,319,916                    54,357         4,309,164          3,942,384  8,305,905
 •   5 1s                           i
                                        |   5^ j't                           8       1,291,062                5,198,369         1,145,736              7,634,167                    69,761         5,418,541          7,626,930 13.1 15,232
                                                                             9       1,621,625                5,947,425         2,436,383             10,005,433                   112,789         6,161 ,504         4,284,805 10,559,098
 I|                                                                       1800       1 ,098,832               4,087,112         2,860,397              8,046,341                    96,563         7,369,287          4,942,275 12,408,125
                                                                             1       1,123,626                4,385,505         2,9 16,257             8,455,388                   138,660         8,435,795          5,424,441 13,998,896
                                                                             2       1,161,179                3,925,613         2,929,816              8,016,608                   168,863         8,531,175          5,794,906 14,494,944
 5 o *>§ ~ -~V                          a.;
                                                    |
                                                        B 1
                                                                             3          818,632               2,380,203         2,733,013              5,931,848                    94,307         6,132,001          6,349,294 12,575,602
 ^ 1 * it'll 1
     g.5 J s*,? 5                %                                           4
                                                                             5
                                                                                     1,173,466
                                                                                        990.640
                                                                                                              4,281,735
                                                                                                              3,832,430
                                                                                                                                1,766,268
                                                                                                                                1,669,215
                                                                                                                                                       7,221,469
                                                                                                                                                       6,492,275
                                                                                                                                                                              1

                                                                                                                                                                                   163,819
                                                                                                                                                                                   106,845
                                                                                                                                                                                                   7,681,646
                                                                                                                                                                                                   6,720,444
                                                                                                                                                                                                                      5,214,842 13,060,307
                                                                                                                                                                                                                      6,072,313 12,899,602
                                 a s fe                  *|i                                                                                                                  1




                                                                             6       1,433,151                4,733,815         1,936,954              8,1 o3,920                  1   15,947      8,815,329          3,755,396 12,686,672
                                                                             7          797,738               4,578,877         1,884,437              7,261,052                   122,048         7,980,001          3,401,700 11,503,749
     5^2 J Sf a                     “ o     ^ S i £ J- .a                    8          532,840               5,928,769         1,933,223              8,394,832                   143,276         8,777,963          5,853,460 14,774,699
                                                                             9          705,977               5,975,127         1,647,627              8,328,731                   184,650         7,703,452          3,366,343 11.254,445
     Ei s »,                5   99.»I^Lk?’i                               1810          484,082               4,790,143          1,717,118             6,991,343                   257,386         8,258,173          4,709,868 13,225,427
                                                                            11          316,704               4,122,919         1,664,522              6.104,145                   188,858         8,452,287          4,106,299 12,747,444
                                                                            12          444,357               4,767,31          1,779,212              6,990,793                   171,820         7,487,314           5,602,358 13,261,492
     sS si^l |                   p c- el                  --I'
                                                                  1
                                                                            13
                                                                                                                                                           8,436,255               269,130
                                                                      1
                                                                            I4          422,057               6,315,073         1,699,125                                                           8,496,850         6,304,096                15,070,076
                                                                      l     15          392,956               6,915,989         2,093,464                  9,402,409               325,045          8 527,019     1   8,042,292                16,894,356

  Subsequent to 1815, the Account of the transactions to Africa, subdivides under two heads, Viz. The Barbary States, and West
Coast; and the Cape of Good Hope; and those to New South Wales, form anew account; and subsequent to 18:26, in the Official
Returns, the account to the East Indies is further subdivided under the following heads, Viz. St. Helena; and Isle of Bourbon ; The
Mauritius ; Sumatra, Java, Singapore, &fc. ; and the Phillipine Islands.   sec each of these heads respectively.                                      —
                                                                              EXPORTS.                                                                                                               IMPORTS.
                    I
                                                                                                                                          -1
                            Barbara         i           Cape
                                                                            British              \etv South
                                                                                                                 East Indies                  1
                                                                                                                                                        Barbary                   Cape            British
                                                                                                                                                                                                                Hew                hast Indies
     Years              States, and
                                                                          West Indies                Wales
                                                                                                                     and          TOTAL               Slates, and                  of           West Indies    South                    and            TOTAL
                        West Coast                  Good Hope                                                       China                     j
                                                                                                                                                       Il f st
                                                                                                                                                            .    Coast   Good Hope                             Wales                   China
                                £                         £                      £                     £                             £        1
                                                                                                                                                                                   £                £            £                       £                £
1816                    160,206 214,207 4,605,072                                                 19,872 2,185,642 7,190,999                           179,333            58,982                7,546,843      1,51  8,310,698 16,097,367
        17              242,585 263,161 6,762,069                                                 15,008 2,779,626 10,002,4491                         180,273           167,582                8,021,204         50 7,687.278 16,056,387
   18                   273,649 205,293 5,784,554                                                 10,074 3,185,751 9, 159,321                          158,865           126,225                8,347,236      5,111 7.337,689 1 5,975, 26                    1


   19                   243,507 179,509 4,490,010                                                 48,782 2,372,982 7,334,790j                          179,548            74,425                7,887,669      6,899 7,537,563 1 5,686, )                     1   i


 1820                   309,586 256,525 4,352,514                                                118,086 3,272,812 8,309,523                            95,920            78,494                8,011,335      5,031 7,562,648 15,753.428
                1       383,301 300,956 6,069,372                                                114,284 4,313,047 10,180,960                          216,351            82,645                7,977,837     22,640 6,233,571 1 1,533,044
        2               436,892 245,155 4,146,464                                                213,743 3,886,950 8,929,204                           162,239           112,505                7,691,390     16,592 5,106,401                    I   13,089,127
        3               342,824 433,474 4,622,805                                                180,716 4,355,438 9,935,257                           185,251           154,148                7,971,145     51,376 6,918,540                        15,280,460
        4               399,238 276,421 4,870,836                                                215,629 4,394,881 10,157,005                          202,289           122,086                8,655,538     51,372 7,312,356                        16,343,641
        5               405,840 225,219 4,726,632                                                245,581 3,944,904 9,548,236                           211,713           186,616                7,427,909     28,971 '6,582,075                       14,437.28
        6
                                                                                                                                                                                                                           j




                        294,028 194,616 3,792,408                                                269,529 4,877,125 9,427,706                           218,905           151,342                7,782,135     83,553 8,002,787                        16,238,722
        7               351,178 306,833 4,567,727
                                                l
                                                                                                 463,233 6,303,920 12,292,897                     1    202,347           244,438                7,897.442     70,049 8,272,008                        16,686,284
        8               428,478 383,424 4,049,856                                                611,500 6,388,330 12,061,588                          224,051           193,958                8.908,672     84,811 8,864,875                        18,276,367
        g
     1830
                1
                                                                                             1
                                                                                                                                                      1.                                                                       I




                                                                                                                                    y
