                                                                                            —


                                                                                             79

  STATEMENT shewing the Quantity in Cwts. Weight of SUGAR. Imported into, and Re exported from GREAT BRITAIN, in each of
the 25 Years 1807       —
                      1831 distinguishing the proportion Imported from the East Indies and Foreign Possessions, from the proportion Imported from
                                   ;


British Plantations ; and the proportion Re-exported in a Refined state, from the proportion Re-exported in a     state shewing also the Quantity                            Raw          ;


in Gallons of Rum, Imported and Re-exported; the annual average price of Sugar, and Total Value thereof; with the amount of Duty paid on
Sugar. Coffee, Melasses, Mahogany, and Rum, in each of those Years.      see Note at foot of preceding page.

                                Cwts. Weight       IMPORTED.                                                   |

                                                                                                                                                                       TfL                                Proof Gallons of
                                                                                           Annual                                  Total Value M;ommis for the Price
                                                                                                                                                              rs   I
                                                                                                                                                                         Cwt.                                   RUM.
                                                                                                                                                                   of Good
             British                                                         al intoaverage                            Rate of      of British R NationaT Debt
                                                                                                                                                          of the

           Plantation
                                 East India          Foreign    TOTAL       Ireland Price.                              Duty       Plantation purch.a^c slk.
                                                                                                                                                                  Ordinary
                                                                                                                                                                                                        Imported
Yrs.                                                                                                                                                               Coffee.
                                                                                                                                                                       ;t.                                            Re-export.

1807       3,490,130             118,586             32,594    3,641,310 324,477           33/11 1    "j      5,923,290                            62 17                     3   100/ 70/               4,489,967       719,000
   8       3,455,832              72,587            225,066    3,753,485 411,168           38/6        27/0   6,642,477
                                                                                                                   .                               66 11                     6    60/ 90/               5,985,258     1,151,079
   9       3,394,185              26,200            580,813    4,001,198 369,048           43/5g ,            7,375,100                            68 1                      8    85/ 75/               6,530,149     2,063,660
1810       3,771,080              49,2 10           988,363    4,808,663 251,491           46/10     27/ 29/ 8,830,565
                                                                                                       |
                                                                                                           |
                                                                                                                                                   67 16                     3    75/ 60/               5,582,805     1,145,728
  11       3,647,142              20,332            250,079    3,917,543 379,747           36/5J       07 /o
                                                                                                       11
                                                                                                              6,646,636                            63 12                     3    38/ 25/               6,998,853     1,667,700
  12       3,551,449              72,886            139,088    3,763,423 421,784           42/0|       I
                                                                                                              7,480,233                            58 18                     8    20/ 30/               6,469,226     2,171,539
  13       3,500,000              50,000            450,000    4,000,000 318,121           58/1 1 /           9,900,000                            58 15                     9    50/ 40/               9,200,285     2,254,325
                                                                                                           |



  14       3,403,793              49,849            581,681    4,035,328 531,702           73/44 >Oft /ft    12,484,714                            66 11                     4    80/ 60/               8,569,067     3,993,280
  15       3,493,116             125,629      <4    366,027    3,987,782 261,266           61/104      1
                                                                                                           t
                                                                                                             10,803,184                            58 13                     9    60/ 50/               6,817,134     3,589,032
  16       3,440,595             127,203    ^       192,780    3,760,518 263,065                  J 27/0      8,354,121                            62 1                      2    56/ 50/               3,887,102     2,777,863
                                                                                           48/6f           .




  17       3,563,741             125,894    S       105,916    3,795,530 245,261           49/8     on
                                                                                                    uD/U
                                                                                                      j/ft
                                                                                                              8,849,956                            76 16                     6    54/ 74/               6,335,230     3,146,233
  18       3,665,520             162,395    ^       138,032    3,965,940 267,904           50/
                                                                                                  J
                                                                                                      <
                                                                                                           r*

                                                                                                              9,163,800                            78 1                      5    76/ 112/              5,482,571     3,157,303
  19       3,785,434             205,527      42     86,048    4,077,009 285,543           41/4     28/0   ’
                                                                                                              7,823,221                            71 19                     3    78/ 86/               6,386,514     2,397,747
1820       3,623,319             277,228      £     162,994    4,063,541 252,299           36/24              6,355,944                            68 12                     0   110/ 100/              7,035,909     3,731,771
                            g                                                                                             oT
                                                                                                                          33
   1       3,734,292     •f      269,162    J       197,402    4,200,856                   33/24                                   6,200,480       74 15 5                       108/     73/           7,127,131     3,158,050
  2        3,303,698             226,476      ©     112,953    3,643,122                   31/04                                   5,124,171       79 15 0                       104/     80/           4,246,096     1,855,898
                            |                                                                                             ||
  3        3,583,874     ^       219,672    =3      208,598    4,012,144    190,809        33/7                                    6,338,322       80 5 10                       106/     75/           4,864,741     1,863,639
  4        3,718,372         271 ,848               205,750    4,195,970    217,177        31/3 07/ //n                            6,149,294       94 3 6                         75/     53/           4,782,837     1,950,004
                                                                                                      u cn
                                                                                                       !

                                                                                                           [
                                                                                                z          (-
  5        3,323,632     93,724 150,346             162,784    3,730,487    205,900        38/114                                  6,875,235       90 0 8                         62/     53/           3,945,182     1,489,677
                                                                                                        -e B
  6        3,681,779    186,245 165,358              65,065    4,098,448    220,647        31/9                                    6,195,100       79 8 8                         57/     51/           3,996,710     1,176,974
   7       3,336,994    204,344 175,847             178,902    3,895,764    213,924 |  i
                                                                                           No Acct.      g                                         84 12 10                       51/     40/           4,792,626     1,369,622
   8       3,968,074    361,325 156,266             136,783    4,622,448    245,571 j these Yrs         &                                          85 14 0                        38/     34/           6,289,350     1,785,879
   9       3,904,587    291,567 206,152             199,568    4,601,774    254,619 28/64                                          5,935,532       88 16 0                        39/     35/           6,905,278     1 ,626,922

1830       3,913,269    485,709 293,769             223,257    4,916,005              25/0 J 24/0                                  4,891,586       89 15 4                        35/     37/           6,812,873     1,578,581
   1       3,815,976    517,553 237,416             507,547    5,078,492    287,770 24/14                                          4,945,869       78 0 10                        38/     83/           7,892,722     2,375,527
   2                                                                                                                                               85 7 0
   3                                                                                                   1

                                                                                                           r*


   4                                                                                                   1




                                                                                                      J
                                                                                                           1




   5


                            Cwts. Weight          RE-EXPORTED.                             Leaving for                      Gross        Nelt Amount                   Nett Proceeds of Duty,               —   see   ustoms.
                                                                                                                           Receipt        of Do., after
                                                                                            Home Con- of Duty on
        British
  Yrs. Plantatn.
                        East
                        India
                                       Foreign      Refined
                                                               mk           TOTAL
                                                                           Re-exprtd.       sumption                     SUGAR.
                                                                                                                               £
                                                                                                                                           deducting
                                                                                                                                         Drawbacks If
                                                                                                                                         Repayments.
                                                                                                                                             _£
                                                                                                                                                               on Cocoa
                                                                                                                                                                         Coffee.
                                                                                                                                                                             £
                                                                                                                                                                                       Melasses
                                                                                                                                                                                          £
                                                                                                                                                                                                          Ma-
                                                                                                                                                                                                        hogany.
                                                                                                                                                                                                                      Rum
                                                                                                                                                                                                                        £
 1807 596,856            20,398         42,657     413,960   703,731 1,363,642              2,277,668                    4,311,495        3,029,484                182,087                    461        35.704     1,323,213
    8 244,315            49,061         60,983     327,243   556,313   910,672              2,842,813                    5,068,061        4,074,531                250,014                    698        21,391     1,451,409
    9 276,334            16,887        420,226     460,732   783,244 1,496,661              2,504,537                    4,784,170        3,273,995                194,876               3,075           24,045     1,505,363
 1810  90,480             7,095        519,320     413,208   702,454 1,319,349              3,489,314                    4,844,673        3,117,330                176,147                    999        50,503     1,799,302
   11 275,991             4,032        239,153     100,996   171,693   690,869              3,226,674                    4,586,018        3,339,218                214,994               2,270           51,773     1,810,090
   12 310,803
   13 430,500
   14 553.871
                          6,964
                         10,000
                         41,311
                                       356,546
                                       410,000
                                       462,958
                                                   284,617
                                                   450,000
                                                   555,335
                                                             483,849 1,158,192
                                                             765,000 1,615,500
                                                             944,069 2.002,105
                                                                                            2,605,231
                                                                                            2,384,500
                                                                                            2,033,223
                                                                                                                         5,105,685
                                                                                                                         5,232,886
                                                                                                                         4,615,305
                                                                                                                                          3,939,939
                                                                                                                                          3,481,350
                                                                                                                                          3,276,513
                                                                                                                                                                   247,237

                                                                                                                                                                   228,828
                                                                                                                                                                                          — —
                                                                                                                                                                                         7,355

                                                                                                                                                                                        19,527
                                                                                                                                                                                                         50,762

                                                                                                                                                                                                        44,801
                                                                                                                                                                                                                    2,123,910
                                                                                                                                                                                                                    2,050,000
                                                                                                                                                                                                                    2,285,625
   15 491,152            68,422        311,418     609,247 1,035,719 1,906,711              2,081,071                    4,518,329        2,957,403                280,259              23,508          69,719      2,060.772
   16 377,119           102,058        191,303     584,182   993,109 1,663,617              2,096,931                    4,714,707        3,166,852                310,981              18,240          49,805      1,750,144
   17 258,265            95,494        132,937     697,085 1,185,044 1,671,740              2,123,790                    5,662,465        3,967,154                324,364               7,061          65,626      1,407,948
   18 267,602           110,323        108,688     711,185 1,209,014 1,695,627              2,270,313                    4,061,537        2,331,472                272,134              12,109          88,075      1,601,392
   19 218,384            88,214        102,709     525,219   892,872 1,302,179              2,774,830                    4,802,239        3,507,845                304,978              21,078          69,074      1,736,133
 1820 179,462           186,603        138,297     679,561 1,155,254 1,659,556              2,403,985                    5,101,779        3,477,771                404,557              13,906          71,190      1,580,025

       149,203
       1   1            147,283        186,325      645,357 1,097,107      1,579,919        2,620,937                    5,162,550        3,660,567                383,132              28,481 67.410
       2
       170,983          102,467        137,707      374.784   637,132      1,048,297        2,604,825                    4,469,308        3,579,413                387,285              39,260 67,737
     3 143,368          105,351        176,716      458,172   778,893      1,204,329        2,807,815                    4,949,120        4,022,782                426,437              80,386 80,682              1,588,711
     4  89,903          147,086        213,980      435,261   739,944      1,190,914        3,005,056                    5,070,897        4,223,241                412,060             119,512 86,218              1,631,129
     5  85,122           59,358        173,075      389,793   662,649        980,204        2,750,283                    4,536,104        3,756,653                341,812             165,625 88,418              1,278,977
     6 102,292           92,203        105,881      343,563   584,058        884,355        3,214,093                    5,254,975        4,518,688                333,366             138,987 48,694              1,817,146
                                                                                                                                                                                                    j

     7  40,924          110,558        103,965      409,060   695,402        950,851        2.944,913                    5,060,038        4,218,623                394,759             205,296 66,442              1,386,726
                                                                                                                                                                                                    j


     8  50,578          160,530        160,329      456,838   776,624      1,148,063        3,474,385                    5,498,478        4,576,287                434,489             188,984 72,656
                                                                                                                                                                                                    I
                                                                                                                                                                                                                   1,382,025
     9  16,193           56,174        172,950      475,545   808,427      1,106,064        3,495,710                    5,453.028        4,452,794                494,899             192,405 62,365              1,425,747
  1830  13,355          131,796        166,310      607,680 1,032,886      1,344,348        3,571,655                    6,063,322        4,767,342                592,986             159,683 59,890              1,599,445
     1  10,800          122,276        287,644      581,835   989,120      1,409,841        3,668,651                    5,346,428        4,219,049                562,121             156,578 46,233
                                                                                                                                                                                                    1              1,621,341
     2         •




                                                                                                                                                                                   i

     3
       4
                                                                                                                                                                                   1
       5 1                                                                                                                                                |
                                                                                                                                                                                                    |
