                                                                                                          81

 STA'I              LMENT
                shewing the Official Value of each of the Ten principal, and Total including all other Articles of British Produce and
   Manufactures EXPORTED, in each of the 23 Years 1805-27, and the Declared Value of the same in each of the 14 Years 1814-27.
                                                                       MANUFACTURES                                Iron Ilf Steel              Brass unit                                                                      TOTAL
                                                                                                                   Wrought and                   Copper                                              J^.e fined

                  Years   Manufactures     Cotton Yarn           Woollens             Linens         Silks         Un wrought                   Wares               Corns    ;
                                                                                                                                                                                     Salt             Sugar              other Articles
                                                                                  .£                                          £                     £                 £                                                              £
                fl805      8,771,271       1,086,176        6,005,540           656,943           200,168          1,253,490                   382,740         525,014                          1,111,759                25,004,337
                    6      9,896,616         854,424        6,247,727           800,492           218,423          1,532,793                   320,198         557,515                          1,199,774                27,402,685
                    7      9,846,889         669,948        5,372,962           766,146           203,113          1,394,969                   411,399         494,240           277,883        1,203,695                25,171,422
                    8     12,835,803         575,015        4,853,999           874,460           128,775          1,193,145                   356,442         526,845           201,669          948,304                26,691,962
                    9     18,616,723       1,115,422        4,416,151         1,157,030           190,171          1,414,524                   403,888         405,634           288,258        1,346,770                35,107,439
                 1810     18,033,794       1,075,237        5,773,719         1,618,312           189,550          1,577,738                   358,132         510,163           296,774        1,220,944                34,923,575
                    11    11,715,501         545,237        4,370,497           702,612           137,324          1,244,635                   288,945         527,555           181,619          315,996                24,131,734
                    12    15,972,826         966,007        5,084,991           840,095           165,894          1,445,671                   393,784         616,680           240,293          826,007                31,243,362
                    14    16,690,366       1,185,099        5,604,163         1,556,321           219,398          1,093,089                   351,344         675,228           397,167        1,600,632                36,120,733
                    15    21,677,505         870,993        7,486,022         1,918,530           257,427          1,127,365                   575,361         697,367           378,876        1,765,487                44,048,701
                    16    16,335,124       1,435,394        5,842,767         1,574,348           191,837          1,060,668                   589,796         681,033           230,717        1,694,284                36,697,610
Values

                    17    20,357,147       1,214,770        6,074,729         1,962,361           188,380          1,239,737                   738,194         716,305           216,102        2,018,121                41,590,516
            <      18     21,027,940       1,412,895        6,813,286         2,174,595           213,480          1,469,098                   677,851         681,941           358,091        2,050,765                44,564,045
                   19     10,878,266       1,723,936        5,086,501         1,560,668           178,468          1,185,525                   533,476         697,636           298,970        1.542,133                35,634,416
Official
                 1820     20,704,599       2,129,541        4,745,068         1,953,705           164,703          1,214,427                   665,461         659,671           308,113        1,974,973                40,240,277
                          21,639,493       1,898,695        5,500,922         2,303,443           136,002          1,059,123                   672,496         233,174           217,021        1,765,037                40,194,893
                     2    24,566,920       2,353,217        5,940,147         2,594,783           141,007          1,140,480                   611,800         241,454           236,107          949,450                43,558,498
                     3    24,117,549       2,425,419        5,537,446         2,654,098           140,321          1,203,872                   557,914         216,684           269,393        1,125,787                43,144,466
                     4    27,170,108       2,984,329        6,136,091         3,283,403           159,647          1,125,626                   540,213         235,778           229,101        1,058,811                48,030,037
                     5    26,597,575       2,897,706        5,929,342         2,709,772           150,815          1,106,607                   400,159         265,670           278,225          897,591                46,453,022
                     6    21,445,743       3,748,527        5,041,568         2,056,553           106,648          1,329,569                   524,626         298,069           202,343          917,131                40,332,854
                     7    29,203,139       3,979,760        5,979,701         2,808,082           173,335          1,581,414                   776,895         314,203           245,918        1,117,330                51,276,448
                    8
                    9
                _1830
                 1814     17,393,796       2,907,277        7,569,507         1,732,691           624,749          1,143,357                   479,518         418,626           263,813        3,260,445                47,859,388
                   15     19,124,061       1,781,077        0,200,927         1,828,095           692,958          1,280,962                   753,604         465,521           224,114        2,941,986                53,209,809
                    16    13,072,758       2,707,385        8,404,528         1,476,151           538,165          1,095,636                   675,004         425,236           152,620        2,154,776                42,955,256
                   17     14,178,021       2,131,029        7,947,359         1,729,898           482,831          1,209,073                   795,843         411,435           156,989        2,506,396                43,614,136
                   18     16,643,579       2,554,059        9,048,887         1,971,609           589,585          1,461,416                   811,191         389,196           240,669        2,589,348                48,903,761
                   19     12,388,833       2,707,612        6,899,694         1,408,005           464,370          1,155,173                   669,403         427,811           191,448        1,527,622                37,939,507
Values
                 1820     13,843,567       2,940,328        6,279,165         1,678,198           463,725          1,131,793                   738,486         387,425           219,202        1,881,119                38,619,897
                          13,786,952       2,305,830        6,461,568         1,981,465           373,938            894,590                   678,976         119,997           146,937        1,507,949                35,826,083
                     2    14,534,253       2,700,437        6,484,728         2,192,761           381 ,455           843,833                   597,861         113,510           164,718          678,496                36,176,897
Declared
                     3    13,751,415       2,025,947        5,631,659         2,095,574           350,880            87S,918                   543,618         100,514           182,297          886,916                34,691,164
                     4    15,240,006       3,135,496        6,011,535         2,442,440           442,582            851,113                   523,489         113,083           153,528          748,305                37,573,918
                     5    15,046,902       3,206,729        6,194,926         2,130,697           296,663          1,048,063                   485,118         132,811           154,578          779,194                38,077,330
                     6    10,522,407       3,491,268        4,982,909         1,487,662           168,383          1,105,619                   571,149         143,692           113,204          704,464                30,847,528
                     7    13,956,820       3,545,568        5,277,861         1,895,187           236,093          1,214,948                   786,803         154,043           121,040          963,431                36,396,339
                     8
                     9
             1.1830
 AN ACCOUNT of the Number of Square Yards of Silks, Linens, Paper, Calicoes, Stained or Printed, as Charged with Excise Duty the Gross amount of Du-
                                                                                                    Sf                                                                                           ;

  ty paid, amount of Drawback on the proportion EXPORTED, & Nett amount on the proportion retained for Home Consumption in each of the 14 Yrs. 1814 27.
  also of the amount paid for Bounty on Sail Cloth, & Irish, and British Linens Drawbacks on Silks, & Centage Duty on other Articles of British Produce
                                                                                                               ;

  and Manufactures, EXPORTED in each of those Years. For observations on this Statement see Bounties  in Index.                                         fyc.


                                                                                                                   No. of                                           Bounties on Sail Cloths and                 1II   Draw-        lb Cen-
                                                                                                                                  Amwnt of
                                                                                                                                  |



                                        Square Yards of                                                      Licenses Drawback                                           Linens Exported                         1
                                                                                                                                                                                                                      back on tage Du-
                                                                                        Total                granted     on the   Pr,“‘ZtT.                                                                            Silks
                                                                                                                                  i


                                                                                                                                    retained
                                                                                                                                                                                                                                ty on
                               Silk       Linen       Paper         Bri. Calico
                                                                                  j




                                                                                  1
                                                                                      Amount      Proportion to Calico proportion                               1    Suil   Irish      British                        Expor- certain
           Years 'at 7d       at Od.      at Sjd.     at ljfd.        at 3jd.         of Duty       Scotland Printers Exported Consumption                          Cloths Linens       Linens       ’iretmd'          ted         Articles
                                                                                                                                          -p
                                                                                                                                                        £                        £          £           £               £
           1814     227,520   821,180    5,170,993   4,620,972       81,435,935       1,284,032     247, 01G            257             819,349    405,282          6,362    37,502    112,029       18,608           65,034       581,802
             15     131,915   770,500    4,080,220   4,061,320       81,202,020       1,333,893     250,121             276             945,817    388,077          8,677    40,456    104,703       18,883           68,532       249,075
             10     102,096   704,918    4,004,104   3,740,145       77,235,510       1.137,927     109,771             250             718,170    419,357          6,747    43,939    106,525       13,089           51,870       144,492
             17      97,450   848,935    2,770,595   3,481,810       08,158,814       1,104,838     210,142             210             824,008    340,170          6,037    46,835    140,401       21,525           45,577        98,113

             18      138,078 490,311 2,844,591       5,141,011      103,408,272       1,507,453    248,778              215           1,079,003    487,850           4,679   48,386    169,557       28,848           47,568        82,855
             19       71,449 557,802 2,070,019       5,005,388       80,740,160       1,523,017    220,066              207              877,832   649,185           4,793   33,049    127,414       16,177           47,545        71,027
           1820      108,103 090,045 2,093,722       4,090,638       99,002,280       1,001,040    203,238           212                 935,010   005,429           6,944   49,743    143,229       11,928           38,578        62,044
                1    112,008 781,800 1,959,571       4,585,348      103,025,871       1,748,506    238,002           204               1,077,420   671,025          11,390   59,316    161,453       18,219           42,C05        70,216
                2    102,310 821,787 2,519,083       5,142,156       99,022,771       1,074,139    261,108           211               1,186,875   487,274          10,407   74,393    208,355       17,112           44,023        72,579
                     130,220 809,250 2,420,074       5,480,771      114,929,822       1,811,919    201,388           202               1,140,252   665,000          10,699   73,392    207,280       17,705           39,222        70,045
                4     92,047 902,839 2,392,039       0,201,220      135,055,139       2,040,718    357,221           213              1,381,942    658,776          13,034   79,711    248,560       17,115           34,290        73,231
                5     53,049 973,305 1,771,887       7,318,271      138,725,032       2,035,220    373,643           101              1,065,592    309,243          14,452   75,534    195,004       12,015             560         77,031
                                                                                                                                                                                                                 |

                0     32,992 197,339 1,090,571       5,440,004       95,337,419       1,524,621    250,147           203              1,020,971    503,093          10,384   34,177    108,154       10,259                         01,504
                7     37,397 repealed. 1,408,744     6,119,228      134,402,808       2,022,258    315,400           190      1       1 300,069    662,189          10,282   35,969    137,048       12,114                         70,935
                8
                9                                                                                                                                                                                                1
                                                                                                                                                                                                                               l


           1830                                                                                                     .         I
