                                                                                                                            85

      AN ACCOUNT of the Number of Bushels of Malt                                                            ;
                                                                                                                 Barrels of Strong and Table Beer;
                                                                                                                                            Ifos. of              Soap,         of Candles,           Hard                    and
charged with Duty in each Collection of Excite, in the Year 1829; also an account of the Gross Receipt within, Expences of, and amount of Money remitted from each Collection in the same
Year In the Collections noted with an • in the Column of Expence of Collection, the Salary of the Collector is £350
                   ;
                                                                                                                                                          ^
                                                                                                                          annum ; in those noted with a +, £450 ; and those blank, £400 except                                                  ;

Bristol, iu which it is £550 ; and Liverpool, £600 ; Iu the Six Collections noted with a J, Soft Soap was made in 1829, to the extent of 9,062,978 lbs. in addition to the Hard.— see SLaiemenl
Soap and Candles                    .




                                Collections                     Biuhels of Malt                                               In 1829.                                                               Amount of each Collection in 1829.
      arranged in order of reference                                                                                                                                           lbs. of
                                                               1826.         1829.
                                                                             1
                                                                                                           Barrels of BEER .                       lbs.   of                                           Gross               Expence         Amt. remit-
 to the                    Statement of 800 To w ns,       P. P. No. 74 P. P.No. 187,
                                                                                                        Par. Paper, Mo. 190, Session 1830.
                                                                                                                                              Hard Soap.                      Candles                 Receipt,
                                                                                                                                                                                                                                           ted to Recr.
                                                                                                                                                                                                                              of
                                                                                                                                                                                                   Par. Pa. No. 221
           at which Sittings are held.                     Session 1827. Session 1830.             1      Strong              Table          No. 191 of 1830.                 in 1821.     1

                                                                                                                                                                                                                          Collection         General
                                                                                                                                                                                           l



                                                                                                                                                                                                          £                   £                     £
                       f    1   Cornwall                      247,210               173,489        1     54,815               4,655                                          1,547,415               78,919       8,052                      68,924
        2 Plymouth                                            301,847               178,829              49,733              22,989   2,072,848                                942,162              121,339       7,774                     112,683
 1.-    3 Exeter                                              230,068               149,218              44,235              12,488        57,491                              897,001              108,123       9,205                      97,813
        4 Barnstaple                                          271,203               183,481              29,655               5,621         5,050                              561,423         I     61,779       8,809                      51,816
                                                                                                   j




        5 Wellington .....                                    297,980               190,747        I
                                                                                                         25,241               7,719       194,243                              551,522               84,434       8,072                      74,944
        6 Somerset                                            205,641              130,931               27,101               7,620        35,853                              634,250               60,103       7,695                      51,826
        7 Bristol                                             318,097              312,318              111,243              19,549 1 7,717,722                              1,788,372              449,752     13,549                      427,174
 0      8 Bath                                                646,053              460,302              115,478              42,313      528,156                             1,508,305              179,198       9,274                     163,743
        9 Gloucester                                          398,963              302,190               64,311              18,057      690,615                               964,889              117,534       8,213                     105,775
       10 Southampton ....                                    358.288              277,673               69,090              28,374      506,764                             1,362,554              131,492       7,863                     131,236
     Ill Isle of Wight ....                                   321,993              257,975               42,055              22,931        12,823                              771,654               81,080     1 6,808                      68,861
     f 12 Dorset                                              287,256              212,169               34,324              11,819      129,199                               839,757               67,052       6,154                      58,761
       13 Salisbury                                           504,334              402,538               65,609              19,849                                            796,507     1
                                                                                                                                                                                                    123,897     *7,097                      116,164
 3. J 14 Marlborough   ....                                   384,302              298,508               39,254              14,437        56,238                              728,297               83,874     * 7,090                      76,216
       15 Reading                                             584,159              459,942              124,735              25,263        49,196                            1,066,435              196,932     *7,007                      189,560
     _16 Stourbridge ......                                   580,010              460,570               83,079              26,105   3,079,411                               994,733               241,154      12,385                     226,189
     fl7 Essex                                                945,987              769,911               58,551              16,734      177,307                              844,397               244,696     t 8,063                     243,210
       18 Suffolk                                          1 ,433,646            1,153,524               51,934              16,069      954,948                            2,131,046      1        237,522 1 10,136                        226,700
                       19       Norwich                    1,212,167               949,010               68,377              20,109      704,107                            1,438,245      1
                                                                                                                                                                                                    207,417     18,564                      195,356
                       20 Lynn                                637,232              472,297               70,850              20,760        36,795                             707,521               125,388       5,893                     118,675
               ^21 Cambridge                               1,190,899               918,808              104,229              21,281        27,044                             919,695      ;
                                                                                                                                                                                                    218,291     * 7,038                     210,940
               r
                 22 Hertford                                  900,435              706,825              104,152              48,962      198,325                             1,911,071
                                                                                                                                                                                           1


                                                                                                                                                                                                    564,121       8,999                     555,345
                 23 Bedford                                1,253,225             1,034,207               71,456              10,970        79,101                               918,372        ;
                                                                                                                                                                                                    203,049     *7,319                      194,886
 H
                                                                                                                                                                                                                                       j




                 24 Uxbridge                                 457,079               370,003               87,244              20,054                                          1,000,878              217,698     * 8,706                     208,475
                 25 Northampton ....                         618,511     1
                                                                                   497,938               61,968              19,592        70,554                            1,212,383              129,148 * 10,243                   !
                                                                                                                                                                                                                                            118,357
           1
               „ 20 Litchfield                               823,728     1         711,091              185,797              19,505      302,241                             1,470,119              341,024      12,286                '
                                                                                                                                                                                                                                            328,363
               r
                 27 Oxford                                   470,585               378,064               07,326              14,991         3,212                               835,824             118,660     *7,175                 1
                                                                                                                                                                                                                                            111,238
                 28 Coventry                                 777,468               624,960              109,467              37,390        20,533                            1,849,648              192,172 *11,481                    |
                                                                                                                                                                                                                                            173,366
                 29 Derby                                     751,521              600,844              112,069              28,301      210,379                             1,551,141              196,917     * 9,079                1


                                                                                                                                                                                                                                            179,531
      ..
                 30 Stafford                                 413,152               336,158    |
                                                                                                         84,261              21,213                                             801,624        ,
                                                                                                                                                                                                    126,673     *9,141                      116,990
 3                                                                                                                                                                                                                                     j




                 31 Shrewsbury                               557,827               450,790               61,034              25,226                                          1,114,910              133,061       8,607                1


                                                                                                                                                                                                                                            124,197
                 32 Northwich                                  70,672                52,998              71,170               4,139        15,228                            1,438,245              348,906 f 10,859                        334,341
                                                                                                                                                                                               j                      j




      33 Chester                                             499,612               366,352               49,804              14,419   3,928,904                                 868,608        !    168,466       9,501                     158,076
     ^34 Liverpool
           1                                                  18,761                  6,438             137,940              23,473 122,725,480                              1,886,365              617,954      13,972                      14,195
     "35 Grantham                                          1,002,730               853,740              140,191              19,413      478,523                    1        1,454,868              221,906       8,998                     201,536
           1


      30 Lincoln                                           1,035,718               704,570               60,108              12,947      387,446                                872,301    i
                                                                                                                                                                                                    187,337      10,227                     176,916
   J 37 Sheffield                                            605,033               489,150               93,568               4,779      411,710                             1,145,093              166,346 * 10,732                        155,476
 7
      38 Leeds                                             1,278,841             1,153,853              119,631               3,222    I 604,984                             1,386,404              310,530 t 10,945                        274,298
           I
      39 Wigan                                               184,953               170,610              129,908               9,298 X 2,310,513                              2,199,765              505,536 f 12,382                        489,823
      40 York
           I                                                 672,915               442,984               72,182               8,806      246,634                             1,366,207              139,647      10,318                     130,042
     "41 Manchester                                               309                  292    1
                                                                                                        236,028               1,127        28,670                            3,305,893              776,800 t 14,658                        753,393
           1

      42 Halifax
           1
                                                             323,117              333,687                98,064                   949          -                             1,400,713              513,375      12,974                     478,726
      43 Lancaster                                           240,737              194,415                61,759              12,918                349,885                   1,101,526              116,603       7,761                     105,4(i3
 ft
   J 44 Hull                                                 210,534              155,416                38,840              10,749          J 1,129,161                       736,177               91,232       5,085                      63,613
   l
      45 Whitby                                              191,063              138,542                37 ,353              7,359                 64,055                      788,782              64,606       7,455                      56,751
      46 Durham'




                                                             205,106              150,934                55,606              19,960                             1

                                                                                                                                                                             1,056,629              242,591       9,382                    216,686
           j


      47 Newcastle
               |                                             297,729              212,758                73,583              28,813           5,497,922                         847,671             415,102    f 9,796                     361,252
           i
               l_48 Cumberland                               316,603              276,008                50,289              19,520             391,038                      1,113,778              117,501      12,550                    103,237
               ("49 Northumberland..                         129,903              113,611                29,440               8,756              42,890                         545,972              46,703    * 6,103                      41,988
                         C 50 N orth                         244,331              187,970                42,252               2,658                                             450,840              65,621    * 7,982                      57,411
                                                                                               j


                              Middle
           j

                       •S
                         ) 51                                255,810              212,280                28,484               4,973                                             302,194              59,942    * 7,633                      51,806
                       £ ) 52 East                           368,302              290,387               106,763               5,066                                          1,003,437              126,960 * 10,032                       111,223
               I
                   (.53 West                                 165,701              165,592                27,929              10,317                                             355,089              49,681       8,433                     40,776
               f 54 Worcester                                838,55  i            276,017                47,376              13,116             167,667                         825,380             118,454   f 8,249                      103,844
               I       55 Hereford                           266,585              237,428                35,956              11,182              65,743                         753,352             102,970       9,968                    108,498
               |
                       50 Surrey                             949,792              854,729               161,568              92,609           5,991,848                      3,578,769              527,332     10,773                     494,761
 o.<
               )
                       57 Rochester                          314,673              266,469                93,629              61,038             644,147                      2,103,473              306,769 f 10,286                       294,870
                       58 Canterbury                         371,910              288,044                65,896
                                                                                                                        j




                                                                                                                             24,806              60,601                      1,302,554              167,135   t 8,197                      158,273
                   1   69 Sussex                             411,503              317,021                81,906              44,080             628,032                      1 ,376,548             201,732   f 9,323                      189,800
 -UJNUUN                                                      40,078               29,797               1,469,994           261,824          29,196,591                     18,894,695              6,433,549 251,536                       4,574,216

 VOTAL England and Wales 29,359,164 23,428,074                                                          5,949,290       1   1,380,467        93,293,832                     87,368,417             18,651,786             794,178          15,798,574
       do.                         SCOTLAND                3,172,327             3,712,964              110,952             239,387          x 9,638,586
                                                                                                                                                                             No Return              2,362,254             111,031           1,951.148
                                  JRELA ND
                                                                                                    1



       do.                                                 2,673,002                                                                         Free of Duty                   Free of Duty            1,539,349             139,713           1,440,085
                                                       1                         2,012,639          |                   1
                                                                                                                                                                        j
