                                                                      ...
                                                                        ..




                                                                                                                                                                          84

                        AN ACCOUNT of the Quantity in fos. Weight of Hard Soap; Number of Bushels of Malt, and amount of Duty paid there-
                  on; the Number of Public, and Retail Brewers; and of Lincensed Victuallers, and the Number of Barrels of Beer, Brewed bv
                  them, in each of the 60 Collections of Excise, in England and Wales, in the Year 1827.

                                                                                                                                                                                                              Number of Barrels qf Beer Brewed in 1827
                                                                              Charged with Duty in 1826
                                                                                             i                           A mount of   Public   Brewers   Retail Brewers
                                                                                                                                                                           Number 0, f Licensed
                                                                                                                                                                                    ere in 1828               STRONG by                          TABLE by
                            Collections                                        lbs. Weight               Bushels of      Duty paid                                        for Public their own
                                                                                                                                                                                                   Public      Licenced    Retail     Public     Licensed    |
                                                                                                                                                                                                                                                                     Retail
                                                                              of Hard Soap                 Malt           on Malt                                                                 Brewers     Victuallers Brewers Brewers        Victuallers Brewrs
                                                                                                                                                j                                      Beer



                                                                                                          247,210          32,102         15                77              168        374        19,908       38,102     3,322       1,023       4,532                 47
              '
                       2 Plymouth 2 .... 1,962,422                                                        301,847          38,998         27                     4          328        194        34,734       20,187       781      12,936       4,056                 20
                                                                                                           230,068         29,758         21                     4           82        387         8,614       41,014          495    3,349      10,076
                       4 Barnstaple 4         .       .       .                  15,228                    271,203         35,107          4                     2           37        544           238       32.606          118       212      6,283
Western                5 Somerset 7 ....                                         67,849                    205,641         26,730         15                     5          108        286         9,137       22,250          662    2,692       5,810                130
                       6 Wellington 16                        .       .         200,521                    297,980         38,519          8                     1           34        347         4,121       26,539          112    1,725       7,370                 93
                       7 Bath 2                                                 504,634                    646,053         83,677         34               42               174        275        67,433       47,535     7,829      28,777      12,187              5,206
                    8 Bristol * 1                                             7,694,065                    318,097         41,106         20               12               175        381        37,444       83,909     1,102      16,816       5,633                 24
                  _ 9 Gloucester 5            .       .       .                 934,811                    398,963         51,689         16               52               107        427        18,859       44,718     6,031       6,097      12,180                530
              / 10 DorsetS                                                      141,063                    287,256         37,350         32                9               218        128        20,054       11,947     1,696       7,838       5,322                420
              \ 11 SouthamptonG                                                 344,261                    358,288         46,451         55               34               647         39        58,897        3,953     10,864     29,905       2,598              4,049
West
              / 12 Isle of Wight 3                                               56,579                    321,993         41,809         33               12               404         32        34,280        3,026     3,727      20,104        1 ,283            3,464
              i 13 Marlboro 10            ’
                                                                                 91,387                    384,302         49,790         20                6               122        313        15,884       25,716          890    6,310       8,868                 78
 S.
                                                                                                           504,334         65,310         26                13              266        190        42,861       28,287     1,575      10,411      10,915                703
              r 15 Canterbury 2
                             90,804                           .        .                                   371,910         48 A 91        44                10              604         40        69,628        1,491     3,175      28,226       1,483                602
    5
 East
       16 Rochester 3       616,971           .           .       .                                        314,673         40,571         58                10              975         23         100,992      1,485     3,429      70,058         591              3,364
     1 17 Sussex 5          802,249                                                                        411,503         53,348         60                21              586         69        75,472        3,973     4,699      39,489       2,702              3,532
 S.
    (A 8 Surrey 5         5,021,275                                                                        949,792        123,169         66                19              824          2         156,350        118     7,354      93,528            11            2,589
    f 19 Essex              167,552                                                                        945,987        122,343         33                     4          496        125        38,726       18,305          443   12,051        7,796               219
    J
       20 Suffolk 4         921,585                                                                      1,433,646        185,492         30                      7         271        195        22,693       31,294     2,120       6,767       10,190             1,795
  East
                            515,078                                                                      1,212,167        157,006         65                 3              971         33        76,177        3,083           40   28,534        4,379
    t 2 Lynn                 54,408                                                                        637,232         82*556         36                 8              623        101        64,511       11,093     1,435      18,618        5,083                28
                            270 260                                                                      1,035,718        134,602         19                 5              167        602        18,895       51,534          675    3,243       11,724
  East

    <   4 Grantham 3        478,193               .       .       .       .
                                                                                                         1,002*730        130,017         44                13              695        396        69,161       44,125     1,850      10,615       12,503               396
          .


 N f 5 Cambridge             35,969               .       .       .       .                              1,190,899        154,218         32                34              878        160        78,033       27,054     2,703      14,239        8,407               516
      C 6 Hertford 4        275,531                                                                        960,435        124,388         27                10              715          65       93,893       10,720     1,850      47,937        6,494             1,628
        7 Bedford |          48,369                                                                      1,253,225        161,315         12                 11             396        271        52,992       21,005     3,071       6,768        6,294                41
        8 Northampton!!      84,758                                   .                                    618,511         80,273          8                  6             184        845        13,347       52,820          952    3,126       18,282     !         661
        9 Coventry 2 ....    38,845                                                                        777,468        100,806          11                19             103      1,025        12,949       112,836    2,737       4,361       37,978      !




       30 Derby             137,865                                                                        751,521         97,412          12                11                81      908         7,375       116 67"         303    2,452       29,016
                                                                                                                                                                                                                                                                 j




                        1 Stafford                                                                        413,152          53,613          13                13                89      616        39,094       44,527     3,694        9,507      13,447         i

                                                                                                                                                                                                                                                                         17
              <         2 Litchfield                                             420,209                  823,728         106,562           5                85                39      875         9,738        166,769    12,387      3,870      16,038                 53
  Midland


                                                                                                          557 827          72,358           2                11                14      587         2 898       62,259      1461          514      25,931
                  4 Worcester 4
                  5 Stourbridge 3
                  6 Hereford 5 ....
                                      149,543
                                    2,461,945
                                       59,387
                                                                  .
                                                                                                          338^551
                                                                                                          580,010
                                                                                                          266,585
                                                                                                                           43,871
                                                                                                                           75,072
                                                                                                                           34,596
                                                                                                                                            3
                                                                                                                                            2
                                                                                                                                            5
                                                                                                                                                             13
                                                                                                                                                             49
                                                                                                                                                              4
                                                                                                                                                                               17
                                                                                                                                                                               18
                                                                                                                                                                               16
                                                                                                                                                                                       465
                                                                                                                                                                                       766
                                                                                                                                                                                        561
                                                                                                                                                                                                   1,226
                                                                                                                                                                                                   3,057
                                                                                                                                                                                                   1,990
                                                                                                                                                                                                               46^529
                                                                                                                                                                                                               86,698
                                                                                                                                                                                                               33,323
                                                                                                                                                                                                                          1,478
                                                                                                                                                                                                                          4,804
                                                                                                                                                                                                                               406
                                                                                                                                                                                                                                         443
                                                                                                                                                                                                                                       1,079
                                                                                                                                                                                                                                         776
                                                                                                                                                                                                                                                  13,’ 535

                                                                                                                                                                                                                                                  28,106
                                                                                                                                                                                                                                                  10,826
                                                                                                                                                                                                                                                                     —   77

                                                                                                                                                                                                                                                                        56
                  7 Oxford 2           14,704                                                             470,585          60,992          17                12             389        *374       41,128       28,663     1,713        6,252        9,671              446
                  8 Reading            59,723                                                             584,159          75,697          27                10             666         22         128,628      2,773     4,792       24,992        1,307            1,805
                  9 TTybfidgp
                  1
                                                                                                          407,079          59,152          31                10             783        148         75,299      14,875     2,399       16,139       6,148             1,410
              /" 40 East                                                                                  368,302                                            24                        856                                               662       5,407
                                                                                                                           47,801          11                               172                    15,350      89, 709    5,033
              1   1 Middle              6 135                                                             255 816          33,242                                            18        613                     27,782                              5,504
  Wales


                  1
                    2 North                                                                               244,331          31,677         9                       6         l42        708         6,273       38,515          767       484       2,301
                  t 3 West                                                                                165 761          21 534
                                                                                                                              '
                                                                                                                                          7                                    69      683         2 404       25 626                    760       9,633
                    4 Northwich                   .       .       .              24,539                    7o’, 672         9 140         9                  24             195        641        16,036       56^858     3,598        1,477        1,948               33
                        5 Chester 2                                           4,010,623                   499,612          64,769        15                       7         353        449        16,901       35,704     1,138        7,093       7,949
                        6 Liverpool *                                           18,077,788                 18,761           2,440        63                 14             1,194        40        111,182       9,172     2,312       22,613       2,884                  1
                        7 Wijrn.n *S                                          1,358,485                   184,953          23,971        36                 16              480        456        68,467       60,097     1,703        6,773       3,458
  York
                        8 Manchester *                            .             325,648                          309           40        27                 41              309        653        97A88        131,297    7,319            6           141
                        9 Lancaster 2          246,737
                                                  .       .       .             310,334                                    31,977         4                 26               60        481          1,191      46,791     3,025        1,173      13,456                36
  and            50 Halifax                    323 117                                                                     41 706        14                  8              189        856        23 781       80 542     1,249            80        914
                  1 Leeds 2          454,106 1,278,841                                                                    165,400        14                 18       86                819        17,004        106,791   2,640        1,760         854
  Lancaster
                  2 Sheffield        444,133   605,033                                                                     78,453         7                 20      138                899        20,727       75,442     3,992          307      4,286
                  3 York                       572,915                                                                     74 460        59                  2      874                437        50^609       32 235          410    5,770       3,699
                  4 Hull *           927,115   210,534                                                                     27,277        33                      1  440                 68        40,093        5,828          133   10,670       1,420
               [_ 5 Whitby
              C G Durham
                                      86,224   191,063
                                               205,106
                                                                                                                           25,850
                                                                                                                           26^610
                                                                                                                                         47
                                                                                                                                         47
                                                                                                                                                                    831
                                                                                                                                                                 2 1081
                                                                                                                                                                                       174
                                                                                                                                                                                       202
                                                                                                                                                                                                  31,122
                                                                                                                                                                                                  43^659
                                                                                                                                                                                                               12,429
                                                                                                                                                                                                               18,412          220
                                                                                                                                                                                                                                      5,805
                                                                                                                                                                                                                                     14,920
                                                                                                                                                                                                                                                  2,231
                                                                                                                                                                                                                                                  5,456              —
                                                                                                                                                                                                                                                                     —
  Nortn
              1

              j
                  7 Newcastle
                  8 Northumberland
              L 9 Cumberland 2
                                   4,455,998
                                      60,381
                                     445,172
                                               297,729
                                               129,903
                                               316,663            .
                                                                                                                           38,587
                                                                                                                           16,814
                                                                                                                           41,097
                                                                                                                                         32
                                                                                                                                         20
                                                                                                                                         40
                                                                                                                                                           —
                                                                                                                                                           —
                                                                                                                                                                 3 596
                                                                                                                                                                    551
                                                                                                                                                                   1024
                                                                                                                                                                                       115
                                                                                                                                                                                        44
                                                                                                                                                                                       185
                                                                                                                                                                                                  53,913
                                                                                                                                                                                                  26,944
                                                                                                                                                                                                  42,222
                                                                                                                                                                                                               32,341
                                                                                                                                                                                                                5,609
                                                                                                                                                                                                               10,069
                                                                                                                                                                                                                           —   255   19,028
                                                                                                                                                                                                                                      7,704
                                                                                                                                                                                                                                     16,204
                                                                                                                                                                                                                                                 16,733
                                                                                                                                                                                                                                                  1,458
                                                                                                                                                                                                                                                  4,896
                                                                                                                                                                                                                                                                     —
                                                                                                                                                                                                                                                                     —
              Total of 59 Collections (147)                                     55,801,077                29,318,4S6      3,798,860   1,472 893                           22,272 22,569           2,315,082   2,328,067   142,968     725,068     478,683            34,069
                                 LONDON                                         32,367,520                    40,678          5,254      99. 67                            4,262     40           1,582,198       6,001    19,095     274,828       9,333            18,762
                                    Scotland                                     8,676,845                 3, 172,3<;7      390,890       211                     8       14,409    251             102,928       4,598     4,493     188,366      48,813             4,112
                                                                                                 |




                      Total i treat Britain (165)                               96,845,442       i   l
                                                                                                          32,531,491      4,195,004   1,782                968 40,942 22 , 86ol 4,000,208                     2,338,666   166,556    1,188,262    536,829            59,943
