                                                      i




                                                                                                                              77

  STATEMENT shewing the Quantities, and Declared Values of each, of all the principal articles                    from Great Britain, to the East In-          EXPORTED
   dies and China, in each of the 14 Years 1814-1827. and also the Quantities of each of all the principal articles              from thence into Great                                    IMPORTED
   Britain,  and the Total Official Value of the same, in each of the afoiesaid 14 Years, distinguishing the proportion, both Exported and Imported on
   Private Trade Account, from the proportion Exported and Imported on account of the Hon. East India Company
                                Yards of Cottons.                    Official     lbs a   Weight           Pieces of Woollens .        Official                             Tons Weight of                                                 Total         Proportion on
                                                                     Value                                                               Value                                                                                            Official         account of
                Years        Plain             Printed        of all others               Yarn.            Cloths        Stuffs      of all others        Iron              Copper                 Tin            Lead                     Value,        Private Trade
                                                                                                                                            £                                          |

                                                                                                                                                                                                                                            £                        £
            ri8i4             213,408           604,800          16,247                           8   25,198            217,011        16,122            11,108              1,881                  619              726 1,969,404                             578,889
               15             489,399           866,077           8,290                               28,880            195,402        19,784            13,395              2,069                 472|;           2,195 2,064,566                             946,264
                  16          714,611           991,147          13,350                     624       19,729            187,673        28,628            13,768              1,772                 386|            3,973 2,185,642                           1,232,968
                  17        2,468,024         2,848,705          25,688                   2,701       22,341            146,572        23,731            15,815              2,631                  465            5,788 2,779,026                           1,898,186
                  18        4,614,381         4,227,665          34,660                   1,861       26,500            183,150        27,951            15,354              2,951                                 4,765 3,185,751                           2,365,185
                  19
                1820
                            3,414,060
                            6,724,031
                            9,919,136
                                              3,713,601
                                              7,601,245
                                              9,976,878
                                                                  9,134
                                                                 39,787
                                                                 37,265              5,865
                                                                                            971
                                                                                            224
                                                                                                      27,627
                                                                                                      43,133
                                                                                                      62,439
                                                                                                                        174,707
                                                                                                                        211,593
                                                                                                                        204,682
                                                                                                                                       10,273
                                                                                                                                       12,760
                                                                                                                                       37,100
                                                                                                                                                          9,356
                                                                                                                                                         11,265
                                                                                                                                                         12,664
                                                                                                                                                                             2,679
                                                                                                                                                                             3,624
                                                                                                                                                                             3,540
                                                                                                                                                                                                   —
                                                                                                                                                                                                   122|
                                                                                                                                                                                                          \
                                                                                                                                                                                                          1
                                                                                                                                                                                                                   2,436 2,373,556
                                                                                                                                                                                                                   1,612 3,272,811
                                                                                                                                                                                                                   1,068 4,303,045
                                                                                                                                                                                                                                                             1,486,058
                                                                                                                                                                                                                                                             2,142,894
                                                                                                                                                                                                                                                             2,766,388

                                                                                                                                                                                                   —
                      1
                      2    11,712,639         9,029,204          68,742             22,200            49,485            169,475        32,613            12,778              3,069                  317            1,050 3,878,934                           2,886,864


      ;s
                      3
                      4
                      5
                           13,750,921
                           14,858,515
                           14,214,896
                                              9,540,813
                                              9,666,058
                                              8,844,387
                                                                 46,736
                                                                 26,971
                                                                 34,422
                                                                                   121,500
                                                                                   105,350
                                                                                   235,360
                                                                                                      50,543
                                                                                                      52,313
                                                                                                      46,608
                                                                                                                        219,984
                                                                                                                        165,743
                                                                                                                        184,818
                                                                                                                                       21,435
                                                                                                                                       15,293
                                                                                                                                       19,706
                                                                                                                                                         15,681
                                                                                                                                                         13,422
                                                                                                                                                         12,115
                                                                                                                                                                             3,303
                                                                                                                                                                             3,070
                                                                                                                                                                               563
                                                                                                                                                                                                   —
                                                                                                                                                                                                   —
                                                                                                                                                                                                                   1,137 4,355,431
                                                                                                                                                                                                                   1,656 4,394,800
                                                                                                                                                                                                                   3,415 3,945,076
                                                                                                                                                                                                                                                             3,372,592
                                                                                                                                                                                                                                                             3,344,100
                                                                                                                                                                                                                                                             2,944,109
                      6    16,006,601        10,218,502          49,389            919,387            54,131            242,432        22,551            11,870              1,592                 1181            3,246 4,877,133                           3,584,300
       s
a |                   7    28,204,234        14,406,931         307,882               3,266,478       58,530            139 119                          19,262              2,614                  110            4,489
£©•                             £                   £                    £                  £                £                £              £                 £               £                    £                 £
o
a,
            '1814
                  15
                  16
                               30,818
                               57,967
                               70,828
                                                 60,100
                                                 72,960
                                                 72,386
                                                                     18,562
                                                                     11,484
                                                                     17,320
                                                                                            —
                                                                                            190
                                                                                                  7   438,490
                                                                                                      543,902
                                                                                                      409,553
                                                                                                                        621,429
                                                                                                                        489,398
                                                                                                                        571,922
                                                                                                                                        24,516
                                                                                                                                        27,466
                                                                                                                                        45,776
                                                                                                                                                         183,809
                                                                                                                                                         242,721
                                                                                                                                                         241,122
                                                                                                                                                                        242,239
                                                                                                                                                                        263,195
                                                                                                                                                                        192,396
                                                                                                                                                                                           49,529
                                                                                                                                                                                           37,783
                                                                                                                                                                                           25,287
                                                                                                                                                                                                                  19,393
                                                                                                                                                                                                                  46,909
                                                                                                                                                                                                                  72,501
                                                                                                                                                                                                                                         2,559,033
                                                                                                                                                                                                                                         3,166,962
                                                                                                                                                                                                                                         3,378,758
                                                                                                                                                                                                                                                               830,344
                                                                                                                                                                                                                                                             1,422,505
                                                                                                                                                                                                                                                             1,847,777
BQ                                                                                                                                                                                                                112,404
                  17          195,170           198,330              29,314                 505       368,410           428,285         31,032           273,251        281,836            30,225                                        4,022,642           2,716,862
                  18          373,633           292,282              34,977                 455       378,584           526,957         37,644           258,649        336,493                          45       114,352                4,963,984           3,117,018
                  19          219,399           233,618               8,249                 138       421,696           503,146         13,376           142,573        330,225                          47       60,667                 3,027,268           1,673,142
                1820          343,125           474,004              33,752                  24       615,880           715,790         16,794           159,091        407,357                          52       35,583                 3,987,528           2,272,8051
                      1       508,858           589,160              24,046                 805       729,258           639,587         52,709           160,933        363,978             8,353                 24,948                 4,809,678           2,830,966
                      2       609,952           486,646              48,459             2,335         558,760           478,863         42,856           156,342        3i0,984            20,605                 23,237                 4,088,847           2,816,545
                                                                                                                                                                                               5
                      3       625,694           508,193              33,625            16,993         493,253           525,887         25,815           187,893        341,715                                   24,884                 4,357,456           3,189,482
                      4       602,681           497,893              17,009            13,041         479,003           387,256         15,889           167,097        318,023                 5                 38,812                 4,200,828           2,991,676
                      5       597,098           417,267              24,072            35,345         438,605           445,103         20,605           183,255         70,968                 5                 81,421                 3,960,432           2,643,159
                      6       584,974           440,536              33,961           100,869         555,653           618,897         23,359           196,491        189,694            15,412                 81,081                 4,739,359           2,879,075>
            .         7     1,006,851           602,296              48,078           294,501         465,203           321,100         25,688           282,048        266,456            14,570                 88,518                 5,201,600           3,903,006


                                                              lbs.    Weight of                                               Cwts              Pieces                         Pieces of Silks                                             Total             Proportion on
                                                                                                                                                  °f                                                                                                           account of
                Years         Tea            Coffee             Cotton                       Silk             Indigo                         Cottons           Bandannocs      Crapes              Saar           Flowersd and              Value            Private Trade.
                                                                                                                                                                                                                  Fancy Silks.
                                                                                                                                                                                           1

                                                                                                                                                                                                                                             £                       £
                1814       26,076,550       7,944,445      2,850,318 1,116,113 6,752,302  43,789                                            2,082,128           76,550 1,428                                      35,508 6,298,386                           2,311,863
                  15       25,368,255       26,505,975     7,175,243 1,077,508 5,543,222 124,318                                            2,176,258          137,701 3,933                         240          41,942 8,038,736                           4,089,943
                  16       36,234,371       18,717,458     6,972,790   853,899 7,238,114 126,266                                            1,539,961          136,111 1,016                                      13,134 8,310,697                           3,719,525
5n '2                                                                                                                                                                                                                                                    ,




                  17       31,463,878       13,557,104    31,007,570   658,879 4,926,105 123,372                                            1,528,423          112,346 6,099                       1,696          29,798 7,687,278                           3,593,053
SI                18       20,065,728       2,045,504     67,456,411 1,118,079 5,456,645 162,394                                            1,601,920           78,674   768                       3,261          19,203 7,337,689                           4,393,003
                  19       23,750,411       4,107,823     58,856,261 1,100,944 3,688,694 203,905                                            1,478,924           54,822 1,886                       4,823          19,789 7,537,563                           4,293,132
fti   s'
S 8             1820       30,147,994       5,497,721     23,125,825 1,428,242 4,922,750 277,227                                            1,650,473          132,026   913                       37,561         17,062 7,562,647                           3,654,858
                      1    30,731,037       1,904,021      8,827,107 1,325,588 3,935,833 269,158                                            1,102,778           87,013 2,260                       14,330         12,845 6,233,571                           2,340,766
                      2    27,362,589       4,476,785      4,554,225 1,096,901 2,483,475 209,964                                              464,653          153,520 1,314                       10,173         18,495 5,106,400                           1,945,058
                      3    29,046,885       4,114,289     14,839,117 1,619,357 6,553,354 219,580                                              841,876          143,489   937                       7,718          13,750 6,918,540                           3,282,344
                      4   31,681,977        5,760,912     16,420,005 1,307,300 4,584,969 267,912                                            1,480,534          132,475    71                       10,926          5,969 7,312,355                           3,693,930
                   5      29,345,699        4,085,197     20,294,262 1,029,346 6,056,753 244,068                                              910,428          104,153   957                       28,075          6,870 6,582,058                           3,112,625
                   6      29,840,401        5,520,354     21,187,900 1,789,860 7,673,710 342,853
                                                                                  ,
                                                                                                                                            1,091,820          240,698 5,287                       51,799         14,755 8,002,838                           4 305 878
                                                                                                                          1




                   7      39,746,147        5,872,381     21,364,804 1,250,627 5,405,212 379.867                                              575,483          224.696 2.772                       25,880         11,177
                  8       32,678,546    i   7,364,610     32,339,310 1,426,635 9,683,620 516,830       i                                      941,216          162,259   501                       17,551          7,030 8,804,989
                                                                                                                                                                                                                                 |

                  9       30,544,382        6,335,402     24,924,410 2,227,450 5,978,527 503,501                                            1,390,318           97,611    45                       64,360          8,887 8,298,597   1




            1830          31,897 546        7,025,912     12,512 889 1,710,296 7,920,924 779,095                                            1,020,125          123,137   513                       30,197          8,767  8,375,630
                                                                                                                                                                                                                                 |

                  1

                  2
                  3
                  4
                  5                                                                                                                     i                  1                                                                     i
                                                                                                                                                                                                                                                         |




                                                                                                                                                                                      Official Value.
                                                                                                                                                                        f                                                  Declared
                                                                                                                                                                                                                                                Official           Real
                                                                                                                                                                                                                            Value
                                                                                                                                                                                      Fur., Sf British P.                                        Value
           %* The above Statements for the Years 1814                          —22, have been compiled from Papers presented                                       to                Colonial if Manu-
                                                                                                                                                                                                             of
                                                                                                                                                                                                          preceding
                                                                                                                                                                                                                                                                  Value
                                                                                                                                                                                                                                                                    of
                                                                             XVII of that Session, —for the 5 Years 1823 — Vide
                                                                                                                                                                                                                                                                 T
      Parliament in 1823, Vide folio 107 of Vol.                                                                                                                                     P. Re- factures,      Column.
                                                                                                                                                                                                                                                Imports.         Imports.
                                                                                                     7,
                                                                                                                                                                              £
      Vol. XXIII
                     of Session 1828,— tee folding Sheet preceding page 1 for a more detailed account of the
      Import and Re-export of East India produce in the four latter Years: and page hereafter for the
                                                                                                                    ,

                                                                                                                                                                            1825
                                                                                                                                                                                     exprted. Exported.

                                                                                                                                                                                     537,304
                                                                                                                                                                                                              £
                                                                                                                                                                                                         3,407,660
                                                                                                                                                                                                                                 £
                                                                                                                                                                                                                           3,423,281
                                                                                                                                                                                                                                             —£ 6,582,075
                                                                                                                                                                                                                                                                         £
                                                                                                                                                                                                                                                                10,554,417
                                                                                                                                                                               6     036,701             4,240,424         4,102,667            8,002,787       10,668,8(59
      particulars of both Imports, Re-exports, and Exports, in each Year since 1826, the Totals of which
                                                                                                                                                                        i      7     091,126             5,864,085         4,655,162            8,272,008       10,662,733
      are annexed, both in Official and Real Value.    Other pages exhibit the average prices of each article                                                           1      8     573,954             6,079,454         4,(67,242            8.864,888
      Imported in each Year since 1798, the reductions in which when contrasted with the increased value                                                                       9     031,619             6,127,947         4,141,723            8,298,597
                                                                                                                                                                            1830     465.290             7,330,514         4,310,390            8,375,625
      of Money Property, afford a tolerable solution to the embarrasment in which all Commercial transac-
      tions have been involved since 1815,                —
                                             see Note to West India Statement on following page.                                                                               2

                                                                                                                                                                               *
                                                                                                                                                                        1                            1
                                                                                                                                                                                                                       1
