                                                                                                                                94

     AN ACCOUNT of the Quantity of Grain and Flour, Animal Food, and Live Animals, EXPORTED from IRELAND, to all parts of the
      World in each of the 27 Years 1801-27, distinguishing the proportion Exported to GREAT BRITAIN, in each Year.
                                                                GRAIN and FLOUR                                                                  ANIMAL FOOD                                 No. of LIVE ANIMALS
                                       r~
                                                           Quarto ” °f                    Cw ts.of                                Barrels of                     Cwt s. of                Cows Sf
                        Years            Wheat             Oats    Barley lot. Grain Oatmeal Wheatmeal
                                                                                                    1
                                                                                                                                Beef              Pork     Bac SfHams    Butter            Oxen Horses           Sheep            Picjs
                                                                                                                                             |




                                                                                                                                58 911            73,495    21,100      250 620           31,543        669       2,879    1,968
                               2        103,161          303,043       6,442   3,837     105,144          89,852                59,448            43,128    86,331      323^077           42,501       3,536      4,439  11,728
                   1
                               3         60,915          251,263      14,522   2,861      76,749         42,868                 62,226           101,795    60,916      262,848           28,016       3,461      7,474  12,968
                               4         70,554          239,355       8,569   4,278      66,107          19,416                59,342            56,579    47,023      239,922           15,646       3,222      5,478    4,740
                   1
                               5         72,012          220,962     10,316    5,169      32,760         21,707                 88,519            91,996    94,485      233,771       1
                                                                                                                                                                                          21,862       4,114     10,988    6,383
                               6         92,814          297,649       8,036   5,070      41,931         34,974                 91,261            91,373   118,444      258,407           27,704       3,971     14,656  1 1,455
                   1



                               7         41,729          465,707     26,923    4,422      43,652           6,125           !
                                                                                                                                85,255           142,238   149,936      286,071           26,252       4,673     14,395  17,345
                           0             48,666          602,177     30,419    3,574      70,910           4,555                88,366           126,752   141,237      311,311           13,958       2,152      8,643    7,432
                           9             85,318          824,641     21,212    3,023      88,403         15,843                 89,771           102,065   165,038      330,155           17,917       3,264      7,572    4,712
               I        1810            117,896          463,516       2,937   2,894      52,210         80,803                 71,605            79,817   168,801      337,070           44,553       3,328     20,931  35,876
BRITAIN
                           11           153,513          281,202       4,476   5,392      35,280         85,651        i

                                                                                                                               108,282           126,297   216,322      337,667           67,680       2,963     24,471  57,332
                           12          136,770           476,587     48,191    5,161      43,677         94,467        |
                                                                                                                               114,504            98,561   216,073      342,889           79,122       3,685     15,855  34,853
               i
                           13          171,233           761,111     62,648    5,889      99,928        159,459        |
                                                                                                                               104,516           104,805   218,592      351,832           48,973       3,904      7,508  14,521
T                          14          197,896           586,704       9,595   7,767      41,033        132,126                 83,162           113,563   217,756      351,675           16,435       1,334     11,689  45,392
                           15          151,770           601,432     26,646    8,659      41,064        105,921                 60,307           105,766   213,569      337,378           33,809       1,283     26,502 127,570
GREA
                           16            96,168          706,679     63,135    6,596      37,014         82,331                 39,495            59,284   219,998      303,964           31,752         801     34,483  83,618
                           17            54,569          641,603     27,583    1,865      31,600         32,773                105,555            89,941   179,093      320,180           45,301        848      29,460  24,193
                           18            98,605          1,056,644   24,860    4,016    130,858          39,012                 80,587            87,992   212,740      381,554           58,165       2,142     25,152  23,960
To
                           19          138,056           801,611     20,827    4,550      49,181         96,566                 70,504            86,650   221,309      433,174           52,175       2,944     19,710  61,759
                       1820            398,752           989,505     94,250    9,425      44,753        193,897                 52,591           105,973   260,549      490,845   i
                                                                                                                                                                                          39,014       2,552     24,159  99,107
                               1       476,935           1,156,576   75,777    7,861      64,451        294,774                 65,905            96,449   362,846      413,088           26,725       2,392     25,310 104,501
                               2       386,231           563,169     21,832    9,556      28,892        340,267                 43,139            72,148   238,985      377,651           34,659       1,089     35,685  65,037
                               3       273,845           980,877     18,706    7,314    106,435         353,840                 69,079            84,442   341,515      466,834           46,351       2,277     55,158  82,789
                               4       260,322           1,139,463   44,699    7,831    134,549         336,219                 54,810            75,525   312,000      431,175           62,314       2,081     61,137  73,027
                               5       283,340           1,500,264   154,255   23,832   203,644         394,374                 63,507            83,783   361,139      425,670           63,519       3,130     72,161  65,919
                               6       241,925           1,179,896   64,884    9,923    194,602         255,240
           L                   7       307,573           1,194,554   67,510    11,968   224,001         337,888

               '"1801                                        129                   1       2,524            203                20,328             8,106          61      54,046            282
                               2           571             3,247        785       72       3,050          1,855                20,713            16,400        312       73,276            375     •5S0 2 = ^0 S-g                    SS
                               3         1,655               893      4,259        9       1,506            275                17,121            17,254        230       71,403            662             e-o              l l   |




                               4        23,287               929      1,465       90       1,126          2,177                20,189            25,614        482       80,233            517
                               5        10,803             2,272      6,907      133       1,537          1,067                23,154            18,429        588       60,644            151
                               6         1,259                 9      2,482       27       1,524          2,376    !
                                                                                                                               29,327            22,003        707       80,101            377
                               7         2,156             1,280     12,381       30       3,128            896    1
                                                                                                                               25,963            28,051      1,407       47,927            147
                                           150                        4,034      113       1,190          3,505                33,698            41,851      2,796       35,545            303     = fi Iz lj! S-fl
                          8                                1,166
                          9                281             3,817      5,346                2,545          2,244                36,405            34,503      2,034       55,798            620
           1           1810              1,601            24,041     40,993                5,446         10,666                23,893            30,989      2,929       53,763            944
                          n             69,732            83,428     97,622    1,358       6,834         40,333                28,431            50,953     11,454       96,047           ,129
                          12            71,433            55,215     80,375       57       2,151         33,059                30,093            58,124     33,909       92,519            246
                          13            30,040            47,218     131,545      45       8,619        108,435                35,216            36,966     16,016      109,682            898     1«      §f           s fe is
                                                                                                                                         s




                          14            17,815            56,480     47,977       57       4,335        119,314                27,348    ,       51,493     16,805       80,479            136
           I
                          ^             56,253      i      1,848     54,863      309       3,739         11,313                20,963            48,953     22,780       90,815            158     I Infill
                         16             24,801             6,829     43,680    5,342       2,333         11,798                20,849            44,301      7,670       87,154             87
                                                    j


                         17              2,711             4,433     11,531      146       3,263          1,744                23,955            43,154     11,932       77,785            295
                                                                                                                                         j




                         18              1,615      j      2,972      1,968        2       6,352          8,245                23,285            30,353      2,216       50,885            437     «       S                 §.2 §§

                         19                  2      i      5,651        183        2       4,120          9,904                10,143            33,684      2,825       67,989            116
                       1820                 _—      i      4,838         42     114        1,382          2,501                10,013            36,458      2,187       65,521            112
                               1                5          3,248      2,451      36        1,118            261                12,050            44,761      3,363       59,856            244
                               2            1,742          2,523      1,413     681        3,458          3,452                16,504            43,788      2,880       63,507            250     §f J«j id                          si
                               3            1,333          3,706        746     698        3,162         10,010                15,477            35,604      2,160       54,631             23
                               1



                               5
                               6   f
                                            —992

                                               18
                                                           2,471
                                                           2,940
                                                           1,387
                                                                         23
                                                                        566
                                                                        313       22
                                                                                           1,670
                                                                                              973
                                                                                            1,963
                                                                                                            636
                                                                                                            133
                                                                                                            224
                                                                                                                           1   22,533
                                                                                                                                9,628
                                                                                                                               12,873    I
                                                                                                                                                 31,018
                                                                                                                                                 24,358
                                                                                                                                                 22,936
                                                                                                                                                             1,788
                                                                                                                                                             1,139
                                                                                                                                                             1,803
                                                                                                                                                                         51,789
                                                                                                                                                                         48,491
                                                                                                                                                                         47,230
                                                                                                                                                                                           189
                                                                                                                                                                                            45
                                                                                                                                                                                           977
           l                   7   1
                                               16   (|
                                                           1,707          41      67          621             9    1
                                                                                                                           1
                                                                                                                                9,447    1       24,353      1,853       45,508            519

  +lt As a considerable portion of the above stated Number of Live Animals are driven for sale, from Liverpool inland, as far as
                                                                                                                                      Birmingham, Coventry, and Leicester,
                                                                                                                                                                   houtn nan
one of the greatest advantages, which could be conferred on the parties interested in the traffic, would be, to endeavour to get them landed at Runcorn, on the
uf the Mersey about 25 miles above Liverpool, by doing which, 24 hours in time, and upwards of 20 Miles of driving would be gained,               1 lie Local Position oj nu -
 .   777., Nos. 086 -  ( see      Topographical Analysis
                                              990, of the                                                    between the interior and South parts of hnglana ana the ouut
                                                                                        ) is also favorable for facilitating the intercourse                                                                        ,
                                                                                                                                                                                                                                           ,



S'        E„ and E. Coast of Ireland.
