     STATEMENT of the Number of Quarters ot Wheat and Wheat Flour, the Flour being converted into its equivalent quan-
            Imported into GREAT BRITAIN, from each of 12 different parts of the World, and the Total thereof, in each of
 tity of Wheat,
 the 31 Years 1800- 1830.                    Vide Par. Pa. Vol.                     XX, Fo. 233, Session 182s: the 6 Years 1 825-30 from MS.
                                                                                                                                British      United States   Guernsey
                                                                                                                                                                           Ireland
                                                                                                                                                                                         All other          TOTAL
               Rassia     Sweden     Denmark              Prussia           Germany        Holland     Flanders      France    America         of America    J.& Man                          parts   QUARTERS.
  Years


 1800         81,708
              174,337
                         21,497
                         13,194
                                    20,950
                                     3,013
                                                       665,955
                                                       528,032
                                                                        310,755
                                                                        289,789
                                                                                          58,408
                                                                                          93,824
                                                                                                         —
                                                                                                         — —            224    21,258
                                                                                                                               67,595
                                                                                                                                               77,609
                                                                                                                                              245,371         ——120               749
                                                                                                                                                                                  522
                                                                                                                                                                                          5,282
                                                                                                                                                                                          9,453
                                                                                                                                                                                                       1,264,620
                                                                                                                                                                                                      1,424,765
      1
      2
      3
               8,665
              14,537
                          5,982        110             334,829
                                                       142,774
                                                                         30,645
                                                                             1,487
                                                                                           1,309
                                                                                              525        —
                                                                                                         — —
                                                                                                           —
                                                                                                                     1,510     75,164
                                                                                                                               43,245
                                                                                                                                               79,413
                                                                                                                                              109,131              2
                                                                                                                                                                        109,519
                                                                                                                                                                         61,267
                                                                                                                                                                                          1,283
                                                                                                                                                                                               723
                                                                                                                                                                                                      647,663
                                                                                                                                                                                                      373,725
      4        7,108      1,326      4,148             320,745
                                                       559,628
                                                                             4,860
                                                                            32,827
                                                                                         25,862
                                                                                          9,636          —
                                                                                                         —           2,089
                                                                                                                               21,213
                                                                                                                                2,250
                                                                                                                                                4,258
                                                                                                                                               13,453
                                                                                                                                                                29
                                                                                                                                                               776
                                                                                                                                                                         70,072
                                                                                                                                                                         84,087
                                                                                                                                                                                          1,517
                                                                                                                                                                                          6,099
                                                                                                                                                                                                      461,139
                                                                                                                                                                                                      920,833

                                                                                                         —
      5   '   154,904    18,810     35,671
      6       56,733                 1,386              51,524                                764                    1,786      9,800          79,763           64      102,463           6,133       310,342
      7        5*711                10,424              11,465               3,407        11,415                    27,657     27,259         249,712        7,950       45,110           5,043       404,946
      8          549                         63                              2,236         1,051            2        2,870     18,489          12,836            4       43,496           3,288        84,888
      9        3,437         780      8,846                   1,527         33,575       94,269        20,198       25,058     18,766         170,939          502       68,124          11,126       455,987




                                                                                            — —
                                                                                            —
                                    110,501                             176,463           189,016      167,154      225,711    24,202           98,275       6,167      127,510         19,523        1,567,126
                         68,392                       296,757
 1810
    11
              58,133
              27,969     19,028     18,008             95,170
                                                        9,062
                                                                             1   ,628
                                                                                 603          —                      4,186
                                                                                                                       436
                                                                                                                                  339
                                                                                                                               23,724
                                                                                                                                                18,011
                                                                                                                                                10,797
                                                                                                                                                               598
                                                                                                                                                             1,202
                                                                                                                                                                        147,567
                                                                                                                                                                        160,842
                                                                                                                                                                                         2,979
                                                                                                                                                                                         4,425
                                                                                                                                                                                                      336,130
                                                                                                                                                                                                      290,709
    12
    13
              50,974
              58,028
                         11,543
                         66,088
                                    19,589
                                    19,815            115,946
                                                      133,106
                                                                        79,365
                                                                        76,532            121,673      122,513      i26, 309            3         — 810      1,697
                                                                                                                                                             3,788
                                                                                                                                                                        217,154
                                                                                                                                                                        225,821
                                                                                                                                                                                                99
                                                                                                                                                                                               377
                                                                                                                                                                                                      559,000
                                                                                                                                                                                                      852,566
    14
    15
    16
    17
               8,432
               1,439
              19,301
              199,449
                         29,891
                             607
                             271
                             467
                                     4,461
                                       211
                                     5,999
                                    18,663
                                                       18,046
                                                       86,380
                                                      264,115
                                                                         7,635
                                                                        30,318
                                                                       103,649
                                                                                         14,535
                                                                                         41,941
                                                                                         52,901
                                                                                                       39,406
                                                                                                       17,221
                                                                                                       16,985
                                                                                                                    62,343
                                                                                                                       366
                                                                                                                     2,363
                                                                                                                                    3
                                                                                                                               25,197
                                                                                                                                       25      45,583
                                                                                                                                                7,208
                                                                                                                                              311,436
                                                                                                                                                             5,052
                                                                                                                                                             1,850
                                                                                                                                                             1,931
                                                                                                                                                                        189,543
                                                                                                                                                                        121,621
                                                                                                                                                                         59,025         37,212
                                                                                                                                                                                              — 46    384,575
                                                                                                                                                                                                      332,491
                                                                                                                                                                                                      1 ,   089,854

              242,628     1,027     63,797            493,821          248,181           97,380        155,400         697     54,137         181,561        3,455      108,230         47,003        1 ,   694,261
    18
    19        126,563               19,645             78,842           74,805           25,101       74,593           887     10,423          27,796        2,647      154,031         39,483        625,638


 1820     93,138
           4,786
                                    30,253
                                     1,848
                                                      217,461
                                                       25,522
                                                                       102,908
                                                                        15,629                —
                                                                                           1,092

                                                                                            — —
                                                                                              —
                                                                                           2,615
                                                                                                        6,658
                                                                                                                         96
                                                                                                                               40,735
                                                                                                                               40,613
                                                                                                                                               90,942
                                                                                                                                               38,488
                                                                                                                                                             6,306
                                                                                                                                                             8,073
                                                                                                                                                                        404,743
                                                                                                                                                                        569,700
                                                                                                                                                                                          3,582

                                                                                                                                                                                              —  12
                                                                                                                                                                                                      996,479
                                                                                                                                                                                                      707,385
      2
      3
           2,836
           1,595
                                       405
                                     1,330
                                                       10,808
                                                        6,856
                                                                         1,798
                                                                         1,127                186
                                                                                                                         48
                                                                                                                       101
                                                                                                                               23,261
                                                                                                                                  209
                                                                                                                                                3,953
                                                                                                                                                4,237
                                                                                                                                                             4,485
                                                                                                                                                             8,307
                                                                                                                                                                        463,804
                                                                                                                                                                        400,068               —       510,602
                                                                                                                                                                                                      424,019
                                                       20,269           18,819                237            699       576        216          33,781        5,095      356,428                802    441,591
      4
      5
      6
      7
           1,953
          11,208
          20,057
          40,386
                             584
                                     2,753
                                    27,164
                                    62,032
                                    21,434
                                                      111,285
                                                      255,651
                                                      132,209
                                                                       112,280
                                                                       184,669
                                                                        27,766
                                                                                                   14, 255
                                                                                                    7, 104
                                                                                                    2, 515
                                                                                                                      —
                                                                                                                      —
                                                                                                                       311     94,043
                                                                                                                               27,264
                                                                                                                               56,942
                                                                                                                                               12,829
                                                                                                                                               15,720
                                                                                                                                               18,777
                                                                                                                                                             7,561
                                                                                                                                                             7,752
                                                                                                                                                             6,423
                                                                                                                                                                        396,018
                                                                                                                                                                        314,851
                                                                                                                                                                        405,255
                                                                                                                                                                                                      787,546
                                                                                                                                                                                                      897,127
                                                                                                                                                                                                      711,868
                                                                                                                    29,890     19,151          13,563        40,929     652,584                       1 ,   410,911
      8   18,161          1,304     41,841            253,043          144,353                 166, 973
                                                                                                                    48,940      5,650         113,819        22,098     519,493                       2 , 195,570
      9       341,567    17,105     83,288            353 959          306,966                 144, 549

 1830     235,108         2,960     88,103^ 519,575                    365,981                     76,,711          14,742     76,654         184,100        32,840     529,716          78,652       2 , 505,446
                                                                       218,507                     30,,249          30,249     218 327        463,418        23,508     557,519          436,741
      1   464,584            71     65,968 296,287                                                                                                                                                    2 , 868,882

      2
      3
      4
      5

                                                                                    Imported within eaeh Year from                                           Estimated annual      Annual
                                                 '
                                                      E             Estimate                                              Surplus           Total Supply
                                                                                                                                                             Consumption, in-      average
                                                                                                                                                                                                  Money Value
   The annexed Statement endeavours                                    Of                                                    of                   of                                              of Estimated
                                                                                                        All other                                            cluding 1 ,300,000    price of
to shew the annual Supply and Con-                              Annual Crop              Ireland                      preceding Year          each Year.                                       annual Cousumpt.
                                                                                                                                                               Qrs. for Seed.        Wheat.
sumption of Wheat in Great Britain,
        Year since 1815 ; it has been
                                                                                                                                                                                                      £
in each
                                                     1816        9,000,000              121,621         210,870        6,150,000          15,482,491          12,480,000           76/2         47,528,000
compiled from Mr. Jacob’s 2nd. Re-
port on Corn, Par. Pa. No. 258 , Ses-                  17       11,700,000               59,025       1,030,829        3,002,491          15,792,345          12,670,000           94/          59,549,000
sion 1828 , Vide Fo. 35 , sup. ; In his                18       12,000,000              108,230       1,566,031        3,122,345          16,816,606          12,850,000           83/8         53,755,833
estimate of Consumption, Mr. Jacob                     19       12,500,000              154,031         471,607        3,966,606          17,092,244          13,030,000           72/3         47,070,875
proceeded on the principle of adding
                                                     1820       16,000,000              404,743         591,736        4,062,244          21,058,723          13,210,000           65/10        43,482,916
200,000 annually to the Number of
Consumers, which augmentation, the                        1     12,600,000              569,700         137,685        7,848,723          21,156,108          13,390,000           54/5         36,431,934
return of Population in 1821 , fully                      2     13,500,000              463,004          47,598        7,766,108          21,776,710          13,615,000           43/3         29,442,437
justified ;    On the same principle since                3     11,000,000              400,068          23,951        8,161,710          19,585,729          13,840,000           51/9         35,811,000
1821 , 225,000 unnually, have been <
                                                          4     11,500,000              356,428          85,163        5,745,729          17,187,320          14,065,000           62/          43,601,500
added, and should the same ratio of',
increase of Population continue, which                    5     12,700,000              396,018         391,528        3,122,320          16,609,866          14,290,000           66/6         47,514,250
the Returns since 1800 indicate, and                      6     13,000,000              314,851         582,276        2,319,866          16,216,993          14,515,000           56/11        41,307,270
Mr. Jacob’s scale of Consumption be                     7       12,530,000              405,255         306,613        1,701,993          14,943,861          14,740,000           56/9         41,824,750
accurate, the Year 1841 will require
                                                        8       13,500,000              652,584         758,327          203,861          15,114,772          14,965,000           60/5         45,196,770
a supply exceeding 18 , 000,000 of
Quarters; and 1851 near 22 , 000 , 000 ,                9       13,500,000              519,493       1,676,077          149,772          15,845,342          15,190,000           66/6         50,316,875
while the internal means of supply,                  1830       13,000,000              529,716       1,675,430          655,342          15,860,478          15,415,000           64/3         49,520,687
according to this Statement is little                     1     14 000,000                                               445 478                              15,640,000
more than half that quantity.
                                                          2
   What will be the effect of one,
two, or three such Harvests as 1800                       3
and 1816 t Such a question deserves                       4
  attention.                                 |            5
