                                                                                                                                                        —


                                                                                                                 104

                   An ACCOUNT of the Number of Quarters of Wheat and Wheat Flour ana of Oats and Oatmeal, Imported into GREAT         ,



               BRITAIN, from each of 12 different parts of the World, in each of the 30 Years 1800 -29.                                                              The Flour and Meal being converted
               into Quarters of their respective kinds of Grain. *»* The bulk of the Wheat under the head o f all other parts, in the 3 Years 1817 - 19, was from Italy, as was 75,000 Quarters in 1S29,
               and 150,080 Quarters in that Year from Spain, in addition to 28,393 Quarters from thence, in 1828; there not being any Oats Imported from America, the ttco first Columns of that
               division are occupied by the annual average price of Wheat and Oats.— Vide Par. Paper, Vol.             XX,
                                                                                                                       Folio 233, Session 1825. The 5 Years 1825 - 29, continued from AIS.

                             British       United Stati                                                                          Holland                           Guernsey                       all other            TOTAL
                Years                                           Russia    Sweden    Denmark          Prussia     Germany   j
                                                                                                                               and Flanden        France      ;
                                                                                                                                                                                        Ireland                   1



                            America        of America                                           j                                            j                    J. and Mar.     (
                                                                                                                                                                                                   ;
                                                                                                                                                                                                    parts              Quarters

           r
               1800         21,258          77,609             81,708    21,497     20,950          665,955     310,755         58,408
                                                                                                                                                       — —
                                                                                                                                                       2-24            120                 749  5,282


                                                                                                                                                       — —
                                                                                                |
                                                                                                                                                                                                                      1,264,520
                            67,595         245,371            174,337     13,194     3,013          528,032     289,789         93,824                                                     522  9,453
                   1
                   2
                   3
                   4
                            75,164
                            43,245
                            21,213
                                            79,413
                                           109,131
                                             4,258
                                                                8,665
                                                               14,537
                                                                7,108
                                                                           —
                                                                           5,982

                                                                          1 ,326
                                                                                      “
                                                                                       110

                                                                                     4,148
                                                                                                j




                                                                                                |
                                                                                                    334,829
                                                                                                    142,774
                                                                                                    320,745
                                                                                                                 30,645
                                                                                                                   1,487
                                                                                                                  4,860
                                                                                                                                 1,309
                                                                                                                                   525
                                                                                                                                25,862
                                                                                                                                                   1,510

                                                                                                                                                       —                29
                                                                                                                                                                          2
                                                                                                                                                                                       109,519
                                                                                                                                                                                        61,267
                                                                                                                                                                                        70,072
                                                                                                                                                                                                1,283
                                                                                                                                                                                                  723
                                                                                                                                                                                                1,517
                                                                                                                                                                                                                      1,424,765
                                                                                                                                                                                                                        647,663
                                                                                                                                                                                                                        373,725
                                                                                                                                                                                                                         461,139
                   5         2,250
                             9,800
                                            13,453
                                            79^763
                                                              154,904
                                                               56,733
                                                                         18,810     35,671
                                                                                     1,386
                                                                                                    559,628
                                                                                                     51,524        —
                                                                                                                 32,827          9,636
                                                                                                                                   764
                                                                                                                                                   2,089
                                                                                                                                                   1,786
                                                                                                                                                                       776
                                                                                                                                                                        64
                                                                                                                                                                                        84,007
                                                                                                                                                                                      102,463
                                                                                                                                                                                                6,099
                                                                                                                                                                                                6,133
                                                                                                                                                                                                                         920,833
                                                                                                                                                                                                                         310,342


                  9
                   6
                   7
                   8
                            27,259
                            18,489
                            18,766
                                           249,712
                                            12,836
                                           170,939
                                                                5,711
                                                                   549
                                                                 3,437
                                                                           —
                                                                           •




                                                                         780
                                                                                    10,424
                                                                                        63
                                                                                     8,846
                                                                                                       —
                                                                                                     11,465

                                                                                                        1,527
                                                                                                                  3,407
                                                                                                                  2,236
                                                                                                                 33,575
                                                                                                                                11,415
                                                                                                                                 1,054
                                                                                                                               114,465
                                                                                                                                                  27,657
                                                                                                                                                   2,870
                                                                                                                                                  25,058
                                                                                                                                                                    7,950
                                                                                                                                                                         4
                                                                                                                                                                       502
                                                                                                                                                                                        45,110
                                                                                                                                                                                        43,496
                                                                                                                                                                                                5,043
                                                                                                                                                                                                3,288
                                                                                                                                                                                        68,124 11,126
                                                                                                                                                                                                                         404,946
                                                                                                                                                                                                                          84,888
                                                                                                                                                                                                                         455,987
               1810
                 11
                            24,202
                               339
                                            98,275
                                            18,011
                                                               58,133 68,398
                                                               27,969 19,038
                                                                                   110,501
                                                                                    18,008
                                                                                                    296,757
                                                                                                      95,170
                                                                                                                176,463
                                                                                                                  1,628
                                                                                                                               356,170
                                                                                                                                      —          225,711
                                                                                                                                                   4,186
                                                                                                                                                                    6,167
                                                                                                                                                                       598
                                                                                                                                                                                      127,510 19,623
                                                                                                                                                                                      147,567   2,979
                                                                                                                                                                                                                      1,567,126
                                                                                                                                                                                                                         336,130
T
WHEA
                 12
                 13
                 14
                              — —
                            23,724

                                   3
                                            10,797
                                                 810
                                                               50,974 11,543
                                                               58,028 66,088
                                                                8,432 29,891
                                                                                    19,589
                                                                                    19,815
                                                                                     4,461
                                                                                                       9,062
                                                                                                     115,946
                                                                                                    133,106
                                                                                                                    603
                                                                                                                 79,365
                                                                                                                 76,532        244,186
                                                                                                                                      —                436

                                                                                                                                                 126,309
                                                                                                                                                                   1 ,202

                                                                                                                                                                   1,697
                                                                                                                                                                   3,788
                                                                                                                                                                                      160,842
                                                                                                                                                                                      217,154
                                                                                                                                                                                      225,821
                                                                                                                                                                                                4,425
                                                                                                                                                                                                   99
                                                                                                                                                                                                  377
                                                                                                                                                                                                                         290,709
                                                                                                                                                                                                                         559,000
                                                                                                                                                                                                                         852,566

of
                 15
                 16
                 17
                                 25
                                 3
                                            45,583
                                             7,208
                                           311,436
                                                                1,439
                                                               19,301
                                                              199,449
                                                                         607
                                                                         271
                                                                         467
                                                                                       211
                                                                                     5,999
                                                                                    18,663
                                                                                                      18,046
                                                                                                      86,380
                                                                                                    264,115
                                                                                                                  7,635
                                                                                                                 30,318
                                                                                                                103,649
                                                                                                                                 53,941
                                                                                                                                 59,162
                                                                                                                                69,886
                                                                                                                                                  62,343
                                                                                                                                                     366
                                                                                                                                                   2,363
                                                                                                                                                                   5,052
                                                                                                                                                                   1,850
                                                                                                                                                                   1,931
                                                                                                                                                                                      189,543
                                                                                                                                                                                      121,621
                                                                                                                                                                                                   46

                                                                                                                                                                                        59,025 37,212
                                                                                                                                                                                                       —                 384,475
                                                                                                                                                                                                                         332,491
                                                                                                                                                                                                                      1 ,089,854
Quarters



                 18
                 19
                            25,197
                            54,137
                            10,423
                                           181,561
                                            27,796
                                                              242,628
                                                              126,563      —
                                                                       1,021

                                                                           —
                                                                                    63,797
                                                                                    19,645
                                                                                                    493,821
                                                                                                      78,842
                                                                                                                248,181
                                                                                                                 74,805
                                                                                                                               252,780
                                                                                                                                99,694
                                                                                                                                                       697

                                                                                                                                                       —
                                                                                                                                                       887
                                                                                                                                                                   3,455
                                                                                                                                                                   2,647
                                                                                                                                                                                      108,230 47,003
                                                                                                                                                                                      154,031 39,483
                                                                                                                                                                                                                      1,694,261
                                                                                                                                                                                                                        625,638
           1820             40,735
                            40,613
                                            90,942
                                            38,488
                                                               93,138
                                                                4,786      —        30,253
                                                                                     1,848
                                                                                                    217,461
                                                                                                      25,522
                                                                                                                102,903
                                                                                                                 15,629
                                                                                                                                 7,750
                                                                                                                                 2,615
                                                                                                                                      —                 96
                                                                                                                                                                   6,306
                                                                                                                                                                   8,073
                                                                                                                                                                                      404,743
                                                                                                                                                                                      569,700
                                                                                                                                                                                                3,582

                                                                                                                                                                                                    —
                                                                                                                                                                                                   12
                                                                                                                                                                                                                        996,479
                                                                                                                                                                                                                        707,385

                                                                           —
                   1



                  4
                   2
                   3
                            23,261
                               209
                               216
                                             3,953
                                             4,237
                                            33,781
                                                                2,836
                                                                1,595
                                                                1,953      —         1,330
                                                                                     2,753
                                                                                          405         10,808
                                                                                                       6,856
                                                                                                      20,269
                                                                                                                  1,798
                                                                                                                  1,127
                                                                                                                 18,819
                                                                                                                                   185
                                                                                                                                   936
                                                                                                                                                        48
                                                                                                                                                       101
                                                                                                                                                       576
                                                                                                                                                                   4,485
                                                                                                                                                                   8,307
                                                                                                                                                                   5.095
                                                                                                                                                                              f
                                                                                                                                                                                      463,004
                                                                                                                                                                                      400,068
                                                                                                                                                                                      356,408
                                                                                                                                                                                                    —
                                                                                                                                                                                                  802
                                                                                                                                                                                                                        510,602
                                                                                                                                                                                                                        424,019
                                                                                                                                                                                                                        441,591
                  5
                  6
                   7
                            94,043
                            27,264
                            56,942
                                            12,829
                                            15,720
                                            18,777
                                                               11,208
                                                               20,057
                                                               40,386
                                                                           —
                                                                         584        27,164
                                                                                    62,032
                                                                                    21,434
                                                                                                    111,285
                                                                                                    255,651
                                                                                                    132,209
                                                                                                                112,280
                                                                                                                134,669
                                                                                                                 27,766
                                                                                                                                14,255
                                                                                                                                 7,104
                                                                                                                                 2,515
                                                                                                                                                   —
                                                                                                                                                   —
                                                                                                                                                       311         7,561
                                                                                                                                                                   7,752
                                                                                                                                                                   6,423
                                                                                                                                                                                      396,018
                                                                                                                                                                                      314,851
                                                                                                                                                                                      405,255
                                                                                                                                                                                                    7
                                                                                                                                                                                                2,025
                                                                                                                                                                                                  160
                                                                                                                                                                                                                        787,546
                                                                                                                                                                                                                        897,127
                                                                                                                                                                                                                        711,868
              8             19,151          13,563             18,161  1,304        41,841          253,043     144,353        166,973            29,890          40,929              652,584 29,118                  1,410,911
              9              5,650         113,819            341,567 17,015        83,289          353,959     306,966        144.549            48,940          22,099              519,493 238,223                 2,195,570
           1830

           1800
                   1        Wheat
                            110/5
                                              Oats
                                             43/7              10,498     9,425    13,462            64,247  — —246,698        198,671                                                  2,411            4              545,018
                   1
                   2
                   3
                            115/11
                             67/9
                             57/1
                                             35/11
                                             19/9
                                             20/11
                                                               17,100

                                                                  —
                                                                3,962
                                                                  610
                                                                          8,988
                                                                          3,954
                                                                                    1,936
                                                                                    3,658
                                                                                    8,619
                                                                                                     71,800
                                                                                                     16,240
                                                                                                      4,549
                                                                                                             —
                                                                                                             —
                                                                                                                259,892
                                                                                                                112,792
                                                                                                                158,327
                                                                                                                               22 ,403
                                                                                                                                  1


                                                                                                                               100,447
                                                                                                                                80,974             .
                                                                                                                                                        70
                                                                                                                                                                      795
                                                                                                                                                                      226
                                                                                                                                                                                          375
                                                                                                                                                                                      341,931
                                                                                                                                                                                      266,359
                                                                                                                                                                                                   —
                                                                                                                                                                                                   1,481

                                                                                                                                                                                                   1,501
                                                                                                                                                                                                                        583,043
                                                                                                                                                                                                                        583,779
                                                                                                                                                                                                                        521,167

              5
                   4         60/5
                             87/1
                                             23/7
                                             27/6               — —
                                                                —
                                                                  470    15,905
                                                                          2,282
                                                                                   26,538
                                                                                   13,755
                                                                                                    184,529
                                                                                                    117,462  —  128,562
                                                                                                                 81,954
                                                                                                                               143,753
                                                                                                                                58,504
                                                                                                                                                       156            219
                                                                                                                                                                      953
                                                                                                                                                                                      240,022
                                                                                                                                                                                      203,302
                                                                                                                                                                                                   —
                                                                                                                                                                                                       240
                                                                                                                                                                                                       200
                                                                                                                                                                                                                        740,394
                                                                                                                                                                                                                        478,411
              6              76/9            26/9
                                                                  —                 8,708            37,369

                                                                                                       —
                                                                                                                107,974         29,148                                231             357,076                           540,506


                                                                — —
              7              73/1            27/6                    2             61,071            10,750     130,356        222,249                  96            124             389,649      1,384                815,681
              8
              9
                             78/11
                             94/5
                                             32/4
                                             30/6                                     387
                                                                                           ]

                                                                                                       —     —
                                                                                                                 21,971
                                                                                                                102,552
                                                                                                                                11,170
                                                                                                                               189,289
                                                                                                                                                       109            368
                                                                                                                                                                   1,125
                                                                                                                                                                                      519,974
                                                                                                                                                                                      845,783
                                                                                                                                                                                                   1,061
                                                                                                                                                                                                   4,147
                                                                                                                                                                                                                        614,654
                                                                                                                                                                                                                      1,143,243
           1810             103/3            27/9                   6    2,872      14,814
                                                                                                         — —
                                                                                                        875
                                                                                                           — —   30,480         62,918                                564             493,231      3,449                609,209


                                                                — —                                        — —
                 11          92/5            26/9                  94    2,577       6,917               14                                                             12            275,757      2,094                287,464

TS
                 12
                 13
                            122/8
                            106/6
                                             43/2
                                             37/4
                                                                1,779
                                                                         3,508
                                                                                    10,115
                                                                                    27,013             770   —   26,159
                                                                                                                                                                      389
                                                                                                                                                                      16
                                                                                                                                                                                      390,926
                                                                                                                                                                                      691,469
                                                                                                                                                                                                   2,825
                                                                                                                                                                                                   2,990
                                                                                                                                                                                                                        406,035
                                                                                                                                                                                                                        751,954
OA

of
                 14
                 15
                             72/1
                             63/8
                                             24/11
                                             22/11              — 991

                                                                — —
                                                                           386       8,646
                                                                                     7,915
                                                                                                    38,698
                                                                                                        280
                                                                                                                 26,158
                                                                                                                 20,078
                                                                                                                               145,098
                                                                                                                                79,075
                                                                                                                                                 27,962
                                                                                                                                                 12,920
                                                                                                                                                                   1,004
                                                                                                                                                                      440
                                                                                                                                                                                      564,010
                                                                                                                                                                                      597,537
                                                                                                                                                                                                   2,208

                                                                                                                                                                                                   — 163
                                                                                                                                                                                                                        815,161
                                                                                                                                                                                                                        718,409

Quarters
                 16
                 17
                             76/2
                             94/
                                             22/6
                                             31/6                 —
                                                              119,923
                                                                                     5,721
                                                                                    82,969
                                                                                                      1,173
                                                                                                     58,797
                                                                                                                 17,756
                                                                                                                107,635
                                                                                                                                50,627
                                                                                                                               107,669                 502
                                                                                                                                                                      716
                                                                                                                                                                   1,061
                                                                                                                                                                                      683,714
                                                                                                                                                                                      611,118          433
                                                                                                                                                                                                                        759,707
                                                                                                                                                                                                                      1,090,112
                 18
                 19
                             83/8
                             72/3
                                             31/6
                                             27/4
                                                              308,503
                                                              375,206
                                                                           506
                                                                           795
                                                                                   125,602
                                                                                    32,459
                                                                                                    121,878
                                                                                                     74,507
                                                                                                                137,222
                                                                                                                 36,844
                                                                                                                               291,835
                                                                                                                                65,797             —
                                                                                                                                                   1,247           2,955
                                                                                                                                                                   1,092
                                                                                                                                                                                      1,069,385
                                                                                                                                                                                      789,613
                                                                                                                                                                                                         2
                                                                                                                                                                                                        25
                                                                                                                                                                                                                      2,059,135
                                                                                                                                                                                                                      1,376,338
           1820
                   1
                             65/10
                             54/5
                                             23/6
                                             18/11
                                                              260,762
                                                               23,426     —
                                                                         13,492

                                                                          —
                                                                                   110,781
                                                                                    21,580
                                                                                                    126,334
                                                                                                     10,899
                                                                                                                 99,107
                                                                                                                 28,868
                                                                                                                                69,564
                                                                                                                                16,527             —
                                                                                                                                                   1,468

                                                                                                                                                   —
                                                                                                                                                                   2,136
                                                                                                                                                                   1,901
                                                                                                                                                                                      916,251
                                                                                                                                                                                      1,162,249
                                                                                                                                                                                                   —
                                                                                                                                                                                                   —
                                                                                                                                                                                                         6            1,599,900
                                                                                                                                                                                                                      1,265,449
                   2
                   3
                             43/3
                             51/9
                                             17/7
                                             22/3
                                                               15,298
                                                               12,971     —         13,065
                                                                                     5,618
                                                                                                     10,441
                                                                                                      1,887
                                                                                                                 13,452
                                                                                                                  3,507
                                                                                                                                 3,013
                                                                                                                                 3,483             —                  374
                                                                                                                                                                   1,498
                                                                                                                                                                                      569,237
                                                                                                                                                                                      1,102,487    —
                                                                                                                                                                                                   —
                                                                                                                                                                                                                        624,879
                                                                                                                                                                                                                      1,131,452
                   4
                   5
                   6
                             62/
                             66/6
                             56/11
                                             24/1
                                             24/11
                                             25/11
                                                               12,547
                                                               12,635
                                                               91,046
                                                                          2,858
                                                                          2,672
                                                                            281
                                                                                    95,973
                                                                                    73,296
                                                                                   177,157
                                                                                                     51,598
                                                                                                     39,373
                                                                                                    146,239
                                                                                                                192,925
                                                                                                                 52,023
                                                                                                                362,905
                                                                                                                               139,987
                                                                                                                                24,186
                                                                                                                               271,114
                                                                                                                                                   —
                                                                                                                                                  74,131
                                                                                                                                                        38         2,180
                                                                                                                                                                   1,483
                                                                                                                                                                      879
                                                                                                                                                                                      1,225,085
                                                                                                                                                                                      1,629,856
                                                                                                                                                                                      1,303,734
                                                                                                                                                                                                   — 540
                                                                                                                                                                                                                      1,713,191
                                                                                                                                                                                                                      1,835,524
                                                                                                                                                                                                                      2,428,027
                  7          56/9            27/7             567,619     5,060    217,351          295,614     258,444        216,090           150,903              574             1,343,267   29,684              3,084,606
                  8          60/5      i
                                             22/6              35,004    13,602     65,483           12,064      25,501         10,368             1,458           2,443              2,075,631      581              2,242,135
                  9          66/3      ;
                                             22/9         i
                                                              298,009    42,210    125,539           48,250      19 893          3,624             1,505           2,177              1,673,628       62              2,212,898
               1830          64/3            24/5             121,715     8,732    118,204          128,990      68,462         39,891            15,684           1,622              1,471,252    1,556              1,976,110
                        I




                             66/4            25/4             369,608    20,663     96,997           70,115      31,450         15,226             7,936           2,832              1,655,934    7,535              2,278,295
                   2
                   3
                   4                                                                                                                                                                                          i




           l       5
                                           For continuation of Wheat,— see Page 90.
