                                                            1J         ~1
                                                                       Jg
                                                                        £




                                                                                                                      96

 Highest and Lowest Price of WHEAT, and of the Gold Ducat, Annual Average Price of WHEAT, and the Highest and Lowest
                      Rate of Exchange on Amsterdam, at DANTZIC, in each of the 124 Years 1703-1826.
                                                      Highest & Lowest                             Average                                Highest and Lowest Price
                  Highest and Lowest Price                                                                                                                           Highest 4 Lowest
                W Last of WHEAT, in Florins. Rate of Exchange               Highest 4 Lowest       Price of                             V Last, of WHEAT, in Florins Rate of Exchange-
                                                                                                                                                            i
                                                                                                                                                                                                         Highest and Lowest.
                                                                            Price of the Ducat                                                                                                              Price of the Ducat
                  Ordinary              Finest          in Groshen                                                                       Ordinary         Finest        in Groshen
Years              Quality             Quality         V £ Flemish          in florins 4 groshen   Quarter             Years              Quality         Quality      W £ Flemish                      in Florins 4 Groshen


1703 /110 /135 /200 /280            /8                                                             19/3               1765 /230 /310 /330 /440 £393 £405                                          /II £11                    /II £21
   4 125 100 280 210                 8                                                             20/5                  6  310 240   380 450   425  400                                           12   3                         11          15
   5  125 109 220 200                8                                                             17/6                  7  300 330 430 500 400      450                                           11  15                         13           6
   6  105   90 200 190               8                                                             16/5                  8  320 420 440 530 443      408                                           12 15                          11          21
   7  110   95 190 200 ff279| £281   8 £4                                                          16/7                  9 400 260    530 400   405  419                                           11  27                         11          19
   8  105 195   190 270  282 A 2701  8 5 /8 £3                                                     20/2               1770  190 310   310 420   418£ 408                                           11  29                         11          18
   9 200 450    270 600 27U 251      8 2 7 27                                                      42/9                  1  330 460 420 500     410  423                                               11          18             11          28
1710  320 180 460 300    258i 276    7 27 8                                                        33/3                  2  350 410 490 580 425      436                                               12          16             11          24
  11  205 160 300 270 276      282   8    8 3                                                      25/9                  3 440 3(>0   580 530 429i 441                                                 12           8             12
  12  140 180 240 280    286   282   8 6 8 2                                                       22/10                    300 380
                                                                                                                            1         560 490   441  423
  13  140 250 250 350 281      260   8 2 7 27                                                      25/8                  5  420 350 520 480 417| 432
  14  245 290 340 430 255      270   7 19 7 24                                                     37/8                  6  330 250 470 400 426      434
      260 120 385 250                7 19 7 24                                                                              190 260   330 380 420    4301                                                                              a*-S2 S
  15                     259| 270                                                                  27/7                  7
                                                                                                                                                                                                         * r1
                                                                                                                                                                                             s* £.3                               P$
                                                                                                                                                                                                                                        -S
                                                                                                                                                                                                                                           1 -S -
  16  160 150 270 250    28 lg 277   7 29                                                          23/2                  8  260 260 380 380 411      431 1
  17  135 150 240 260    281   288   8    8 2                                                      22/1                  9  260 230   380 330 422    434
  18  185 130   300 250  292   283|  8 2 8 3                                                       23/2               1780  190 283   290 390 430    422
                                                                                                                                                                                         •S'gio.® "•                    -2   ~J
  19  125 185 250 280    285   274   8 3 7 24                                                      23/6                  1  300 260   420 380 422    430
1720  155 135   240 190 278    289   7 28 8                                                        19/10                 2  260 340 380 450 428      416
   1  122 110   180 185  284   293   7 28 8  3                                                     16/6                  3  350 280 460 400 405      419
   2  100 130 200 160    291 g 285A  8 2 8 3                                                       16/5                  4 310 400 410 510 423       408
   3  140 135   190 220  286   273   7 27 8  1                                                     18/11                 5  330 390 410 470 408      412
   4  140 130 220 180 281      272|  8 2 7 29                                                      18/11                 6  390 340 470 410     409  417
   5  145 210 240 260 275g 279       7 29 8                                                        23/10                 7  340 390 .430 390    407  417
   6  140 195 220 300 273 1 296      8    8 4                                                      24/3                  8 410 370    440 390 410    404
   7  180 155 275 250    29H 284| 8 4 8 3                                                          24/0                  9  360 700 430 800     406  395                                     §|SS                       so                       t"
   8  140 150 240 205- 286| 283      8 1 8 2                                                       20/1               1790  620 370   720 470   390  407
                145                   200   220       284        276                                                                                                 s s ~^ s a               £-1
   9                   130                                                   8    1    8 1         19/7                    1 410 300 490 450 24 27 25 28                             a   <-•




1730            130    110            200   180       286        291         8    5    8 4         16/11                 2   300 440     380 520 23 9 25 20 - § « a "S
   1            110    120            220   200       291|       286         8    5    8 4         17/7                  3   440 380     530 460 25 6 26 24                     Seal’S
   2            115    105            210   180       291        287         8    4    8 3         16/8                  4   390 530     400 570 26 6 23 27
                                                                                                                                                                              ®
   3            100    115            180   210       289g       2741        8         8 2         16/6                  5   500 880 550 960 24              21 18        1 1   “f l « «t| 3,'g s
   4            110    150            210   245       285        278         8         7 29        19/9                  6   940 420 1050 560 22 6 24 4
   5            135    145            220   240       278        291         8    1    8 5         20/1                  7   300 530     400 630 24 7 26 5
                       205            210   270       289        296                                                                                                 §| f-5          || ||3 ||
                                                                                                                                                                                             fc
   6            130                                                          8    3    8 7         22/8                  8   380 450     52o 500 26 3 25 10
   7            195    160            250   270       2951       288         8    5    8 7         24/0                  9   420 700     520 800 25 21 19 15                            ~
                                                                                                                                                                   ^ 1 s°.a     £ £ 2 a       s
                                                                                                                                                                                           ^ Jj              .’i
                                                                                                                                                                                                                        gj
                                                                                                                                                                                                                                         II




   8            160    120            250   225       295        289         8    6    8 3         21/1               1800   700 920     850 1100 21 3 22 10
   9            105    165            210   240       291 g      282         8    6    8 3         19/6                  1 1050   609 12:;:) 800 21          22 28
1740            160    370            240   450       288g       2711        8    5    8 2         33/1                  2   680 570 880 680 22 18 24 6
                380    170            450   320       284|       295'        8         8 5         35/3                  3   480 520 700 610 24             22 18
  2             180    125            300   210       296        289         8    4    8 7         22/2                  4 420 1000 550 1150 25 6 23 27
   3            140    120            220   180       2951       292         8    5    8 3         18/2                  5   950 750 1150 850 24 10 22 27
                                                                                                                                                                                         '


  4             125    150            190   200       2951       288         8    6    8 3         18/5                  6   780 650     720 850 23 22 23 (5 s> q « £ 5              lljl’.s il
                                                                                                                                                                         |                        ll




  5             145    210            205   280       292        295|        8    4    8 6         22/2                  7 ( Dantzic in possession of the French,
  6             190    220            245   275       296        290         8    6    8 5         25/1                  3 j   and Export prohibited.              flSitllfftlM?   ®
                                                                                                              |
                                                                                                                                    i



                                                                                                                                                                   /i'f Q-T---5 1.8 s 1
  7             220    160            285   240       294J       285         8    6    8 3         24/2                  9 i
                                                                                                                             Partial Exports by Connivance,
                                                                                                                  1




                130    190            200   250       293        283         8    6    8 3         21/1               1810
                                                                                                                               and under French Licences.
                       230            205   265       282        294
                                                                                                                                '




   2            145                                                          8    4    8           22/8                    11
1750            175    145            235   205       288£       299         8    3    8 6         20/8                    12           Export again prohibited
   1            140    210            190   245       293        3071        8    5    8 13        20/7                    13           Town Blockaded and Besieged                      ?! lilts'
   e

   2    j
            1


                 210    160           250   230       296        3081  8 9             8 18        22/3                    14           300    400 380 580           14 6     18 3       ip
   3             200    160           260   235       308|       318   8 17            8 24        21/6                    15           400    350 500 430           15       18 18          * - * £ S •§ 5 w                 5 a       'S    £ <! *3
   4             170    150           240   205        31 5|     310   9               8 16        19/1                    16           360    880 410 1010          18 21    20 9
   5             160    135           205   230        309J      319   8 19            8 24   18/4                         17           880    500 1150 700          19 15    18 18
   6             142    320           220   390        314       320|  9 6             8 26   23/1                         18           630    520 800 660           18 4     18 27
   7             330    210           390   310        3201      307   9 2             8 22   31/                       19              570    290 680 400           18 4     20 24
   8             250    220           350   310        3091      327   8 23            9      29/                     1820              350    240 500 380           20 6     21 12
   9             250    180   ,       330   270   1
                                                       826 J     361   8 29             10 3 23/7                           1           230    430 380 550           21 24    20 18
1760             140    210           230   310        359       416  10 2              11 12 19/                           2           280    270 400 380           21 12    20 19
   1             180    220           290   310        3731      399  11  5             11 18 19/4                          3           270    220 380 310           21 2     21 16
   2             200    240           280   330        3961      3711 11 11             10 23 21/10                         4           240    180  320 260          21 7     20 3;
   3             200    240           280   330        374|      378  10 22             10 29 21/10                         5           180    230 260 310           19 21    20 15
   4             240    220       1   310   330        377£      401  10 26             11 14 22/3                          6           180    290 270 380           21  1    20 15
