                                                                                                                                                                                                                       .




                                                                                                                             7   06

   STATEMENT shewing the Number of Quarters of each kind of GRAIN, LEGUMES, and SEEDS, and of Sacks & Barrels of FLOUR,
brought to Mark Lane Market, LONDON, according to the Corn Meters Return, made to the Chamberlains Office at Guildhall, in each of the
20 Years 1812 - 1837                                 .




                                                     GRAIN.                                    LEGUMES.                                                                   SEEDS.                                                          FLOUR.
 Yrs.                         Wheat           Barley                 Oats        Rye       Beans        Peas        Tares     Brank Mustd.                           ta       Linseed Various                      Malt            Sacks           Barrels
                                                                                                                                                                                                                                                             ..



1812                        480,145           200,173         597,028           33,582    81,692     36,492         1,711            3,117
                                                                                                                                 1,091                               8,887   108,868          14,299          134,334             289,902
  13                        656,426           243,147         755.630           12,978    76,644     46,726       2,156       1,135 4,104                           33,516    75,879          13,489          164,840             388,955
  11                        768,021           292,578         725,009            3,415    91,766     44,007       2,262        1,708 9,702                          21,971   103,136          13,429          171,987            399,502
  15                        471,840           282,805         842,572            2,259   106,616     52,016       2,236       2,418 5,965                           20,830    59,298          16,913         177,804             362,828
  16                        511,691           230,592         838,133            3,094   109,951     47,398       2,840       3,902 5,220                            6,560    33.602          16,517         146,115             338,049
  17                        681,495           311,695         716.689           17,201    93,176     61,514       2,300       6,418 5,152                           13,003    97,781          20,445         151,123             319,480 102,841
  18            |
                            1,001,379         544,893       1 232,767
                                                                 ,              13,689   145,941     73,794       2,763      18,462 3,283                           10,383   129,104          15,405         183,964             369,733 18,347
  19            !
                            113,433           383,786         887,705            5,021   159,388     48,102       5,290       3,639 3,331                            9,201    64,860          11,919         162,402             381,986 1 3,200
1820  636,517                                 253,452       1 150,833
                                                                 ,               1,063    74,633     50,233       6,574       6,691 6,471                            7,410    87,054          15,865         193,866             406,849 43,124
   1  529,004                                 242,070         748,045            2,312   106,688     52,553       4,912      14,247 5,079                            6,580    66,101          18,925         216,220             447,759   9,735
   o 471,852
            |




            |
                                              251,457         801,079            2,128   104,250     55,771       3,423       7,555 4,973                           17,670    79,112          20,775         241,393             440,991   2,530
   »| 377,567                                 168,381         856,809              820    77,965     51,920       3,123       7,848 4,836                            8,446    78,038          12,048         212,239             489,973   6,226
   4 401,377                                  240,260         964,827            3,074    84,108     60,074       9,793      17,585 4,835                           13,333    92,915          16,407         243,208             486,493 16,441
   5 496,867                                  467,088       1 142,817
                                                                 ,
                                                                                   398    98,964     60,910      14,316      13,719 2,699                           11,010   140,727           5,570         266,885             521,365   9,553
   6 490,917                                  384,275       1 244,056
                                                                 ,              24,381   111,357     75,040      18,783       3,634 1,261                           21,093    95,278           4,872         266,534             466,715   1 ,437
   7 331,632                                  253,181       1 225,012
                                                                 ,               7,958   108,804     53,838      10,168       6,356 1,736                           10,180   112,412           6,258         215,288             119,789   5,000
   8 783,541                                  262,285       1 530,425
                                                             ;   ,               6,284    96,755     67,693      15,888      11,834 6,134                           12,367   111,305           6,134         246,905             523,106 10,242
   9                        1,040,829         356,204       1 145,754
                                                                 ,              18,632    82,070     65,331       8,280      15,097 6,639                            9,957    91,431          11,162         219,478             368,888 77,085
1830                        878,241           337,496         901,000            7,148    75, 165    56,072       4,282         618 5,319                           21,922    47,059          15,294         234,137             412,876 92,837
   1                        967,094           439,543       1 084,261
                                                             .

                                                                 ,
                                                                                18,842    83,115     50,949       8,151       6,388 5,420                           10,295   145,866          17,799         269,641             415,597 229,751
   2
   3
   4                                                                                                                                                  J

   5    j




  STATEMENT        shewing the Total Number of Quarters of each kind of GRAIN, and                    and M EAL, ( the Flour and Meal conver-                       FLOUR
ted into Quarters of their respective kind of Grain, )                                          IMPORTED
                                                                        into all the Ports of Great Britain, from all parts of the World, in
each of the 32 Years 1800 - 1831      distinguishing the proportiou Imported from Ireland, in each Year.
                                                                            ;




                                                                       QUARTERS of                                                \
                                                                                                                                      !




                                      Wheat          Oats              Barley      Beans      Peas            Rye
                                                                                                                      Indian      \
                                                                                                                                              TOTAL                 Proportion              The   STATEMENT below, exhibits
Years                                                                                                                  Corn       j
                                                                                                                                              Quarters              Ireland        the Official Value of all Corn, Grain,
                                                                                                                                                                                   Flour, and Meal,                        IMPORTED
                                                                                                                                                                                                                           into,
1800                        1 , 264,520            545,018            130,796      15,796   26,796          144,531   11,198      i       2 188,837
                                                                                                                                              ,
                                                                                                                                                                          3,238    and Re-exported from, Great Britain, to,
                              424,765
                            1 ,                    583,043            113,966      16,246   44,218          146,732   77,472              2 409,445
                                                                                                                                              ,
                                                                                                                                                                          900      and from, all parts ( except Ireland ; ) and
   2        1
                              647,663              583,779             15,262       5,792   10,672           15,478    5,261      !       1   ,
                                                                                                                                                      286,201         467,067      the Official &f Declared Value of Grain $•
   »                          373,725              521,166             14,021       1,737   23,992            4,099         712   i                   939,485         343,548      Flour ofBiitish Produce,                        EXPORTED
   4                          461,139              740,393             11,596      11,928   19,648            2,644         244   I       1 , 247,593                 316,958     from Great Britain in each of the 18 Years
   5                          920,834              478,411             43,301      10,736   10,218           24,267          22           1 , 487,791                 306,923      1814       — 1831    For the Rates of Valu-
                                                                                                                                                                                                         .


   6                          310,342
                              404,946
                                                   540,506
                                                   815,680
                                                                        5,386
                                                                       26,092
                                                                                    3,406    1,559            1,014      112                  862,328
                                                                                                                                              275,367
                                                                                                                                                                I
                                                                                                                                                                      466,946
                                                                                                                                                                      463,406
                                                                                                                                                                                   ation,     — page 61
                                                                                                                                                                                                  see
   7        !                                                                      13,774    6,070            7,740    1,068              1 ,

   8                           84,888              614,653             35,250      10,739   12,882            5,297    4,308                  769,248                 656,770                                                   Grain and Flour
                                                                                                                                                                                            Official Value                 S

   9                          455,987           1 , 143,242            29,969      29,966   33,109           13,614    1 ,262             1 707,685                   933,658
                                                                                                                                              ,
                                                                                                                                                                                         of all Foreign                        of British Produce
 810            |
                            1 567,126
                              ,
                                                   609,209             26,318      15,226   12,268           90,982          36           2 322,060
                                                                                                                                              ,
                                                                                                                                                                      632,848           Grain and Flour
                                                                                                                                                                                                                           J
                                                                                                                                                                                                                                EXPORTED.
                                                                                                                                                                                                                           |
  11                          336,130               287,464            42,840       4,438    5,015           27,830          16               705,257                 430,188
  12                          290,709               406,035            83,658       5,024      712           72,820          16               859,332                 600,268     Imported              Re-expt                Official         Declared

                                                                                                                        —
                                                                                                                                                                                                                                           !
                                                                                                                                                                                                                           |

  13                          559,000               751,954            83,268       5,405    7,603           35,039         593            1 442,872
                                                                                                                                                  ,
                                                                                                                                                                      977,164                                 4   -*       *
                                                                                                                                                                                                                                  4   *
                                                                                                                                                                                                                                           }        £
  14                          852,566                815,161           46,032      43,385    9,842            6,045                        1 773,036                  812,805     1 , 209,677            76,495                219,215             548,359

                                                                                                                        —
                                                                                                                                              ,


  15                          384,475               718,409            29,578      18,363    1,624            1,805           2           1 154,258
                                                                                                                                              ,
                                                                                                                                                                      821,192         395,572           126,996                281,009             597,053
  16                          332,491               759,707            78,494       6,099    1,161           15,117                       1 193,072
                                                                                                                                              ,
                                                                                                                                                                      873,865         405,548            47,164                191,808             427,243
  17                        1 089,854
                              ,                 1 090.111
                                                 ,
                                                                      161,812       5,850   13,161          140,092         157           2 501,039
                                                                                                                                              ,
                                                                                                                                                                      699,809     2 196,113
                                                                                                                                                                                   ,                    121,011                341,365         1 , 026,293
   8                        1 694,261
                              ,
                                                2 059,135
                                                 ,
                                                                      722,843     120,779   62,006           78,085    1,414              4 738,521
                                                                                                                                              ,                     1 207,851
                                                                                                                                                                     ,            3 , 913,590            32,414                 82,574             264 58U
                                                                                                                                                                                                                                                     .



  19                          625,638           1 376,338
                                                 ,
                                                                      394,180     190,628   42,012           18,675   27,903              2 675,373
                                                                                                                                              ,
                                                                                                                                                                      967,861     1 613,024
                                                                                                                                                                                    ,                    48,744                 60,436           173,334
1820                          996,479           1 599,900
                                                 ,
                                                                      117,014      19,218    8,926           12,240    5,193              2 758.970
                                                                                                                                              ,                     1 417,120
                                                                                                                                                                      ,           1 , 387,504           184,436                 29,778            83,141
   1                          707,384           1 265,419              98,479       5,099    3,185              661      212              2 080,471                 1 822,816         272,992           403,902                 20,228            n4,688

                                                                                                                        —
                                                 ,                                                                                            ,                       ,
                    |




   2                          510,602               624,879            41,690       7,234    1,152             353     2,980              1 188,893
                                                                                                                                              ,
                                                                                                                                                                      063,038
                                                                                                                                                                    1 ,               115,913           315,958                 25,875            54,694
   3                          424,019           1 131,452
                                                 ,
                                                                       19,770       5,768      587             198                        1 581,794
                                                                                                                                              ,                     1 528,153
                                                                                                                                                                      ,                41,000           257,959                 29,573            62,800
   4                          441,591           1 713,191
                                                 ,                     73,592       7,876     5,581            966          91            2 244,062
                                                                                                                                              ,                     1 634,024
                                                                                                                                                                      ,               456,290           110,735                14.692             40,100
   5                          787,546           1 , 835,524           583,490      22,099    18,113          4,067          73            3 , 261 7:>8    ,         2 203,961
                                                                                                                                                                      ,           1 128,342
                                                                                                                                                                                    ,                    77,257                11,652             35,667
   6                          897,127           2 428,027
                                                 ,
                                                                      344,908     130,910   66,214          67,964     6,369              3 942,726
                                                                                                                                              ,                     1 693,391
                                                                                                                                                                      ,           2 17,391
                                                                                                                                                                                    ,
                                                                                                                                                                                        1                41,408                19,362             53,840
                        j




   7                          711,868           3 084,606
                                                 ,
                                                                      273,832     152,748   35,868          29.621     152,515            4 441,658
                                                                                                                                              ,                     1 830,312
                                                                                                                                                                      ,           1 994,214
                                                                                                                                                                                    ,                   119,351                27,577             70,915
   8                        1 410,911
                                  ,
                                                2 242,135
                                                 ,
                                                                      255,711      81,550   57,694          30,986    19,988              4 120,983
                                                                                                                                              ,                     2 826,869
                                                                                                                                                                      ,           1 673,417
                                                                                                                                                                                    ,                   161,318                13,932             40,592
   9                    1   2 195,570
                                  ,
                                                2 214,898
                                                 ,
                                                                      377,462      55,494   41,242          66,478    23,943              4 995,746
                                                                                                                                              ,                     2 307,748
                                                                                                                                                                     ,            3 500,433
                                                                                                                                                                                   ,                    206,607                12,489             37,536
1830                        2 205,147
                                  ,
                                                1 976,110
                                                 ,
                                                                      332,798      35,991   37,307          45,570     7,547              4 , 643,300               2 215,549
                                                                                                                                                                     ,            3 270,745
                                                                                                                                                                                   ,                    135,774                12,855             35,842
    1                       2,868 881           2 278,295
                                                 ,
                                                                      567,331      38,428   64,222          92,334    45,265              5 972,338
                                                                                                                                              ,                     2 430,529
                                                                                                                                                                     ,            4 671,354
                                                                                                                                                                                   ,                    176,643                12,787             37,027
   2
   3
   4
                        \                                                                             1 i
