                                                                         —


                                                                                                        11(5

  STATEMENT (No. 2) of the Value of all Woollen Manufactured Goods EXPORTED from Great Britain, to all parts of the
                                      Y
       World in each of the 5 ears 1772 - 6 in each      the 10                        Y
                                                                ears 1790-9, and in each of the 13                                                       Y ears 1815 27 distinguishing the pro-
                                                                                                                                                                            -

       portion to each of 22 different Countries to whence Exported in each of those ears.                                Y
                      Russia       N. of Euroy
                                        £
                                                      Germany
                                                        £       —£  Holland
                                                                               — £—Flanders       France
                                                                                                    £
                                                                                                                   Portugal
                                                                                                                      £
                                                                                                                                         Spain
                                                                                                                                             £
                                                                                                                                                        Gibraltar
                                                                                                                                                              £
                                                                                                                                                                           Italy
                                                                                                                                                                             £          j
                                                                                                                                                                                                Turkey
                                                                                                                                                                                                  £        |
                                                                                                                                                                                                               Guernsey


                      53,011         71,080       253,847 411,140                                   2,990          504,024          570,970             110,811         468,367              59,191               6,801
                      71,027         40,776       249,696 361,424                                   2,660          412,719          604,242              50,799         383,007              62,732               5,643
                      59,817         52,320       277,507 381,912                             i
                                                                                                    1,306          438,980          684,469             134,694         408,314              89,566              10,370
                      48,57ft        66,390       304,560 397,443                             l    16,480          453,887          891,063              28,111         531,684             131,857              10,861
                      58,852         71,325       312,759 388,917                             .      813           352,820          884,811              21,668         498,726             115,306              14,151          Value




                      76,744  31,104              223,226        306,413                      i
                                                                                                   95,827          382,038          407,464             119,494         446,359             15,070              11,754
                                                                                                                                                                                                                             of
                     134,224  81,864              255,303        313,845                      i
                                                                                                   96,840          434,375          346,367             130,336         517,178             41,095               8,537
                     182,353  80,923              271,638        367,583        117,151           155,134          465,373          472,221              80,774         386,631             34,334              13,795
                      82,401  44,631              217,193        265,565                           42,855          376,171          259,849              20,607         165,040              9,078               5,686         Woollen




                      71,636  57,679              330,024        217,381                                           335,811          265,036              23,586         181,285              6,395               5,782
                     129,135  59,463              503,706                                                          368,660          191,203              16,696         274,095             12,228               4,502
                     153,985 176,007              594,898               126             27                         425,038          262,192              24,144         295,374             28,580               4,710
                     120,138 219,750              641,098              7,712                         631           401,920               26               6,910           2,651              3,056               6,119
                     136,867  58,293              463,019                94                                        488,469                               34,860          26,739             13,927               8,267      Manufactured




                     149,789  71,073              427,053               175                                        568,788                               31,774          47,410             47,398               8,481

                      18,385       165,126        460,425                     383,446             72,256       727,805              231,610            137,604         123,460              10,926              30,951
                     818,922        29,711        423,672                     326,903              4,359       568,453              146,540            103,542         102,815              11,072              28,545
                     864,426        54,891        544,681                     270,682              5,916       572,662              201,943            128,459         169,220              30,144              29,309        Goods




                     394,766        51,454        678,665                     357,374              2,483       381,613              184,048            105,861         343,464              29,643              36,187
                     290,772        37,382        500,830                     258,681              1,304       412,416        1
                                                                                                                                    134,698             75,310         290,529              15,490              37,251
                     346,331        26,756        588,224                     254,752              1,309       426,852              123,214             98,886         200,947              12,871              40,537
                     366,966        24,888        566,119                     251,971              1,208       386,948        j
                                                                                                                                     28,720            127,116         198,421               3,772              41,714
                     113,851        20,277        581,901                     296,798              2,955       342,814               26,4(53           193,911         386,386               1,744              39,098
                     139,785        22,254        576,588                     279,155              1,919       285,625               34,787            138,071         326,394               4,698              42,033
                      88,620        14,046        568,988                     302,236              3,644       475,685               82,709            160,191         235,400              10,778              46,721
                     125,432        27,172        582,621                     349,767              4,024       360,469               54,313             90,821         166,515               8,318              50,214
                     110,313        14,613        571,986                     287,712             15,825       349,937               56,203             60,909         168,611               4,445              46,532
                     128,148        15,129        665,223                     325,138             27,235       263,659               80,530             72,891         229,012               5,742              44,120
                                     l 'ape of Good    United Slates                                                              Mexico         I
                     East Indies     Hope is Coast       of North       BritishNorth British West                             and South          I    Foreign
                                                                                                                                                                  |
                                                                                                                                                                       New
                                                                                                               —£—
             Years   and China        oj Africa          America           America      Indies                 Draxils         America           I   West Indies |
                                                                                                                                                                  |
                                                                                                                                                                      Ilolldna     IRELAND                TOTAL
                                                                               £                                                         £       1
                                                                                                                                                          £               £-                £                   £
            1772       232,643        167,571            942,999          90,867              115,535              1,899                                                           169,044               4,436,783
                3      182,422        223,362            569,805         117,117              110,703              5,812                                                           209,167               3,875,929
                4      148,021        178,542            778,589         120,315              116,297              3,034          KSr-   There was no Export to                    253,806               4,333,583
                5      164,472        177,132             72,285         188,311              150,792              9,268
                                                                                                                                    New Holland, deserving of                      318,944
                                                                                                                                    notice prior to 1815,
                                                                                                                                                                                                         4,220,173
                6       99,172         68,507             58,023         263,113              127,254              4,689                                                           276,053               3,868 053        Exported




a, s
® .2
            1790       530,614        167,528          1,481,378         156,192          226,921                                                                                  394,720            5,190,637
                       377,855         99,696          1,621,796         132,997                               *»* The derangement produced and Chan-                                                                      to
                1                                                                         288,722                                                                                  499,793            5,505,034
                                                                                                            ges effected in the Commercial relations of the
                2      362,509        165,204          1,361,753         183,681          319,329            World, by the          W
                                                                                                                                ar declared by England a-                          490,271            5,510,668            all

                3      530,307         44,237          1,032,954         147,631          311,546           gainst France in 1793, at e in this Statement                          178,071            3,806,536
'A'S                                                                                                        exhibited in a striking and interesting point of
                4      491,152         97,871          1,391,877         186,787          368,261                                                                                  308,759            4,390,920
                                                                                                            view ; these parts of the World prior to the                                                                  parts


ft*             5      587,054         67,403          1,982,318         196,876          350,595           commencement of the War were supplied ex-                              458,938            5,172,884
                6      543,387         44,842          2,294,942         224,649          382,260           clusively through Spain, Portugal and Holland                          555,963            6,011,133           of
                                                                                                            (see above ) und during the continuation of the
                7      446,629        118,802          1,901,986         232,329          465,990            War partly through the British West Indies                            360,600            4,963,355            the

                8      351,475        218,095          2,399,935         232,869        1,482,457           and the United Slates of North America                                 583,964            6,499,339
                9      668,161        259,683          2,803,490         324,739          552,726                                                                                  916,190            6,876,939
                                                                                                                                                                                                                          World



            1815     1,060,766          44,204          4,378,195        606,721              307,656       352,184            68,214                 51,435           2,161       817,785            7,447,869
               16    1,027,250          37,852          3,029,671        447,638              177,023       343,135            74,663                 75,487           2,969       559,673            5,814,013           since


               17      827,728          36,530          2,234,653        200,517              277,986       369,818           154,419                117,057           1,493       783,949            6,038,762
5!             18      943,186          38,904          3,160,406        283,365              284,450       564,393           233,049                 46,270             662       905,694            6,796,181           1792

               19      938,218          27,885          1,768,295        370,115              250,456       406,418           105,598                 48,070           4,369       912,887            5,047,594
» £         1820     1,348,464          41,781          1,073,484        237,232              172,598       342,044           153,444                 75,752          10,040       695,735            4,707,301
3S              1    1,421,555          50,762          1,980,011        222,644              177,461       322,561           220,508                 49,993          14,166                          5,500,922
                2    1,080,479          22,119          2,362,846        244,718              177,137       205,560           318,496                 42,974          19,392       ts   a S           5,943,612
                3    1,044,806          47,979          1,577,734        279,404              156,995       293,150           295,124                 63,585          15,023                          5,539,789
                4      879,316          41,998          1,768,004        352,015              151,560       303,431           479,377                 54,050          14,991                <
                                                                                                                                                                                   1?           s 1   6,136,092
                5      898,883          28,570          1,961,677        308,841              137,977       357,710           624,124                 44,800          10,668       §2           el    5,929,342
                6    1,193,797          26,432          1,227,729        209,678              105,193       202,844           286,136                 27,003          15,010                          5,041,568
                7      804,945          44,740          1,566,673        239,049              136,851       340,740           216,933                 47,458          26,393                          5,979,701
   tit The large amount to the United Stales of North America in 1815 was occasioned by the nonintercoui se with those States in the 2 preceding Years, the abolition
  of the Slave Trade in the interim of 1799 and 1815, will account for the decrease of Export to the Coast of Africa ; the decrease to the British West Indies is occa-
  sioned by the diminution of the transit intercourse between Jamacia and South America.                       —
                                                                                              For explanation respecting the Official and Declared Values Sf Ireland
  c ee   Note to preceding Statement and Note to Statement No. 4.
