                                                                                                                                                                                                                                                               Exchequers of Great Britain and Ireland, on the 5tli January 1817, to the 5th January 1833, and of the Expenditure of the
  STAT                                                                                                                                                                                                                                                                                                                                           actual State of the Account , independent of Loans
                                                                                                                                                                                                                                                                                                                                                                                                    and
United                                                                                                                                                                                                                                                                                                                                          ,
                                                                                                                                                                                                                                                                                                                                                   as well as Cash in hand being included, which n
                                                                                                                                                                                                                                                                                                                                                                                                     re

the Operations                                                                                                                                                                                                                                                 accouht   a    the same year, was for proceeds of Sale of Old JNaval Stores, lie two  amounts  6  in 1023-4, were denominaled the
                                                                                                                                                                                                                                                                                                                                                                                                   Goi
                       .
                                                                                                                                                                                                               „„      Company, as balance of a long unsettled         ;   in
viously were not considered Balances.                                                                                                           Tnt™..      fi                                      nr... , seeNos 6 and 14 in Statement of Loans raised.  The amoi nt c in 1826, comprises £100,000 received from the Netherlands, and the remainder are payments on account of Silver Coinage
send, being amounts received from Austria                                                            P
                                                                                                                                                                                                     Barings and^N." M. Rothschild for discount on Prompt Payment|f] the amount received from Austria.
                                                                                                                                                                                                                                                                                                           The amounts cm 1823, 1824 and 1830,^ and £40,466 of the amount          1825 are                        m      pamgL
                                                                                                         Tcconntof ?h?Ne^




                                      shown in line 48,— see Notes to preceding Statement and to No. HE
                                                                                                                                                                                                                                                                           1826.        11 27.               1828.         1829.                 1830.           1831.           1832.        1833.       1834.   1835.   1836.
                                                                                                                                                                                                                     1823.              1824.             1825.                                                                                                                                       I



             Heads of INCOME                                                                 1817.              1818.                   1819.             1820.              1821.                1822.
                                                                                                                                                                                                                                                                                                                                                   £                               £-           £-         £
                                                                                                                                                                                                                                                                                                               £             £
           and EXPENDITURE.                                                                                                                                                                                                                                                                                                                    17,971,500   16,810,174         16,960,632
                                                                                                               11,536,201             10,787,090        10,263,735         10,658,049           11,000,409         12,258,705         11,939,676        17,038,357       17,598,163   17,9 52,894          17,860,056   17,664,207
        1 Customs                                                                        11,765,624
                                                                                                                                      24,384,080                                                27,140,257         25,242,541         26,489,029        20,476,689       18,930,380   18,2 59,011          19,910,796   18,736,008             17,860,936   15,229,264         15,755,859
        2 Excise                                                                         21,035,853            24,308,219                               27,722,224         27,991,881
                                                                                                                                       6,379,000                                                 6,417,874          6,497,237          6,916,594         7,143,671        6,383,110    6,5 19,749           6,843,321    6,795,956              6,769,445    6.664.294          6,657,844
        3 Stamps                                                                          6,506,233             0,507,130                                6,342,555          6,407,649
        4 Land and Assessed Taxes                                                         7,821,038             7,893,086              7,812,106         7,849,768          7,680,369                                                  5,221,340         5,176,722        5,023,509    5,0 53,715           5,162,873    5,206,392              5,294,870    5,222,718          5,333,686
                                                                                                                                                                                                 7,252,083          6,534,727
        5 Arrears of Property do.                        .                                2,089,124              401,214                 105,598            45,124             37,137
                                                                                          1,914,467             1,961,431              1,952,683         1,894,632          1,869,185            1,881,545          1,900,755          1,988,920         2,081,579        2,110,440    1,9! >2,449          1,983,790    1,959,415              1,982,212    1.989.295   1,953,598
        6 Post Office
                                                                                                                   29,706                 26,015            27,031             79,372               68,730            63,244              62,534            57,959           49,588        53,843              56,365                              52,352       39,258       27,257
        7 Salaries and Pensions              . .                                             27,099
                                                                                             52,916                52,120                 53,844            55,735                                  62,613            64,594              67,838            69,998           74,370        72,255              77,437       72*, 053               67,926       70,993 with  Stamps
        8 Hackney Coaches                                                                                                                                                      57,903
                                                                                            112,080                94,710                102,817            98,629            106,622              250,060           312,337             282,126           513,767          278,088      3 17,027             448,793      465,481                363,742      373,771      359,525
        9 Crown Lands
                                                                                                                   19,959                 18,724                                                    67,067            47,002              49,758            65,148            9,343        9,172                7,543        7,906                  7,260        6,820       12,599
        10 Hereditary Revenue                                                                17,925                                                         13,582             16,096                                                                                                     1




        11 Lottery                                                                          189,958              211,225                 679,150           176,154            219,140              234,000            27,400             252,213           295,390           69,161       65,996               67,081       66,373                 44,684       37,927       31,234

           TOTAL, Great Britain.                                                         51,532,317       53,075,001    52,301,107 54,488,169 55,123,403                                        54,374,638         52,948,542         53,270,028        52,919,280       50,526,152   50,3^6,111           52,418,055      51,029,729 50,414,927            46,444,514         47,092,234
        13 Balances at beginning of Ye                                                    2,182,381        2,259,045     2,009,821     1,591,3631  1,637,026                                    x 2,995,872         2,714,500          2,528,549         2,472,361        2,064,126    1,9(87,884           1,951,539       2,065,104   1,909,671            1,767,381          1,705,643
        14 Unclaimed Dividends                                                              263,283           332,948       237,513      283, 8ld     83,911                                          1,666          contra                                                  64,582       69,158               25,035          81,404                           41,426             36,683
        15 Repayments from Comniisrs.                                <                        3,485              8,771                   159,000      75,500                                        197,500           116,734            125,273           208,307          117,000      272,877           transferred t o Exchequer lill Account
        16    do.  Civil List [Exchqr.Bil                                            l         No receipt under these h ads prior to 822, see & alement of                                            1,119            18,237              8,927             2,000                         2,500                                4,452       28,666                                   21,583
        17 East India Company                                                        S           Loans re bating to Eas India Compi ny*                                                            *508,617            90,000             60,000            60,000           60,000       60,000               60,000          60,000       60,000                 60,000            60,000
        18 Imprests                                                                             268,436       261,446       251,242      159,054     123,605                                        248,320           310,110            202,826           173,678          164,587      365,121              239,665         106,765       18,640                 11,894             9,552
        19 Sundry Payments                                                                                                   83,151        25,84S     63,001                                      a 151 ,000       b 777,396           1,733,333                          c 306,366                                                         43,860
        20 Revenue of IRELAND                                .                                6,514,840     5,700,723     5,385,684    4,702,011   5,155,005                                      4,847,126         4,293,635          4,659,289         4,592,301        4,587,415    4, fi 44, 289        4,668,044       4,497,183   4,223,904            4,393,036          4,412,678

                                                                                             50,764,742        61,638,534             60,268,518        61,409,25C         62,261,451           63,325,858         61,269,154         62,588,225        60,427,927       57,890,228   57,707,940           59,362,339   57,844,637             56,699,668   52,718,251         53,338,373
                                                                                              2,259,645         2,009,821              1,591,363         1,637,02(!        Jl, 581, 851          2,714,500          2,528,549          2,472,361         2,064,126        1,987,884    1,951,539            2,065,104                           1,767,381    1,705,642          1,815,285

        Total IN     COM E exclusive of Loan,                                                57,605,097        59,028.713             58,677,155        59,772,231         60.679.600           60,611,358         58,740,605         60,115,864        58,363,801       55,902,334   55, |56,4oi          57,297,235    55,934,966        |
                                                                                                                                                                                                                                                                                                                                               54,932,287   51,012,609         51,523,088


                                                                                                                1,028,000               083,000           857,7801    1      850,000               850.000           850.000             850.000
                                                                                                                                                                                                                                                         1,057,000        1,057,000    1,067,000            1,057,000    1,057,000               899.660     *    511,314         510,000
                            \   xo Ireland               .                                     ioo'ioo            208,167               198,056           204,2311           214,877               207.000           207.000             207.000    ]

             with 20—30.*   (20 Scotland                                                       130,646            129,627                                 132,08ll
                                                             .                                                                          129,988                              133,078               221,264           223,609             223,694          232,178          278,337       267,824              251,859      279,457               254.660          140,249         137,485
        Pensions and ollur C    27 England                                                     727,211            765,615               988,520           690,69a            801,724               736,187           778,549           1,364,810          831,863          805,746
                                                             .   .
                                                                                                                                                                                                                                  cl                                                     858,018              846,594      818,032               825,928
                            \ 28 Ireland                     ..                                305,282            374,297               369,090            381,5041          402,339               248,253           305,258             300,102                                                                                                             1,037,459
                                                                                                                                                                                                                                                          301,084          301,428       303,200              300,959      377,969               306,311
        I f 29 Hereditary Peusions                           .                                  27,700             27,700                27,700             27,700]           27,700                34,405            27,700              27,700           27,753           57,303                             26,200       26,200                26,200           26,200          23,374
        <S
               30 Quarantine and Wareh.                                                         29,218             31,174               114,464            142,1371          143,404               362,807           470,783                                                             240*261
                                                                                                                                                                                                                                                          223,343          199,986                            159,709      191,853               214,038          203,734         215,539
               31 Bounties                                                                     330,040            387,111               313,933            359,2131          392,997                                                     536*228
        |                                                                                                                                                                                          445,163           483,066                              429,162          315,339       294,208              273,270      233,942               199,263          170,999          76,572
               32 On account of half-pay                                                        93,658             68,660                47,534             61,426]           56,177               143,149           149,425             157,749          153,265          156,089       168,178’             172,462       97,973                                                     85
        *      33  Woods and Forests             .   .       .

                                                                                                 The am
                                                                                                                                                                      1


                                                                                                                                                                                            •
                                                                                                                                                                                                   208,753            221 ,028           195,009          540,715          247,206       2)9,874              421,839      427,014
                                                                                                                                                                                                                                                                                                                                                     185
                                                                                                                                                                                                                                                                                                                                                 363,452
                                                                                                                                                                                                                                                                                                                                                                   i   1,163
                                                                                                                                                                                                                                                                                                                                                                  328,208         310,982
               34 Scotch Clergy, Ac              .   .
                                                                             ‘

                                                                                         l                                    •onfused and u nsatisfactor ^ in regard to
        ]
                                                                                             these Items                      s,—see Notes.                                                         54,439             48,171             64,206           75,273           70,111        (18,397              59,493       61,866                64,944           54,651          97,089
        H»5        Miscellanies
                                                                             *


                                                                             ’
                                                                                         J                 u
                                                                                                                                                                                            .       57,841             13,628             20,271            17,365          31,876        (17,088                           32,937                38,988           47,594          55,047
         Exqr. mils issued ( 36 England                                                  )    Not c/m) ged in Accouri/s of Expend iture inthest Years,— see (
        for Local Purposes
                                                                                                                                                                                                    34,500            165,200            219,200           125,150         443,300       551,900
                           J 37 Ireland
                                                                                                                                                                                                                                                                                                       i
                                                             .               .           j Statement     Bills issue by Commissi oners of Exc quer Bills.
                                                                                                           f
                                                                                                           <
                                                                                                                                                                                                   495,462            304,545                                                                      transferred t o Exchequer Bill Account
                                                                                                                                                                                                                                                                                                                                       .
                                                                                                                              l
                                                                                                                                                            \                                                                            327,411           533,258         546,922       487,754 |     '


        38 Various Payments                                                                   75,050         60,285        53,101       50,35t       48,465


                                                                                                                                                                                                                                                                                                                                                                                                                  —
                                                                                                                                                                                                                     e 52,720           e 48,424
                                                                                                                                                    i




                                                                                                                              |
                                                                                                                                                                                                                                                         e 699,465         579,802       483,511      132,944                   e 127,400
        39   Total of Nos. 24          —   38.                                                2,990,708          3,080,636             3,225,386         2,897,121          3,070,761            4,099,223          4,300,682          4,762,767         5,246,874       5,091,245     4,903,413            3,733,937
        40 Army                                                                               9,014,864          8,517,044                               8,928,42-
                                                                                                                                                                                                                                                                                                                         3,604,243              3,321,029    2,521,571          2,764,471
                                                                                 .
                                                                                                                                       9,450,651                            8,932,779            7,698,974          7,351,992          7,573,02
        41      Navy                                                                                                                                                                                                                                     7,579,631       8.297.361     7,876,682            8,084,043    7,709,372              6,991,163    7,216,293          7,129,874
                                                                                 .            6,473,063          6,521,714             6,395,553         8,387,79!          5,943,880            5,193,642          5,613,151          6,161,818         5,849,119       6,540,634     6,4)4,727            5,667,970    5,902,339              5,309,606    5,689,859
                                                                                 .            1,435,401          1,407,807             1,538,209         1,401,58.                                                                                                                                                                                                              4,882,835
                                                                                                                                                                            1,337,923            1,007,821          1,364,328          1,407,388         1,567,087       1,869,606
        43 Miscellanies                                                                       2,400,483                                                                                                                                                                                1,934,403            1,446,972    1,569,150              1,613,908    1,472,944          1,792,317
                                                                                 •
                                                                                                                 2,620,891             1.855,948         2,616,70(          2,370,043            2,105,797          1,953,366
        Charges of {AA Great Britain                                                                                                                                                                                                   2,449,149         2,216,082       2,566,784     2,863,248            2,012,116    2,485,661              1,950,109
                                                                         .                    3,400,610          3,523,440             3,364,324         3,269,50(                                                                                                                                                                                           2,854,013          2,396,921
                                                                                                                                                                            3,287,634            3,277,130          3,237,012          3,240,888         3,175,086       3.314.362
        Collection, \ 45 Ireland                                                                091,226            880,317
                                                                                                                                                                                                                                                                                       3,2(55,858           3,236,092    3,145,291              3,110,253    3,058,093          3,064,703
                                                                                                                                         884,912           867, 07(           804,200              883,140            868,170 t          7*26,754          723,292         715,976       700,598              654,060      651,747                603,691      557,275            553,456
                 TOTAL of Nos. 25—45.                                                        27,332,435         26,561,049             26,714,983
                                                                                                                                  1
                                                                                                                                                                           25,817,220           24,265,727         24,688,701         26,321,790        26,357,171                                                                                                                                                                |
        46 Annuities iii perpetuity ....                                                     27,493,019         27,203,922                              27^702*101                                                                                                       28,395,968   28,0|>8,929          24,835,190   25,067,803             22,899,759   23,370,048         22,584,577
                                                                                     .
                                                                                                                                       28,069,469                          28,040,759           27,794,360         26,391,644
        47                                                                                                                                                                                                                            26,285,445        25,545,140       25,565,703
              do.      terminable 1860                                                         MM.646            1,353,107              1,351,915        1,351,091          1.350,366            1,348,902
                                                                                                                                                                                                                                                                                      25,688,010           25,468,564   25,396,566             25,191,834   24,099,085         24,060,256
                                                                                         I
                                                                                                                                                                                                                    1,347,637          1,338,837         1,333,843        1,333,257    1,382,301            1,331,458    1,331,516
                                                                                                                   316,549                316,255           73,77:                                                                                                                                                                              1,193,582    1,193,582          1,193,582
        49 Life Annuities, 48 Geo. 3.                                                                                                                                          72,037                71,503            71,532             71,077            70,201           68,670
                                                                                                280,491            329,437                351,275          383.001                                                                                                                        68,342               67,718       67,791              / 461,887      870,005            850,833
                                                                                                                                                                              410 965               431,820           492,626            530,592
        50 Charges of Management                                                                                   277,099                                                                                                                                 562,669          566,269      590,447              643,018      619,515                618,060                         700,465
                                                                                                                                                           276, 4lj
                                                                 .
                                                                                                                                          274,393                     1

                                                                                                                                                                              277,314               276,042           273,972            283,709                                                                                                                                                                                  s
        .61 Interest on Exchequer Bills                                              .         1,015,927         2,200,414                                                                                                                                 281,606          278,121      277,948              278,336      275,990                274,724        273^809          273,710
                                                                                                                                          779,992                     1     2,219,002             1,430,597         1,131,122          1,087,284           829,498          831,207      873,247              949,430      878,494                793,031        649,833          659,165
 52 Total Expcndtre. exc. of Sin kg Fi, d. 68,887,527
 53 Excess of Income over Ex'tidhditi:                                                                                                 57,858,282        58,001,89]   1
                                                                                                                                                                           58,194,263           65,619,041          54,397,234         55,918,734       54,980,128       57,039,195   56,859,224
                                                                                                                  1,395,676               018,873         1,770,31                                                                                                                                         53,573,714   53,637,675             51,432,877   51,125,723
 54 Annuity to Bank of England                                                                                                                                        I
                                                                                                                                                                            2,485,337            4,992,317           4,343,371          4,197,130        3,383,673         contra       contra              3,723,521    2,297,291              3,499,410        contra          G14!759
 55 Amounts raised by Loans, &c..                                                                                                                                                                                      297,870            585,740          585,740
                                                                         .
                                                                    24,000,000                                                                           24,000,00 M 13,000,000                                                                                             585,740      5)55,740             585,740      585,740                585,740        585,740         585,740
  56 Applied by Comtnis of Sinking Fi d.                                                                                                                                                          7,500,000          2,178,589          2,445,740        2,293,240
                                  .
                                            14,607,551>| 15,484,119 16,456,967                                                                           17,667,53 M 17,383,606                                                                                          10,188,968    2,030,740            1,975,370    3,000,000
  f»7    Average Hate of                                                                                                                                                                         16,265,092          7,505,274          5,166,424
                         3jf Cent. Stoi k. £76 16 ] |£78 0 0j £71 19 3                                                                                                                                                                                   5,486,475        5,601,130    5,726,304            4,683,183    2,772,035              1,935,765    2,673,909               6,826
                                                                                                                                                                           £74 15
                                                                                                                                                                                                                                                                                                                                   m £89
                                                                                                           1


                                                                                                                                                                      II                5        £79 15 0           £80 5 10           £94 3 6          £90 0 8          £79 8 8      £84 12 10
                                                                                                                                                                                                               1
                                                                                                                                                                                                                                  |                                  1
                                                                                                                                                                                                                                                                                                            £85 14 0    £88 15                      15 4    £78   0 10         £83   O O
