                                               125

of       Yorld, in each of the 6 Years 1817          1822; and of the 7 Years 1825-1831.


           1828.       1829.           1830.         1831.     1832.       1883.       1834.                   1835.
     |
                                 |
                                                                             £           £
                                                                                                           |



                                                                                                                 £
 1   |
         1,849,313   2,157,251       2,261,296
 2          52.643      54,727          60,667
 3          80,711      95,795          98,820
 4         185,954     158,356         221,786
 5         224,994     252,576         219,185
 6       7,443,714   8,384,263       8,639,220
 7
         2,875,571   2,854,619       2,896,278
 8
 9         448,438     509,419         477,077
10       1,704,632   2,327,863       2,128,005
11         410,823   1,555,518       1,047,769
12       1,938,462     982,330         539,552
13         508,837     492,433         413,738
14       3,709,455   4,007,186       5,683,115
13         423,577   1,393,055       2,773,111
16         298,812     304,353         397,129

     22,155,936 25,529,744 27,856,748
17      365,995    482,720    607,182
18      315,808    377,144    505,058
19      415,542    257,897    312,916
20    1,891,614  1,774,069 2,230,883
21    6,541,428 5,734,927 7,704,228
22    6,055,903 4,566,010 4,251,737                                                                    1




23    1,405,747  1,819,366  1,858,667
24    3,065,658 4,061,569 4,419,474
25                       6
26    3,726,643 4,739,018 3,426,899
27    6,079,454 6,127,947   7,330,514
                                                                                                   |




     52,019,728 55,470,447 60,504,306

 1         904,574     997,566          770,700
 2          76,968     103,490           94,191
 3          50,954      49,773           34,653
 4          81,645      69,288           99,177
 5         480,821     533,591          416,061
 6       2,023,379   1,829,102       1 ,566,455
 7
         2,080,545   3,019,309       1,735,266
 8                                                                     1




 9         194,871    336,716         180,522
10          59,400     60,940          45,203
11         202,792    259,220         160,794
12         140,232    129,163         127,278                                      I

13         175,034     52,171          70,699
14         932,876    899,673         787,128
15         101,996     83,072         140,628
16         142,016     98,229         108,549

         7,648,103   8,521,333       6,337,304
17         134,330     162,421         136,107
10          67,616      38,029          81,512
19         195,967      87,898          66,048
20         315,300     253,915         300,062
21         302,299     248,424         392,391
22          99,819      76,314          45,458
23          44,815      47,528          45,278                                                 |



24         221,555     180,473         377,604
25         323,213     354,076         284,581
26         573,954     631,619         465,290                                                 1

27           1,694       2,173           2,108

         9,928,655 10,604,203        8,533,743                                                 I
