            AN ACCOUNT of the Declared Valve of the Produce and Manufactures of the UNITED KINGDOM of GREAT BRITAIN  and IRELAND,                                                                                                                                                                       D from thence, to each of 32 different parts of the World, in each of the
      20 Years 1814                  —
                        1832 the Countries formed into Three Divisions, showing the Total Official Value of Colonial and Foreign Produce
                                                                                                                  Division,                                       to each                          RE-EXPORTED
                                                                                                                                                                                   and the Total Official Value of I
                                                                                                                                                                                                                   I: aports therefrom, in each of the aforesaid 20 Years showing also the Total Official Value of                                                            ;
                                               ;


      the Produce and Manufactures of the United Kingdom, Exported to each Division ; and the ratio of the Declared value to every £100 of the Official ;   the  proportion of                                                                  CORN
                                                                                                                                                                                       included in the Imports th( estimated Commercial Value thereof; amount of Customs Duty paid on the same; and
      average price of Wheat in each Year ; and also a statement of the Amount of Taxes raised in each year, distinguishingthe proportion for Ireland ;
                                                                                                                                                        and  the  Total Expenditure, distinguishing the proportion    plied by the Commissioners for the Reduction of the Public Debt ; and the Average rate at
      which they purchased 3 per cent Stock in each year.        *** For the Official Values to each Country, see pages                                              IS—
                                                                                                                             5 ; and for the Quantities and Value of each Article to each Country, see pages 12S       136, and 143—9.


                           Countries to which Exported.      ^
                                                                 ^earSl             1814.             1815.         1816.         1817.         1818.        1819.                    1820.         1821.            1822.            1823.              1824.                1825.           1326.                       1827.         1828.          1829.          1830.           1831.        183”       18 3   ‘
                                                                                                                                                                       j                                                                £-                 £-                                                                                           £-                            -£-                 1    2
                                                                                  1,705,954         1,307,682     1,964,214     3,045,475      2,844,635    1,793,68]           \   2,672,214      1,590,716          837,678        1,129,524          1,505,749            1,345,624      1,407,1                      1,408,970     1,318,936     1,435,805      1,489,538
           2 Sweden                                                                 523,319           253,240        41,348        43,831         52,883       47,645                  33,410         32,016           35,113           36,797             33,443               64,188         39,6 i9                      46,731        42,699        38,252         40,488
           3 Norway                                                                  56,154           209,248        59,017        47,051         86,873       70,331                  66,424         58,706           43,948           70,959             56,579               68,548         53,5 10                      39,129        53,582        64,234         63,926
           4 Denmark                                                                183,912           274,892       174,570       250,834        189,889      177, 41i                164,277        135,400          129,236          132,152            111,557              117,255         84,1 >4                     104,916       111,880        95,247        118,813
                                                                                  1,229,756           853,579       456,107       518,539        513,864      386, 75^                492,409        274,449          234,186          186,295            110,581              160,362        114,6                        174,338       179,145       189,011        177,923
            6 Germany                                                             6,429,524         5,737,426     5,946,860     5,433,010      6,176,270    5,646,505               6,110,356      5,282,279        5,234,925        4,365,219          3,897,852            4,607,805      4,161,71                     4,654,618     4,394,104     4,473,555      4,463,605
            7 Holland                                                             2,524,120         1,652,712     1,631,645     1,337,683      1,187,042    1,118,42            ,   1,118,108        947,416        1,011,393        1,194,010          1,138,148            1,201,671      1,268,8 11
                                                                                                                                                                                                                                                                                                                         2,104,561     2,142,736     2,050,014      2,022,458
            8 Flanders                                                            1,461,036         1,682,913     1,095,325       731,660        757,787      654,56                  632,964       723,174           801,097          940,682            837,448              982,328        692,81 |
            0 France                                                                579,811           295,858       404,818     1,003,487        369,504      299,491                 390,744       438,255           437,009          349,636            338,635              360,710        488,4! 18                   446,952        498,938       491,388        475,884
           10 Portugal, Azores, and Madeira                                       3,249,556         2,938,017     2,115,487     1,888,507      1,553,428    1,642,71                1,668,130      2,153,321        1,890,130        1,446,686          1,772,531            1,543,761      1,392,21 3                   1,466,647     1,012,758     1,266,931      1,168,768
           11 Spain and the Canaries                                              3,560,379         1,166,773       877,229                      602,493      583,031                 626,194        324,504          395,643          278,099            479,372              323,835        285,21 4                     274,235       339,305       911,685        649,688
           12 Italy                                                               2,328,792         1,667,836     1,394,684     2,240^987      3,147,648    2,692,79^               2,441,958      2,161,860        3,137,698        2,369,560          2,490,092            1,837,590      1,971,4 1                    1,942,752     2,176,149     2,202,030      3,251,379
           13 Gibraltar                                                           1,659,776         1,201,142     1,146,065       861,128        674,672      790, 90j              1,191,096      1,217,983        1,660,352        1,142,294          1,645,907              908,722        829,51 1                   1,045,266     1,038,925       504,163        292,760
fcj        14 Malta and Ionian Isles                                                896,972           957,647       722,460       512,195        475,863      348,925                 269,698        203,149          231,680          244,760            186,133              148,681        216,8' 5                    237,145        280,536       254,475        246,098
           15 Turkey and the Morea                                                  153,903           208,698       299,242       451,299        806,531      537,33 1                551,792        360,214          521,574          650,256            747,739              633,449        567,61                      531,704        186,177       568,084      1,149,310
©     «    10 Guernsey, Jersey, and Man                                             326,627           328,581       324,484       326,500        355,731      329,67                  296,603        324,728          315,052          320,199            347,174              341,829        319, o; 6                   320,959        329,428       319,996        344,036

§          a Total British Produce 8f Manufactures,                               26,869,591        20,736,244    18,653,555    19,420,074    19,795,113   17,120,321               18,726,377    16,228,170       16,916,714       14,857,128         15,698,940           14,646,358     13,893,2"] 0                 14,798,923   14,105,298     14,865,470     15,954,674
           b  Total Colonial and Foreign Produce.                                 17,707,818        14,258,434    11,991,665     8,889,122     9,138,960    8,452,32                 9,020,666     8,611,070        7,648,870        6,988,996          8,588,596            6,820,800      8,262,51 7                   7,562,772    7,648,103      8,521,333      6,337,304

                                    c Total   EXPORT.                             44,577,409        34,994,678    30,645,220    28,309,196    28,934,073   25,572,645               27,747,043    24,839,240       24,565,584       21,846,124         24,287,536           21,467,158     22.155.81 7                  22,391,695   21.753,401     23,386,803     22,291,978
                                    d do.     IMPORT.                              9,934,131         8,358,206     4,658,419     8,414,374    13,409,791    8,632,041                8,680,584     8,115,773        9,552,267        9,822,832     ,   11,846,754           17,460,884     12.373.81 0                  15,566,863   16,438,570     15,214,885     16,092,617

                   e Excess of           Export.                                  34,643,278        26,636,472    25,986,801    19,894,822    15,524,282   16,940,59                19,066,459    16,723,467       15,013,317       12,023,292         12,440,782            4,006,274      9,781,9' 7                   6,724,832    5,314,831      8,174,918      6,199,361
                   f Official Value of line a                                     17,809,176        14,840,814    15,756,131    18,104,550    18,596,664   17,450,905               21,114,451    19,220,365       22,171,889       19,385,561         20,330,605           19,230,633     20,333,61                    22,583,212   22,155,936     25,529,744     27,856,748
                   g Ttatio of line a to every £100 of f.                            150               139           118           107           107                                   89            84                76       :
                                                                                                                                                                                                                                        76                 77                   76              67                         65            64             66             57
                   h Proportion of line d in Corn                                  1,209,677           395,572      405,545      2,196,113     3,913,590    1,013, 02-j              1,387,504      272,992          115,914            41.000            456,290            1,128,342      2,117,31 1              3
                                                                                                                                                                                                                                                                                                                         1,994,214     1,673,417     3,500,433      3,270,745       4,671,354
                     Annual average price of Wheat
                       i                                                              98/             70/6          61/10          87/4          90/7         82/9                    69/5          62/5              53/                41/11             56/8                62/9            64/8                        56/           54/2          63/3           64/3            66/4
                   j
                     Estimated Commercial Value of h                               2,815,320          793,245        942,498     6,403,894    10,908,140    4,235,000               2,720,000       380,000          170,000            75.000            790,000            2,310,000      4,100,01                    see Notes.
                   k Amount of Duty paid on same                                      40,224           18,046                                                                                                                           10,310            172,228              299,319        437,55 >                    781,032        193,228       896,720        790,110         541,159


                           17 Egypt                                                                                                                                                                                                                                                                                        53,624        35,302"        59,305        110,227
           g       (
y          £ < 18 West Coast of Africa                                              113,178           123,188       112,836       145,818       174,879       132, 7ll                145,117       201,435          208,267          172,361            172,687               199,731        126, 9£                     163,960       205,197"       244,253        253,261
q
'<
           ^   19 Cape of Good Hope & St. Helena
                   (
           20 New South Wales, and New Zealand
                                                                                    259,034
                                                                                      6,068
                                                                                                      210,654       238,838       260,541       215,708       183,58‘|                248,182       280,682          176,677          334,967            245,054               201,857        168,71                      258,064       255,267        303,272        370,661
                                                                                                       40,519        27,204        19,422        13,546        61, 492                117,123       126,114          213,574          168,039            166,474               199,700        219,51                      340,130       446,326        311,576        316,073
h
5     f21 British North America                                                    4,399,753         3,461,742     2,471,326     1,515,317     1,768,153    2,020,00i               1.559,104     1,141,278     1,338,903            1,634,977          1,950,343            1,980,453      1,401,8C 8                  1,397,350     1,691,044      1,581,723      1,857,133
^       22 United States of North America                                              8,129        13,255,374     9,556,577     6,930,360     9,451,010    4,929,81(1              3,875,286     6,214,875     6,865,263            5,464,874          6,090,394            7,018,934      4,659,01                    7,018,272     5,810,315      4,823,415      6,132,346
*   a   23 Brazil  1
                                                                                   1,910,872         1,896,064     1,825,268     2,034,696     3,180,642    1,937,331               2,101,030     1,858,357     1,523,812            2,415,077          2,597,235            2,952,684      1,707,72                    2,312,109     3,518,297      2,516.040      2,452,103
 es
      j
        24 Foreign West Indies                                                     1,791,167         1,156,875       860,948     1,279,782     1,169,610      892, 30S               '939,782     1,050,778       868,041            1,073,914          1,171,221              907,998        570,40                      907,309       818,056        969,885        939,802
      1 25 Mexico                                                                                                                                                                                                                                         391,997                                                         694,743       313,220        303,562        978,441
 y  |                                                                                                                                                                                                         f
                                                                                                                                                                                                                   89,360              267,418                               1,043,916        471,28
 §      26 Columbia                                                                                                                                                                                            l
                                                                                                                                                                                                                   70,178              200,914            297,394              450,975        204, 5fl 8                  213,972       261,113        232,703        216,751
                                                                                     772,279           635,086       322,229       616,642       815,115      438, 9<)|               820,271     1,083,880 <
                                                                                                                                                                                                              }

 2^      27 Rio-de-la-Plata                                                                                                                                                                                       981,047              664,436          1,141,920              849,920        371,11                      154,895       312,389        758,540
                                                                                                                                                                                                              }

 |     l_20 Chili and Peru                                                |                                                                                                                                   [1
                                                                                                                                                                                                                  501,675             671,048           1,144,033            1,128,220        440,21                      628,600     1,083,986      1,119,121       909,*095
                                                                                                                                                                                                                                                                                                        [
 ^         lTotal British Produce Sf Manufactures.                                 9,260,480        20,779,502    15,415,226    12,802,578    16,788,663   10,596,29$                9,805,895    11,957 399       12,836,797       13,068,025         15,368,752           16,934,388     10,341,52 3              14,143,028       14,750,512
           m Total Colonial and Foreign Produce.                                     750,000           750,000       750,000       701,121       942,816      778,28$                  922,467       985,777        1,015,016        1,000,000          1,000,000            1,501,177        911,95                 1,224,586        1,381,691      1, 095^002    1*444,460
                                                                                                                                                                                                                                                                                                        r
                               n Total EXPORT,                                    10,010,480        21,529,502    16,165,226    13,503,699    17,731,479   11,374,58$               10,728,362                                                         16,368,752           18,435,565                                                                            16,612,525
                                o Total       IMPORT.                              6,834,298         6,435,495     5,093,267     6,058,695     7,072,834    6,014,67$                7,319,430
                                                                                                                                                                                                  12,943,176
                                                                                                                                                                                                   7,580,469
                                                                                                                                                                                                                   13,851,813
                                                                                                                                                                                                                    7,484,789
                                                                                                                                                                                                                                    14,068,025
                                                                                                                                                                                                                                     9,239,496          7,935,134           10,911,865
                                                                                                                                                                                                                                                                                           11,253,48
                                                                                                                                                                                                                                                                                            8,698,55
                                                                                                                                                                                                                                                                                                        f 15,367,614
                                                                                                                                                                                                                                                                                                          12,238,524
                                                                                                                                                                                                                                                                                                                                     16,133,203
                                                                                                                                                                                                                                                                                                                                      9,939,549
                                                                                                                                                                                                                                                                                                                                                    14,318,397
                                                                                                                                                                                                                                                                                                                                                    11,041,090    13,036,712

 £                         p Excess of Export.                                     3,176,182        15,094,007    11,071,959     7,445,004    10,658,645    5,359,91<|               3,408,932     4,362,707        6,366,024        4,828,529          8,433,618            7,523,700      2,554,92                 3,129,090        6,196,654      3,327,307     3,575,813
  y                        q Official Value of line l.                             8,077,206        18,561,735    12,905,822    12,911,214    15,689,102    9,688,513               10 055,932    13,015,821       14,368,344       15,399.951         19,018,089           19,381,013     12,220,08                18,590,047       20,857,695     19,073,702    21,890,145
  ^ L                      ** Ratio of line a to every £100 of l.                    115               124           120            99           107          109                       97            92                               85                  80                   87              84                         76            70            69             69
                                                                                                                                                                    |                                                                                               |




           f 29 East Indies and                China                                                                                                                                                                                                                                                                    4,459,322     4,446,082     3,919.824      4,139,319
                                                                                   2,334,349         2,891,416     3,043,993     3,705,964     3,863,132    2,653,52                 3,693,168     4,151,677        3,771,222        3,753,409         3,525,930             3,423,281      4,102,6(1
                                                                                                                                                                                                                                                                                                                [



  5^           30 Mauritius.                                                  ]

                                                                                                                                                                                                                                                                                                                i
                                                                                                                                                                                                                                                                                                                          195,840       221,160       221,899        171,071
                                                                                                                                                                                                                                                                                                            I
               31 British West Indies                                              7,029,699         7,225,807     4,545,084     5,890,199     6,021,626    4,841,253                4,197,761     4,320,586                                                                                                            3,583,222     3,289,704     3,612,085
                                                                                                                                                                                                                    3,439,818       3,676,780          3,828,690             3,866,834      3,199,26 '
               32 Whale Fishery                                                          105                58                                                         1                 1,034           384                                  35              91                      74
                                                                                                                                                                           6

               s Total British Produce Manufactures,   «$*                          9,364,153        10,117,281    7,589,089     9,596,176     9,884,758    7,494,78]                7,891,963     8,472,647        7,211,040        7,430,224                               7,290,189                                  8,238,384     7,956,946     7,753,808      7,148,838
                                                                                                                                                                                                                                                       7,354,711                            7,301,931
           |
               t  Total Colonial and Foreign Produce,                                 700,000           700,000      700,000       702,442       778,032      674, 57j     l.          612,780     1,032,842          563,704          600,000            600,000              833,328        881,94 J                  1,018,985       898,861       987,868        751,879
                               u Excess of Import.                                  5,788,174         6,210,786    8,071,882     6,062,611     7,739,717    7,960,736?               7,965,988     5,655,980        5,718,851        7,462,818          8,406,078            6,164,787      8,429,79 3                  7,848,608     9,929,610     9,005,926

      1|                       t>   TOTAL IMPORTS. 15,852,327 16,028,067                                          16,360,971    16,361,229    16,402,557   16,130, 00j 16,470,731
                                                                                                                                                                           1                      15,161,469       13,493,595       15,493,042         16,360,789           14,288,304     16,613,67                17,105,977       18,785,417    17,747,602     17,170,307
      5S                       to   Official Value of line s.
                                                    7,314,198   8,309,453                                          6,112,567     9,095,663     8,401,626    6,394,606F  7,220,819                  8,596,525        7,696,300        8,358,954          8,681,343            7,841,290      7,779,07                10,105,843        9, 806,097   10,867,001     10,757,413
      hjN l_       x Ratio of do. to £ 100 of s.      129         122                                                 123                         115          117                     109            99                                                                                                                   82                                         70
                                                                                                                                                                                                                       91               89                 85                   93            r.94                                        81           71
                Actual amount ( y Great Britain. 70,240,313 71,203,142                                            62,640,711     52,135,749   53,967,218   53,291,506
                                                                          ,
                                                                                                                                                                           »        55,063,093    55,530,073       55,255,615       54,446,969         55,456,375           53,771,500     51,314,93 0              51,311,717       52,723,192     51,437,783    50,708,385      46,444,514
                  of TAXES. ) z Ireland.            7,154,070   7,334,786                       1



                                                                                                                   6,204,785      5,514,840    5,720,723    5, 884, OilP             -4,702,011    5,155,205"       4,847,126        4,293,635                                              4,587,41                 4,644,289        4,668,044      4,497,183     4,223,964       4,393,036
                                                                                                                                                                                                                                                        4,659,289            4,592,301
           Total Expenditure off General Purposes 115,621,433 116,402,962                                                        58,887,527   58,233,037   57,858,205!
                                                                                                i




                                                                                                                                                                                    58,001,890    58,194,263       55,619,041       54,397,234         55,918,734           54,980,128     57,049,19                56,859,224       53,573,714     53,637,675    51,432,877      51,125,723
            the United Kingdom, ( Sinking Fund     14,120,963  13.452,096                                          13,253,601    14,607,559   15,484,119
                                                                                                i


                                                                                                                                                            4,455,96 I               5,667,536     4,383,696        8,765,092        7,505,271          5,166,424            5,486,475      5,601,13                 5,726,304        4,683,183      2,772,035     1 ,935,765      2,673,909
            Average rate of 3 per cent Stock.       £66 11 4 £58 13 9                                               £62 1 9        £76 16       £73 15     £71 19 3                  £68 12 0     £ 74 15 5          £79 15         £85 5 10            £94 3 6         i
                                                                                                                                                                                                                                                                             £90 0 8        £79 8 (j                £84 12 10          £85 14      £88 15 lli     £89 15 4        £78 0 10      £84 0 0
