                                                    ..                   .




                                                                                                                                                     137

    STATEMENT of the Quantity in Weight, Measure, and Tale, of each of 108 articles of Merchandize, Imported into the United
Kingdom, from Continental Europe, in each of the 4 Years 1827                                                                                    — 1830.
                                                                             [
                                                                               Years                             1827.               1828.           1829.                     1830.          1831.           1833.   1834.
                       Articles Imported.
                                                                                                                               i




                                                                                                           |




             f    1   Ashes                                                              Cwts.                    13,377              11,098       15,988                       28,743
                  2 Barilla                                                                       u              323,032             210,010      164,885                      301,443
                                                                                                                  39,802              40,394       50,432                       48,992
                  4 Brimstone                                    .           .
                                                                                                   "              10,797              13,981       15,102                       12,126
                                                                                                                                                                         1




                  5 Bristles                             .           .           .       .         lbs.        2,320,993           1,718,921    1,715,488                    2,011,293
                                                                                                                  55,393             47,864        46,494            1          34,215
       7 Cochineal                                                                                 lbs.           16,429                471                  7                  18,059

                                                                                                                        —
                                                                     .           .




       8 Gum, Arabic                                                                                               1,619              2,044         1,783                        3,117
       9 do., Shellac                                                .       .                    lbs.                                2,547        25,795                       21,610
         |




      10 do., Lac Dye
         1
                                                                                                      n             227               4,943         3,773                        2,781
      11 Indigo                                                                                                 112,860              24,953        76,829                       54,516
      12 Quicksilver                                                                                  a         883,261             268,278       635,905            !       2,007,070
     j


    ^ 13 Madders                                                                                                 76,008              96,064        70,017                       51,624
     114    do.   Roots                                                                           u              40,487              66,031        31,306                       36,081
                 15 Shumac                                                                                       81,102              95,935        80,130                      112,476
                 16 Spelter                                                                   n                 119,994              91,935        84,603                       88,552
     '

                 17 Smalts                                       .           .                    lbs.          521,173              496,160      376,675                      444,428
                                                                                                       „                             447,434      158,026                      191,229
                 19 Olive Oil                                            Gallons                               1,028,174           2,336,001    1,153,834        |
                                                                                                                                                                             2,791,057
                 20 Tallow                                                                                     1,245,764           1,049,137    1,171,702                    1,072,574
                 21   Tar                                                                                         1 1   ,032           9,673        4,318                       10,684
                 22 Turpentine                                                                                    3,056                 617                523                      43
                 23 Valonia                                      .                            »                  98,742             165,526          111,391                   150,129    1




    1^24              Bees Wax                                .                                                   1,166               2,840            3,298                     1,214

    f25 Butter                                                                                                   211,145             201,675      148,140                       108,834
     26 Cheese                                                                                n                  189,892             217,991      168,900                       109,747
      27 Wheat                                                                                                   232,311             700,827    1,527,886                    1,409,605
      28 Barley                                                                                    u             208,117             168,672      281,713                       145,119
      29 Oats                                                    .           .                     »           1,740,719             165,843      541,858                       505,414
      30 Pease and Beans               .    .   .                                                     «          173,315             111,416       80,383                        51,108
    JI




      31 Rve and Indian Corn                                     .           .                        o           87,026              29,562       65,910                        45,155
     132 Meal and Flour                                                                                            6,927              86,991       59,886                        21,355
         T33 Clover                                                                           n                  132,327             139,830       38,975                       112,176
                                                                     Bushels                                   2,246,600           1,864,469    1,825,105                    1 ,794,665
     I
         J 34 Linseed
                                                                                                                 509,282             428,905      371,373                       529,758
>
     j^ “j 35 Rape                                                                           </



                                                                                                                                     170,491       87,097                        26,407
                                                                                                                                                                                                          !




                                                                                             "                   173,146

     ("37 Currants                                                                                              14 4,589            163,834          119,928                   113,891
     1 38 Raisins  ...                                                                       "                  157,882             201,857          145,756                   119,990
       39 Fisrs                                                                              II                  22,514              27,562            1,938                    20,406
    ,1
       40 Prunes                                                                             1,                   9,306               7,396            6,283                     5,916
     1           41   Oranges               •   •   •                                                            34,391              47,831           53,215                    61,623
                        and                                                                                     187,270             159,582          130,916                   134,047
     1
                 42
     (_43 Lemons                                             .                       Chests                      81,041              69,719           67,336                    72,642

     T44 Licquorice Juice ....                                                                                     9,179              6,628            4,440                     4,808
     145 Cortex Peruvianus                      .                                                 lbs.            57,073             19,048           32,356                     2,262
      46 Opium                                               .                                                   113,140             84,186           48,634                   209,076
                 47 Rhubarb                                                                           a            8,378             19,016           11,122                     4,064
    j

                 48 Senna                                                                             //          12,952             39,759           54,019                    39,413                I
     j



     1^49 Sarsaparilla                                       .           .                                         9,524             41,649            1,251                    11,237

     f 50
          Hides, Ox and Cow      Cwts.                   .           .                                            86,545             100,657       79,647                       87,534
       51 Calf & Kip                "                                                                             34,043              49,770       42,546                       30,877
       52 Undressed Goat .... IS umber                                                                           109,758             153,832       83,982                       73,648
       53    do.     Kid ....      „                                                                             477,989             339,020      106,066                      222,257                i




             do.     Lamb ....                                                                                 2,599,379           2,770,112    1,888,407                    1,804,713
    J 54                                                                                                                                                                                              i



       55 Kid, Dressed             «                                                                             648,480             566,889      591,094                      862,538
         j



       56 Seal                     u                                                                              24,376               2,059           1,551                     2,773
         i




         1       57 Fitch                                                                     „                  293,286             323,418         278,740                   248,053
                 58 Martin                                                                    n                    5,562              23,304          10,734                    51,081
         |




                    Nutria                                                                    "                    1,000              73,813           3,943                    19,400
         L.69

                                                                                                                 253,853             384,072         160,195                   159,004
             f 60 Straw Hats
                                                                                              t,



               61 Gloves                                         .           .               Bair                864,202           1,203,109         865,157                 1,093,441
                                                                                                                                                                               131,344
             j




               02 Silks                                  .           .           .                 lbs.          124,234             183,417         132,313
     63 do   |
                                                             .                       Pieces                        3,932               1,134             940                      1,656
  ~{ 64 Cambrics                                                                                                  62,094              50,101          40,778                    54,275
1                                                                                                                                                                               29,326
     65 Linens
             1
                                                                                                   "                3,351             10,432          31,638
     66 do                                                   .           .           .        Ells               688,504             706,490         372,697                   240,700
     67 do   1
                                       Square Yards                                                               30,442             131,226         138,458                    92,698
                                            Value £                                                                                    5,613           4,032                    1 0,389
     68 do   l                                                                                                     7,299
                                                                                                                                               2 H
