                                                           ....




                                                                                                                                     154

  STATEMENT of the Quantities in Weight, Measure, or Tale, of each of 136 Articles of Colonial and Foreign Produce
Imported into the United Kingdom, retained for Home Consumption                                                                                after    deducting the Quantity Exported   subsequently    to     the
payment of Duty in each Year since 1826.

                                                                   [Fears                1827.          1828.          1829.        1830.        1831.         1832.   1832.                1835.        1835.
                                      Articles.

       C 1 Sugar                                                   .       Cwts.        3,340,927      3,601,405      3,539,821    3,722,044    3,781,011
         2 Molasses                                                                       412,665        381,761        386,142      337,588      348,626
               3 Tea                                              ..        lbs.       29,931,178     29,305,757     29,495,205   30,046,935   29,997,055
               4 Coffee                                                                15,560,117     17,114,635     19,466,028   22,669,253   22,715,807
               5 Cocoa                                                                   385,793         354,407        393,847      425,382      502,806
                         f 6 Currants ....                             ,     n           119,669         118,400        114,077      118,158      149,018
                                  7 Raisins                         .        .i          147,768         153,228        121,737      147,122      162,204
                                  8 Figs .......                                          17,624          21,133         19,702       19,397       20,578
                                  9    Prunes                       .        //               8,217        7,765          6,245        5,473        8,044
               **«               10 Oranges                                                31,630         43,869         48,921       57,838       59,517
                                 11   and ....                         Chests             182,398        155,823        130,348      129,910      168,073




                y
                         r 13
                                 12 Lemons ... .
                                     Cassia Lignea
                                 14 Cinnamon ..
                                 15 Cloves
                                 1 6 Mace
                                                                   .




                                                                   .

                                                                   •
                                                                    •
                                                                            lbs.
                                                                             21



                                                                             ff

                                                                             />
                                                                                           78,898
                                                                                           42,984
                                                                                           14,451
                                                                                           85,990
                                                                                           16,760
                                                                                                          68,849
                                                                                                          55,787
                                                                                                          15,696
                                                                                                          61,216
                                                                                                          16,094
                                                                                                                         65,669
                                                                                                                         62,252
                                                                                                                         29,720
                                                                                                                         48,638
                                                                                                                         14,254
                                                                                                                                     —70,682
                                                                                                                                      65,705

                                                                                                                                     60,111
                                                                                                                                     12,600
                                                                                                                                                   71,649
                                                                                                                                                   61,162
                                                                                                                                                   23,172
                                                                                                                                                   83,885
                                                                                                                                                   18,894
               ’SA 17 Nutmegs....                                   .        17           125,529        140,002        113,273     121,260       152,369
               CO
 hi                18 Pimento ....                                                        319,667        310,182       339,013      348,525       304,400
                   19 Pepper ....                                                       1,949,931      1,927,718      1,933,641   2.009,154     2,050,082
 S^   *20 Ginger                                                                           12,383          7,375          5,947       6,284         4,828
                                                                                           69,478                       116,854     153,652       140,100
 X 21 lice                                                          .        a                            80,137
                                                                                                                                     -
 & 22 do., in the Husk Bushels                                                            177,251        255,682        222,472                   189,388
               23 Sago                                                                      4,153          3,125          4,026        3,384        3,422
               24 Tobacco            .                                      lbs.       18,695,779     18,504,510     18,819,021   19,188,431   19,418,940
               25 Cigars and Snuffs ..                                       »             50,048         49,881         66,744      105,070      114,901

                       Portugal . . . Gallons
                     f'26                                                              3,231,134      3,307,021       2,682,084   2,869,608     2,707,734
                    27 Spanish .... .                                        /;        1,913,429      2,097,629       1,964,162   2,081,423     2,089,532
                    28 Madeira ....       j                                              300,906        272,977         229,392     217,138       209,127
                    29 Canary                                                            153,352        137,553         101,699     101,892        94,117
                    30 French             a                        .                     313,237        421,469         365,336     308,294       254,366
               CQ
                    31 Rhenish ....                                          //           76,275         86,905          76,396      68,322        57,888
                  < 32 Cape                                                  //          698,690        652,285         579,744     535,255       539,584
                    33 All other ....                                                    157,338        186,537         218,839     252,513       259,916

                                        Total     WINE                       .         6,844,371      7,162,376       6,217,652    6,434,445    6,212,264
                           34 Rum                                                      3,288,606      3,277,652       3,375,866    3,658,958    3,624,597
                           35 Brandy               ....                                1,312,067      1,325,169       1,300,746    1,274,803    1,235,101
       L             i
                         t 36 Geneva               ....                                   52,668         45,259          37,146       30,799       23,898

       r             i
                         f 37          Wheat      .... Quarters                           564,985       805,849       1,267,915    1,540,800    1,201,585
 0?              .               38 Barley                                    17          239,672       217,540         202,406       52,107      522,697
                8                39 Oats                          . •         4         1,851,910        14,373         192,889      899,986      354,484
 ts
               11 40 Peas and Beans
               w     1
                         1
                                                                              ,           158,006
                                                                                          _
                                                                                                        118,671
                                                                                                            488
                                                                                                                         96,514
                                                                                                                         65,331
                                                                                                                                      63,645
                                                                                                                                      19,120
                                                                                                                                                   77,226
                                                                                                                                                   56,867
                   L42 Indian Corn «.                                                     149,418        _              _            _                    -
 £                                                                            if



               43 Wheat Flour ....                                                         41,025        126,703        337,066      563,796    1,015,142
 a             44 Butter                                                                  209,370                                    102,771      121,193
                                                                                                         195,716        147,951
               45 Cheese                                                                  187,731        213,594        166,484      104,880      130,039
 g              .  f46 Clover                                                             115,425        136,547         88,662       93,813      1 14,663

               -»
                  J
                    47 Flax & Hemp Bushels                                              2,407,052      1,965,660      1,899,936    2,062,938    2,476,990
       1       t§    ]|
                                 « Rape                                                   616,088        454,591        375,162      507,065      396,502
       1*            v*49              Tares                                              143,017        104,991        101,160      101,746        81,480

       rso Cortex Peruviansi..                                              lbs.          179,315        110,678        103,695       56,879      112,773
  •
               51 Liquorice Juice .. . . Cwts.                                                6,612        6,643          5,795        5,654        6,002
       1

       |
               52 Castor Oil                                                              117,664        255,480        293,028      334,497      327,940
       !
               53 Opium                                                                    17,302         20,680         23,970       22,668       25,937
       1       54 Rhubarb                                                                  36,478         38,967         33,673       34,160       40,124
       |
               55 Sarsaparilla                     . . .                                   77,569         85,520        104,679      100,027      107,410
       1*56                  Senna                                                        119,153        135,907        122,601      145,986      130,222

       f57 Hides, Ox & Cow • • Cwts,                                                      169,834        214,736        231,874      277,630      236,099
 Cq            58 Skins, Calf & Kip ..                                        a            35,040         49,445         43,046       32,417       40,194
                                    Bear                                                      2,211          8,701          884          829           1,614
                             f59
       |
                                 60 Beaver                                                 77,054         68,982         68,655       73,281       65,699
                                 61    Fitch                                              291,845        335,925        278,846      246,753      238,127
                         j
                               62 Martin                                                  112,148        146,040        121,741      151,774      145,859
 co
                               63 Mink                                                     26,664         53,163         34,109       49,539       56,066
                             I 64 Musquash             .. , ,                     a       166,609        296,547        491,978      309,457      274,214
                             1
                               65 Nutria                           , .            0       214,620        702,920        629,170      807,624      426,012
                             1*66 Otter                            , .            4           1,591        2,033            857          921        3,484
 co
                             C 67   Deer                                                   51,922         23,932         36,314       27,649       31,079
 Co'                             68 Goat        • •                               u       225,719        248,817        182,062      205,734      212,422
                             !   69 Kid Undressed                                 >       455,737        337,826        107,513      223,671      486,527
               1' 70     1              do. Dressed                ..                     648,100        566,701        591,091      862,538      621,780
 J5                          |
                                 71    Lamb                                       a     2,595,765      2,773,306      1,887,891    1,803,385    2,819,706
           l                 1*72 Seal                                                    457,825        289,662        262,446      411,262      528,206

           r 73 Cotton Wool .. .
 co                                249,789,900 208,987,744 204,097,037 269,616,640 273,249,653
     74 Sheep     Lambs «lo. »            &
                                    27,943,244 31,031,461   22,614,550 31,522,859   29,669,908
     cm, S 75 Raw
           1

           .    ™               n    3,747,118   4,161,979   2,601,516   4,225,132   3,778,791
          i 76 Thrown  . , ,           453,552     384,550     168,985     436,330<r   614,240
    |77 Flax             . . Cwts,     896,888     882,289     909,709     955,112     918,883
     78 Hemp
           |
                                       508,545     460,544     422,122     400,958     504,308
 S5 1*79 Linen Yarn                     33,347      30,920      29,645      19,194      17,352
