             11                                                    1                                                           0                                                         1




                                                                                   171

        amount of the Liabilities and Assets of the                                                    BANK
                                                               OF ENGLAND, on the 31st. of August in each
                                   of Liabilities in Notes, in Circulation, and in Deposits; and the proportion ot
        istinguishing the proportion
                        Coin and Bullion; shewing also the Balance in favor of the Bank on that day, and the
        ecurities, and in
vera    Bills under Discount, in each Year.



                                                                                                                        Coin                                             Balance
                                                                                   Securities                                                                            in furor
                                                      Total                                                              and                     Total
                  Deposits.
                                             Liabilities.                                                                                Assets.                         Bank.
£                                                                          Public.              Private .           Bullion.
                                                                               £                       £                 £.                £.                   .£
778          4 715,580,                     11 , 473,650           6 540,433
                                                                           ,                  3 087,537
                                                                                                   ,
                                                                                                               3 128,420
                                                                                                                    ,
                                                                                                                                       12 756,390
                                                                                                                                             ,
                                                                                                                                                             1 282,740
                                                                                                                                                                     ,



    9        5 201,040,                     12 477,580
                                                  ,
                                                                   7 493,649
                                                                           ,                  2 356,191
                                                                                                   ,
                                                                                                               3 983,300
                                                                                                                    ,
                                                                                                                                       13 833,140
                                                                                                                                             ,
                                                                                                                                                             1 355,560
                                                                                                                                                                     ,



780          6 655,800,                     12 997,400
                                                  ,
                                                                   6 740,514
                                                                       ,                      3 605,026
                                                                                                   ,
                                                                                                               4 179,370
                                                                                                                    ,
                                                                                                                                       14 524,910
                                                                                                                                             ,
                                                                                                                                                             1 527,510
                                                                                                                                                                     ,



    1        5 921,630,                     12 231,060
                                                  ,
                                                                   6 609,457
                                                                       ,                      4 501,053
                                                                                                   ,
                                                                                                               2 862,590
                                                                                                                    ,
                                                                                                                                       13 973,100
                                                                                                                                             ,
                                                                                                                                                             1 742,040
                                                                                                                                                                     ,



  2          6 759,450,
                                            13 518,760
                                                  ,
                                                                   8 987,573
                                                                           ,                  4 496,217
                                                                                                   ,
                                                                                                               1 ,      956,550        15 440,340
                                                                                                                                             ,
                                                                                                                                                             1 921,580
                                                                                                                                                                     ,



  3          6 1 05,650
                  ,                         12 412,920
                                                  ,
                                                                   9 566,037
                                                                       ,                      4 275,763
                                                                                                   ,
                                                                                                                        590,080        14 431,880
                                                                                                                                             ,               2 018,960
                                                                                                                                                                     ,




 4           6 267,130
                  ,                         11 859,640
                                               ,
                                                                   8 435,777
                                                                       ,                      4 088,603
                                                                                                   ,
                                                                                                               1 , 539,830             14 064,210
                                                                                                                                             ,
                                                                                                                                                             2 204,570
                                                                                                                                                                     ,




 5           6 , 252,030                    12 822,680             6 725,891
                                                                       ,                      3 218,679
                                                                                                   ,
                                                                                                               5 487,010
                                                                                                                    ,
                                                                                                                                       15 431,610
                                                                                                                                             ,
                                                                                                                                                             2 608,930
                                                                                                                                                                     ,
                                               ,



 6           5 867,240
                   ,                        14 051,570
                                               ,
                                                                   7 988,241
                                                                       ,                      2 390,539
                                                                                                ,
                                                                                                               6 311,050
                                                                                                                    ,
                                                                                                                                       16 689,830
                                                                                                                                             ,
                                                                                                                                                             2 638,260
                                                                                                                                                                     ,



             5 631,540                      15 317,260             8 066,303                  3 787,357        6 , 293,690             18 146,660            2 829,400
 7                ,                               ,                    ,                        ,                                            ,                       ,




 8           5 528,640
                  ,                         15 531,520
                                               ,
                                                                   8 840,008
                                                                       ,
                                                                                              2 730,252
                                                                                                ,
                                                                                                               6 899,160
                                                                                                                    ,
                                                                                                                                       18 469,480
                                                                                                                                             ,
                                                                                                                                                             2 , 937,960
 9           6 402,450
                  ,                         17 524,250             9 661 ,859                 2 , 035,901      8 645,860
                                                                                                                 ,
                                                                                                                                       20 343,620
                                                                                                                                             ,
                                                                                                                                                             2 819,370
                                                                                                                                                                     ,
                                               ,                       ,


?90          6 199,200
                   ,                        17 632,540
                                                  ,
                                                                  10 047,257
                                                                       ,
                                                                                              1 956,263
                                                                                                   ,
                                                                                                               8 380,330
                                                                                                                 ,                 |
                                                                                                                                       20 389,850
                                                                                                                                             ,
                                                                                                                                                             2 757,310
                                                                                                                                                                     ,




 1           6 437,730
                  ,                         18 110,050            10 921,300                  1 898,640
                                                                                                   ,
                                                                                                               8 055,51
                                                                                                                 ,
                                                                                                                                       20 875,450
                                                                                                                                             ,
                                                                                                                                                             2 765,400
                                                                                                                                                                     ,
                                               ,                       ,



 2           5 , 526,480                    16 532,780            10 715,041                  3 190,869
                                                                                                ,
                                                                                                               5 357,380
                                                                                                                    ,
                                                                                                                                       19 263,290
                                                                                                                                             ,
                                                                                                                                                             2 730,510
                                                                                                                                                                     ,
                                               ,                       ,



 3           6 442,810                      17 307,860            10 381,838
                                                                       ,
                                                                                              4 427,842
                                                                                                   ,
                                                                                                               5 322,010
                                                                                                                 ,
                                                                                                                                       20 131,690
                                                                                                                                             ,
                                                                                                                                                             2 823,830
                                                                                                                                                                     ,
                  ,                            ,


 4           5 935,710                      16 222,490             8 803,018                  3 583,412
                                                                                                   ,
                                                                                                               6 770,110
                                                                                                                 ,
                                                                                                                                       19 216,570
                                                                                                                                             ,
                                                                                                                                                             2 994,080
                                                                                                                                                                     ,
                  ,                            ,                       ,


             8 154,980                      19 017,180            13 , 250,904                3 739,016        5 136,350               22 126,270            3 109,090                   2 946,500
 5                ,                            ,                                                ,                   ,                        ,                       ,
                                                                                                                                                                                    1


                                                                                                                                                                                                 ,



 6           6 , 656,320                    15 903,110            10 875,347                  6 150,123
                                                                                                ,
                                                                                                               2 122,950
                                                                                                                 ,
                                                                                                                                       19 148,420
                                                                                                                                             ,
                                                                                                                                                             3 245,310
                                                                                                                                                                     ,                   3 505.000
                                                                                                                                                                                                 .
                                               ,                       ,


 7           7 765,350                      18 879,470             8 765,224                  9 , 495,916      4 089,620
                                                                                                                    ,
                                                                                                                                       22 , 350,790          3 471,320
                                                                                                                                                                     ,                   5 350.000
                                                                                                                                                                                                 .
                  ,                            ,                       ,



 8           8 300,720                      20 481,330            10 930,038                   6 419,602       6 546,100
                                                                                                                 ,
                                                                                                                                       23 895,740
                                                                                                                                             ,
                                                                                                                                                             3 414,410
                                                                                                                                                                     ,
                                                                                                                                                                                    1
                                                                                                                                                                                         4 . 490.600
                  ,                            ,                       ,                 1
                                                                                                ,


 9           7 6 12,2 8
                  ,
                                )           21 , 031,730           9 452,955                   7 , 477,485     7 000,780
                                                                                                                 ,
                                                                                                                                       23 931,220
                                                                                                                                             ,
                                                                                                                                                             2 899,490
                                                                                                                                                                     ,                    5 403.900
                                                                                                                                                                                                 .
                                                                       ,


)00          8 335,060                  l

                                            23 , 382,240          13 586,590
                                                                       ,
                                                                                               8 551,830
                                                                                                ,
                                                                                                               5 150,450
                                                                                                                 ,
                                                                                                                                       27 288,870
                                                                                                                                             ,
                                                                                                                                                             3 , 906,630            ;
                                                                                                                                                                                          6 401.900
                                                                                                                                                                                                 .
                  ,


    1        8 133,830                      22 , 689,940          11 , 926,873               10 282,697        4 335,260
                                                                                                                 ,
                                                                                                                                       26 544,830
                                                                                                                                             ,
                                                                                                                                                             3 854,890
                                                                                                                                                                     ,                    7 905,100
                                                                                                                                                                                                 ,
                  ,                                                                                ,                                                                                |




 2           9 739,140              ,
                                            26 , 836,770          13 528,599                 13 , 584,761      3 891,780
                                                                                                                 ,
                                                                                                                                       31 005,140
                                                                                                                                             ,
                                                                                                                                                             4 168,370
                                                                                                                                                                     ,                    7 523.300
                                                                                                                                                                                                 .
                  ,                                           i
                                                                       ,

 3                                          25 , 800,670          13 , 336,179               13 , 582,661      3 , 592,500             30 511,340            4 710,770                  10 747.600
             9 , 817,2 10                                                                                                                    ,                       ,                           .



 4           9 , 715,530                    26 869,420            14 , 993,395               10 833,285
                                                                                                ,
                                                                                                               5 879,190
                                                                                                                 ,
                                                                                                                                       31 705,870
                                                                                                                                             .
                                                                                                                                                             4 836,450
                                                                                                                                                                     ,
                                                                                                                                                                                          9 982.400
                                                                                                                                                                                                 .
                                               ,


 3      14 048,080                          30 436,480            11 413,266
                                                                       ,
                                                                                             16 359,584
                                                                                                ,
                                                                                                               7 024,500
                                                                                                                 ,
                                                                                                                                       35 397,350
                                                                                                                                             ,
                                                                                                                                                         .
                                                                                                                                                             4 960,870
                                                                                                                                                                     ,
                                                                                                                                                                                        11 366.500
                                                                                                                                                                                                 .
                  ,                            ,

 0           9 636,330                      30 663,800            14 167,772                 15 , 305,328      6 , 215,020             35 688,120
                                                                                                                                             ,
                                                                                                                                                             5 024,320
                                                                                                                                                                     ,
                                                                                                                                                                                        12 380.100
                                                                                                                                                                                                 .
                  ,                            ,                       ,


        11 789,200                          31 467,560            13 , 410,055               16 , 526,895      6 484,350
                                                                                                                 ,
                                                                                                                                       36 421,300
                                                                                                                                             ,
                                                                                                                                                             4 963,740
                                                                                                                                                                     ,              1   13 484.600
                                                                                                                                                                                                 .
                  ,                            ,

l\      13 012,510                          30 , 123,800          14 956,394
                                                                       ,
                                                                                             14 287,696
                                                                                                ,
                                                                                                               6 015,940
                                                                                                                 ,
                                                                                                                                       35 260,030
                                                                                                                                             ,
                                                                                                                                                             5 136,230
                                                                                                                                                                     ,
                                                                                                                                                                                        12 950.100
                                                                                                                                                                                                 .
                  ,


 9      12 257.180                          31 831,360            15 307,673                 18 , 127,597      3 652,480
                                                                                                                ,
                                                                                                                                       37 087,750
                                                                                                                                             ,
                                                                                                                                                             5 256,390
                                                                                                                                                                     ,
                                                                                                                                                                                        15 475,700
                                                                                                                                                                                                 ,
                  ,                            ,                       ,                                                                                 |




U0      13 617,520                          38 , 411,510          17 198,677
                                                                       ,
                                                                                             - 3 775,093
                                                                                                ,
                                                                                                               3 191,850
                                                                                                                 ,
                                                                                                                                       44 165,620
                                                                                                                                             ,
                                                                                                                                                             5 754,110
                                                                                                                                                                     ,
                                                                                                                                                                                        20 070.600
                                                                                                                                                                                                 .
                  ,

U        1
                  ,       075,660           34 362,510
                                              ,
                                                                  21 884,248
                                                                       ,
                                                                                             15 , 199,032      3 243,300
                                                                                                                ,
                                                                                                                                       40 326,580
                                                                                                                                             ,
                                                                                                                                                             5 964,070
                                                                                                                                                                     ,
                                                                                                                                                                                        14 355.400
                                                                                                                                                                                                 .



12      11 , 848,910                        34 875,790            21 165,190                 17 010,930
                                                                                               ,
                                                                                                               3 099,270
                                                                                                                ,
                                                                                                                                       41 275,390
                                                                                                                                          ,
                                                                                                                                                             6 399,600
                                                                                                                                                                     ,
                                                                                                                                                                                        14 291.600
                                                                                                                                                                                                 .
                                               ,                       ,


13                                          35 987,850            25 591,336                 14 514,744        2 712,270               42 818,350            6 , 830,500                12 330,200
        11 , 159,730                           ,                       ,                       ,                ,                        ,
                                                                                                                                                                                                 ,



14      14 849,940                          43 218,230            34 982,485                 13 363,475        2 097,680
                                                                                                                ,
                                                                                                                                       50 443,640
                                                                                                                                             ,
                                                                                                                                                             7 225,410
                                                                                                                                                                     ,
                                                                                                                                                                                        13 285,800
                                                                                                                                                                                                 ,
                                              ,                        ,                       ,
                  ,


15      12 , 696,000                        39 , 9 14,670         24 194,086                 20 660,094
                                                                                               ,
                                                                                                               3 409,040
                                                                                                                ,
                                                                                                                                       48 263,220
                                                                                                                                         ,
                                                                                                                                                             8 318,550
                                                                                                                                                                     ,
                                                                                                                                                                                        1   947.100
                                                                                                                                                                                             .
                                                                       ,



                                                                                                               7 562,780               44 842,320            6 227,220                  11 . 416.400
18      11 856,380,
                                            38 615,100
                                              ,
                                                                  26 097,431
                                                                       ,
                                                                                             11 182,109
                                                                                               ,                ,                         ,
                                                                                                                                                                     ,




17                                                                27 098,238                  5 507,393       11 668,260               44 273,890            5 645,520                  3 960.600
             9 084,590
                  ,
                                            38 628,370
                                              ,                        ,                       ,                ,
                                                                                                                                                                     ,                       .




18                                                                27 , 257,012                5 113,748        6 363,160               38 733,920            4 604,040                  4 325,200
             7 927,730
                  ,
                                            34 , 129,880                                       ,                ,                         ,
                                                                                                                                                                     ,                       ,



19                                                                25 , 419,148                6 321,402        3 595,360               35 335,910            3 779,060                  6 515.000
             6 304,160
                  ,
                                            31 556,850
                                              ,                                                ,                ,                         ,
                                                                                                                                                                     ,                       .



                                                                                                               8 211,080               32 , 057,200          3 336,950                  3 883.600
120          4 420,910
                  ,
                                            28 720,250
                                              ,
                                                                  19 , 173,997                4 672,123
                                                                                               ,                ,
                                                                                                                                                                     ,                       .



                                                                  15 752,953                  2 722,587       11 233,590               29 709,130            3 595,380                  2 676.700
  1          5 818,450
                  ,
                                            26 113,750
                                              ,                        ,                       ,
                                                                                                                ,                        ,
                                                                                                                                                                 ,                           .




 2                                                                13 668,359                  3 622,151       10 097,960               27 388,470            3 524,240                  3 366.700
         6 399,440,
                                            23 864,230
                                              ,                        ,                       ,                ,                        ,
                                                                                                                                                                     ,                       .



 3                                                                     842,677                5 624,693       12 658,240               30 125,610            3 067,020                  3 123.800
                                                                                                                                                                                             .
         7 , 827,350                        27 058,590
                                              ,
                                                                  1    ,                       ,
                                                                                                                ,                        ,
                                                                                                                                                                 ,



                                                                                                              11 787,430               32 691,960            2 880,030                  2 369.800
 4       9 679,810,
                                            29 811,930
                                              ,
                                                                  14 649,187
                                                                       ,                      6 255,343
                                                                                               ,                ,                        ,
                                                                                                                                                                 ,                           .



                                                                                                               3 634,320               28 740,350            2 930,950                  4 941.500
 5       6 , 4 10,560                       25 809,400
                                              ,
                                                                  17 414,566
                                                                       ,                      7 691,464
                                                                                               ,                ,                        ,
                                                                                                                                                                 ,                           .



 6                                                                                                             6 754,230               31 837,860            3 074,440                  4 908.300
         7 , 199,860                        28 763,420
                                              ,
                                                                  17 713,881
                                                                       ,                      7 369,749
                                                                                               ,                ,                        ,
                                                                                                                                                                 ,                           .


                                                                                                                                                             2 863,400                  1 240.400
 7       8 , 052,090                        30 799,690
                                              ,
                                                                  19 809,595
                                                                       ,
                                                                                              3 389,725
                                                                                               ,
                                                                                                              10 463,770
                                                                                                                ,
                                                                                                                                       33 , 663,090              ,                           .



 8                                                                20 682,776                  3 222,754       10 498,880               34 404,410            2 845,620                  1 167.400
        10 201,280,
                                            31 558,790
                                              ,                        ,                       ,                ,                        ,
                                                                                                                                                                 ,                           .




 9                                                                                            4 589,370        6 , 795,530             31 457,340            2 874,890                  2 250.700
         9 , 035,070                        28 582,450
                                              ,
                                                                  20 072,440
                                                                       ,                       ,
                                                                                                                                         ,
                                                                                                                                                                 ,                           .


530                                                               20 , 911,616                3 654,074       11 150,480               35 716,170            2 , 630,630                  919,900
        1
           , 620,840
                                            33 085,540
                                              ,                                                ,                ,
                                                                                                                                         ,


                                                                                              5 848,478        6 439,760               30 344,790            2 736,850                  1 533.600
    1    9 , 069,310                        27 607,940
                                              ,
                                                                  18 , 056,552                 ,                ,                        ,
                                                                                                                                                                 ,                           .


 2                                                                20 828,000                  5 148,000        7 154,000               33 130,000            2 880,000
        11,431 000                          30 250,000
                                              ,                        ,                       ,                ,                        ,
                                                                                                                                                                 ,




 3
 4
 5
 6
 7
