                                                                                                  170

  STATEMENT shewing the amount of the Liabilities and Assets of the BANK OF ENGLAND, on the 28th. of February, in each of
the 54 Years 1778              —
                     1832, distinguishing the proportion of Liabilities in Notes, in Circulation and in Deposits; and the proportion of Assets
                                                                                                                            ,


in Public and Private Securities, and in Coin and Bullion shewing also the Balance in favor of the Bank on that day; and of Gold coined
                                                                                   ;


at the Mint in each of those Years.   The Total amount of Gold coined at the English Mint from 1663, to 1778, was £73,346,378,
                        Circulation.                                                                                                                     j

                                                                                                                                                              Balance
              Notes and Bank                                                                      Securities.
                                                                                                                           and         Total                  in favor     of Gold
              Post Bills of £b         Under       Deposits.                                                                                                     of         cornea.
  &            and upwards.             £$                      Liabilities.
                                                                                            Public.        Private.      Bullion.     Assets.
                                                                                                                                                               Bank.
                                        -£                                                 £-                                          _£                       £             £
1778               7,440,330                      4,662,150    12,102,480               7,898,292          3,322,228    2,010,690   13,231,210               1,128,730      350,438
   9               9,012,610                      4,358,160    13,370,770               8,862,242          2,073,668    3,711,150   14,647,060               1 ,276,290   1,696,147
1780               8,410,790                      4,723,890    13,134,680               9,145,659          1,755,371    3,581,060   14,482,090               1,347,410       none
      1            7,092,450                      5,796,830    12,889,280               8,640,073          2,546,067    3,279,940   14,466,080               1,576,800      876,795
      2            8,028,880                      6,130,300    14,159,180              10,346,055          3,448,015    2,157,860   15,951,930               1,792,750      698,074
      3            7,675,090                      4,465,000    12,140,090              10,016,349          2,779,431    1,321,190   14,116,970               1,976,880      227,083
      4         6,202,760                         3,903,920    10,106,680               7,789,291         3,829,929       655,840   12,275,060               2,168,380      822,126
      5         5,923,090                         6,669,160    12,592,250               7,198.564         4,973,926     2,740,820   14,913,310               2,321,060    2,488,106
   6            7,581,960                         6,151,660    13,733,620               6,836,459         3,516,781     5,979,090   16,332,330               2,598,710    1,107,382
   7            8,329,840                         5,902,080    14,231,920               7,642,587         3,716,463     5,626,690   16,985,740               2,753,820    2,849,057
   8            9,561,120                         5,177,050    14,738,170               7,833,857         4,030,653     5,743,440   17,607,950               2,869,780    3,664,174
   9            9,807,210                         5,537,370    15,344,580               8,249,582         2,711,108     7,228,730   18,189,420               2,844,840    1,530,711
1790           10,040,540                         6,223,270    16,263,810               8,347,387         1,984,733     8,633,000   18,965,120       1       2,701,310    2,660,521
      1        11,439,200                         6,364,550    17,803,750              10,380,358         2,222,282     7,869,410   20,472,050               2,668,300    2,456,567
   2           11,307,380                         5,523,370    16,830,750               9,938,799         3,129,761     6,468,060   19,536,620               2,705,870    1,171,863
   3           1 1 ,888,910                       5,346,450    17,235,360               9,549,209         6,456,041     4,010,680   20,015,930               2,780,570    2,747,430
   4           10,744,020                         7,891,810    18,635,830               9,950,756         4,573,794     6,987,110   21,511,660               2,875,830    2,558,895
   5           14,017,510                         5,973,020    19,990,530              13,164,172         3,647,168     6,127,720   22,939,060               2,948,530      493,416
   6           10,729,520                         5,702,360    16,431,880      1
                                                                                       12,951,812         4,188,028     2,539,630   19,679,470               3,247,590      464,680
   7             9,674,780                        4,891,530    14,566,310              1   1,714,431      5,123,319     1,086,170   17,923,920               3,357,610    2,000,297
   8          11,647,610             1,448,220    6,148,900    19,244,730              11,241,333         5,558,167     5,828,940   22,628,440               3,383,710    2,967,565
   9          11,494,150             1,465,650    8,131,820    21,091,620              11,510,677         5,528,353     7.563,900   24,602,930               3,511,310      449,962
1800          15,372,930             1,471,540    7,062,680    23,907,150              13,975,663         7,448,387     6,144,250   27,568,300               3,661,150      189,937
      1       13,578,520             2,634,760   10,745,840    26,959,120              15,958,011        10,466,719     4,640,120   31,064,850               4,105,730      450,242
   2          12,574,860             2,612,020    6,858,210    22,045,090              14,199,094         7,760,726     4,152,950   26,112,770               4.067,680      437,019
      3       12,350,970             2,968,960    8,050,240    23,370,170               9,417,887        14,497,013     3,776,750   27,691,650               4,321,480      596,445
   4          12,546,560             4,531,270    8,676,830    25,754,660              14,684,686        12,314,284     3,372,140   30,371,110               4,616,450      718,397
   5          13,011,010             4,860,160   12,083,620    29,954,790              16,889,501        11,771,889     5,883,800   34,545,190               4,590,400       54,668
   6          13,271,520             4,458,600    9,980,790    27,710,910              14,813,599        11,777,471     5,987,190   32,578,260               4,867,350      405,106
   7          12,840,790             4,109,890   11,829,320    28,780,000              13,452,871        13,955,589     6,142,840   33,551,300               4,771,360        none
   8          14,093,690             4,095,170   11,961,960    30,150,820              14,149,501        13,234,579     7,855,470   35,239,550               5,088,730      371,744
   9          14,241,360             4,301,500    9,982,950    28,525,810              14,743,425        14,374,775     4,488,700   33,606,900               5,081,090      298,946
1810          15,159,180             5,860,420   12,457,310    33,476,910              14,322,634        21,055,946     3,501,410   38,879,990               5,403,080      316,936
  11          16,246,130             7,114,090   11,445,650    34,805,870              17,201,800        19,920,550     3,350,940   40,473,290               5,667,420      312,263
  12          15,951,290             7,457,030   11,595,200    35,003,520              22,127,253        15,899,037     2,983,190   41,009,480               6,005,960        none
  13          15,497,320             7,713,610   11,268,180    34,479,110              25,036,626        12,894,324     2,884,500   40,815,450               6,336,340      519,722
  14          16,455,510             8,345,540   12,455,460    37,256,540              23,630,317        18,359,593     2,204,430   44,194,340               6,937,800        none
  15          18,226,400             9,035,250   11,702,250    38,963,900              27,512,804        17,045,696     2,036,910   46,595,410               7,631,510         do.

  16          18,012,220             9,001,400   12,388,890    39,402,510              19,425,780        23,975,530     4,640,880   48,042,190               8,639,680         do.
  17          19,261,630             8,136,270   10,825,610    38,223,510              25,538,808         8,739,822     9,680,970   43,959,600               5,736,090    4,275,337
  18          20,370,290             7,400,680    7,997,550    35,768,520              26,913,360         3,991,970    10,055,460   40,960,790               5,192,270    2,862,374
  19          17,772,470             7,354,230    6,413,370    31,540,070              22,355,115         9,099,885     4,184,620   35,639,620               4,099,550        3,574
1820          16,794,980             6,689,130    4,093,550    27,577,660              21,715,168         4,472,322     4,911,050   31,098,540               3,520,880      949,516
      1       17,447,360             6,437,560    5,622,890    29,507,810              16,010,990         4,785,280    11,869,900   32,666,170               3,158,360    9,520,760

   2          17,290,500             1,374,850    4,689,940    23,355,290              12,478,133         3,494,947    11,057,150   27,030,230               3,674,940    5,356,787
   3          17,710,740               681,500    7,181,100    25,573,340              13,658,829         4,660,901    10,384,230   28,703,960               3,130,620      759,748
   4          19,250,860               486,130   10,097,850    29,834,840              14,341,127         4,530,873    13,810,060   32,682,060               2,847,220    4,065,075
      5       20,337,030               416,730   10,168,780    30,922,540      i       19,447,588         5,503,742     8,779,100   33,730,430               2,807,890    4,580,919
      6       24,092,660             1,375,250    6,935,940    32,403,850              20,573,258        12,345,322     2,459,510   35,378,090               2,974,240    5,896,461
      7       21,229,220               661,390    8,801,660    30,692,270              18,685,015         4,844,515    10,159,020   33,688,550               2,996,280    2,612,637
      8       21,564,450               416,260    9,198,140    31,178,850              19,818,777         3,762,493    10,347,290   33,928,560               2,749,710    1,277,784
      9       19,514,020               356,830    9,553,960    29,424,810              19,736,665         5,648,085     6,835,020   32,219,770               2,794,960    2,271,168
If 30         19,730,240               320,490   10,763,150    30,813,880              20,038,890         4,165,500     9,171,000   33,375,390               2,561,510
      1       19,293,270               306,870   11,213,530    30,813,670              19,927,572         5,281,408     8,217,050   33,426,030               2,612,035
      2       17.752,610               299,100    8,937,170    26,988,880              18,497,448         5,836,042     5,293,150   29,626,640               2,637,760
      3
      4
      5
      6
      7                                                                                                                                          !


                                 1
          |
