                1




                                                                                                                         169

   An ACCOUNT of the amount, of all the Promissory Notes and Post Bills of the Governor and Company of the BANK OF ENGLAND,
in Circulation at the close of business on Saturday in every week in each of the 6 Years 1792 — 1797, and in each of the 4 Years 1834 — 1838.*
                                                                                                          —
               Weekly Circulation in each of the 19 Years 1815 1833, see Pages 54— 5; there does not appear to have been any account published of
     *f* For the
the Weekly Circulation for the 17 Years 1798     1814.                      —
                                                        In the appendixes to the Report of the Committee on the Bank of England Charter in the
Session of 1832, there is an account of the amount of Notes in Circulation in each Quarter of the Years 1799        1814, distinguishing Notes under £5,    —
but it does not seem of sufficient interest to exhibit here, inasmuch as the two following pages exhibit the Circulation with the same distinction on the
28th. of February, and 81st. August in each Year since 1777.         The first great impetus to the Circulation of small Notes, appears to have been in
the Quarter ending the 80th. June 1804, when the £2 Notes were first put into Circulation, from whence it continued pretty uniform down to the 30th.
June 1808, from whence it progressively increased from £4,555,880, to £9,456,520 in September 1814.*       The proportion of Bank Post Bills which
in April 1793, amounted to £1,016,180, progressively declined down to £450,520, in December 1797 ; since 1818, they have varied from £2,500,000
to £1,500,000, in Avgust 1832.


 [
         Years                      17i>2,               1793.           1794.                    1795.            1796.                 1797.      1834.       1835.       1836.       1837.
                                                                      £-                                                                   £          £           £_.         £          £
Jan.         7              10,358,730           11,174,340      10,793,160          10,891,220               10,619,330            9,185,520
            14              10,818,710           1 1,572,850     11,373,620          11,427,110               11,653,540            9,893,340
            21              11,017.540           12,006,760      11,723,410          11,995,270               10,812,560           10,550,830
            28              11,065,770           11,998,540      1 1,896,690         12,090,060               10,746.650           10,024,740
Feb.            4           1 1,335,940          12,117,200      12,212,870          12,715,810               11,214.980            9,6 67,460
            1               11,428,920           11,783,250      12,568,930          12,870,480               1
                                                                                                                1 ,302,660          9,431,550
            18              11,539,060           1  ,543,060
                                                     1
                                                                 13,143,470          13,021,820               10,839,440            9,137,950
            *26             11,148,500           11,530,310      11,338,730          13,042,140               10,647,72        )    8,640,250
M ar.        3              1 1,871,760          12,433,500      1 1,072,010         1   1,1)17,850           11,040,730           10,416,510
            10              11,707,400           12,126,170      10,559,690          14,155,280               10,796,640           10,388,640
            17              11,442,850           12,175,480      10,501,360          14,876,580                 9,891,970           9,999,210
            24              11,596,290           12,575,050      10,415,280           9,928,140               10,287,180           10,506,320
            31              1  ,5 16,080
                                1                13,085,370      10,551,870          10,444,350               10,470,620           10,946,020
April           7           11,649,150           12,711,390      10,704,670          10,679,920               11,254,600           11,559,910

            14              11,932,330           13,068,030      11,126,850          11,673,080               11,563,380           12,618,510
            21              12,387,930           12,930,980      11,231,880          1 1,641,030              1
                                                                                                               1
                                                                                                                 ,524,160          12,127,770
    28                      12,415,530           12,817,030      11,293,250          12,040,1 10              1 1,661,760          13,055,800
May 5                       12,415,580           12,84 1,920     1 1 ,131,950        11,31 1,3 in             11 ,556,230          13,599,060
            12              12,068,510           12,431,430      10,781.380          11,145,000               11,423,390           12,217,700
     19                     1 1,896,180          12,785,500      10,609,880          10,966,390                 9,9  ,100
                                                                                                                     1
                                                                                                                         1
                                                                                                                                   1 1,969,250

     26                     1   ,585,560
                                1                12,366,840      10,233,590          K), 100,470              10,303,600           10,892,870
June  2                     1 1 ,406,840         11,749,540      10,013,150          10,316,600               10,331,530           1 1,240,910
      9                     11.327,590           11,47*8,520       9,9 18,5 Hi       10,238,690               10,173,510           11,236,770
     10                     11,161,940           11,241,180        9,688,860         10,148,700                 9,894,720          10,982,640
     23                     11,126,330           11,177,350        9,964,290         10,319,0 in                9,882,190          10,290,800
     30                     11,494,890       !   11,713,770      10,418,010          10,661,920               '9,635,290           10,778,100
July            7           1 1,539,880          11,266,450      10,327,150           9,972,160               10,257,990           10,781,960

            14              11,903,330           11,781,800      10,516,890          10,500,380               10,713,400                 ,38 ,670
                                             '




                                                                                                                                   1 1      1


            21      !       11,926,670           11,886,210      10,674,730          1 1,163,190               9,678,580           11,202,490
            28      i
                            11,822,530           11,440,6 10     10,981,180          1
                                                                                       1 ,420,350              9,788,480           11,240,100
Aug.            4           11,737,120           11,397,530      10,800,260          11,203,930               10,078,810           11,11 1,330
            11              11,566,180           11,105,060      10,537,820          11,399,740               10,122,150           11,466,560
            18              11,350,130           10,757,180      10,570,000
                                                                                 '




                                                                                     11,290,840                9,632,960           10,955,220
            2.5             11,005,660           10,838,640      10,530,600          I   ,257,490
                                                                                         1                     9,427,510           10,568,210
Sept.           1           11,306,240           10,953,590      10,289,700          1 1,176,280               9,502,230           11,439,180
                8           10,975,810           10,701,460       9,964,870          11,164,820                8,818,170           1 1,031,770

            15              10,787,650           10,306,610      10,048,640          11,128,560                8,988,680           10,716,230
            20              10,999,840           10,479, 110     10,021,670          10,893,140                9,409,050           10,655,850
            28              10,852,080           10,386,990      10,234,260          10,775,130                9,590,340           10,654,330
Octbr. 6                    10,966,340           10,668,710      10,201,790          11,046,690                9,387,570           1 0,509,8 in
      13                    10,999,690           10,638,180      10,279,680          10,825,790                9,894,140           11,780,610

     20                     11,409,330           11,155,830      10,822,740          11,296,040                9,880,180           12,116,960
     27                     11,491,630           1 1,198,370     1 ,3 18,100
                                                                     1
                                                                                     1 1 ,059,920              9,744,510           12,451,420
Novr. 3                     11,474,030           1  ,397,610
                                                     1           11,347, 130         11,082,120                9,695,530           11,983,330
            10          j
                            11,416,970           11,434,690      11,480,340          1   1161,350
                                                                                              ,                9,655,670           1 1,677,550

            17              11,117,130           1  ,319,410
                                                     1           1 1,539,270         11,367,830                9,748,540           11,313,880
            24              10,894,020           1 1,129,300     11,255,420          1 1 ,175,960              9,914,970           11,215,330
Deer.           1           10,981,970           11,097,970      11,078,660          11,503,100                9.854,410           10,688,660
             8              11,200,850           10,933,300      10,816,640          11,737,430                9,485,390           11,127,510
            15              11,083,740           1
                                                    ,079,690
                                                     1           10,947,310          13,377,770                9,273,380           10,759,930
            22              11,230,810           10,91 ,4801
                                                                 10.680,570          13,321,520                9,201,630           11,260,250
            29              1
                             1 ,289,250          10,899,550      10,981,330          11,496,270                9,204,500           11,139,080
            31                                                   10 730 5X0          1   14       n'7*)



     [   Years                      1792.                1793.           1704.                    1795.            1796.                 1797.      1834.       1835.       1836.   1   1837
         %* Bank Post Bills arc issued payable 7 days after sight, to the order of any Person making xvritten application for them and for any fractional               ,


amount ; thereby affording the greatest possible convenience and security for conveyance by letter.
                                                                     2 m'
