                                                                                                    187

flinquishing the Proportion contributed, by the Dutch, from the proportion contributed by the Belgic Provinces.


           Total                                                                BELGIC PROVINCES.                                                                       Total                TOTAL.
         DUTCH                                                                                                                                                        BELGIC                   United
         Provinces           Sth. Brabant. E. Flanders.    W. Flanders.      Antwerp.         Hainault.      Liege.     Limburg.        Namur.    Luxembourg.         Provinces             Netherlands.


          559,881              121,846       105,101          77,326          67,549           83,161        68,302       50,725        35,361       51,633            661,004              1,220,885
          121,719               20,016         9,002           4,084          19,765           11,533         6,329        2,267         2,836        1,503             77,335                199,054
           55,200
           74,793
            8,549
                                 2,727
                                20,615
                                 3,550
                                               3,282
                                              10,760
                                                   958
                                                               2,205
                                                               1,922
                                                                 651
                                                                                1,153
                                                                               0,402
                                                                               1,563
                                                                                                1,751
                                                                                                2,378
                                                                                                1,028
                                                                                                                624
                                                                                                            10,058
                                                                                                               901
                                                                                                                             321
                                                                                                                              843
                                                                                                                              142
                                                                                                                                          —671

                                                                                                                                           237
                                                                                                                                                        191
                                                                                                                                                        224
                                                                                                                                                        166
                                                                                                                                                                        12,925
                                                                                                                                                                        53,202
                                                                                                                                                                         9,196
                                                                                                                                                                                               68,125
                                                                                                                                                                                              127,995
                                                                                                                                                                                               17,745
           24,241                8,072        2,965            3,152           4,753            2,095        1,146            762         1,086         274             24,305                 48,546
           40,568                2,812        5,041            4,281           4,061            4,722        6,441         2,715          2,070      3,376              35,519                 76,087
        1,695,786              519,586      330,998          297,408         220,215          329,233      215,446       124,247        193,844    209,123           2,440,100              4,135,886
          172,734               27,725       62,438           28,874          14,761           24,100       12,648        11,035          9,839      17,861            209,281                382,015
          145,625               34,015       29,240           18,539          25,834           20,419       22,988        14,411         12,177      11,000             188,623               334,248
           93,704               36,148       24,915           20,390          28,565           17,377       19,278         8,285          8,480      14,885             178,323               272,027
            4^505                2,737        2,088            1,061             979            1,346        2,070            657           524         858              12,320                16,823
           33,268               19,360       13,350            7,384           8,502            9,196       13,078         4,772         5,074        4,782              85,498               118,766
           18,468                8,990        9,427            6,152           5,275           10,641        6,229         3,143         3,909        3,406              57,172                75,640
          146’47G               46,681       33,94a           29,004          20,947           38,472       20,212        12,606        22,252       23,856             247,975               394,451
        2,064,311              228,595      388,065          158,794         265,948          151,676       83,373        59,224        39,979       18,432          1 ,394,086             3,458,397
            3,859                1,029        3,906           11,402              39           10,224        2,478           661         5,858        3,519              39,116                42,975
           27,680                9,539        5,339            4,170           4,243            5,082        2,400         1,005            689         653              33,120                60,800
            3,729
            2,780
                                 1,624
                                    870
                                              1,463
                                                  770
                                                                 880

                                                                 —
                                                                 613
                                                                                 668
                                                                                 538
                                                                                 100
                                                                                                2,202

                                                                                                  —
                                                                                                1,068
                                                                                                                898
                                                                                                                238
                                                                                                                174
                                                                                                                              665
                                                                                                                              133
                                                                                                                              490         —
                                                                                                                                           —277         686
                                                                                                                                                        113
                                                                                                                                                        334
                                                                                                                                                                          9,363
                                                                                                                                                                          4,343
                                                                                                                                                                          2,523
                                                                                                                                                                                               13,092
                                                                                                                                                                                                7,123
                                                                                                                                                                                               23,310
           20,787                 1,400            25

                             1,117,937 1,043,077             678,291         701,861          727,704      495,311       299,108        345,162     366,877          5,775,328          11,093,990
        5,318,662
                               140,854   131,211              80,129          90,147           91,890       62,279        38,169         44,180      47,284            732,143           1,404,388
          672,642
                                 1,694       687                 498              352            1,231         676           458            178           84             5,858              16,970
           11,142
               420                 199       248                  97               62              266         166            57             57           92             1,244               1,664

                                                             765,015         792,423          821,091      558,431       337,792        389,577     414,336          6,514,573 12,517,012
        6,002,439 1,260,685 1,175,222
                              269,479                        162,417         181,079          172,264      143,057        92,646        118,114      17,852          1,389,478  2,680,074
        1,290,596   232,570
                    126,183   107,413                         77,081         136,775          114,083      104,019        30,384         29,909      75,523            801,370  1,725,091
          923,721
                              372,171                        205,941         128,761          266,499      333,896       157,325         36,326      89,107          1,893,884  5,347,593


                                                                                                                                         —
        3,453,609   303,858
                     33,322    10,609                         18,655          16,815           14,362       16,698         1,270          5,039       6,194            122,974    355,625
          232,651
          900,008   794,150   451,529                        322,552         297,672          507,722      150,103       206,938        148,642      44,411          2,923,719  3,823,727
                     65,163    82,176                          4,609         292,757           13,932                         804                    12,655            472,096  1,033,676
          561,580
                    266,543   161,456                        142,944         147,672          113,735        55,126       35,437         34,557       4,051            961,521  2,825,598
        1,864,077
                    261,995   459,255                        374,571         157 694          346,274       192,025      194,793        107,892     132,348          2,226,747  2,934,916
          708,169
                    230,272   217,508                        135,935         120,012          147,197       112,285       84,441         43,787      48,496          1,139,933  2,615,167
        1,505,234
                    122,741   115,703                         78,465          79,083           92,180        61,363       44,373         28,922      23,922            G46,752  1,315,250
          668,498
                     26,829    18,942                         13,561          11,025           16,421        10,616       13,389          7,030       5,674            123,487    220,229
           96,712
                        400       565                            836           1,195               319          363        1,693            186        1 ,258            6,815      9,041
            2,226

                                                           1,537,567 1,570,540 1,804,986 1,179,551                       863,493        560,404     461,491          12,708,874             24,915,987
        12,207,113           2,464,036 2,266,806
                                                           1,417,830   724,770   909,330   540,420                       481,350        368,060     379,920           7,640,390             16,073,387
         8,432,997           1,134,020 1,084,690
                                          33,694              28,356    14,495    18,187    10,808                         9,627          7,361       7,598             152,806                321,468
           168,662              22,680
                               681,409   712,071             499,940   457,020   466,912   288,007                       158,464        114,956     103,830           3,482,609              7,224,932
         3,741,326
                                         200,265             114,159   149,323   167,952   109,989                        60,867         42,605      52,729           1,051,165              2,241,699
         1,190,534             153,276
                                          22,251              12,684    16,592    18,661    12,221                         6,763          4,734       5,859             116,796                249,077
           132,281              17,031
                                         205,747             152,375   117,220   130,431    80,347                        53,461         39,502      40,111             986,622              2,066,772
    1    1,080,550             167,428

                                                                                                                         770,532        577,218     590,047          13,430,390         28,177,335
        14,746,945           2,175,845 2,858,719 2,225,344 1,479,420 1,711,473 1,041,792
                                                                                                                         863,493        560,404     461,491          12,708,874         24,915,986
        12,207,113           2,46 4,036 2,266,806 1,537,567 1,570,540 1,804,986 1,179,551
                                                    765,015   792, 123  821,091   558,431                                337,792        389,577     414,336           6,514,573         12,438,805
         5,924,232           1,260,685 1,175,222                                                                                                                |




                                           41,318   293,209 1,061,833   480,077   170,570                                219,590         66,949     113,060           2,522,644          6,057,701
         3,535,057              70,038

                                                                                                                                                                     35,176,481             71,589,827
        36,413,346           5,976,604 6,342,065 4,821,135 4,904,216 4,817,627 2,940,344 2,191,407 1,594,148 1,578,934
                                         687,267   563,826   323,678   546,190   331,101   321,246   189,393   292,610                                                3,750,766     1
                                                                                                                                                                                        !    6,013,478
         2,262,712             495,455                                                                                                                          j|




PATEMENT(C.)                                                                 ^.rl
wing the annual amount
                                      Grants to the UNIVERSITIES of                     Iiw                                                                                        TOTAL.          cS
igned out of the Deci-                                                                                                                                                               65,570         9,000
mal Budget of 1820,                              ( 1 Louvain
                                              I'.->2 Liege
                                                                                                                                                                                     06,506         9,000
 the support of the De-                                                                                                                                                              70,126         2,800
                                                li Ghent
•tment of Public In-                                                                                                                                                                110,160        22,215
                                                <* Leyden
uction and National In-                         >5 Utrecht,                                                                                                                          68,749        21,170
slry in the   Kingdom of                         i (i   Groningen                                                                                                                    67,932         4,500
     Netherlands, and the                               Franeker j®*                                                                                                                 19,174         2,000
:                                               C.7
iitionul   amount out of
                                                                                                                                7,227                                              408,223        70,085
i   annual Budget of that                                    Total florins


r Franeker, is a small Town in Friesland near Harlingen, the Establishment
                                                                                                                of the Department at
                                                                                                      Professors of Lutheran, and R(
                                                                                                      Aid and means of Encouragen t for Secondary & Primary Instruc
                                                                                                                                                                                    37,673
                                                                                                                                                                                     7,550
                                                                                                                                                                                    26,900
                                                                                                                                                                                                    —
                                                                                                                                                                                                    —
     is denominated Athenaeum, the *7,250 florins under the head of Philoso-                          Libraries and Royal Cabinets                          «                       47,510         3,500
    phy and Belles Lettrcs, is for a Professor in each of the 4 following *
     Branches    Viz.,
                         —
                       Greek and Latin Literature    Oriental do ; Anatomy
                                                                   ;
                                                                                                      Encouragement of Arts and Sciences
                                                                                                      Expences of Administration, as per Item 8 of Statement ( F.)
                                                                                                      For the Support of Schools as per Items 17 — 19, of Statement ( D.)
                                                                                                                                                                                    54,100
                                                                                                                                                                                   143,875
                                                                                                                                                                                   236,525
                                                                                                                                                                                                    —
                                                                                                                                                                                                  11,640

                                                                                                                                                                                                  47,200
     and Physioligy ; and Botany, Chemistry, and Pharmacy
                                                                                                               TOTAL Public Instruction, and National Industry, florins.          1,022,355       133,052
