                                                          . .                                                                                                                                                                                                         <




     STATEMENT          (
                          D ) Continued                                     —
                                                 According to the Receipt of Taxes in 182(5, as exhibited in Statement (
                                                                        .
                                                                                                                                           )
                                                                                                                                              the proportion con-                                                                               A
tributed by the Re/gic Provinces was less than 10 florins              head of Population, while in the Dutch Provinces the contribution exceeded
15 florins. The estimated Expenditure of Belgium in 1831 was 51,725,000 florins, and the Taxes about 30,000,000, the balance made up by Loan ; the estimated ordinary
Expenditure of Holland for the Year 1832, 49,385,849 florins, and the extraordinary about 44,000,000.

                                                                                                                  BELG1C PROVINCES.
              TOTAL                                                                                                                                                                                                                                                   TOTAL
                Dutch              |
                                        South                      Flanders.                                                                                                                                                                                         United
              Provinces.               Brabant.               East.        West.
                                                                            |
                                                                                                   Antwerp.          Hainault.           Liege.               Limburg.                       Namur. \Luxembour.                         TOTAL                     Netherlands.


                92,000                  10,000             9,000                  9,000               9,000            9,000              9,000                    9,000                      9,000                    9,000                    82,000    |
                                                                                                                                                                                                                                                                      174,000                  l
 2             317,360                  40,000            33,400                 33,500              33,500           30,800             34,400                   31,000                     31,350                   32,500                   300,450                617,810                  2
 3              35.230                   3,400             3,400                  3,400               3,400            3,400              3,400                    3,970                      3,400                    3,400                    31,170                 66,400                  3
 4              45,760                   7,675             5,490                  4,955               4,815            2,375              3,810                    4,630                      2,985                    4,310                    41,045                 86,805                  4


                                          — —           —
 5              14,830                     800             1,860                  1   ,820            1,465            1,960                      930              1,470                         1,795                 2,000                    14,100                 28,930                 5
 6
 7
 8
                 9,100
                 3,820
                28,770
                                   1




                                            — — — — — — —
                                         4,190

                                        12,260            15,340                 15,150
                                                                                       43             2,300

                                                                                                     11,600
                                                                                                                         500

                                                                                                                      11,030
                                                                                                                                          2,625

                                                                                                                                         15,330
                                                                                                                                                                   2,500

                                                                                                                                                                  10,800                         8,190
                                                                                                                                                                                                                         900
                                                                                                                                                                                                                      14,770
                                                                                                                                                                                                                                                12,158
                                                                                                                                                                                                                                                   900
                                                                                                                                                                                                                                               114,470
                                                                                                                                                                                                                                                                       21,258
                                                                                                                                                                                                                                                                        4,720
                                                                                                                                                                                                                                                                      141,240
                                                                                                                                                                                                                                                                                              6
                                                                                                                                                                                                                                                                                              7
                                                                                                                                                                                                                                                                                              8
 9              64,405                   7,270             6,975                  7,142               3,790            6,480              5,625                    6,160                         3,560                 5,805                    52,807                117,212                 9
10              14,422                   1 ,454            1,100                  2,222               1,100            1,336              1,100                    1,100                         1,100                 1,100                    11,612                 26,034                10
                                                                                                                                                                                                                                                          |




               625,697                  87,049            76,565                 77,232              70,970           66,881             76,220                   70,630    1               61,380                    73,785                   660,712            1,286,410                  11

12             405 *>25                                                          47,000                                                                                                                                                         47,000                452,225                12


                                           — — — —     — —
                                                       —
     1




13           1,001,574                   6,900                2,300               1,400               1,600              2,400            1,260                   16,763                                                                        32,623            1,034,197                  13
14
15
16
                28,925
                30,400
               137,746
                                   |




                                           —
                                         2,200

                                       148,125
                                                 —149,325
                                                         —                      119,975              84,900          180,950         159,300
                                                                                                                                              .                    1,000

                                                                                                                                                              142,450                       96,625                   176,050      1,257,700
                                                                                                                                                                                                                                                 3,200               32,125
                                                                                                                                                                                                                                                                     30,400
                                                                                                                                                                                                                                                                  1,395,446
                                                                                                                                                                                                                                                                                             14
                                                                                                                                                                                                                                                                                             15
                                                                                                                                                                                                                                                                                             16

17              26,350                   2,000                2,000               2,000               2,000              2,000            2,000                   2,000                      2,000                     2,000                    18,000' i 44,350                             17
18
19
                90,644
                34,030                   — —
                                         3,850
                                               —   — —        2,650               3,350
                                                                                  •
                                                                                                      2,500              3,800
                                                                                                                         9,000
                                                                                                                                          5,250                   6,025                      4,400
                                                                                                                                                                                             9,000
                                                                                                                                                                                                                       4,725
                                                                                                                                                                                                                       9,000
                                                                                                                                                                                                                                                36,550 f 127,195
                                                                                                                                                                                                                                                27,000 J 61,030
                                                                                                                                                                                                                                                                                             18
                                                                                                                                                                                                                                                                                             19

20
21
22
               405,592
                 8,363
                42,718
                                        42,404
                                         2,041       —
                                                    5,536
                                                         —
                                                      39,554
                                                    1 ,909
                                                                                 43,971

                                                                                 5,536
                                                                                      879
                                                                                                     40,673
                                                                                                        912
                                                                                                      6,481
                                                                                                                      31,185
                                                                                                                       1,758
                                                                                                                       5,819
                                                                                                                                         45,873
                                                                                                                                          1

                                                                                                                                            605
                                                                                                                                                  ,720
                                                                                                                                                               27,172

                                                                                                                                                                5.420
                                                                                                                                                                                            21,381
                                                                                                                                                                                                832
                                                                                                                                                                                              4,836
                                                                                                                                                                                                                      31,800

                                                                                                                                                                                                                       5,136
                                                                                                                                                                                                                                       1       324,013
                                                                                                                                                                                                                                                10,051
                                                                                                                                                                                                                                                39,369
                                                                                                                                                                                                                                                                  i
                                                                                                                                                                                                                                                                  3
                                                                                                                                                                                                                                                                  1
                                                                                                                                                                                                                                                                     729,605
                                                                                                                                                                                                                                                                      18,414
                                                                                                                                                                                                                                                                      82,087
                                                                                                                                                                                                                                                                                             20
                                                                                                                                                                                                                                                                                             21
                                                                                                                                                                                                                                                                                             22
23             135,990                  20,157     23,927                       22,996               14,501           20,109             23,299                15,082                         8,170                   15,710                   163,951        |
                                                                                                                                                                                                                                                                  |  299,940                 23
                                   j



24             303,628                  37,250     54,000                       29,100              26,000            28,500             29,812                22,890                        14,090                   17,890                   259,530            l 563,158                  24
25
26
27
               594,710
                 5,056
                 8,145
                                   j




                                       166,941
                                         1 ,526

                                            825
                                                  148,296
                                                    1,219
                                                                750
                                                                                38,023
                                                                                 1,002
                                                                                  1 ,025
                                                                                                      —
                                                                                                   143,287

                                                                                                           650
                                                                                                                      46,274
                                                                                                                         921
                                                                                                                         675
                                                                                                                                              —
                                                                                                                                         56,263

                                                                                                                                                  825
                                                                                                                                                               37,891
                                                                                                                                                                  307
                                                                                                                                                                  505
                                                                                                                                                                                             18,503
                                                                                                                                                                                                307
                                                                                                                                                                                                475
                                                                                                                                                                                                                      15,670
                                                                                                                                                                                                                         307
                                                                                                                                                                                                                         625
                                                                                                                                                                                                                                               671,148
                                                                                                                                                                                                                                                 5,589
                                                                                                                                                                                                                                                 6,355        |
                                                                                                                                                                                                                                                                   1,265,858
                                                                                                                                                                                                                                                                      10,645
                                                                                                                                                                                                                                                                      14,500
                                                                                                                                                                                                                                                                                             25
                                                                                                                                                                                                                                                                                             20
                                                                                                                                                                                                                                                                                             27

28           1,504,201     1           271,144    275,191                       142,531        I   232,503           135,242         158,397                  109,267                        68,593                   87,138      1,480,006                   ;
                                                                                                                                                                                                                                                                  2,984,207                  28
29              73,845     !
                               1

                                         7,390      8,865                         4,760              4,375            27,805           2,905                    7,600                         7,185                    4,765         75,650                         149,495                  29
                                                                                                                                                                                                                                                              j




30           2,389,591                 243,124    232,840                       250,957            161,970           265,031         244,030                  238,868                       173,405                  265,560      2,102,785               1       4,483,378                  30
                           j




31           3,958,637                 521,658    576,896                   1
                                                                                398,248            398,848           428,078         405,332             I:


                                                                                                                                                              355,735                   249,183                      357,463      3,658,441               |
                                                                                                                                                                                                                                                                                    o CO O   31
         |
                               ;                                                                                                                                                                         !




     STATEMENT      (F) shewing the amount in florins, annually assigned out of the Decennial Budget of 1820, for the support of the
several Administrations of the NETHERLANDS.

                                                                    1   Minister,                          Clerics, or   Doorkeep. Traveling.                                               TOTAL                                                TOT A L                          Additional
                    Heads of                                                                Secre-           other          and    Expences,    Office  of Adminis-                                                     Other                    Decennial                         Annual
             admisistration.                                            Director.            tary.         Agents.       Messengrs Residence. Expences.    tration.                                                   Payments.                 BUDGET.                       BUDGET.

I. Civil List                                                   j                                                                                                      2,600,000                                                                2 600 000

                                                                                                                              —
                                                                                                                                                                                                                                   1
                                                          .                                                                                                                     |




II. Secretaryship of State        10,000          .             2                           4,000           28,890           7,600        10,300 20,6001 1 rtf OCUI      con oco    B            *
                                                                                                                                                          J 2 o 2 dO     Ol / oOi / ^
        do.   of the Cabinet       8,700                        3                                             1,200                       34,366    600 ]                           i
                                                                                                                                                                                                     ,                     ,
                                                                                                                                                                                                                                           >    1,005,143                          267,200
     Council of State             20.000                        4                           6,000 228,600                    4,678         8,000  7,350 274,628           76,400 J
                                                                                                                                                                                1
                                                                                                                                                                                                                                           I




III. Foreign Affairs              40,000                        5                           4,000  20,700                    2,600         3,800 21,600     92,700       586,090                                                                    678,790                         71,500
IV. Justice
      Higher Military Court     7
                                  20,000
                                   4,000
                                                                6
                                                                                             —
                                                                                            4,000  39,000
                                                                                                   54,400                     —
                                                                                                                             4,800         5,000
                                                                                                                                            ,300
                                                                                                                                                 16,700
                                                                                                                                                  4,100
                                                                                                                                                  1
                                                                                                                                                            89,500
                                                                                                                                                            63,800        93,200
                                                                                                                                                                                |




                                                                                                                                                                                1
                                                                                                                                                                                                                                   |




                                                                                                                                                                                                                                   i
                                                                                                                                                                                                                                           >        246,500                   3,811,210


                                                                                             —                                —
                                                                                                                                                                                                                                   j       1




V. Interior, and of             8 20,000                                                    4,000 140,500                    9,400        24,000 31,580 229,480        1,286,410 ]
                                                                                                                                                                                                                                                                              2,309,687
                                                                                                                                                                                                                                           '
                                                                                                                                                                                                                                                2,267,553
       the Waterstaat           9  6,000                                                          118,438                                 75,000          199,438        552,225                                                       I
                                                                                                                                                                                                                                           1




VI. Reformed Religion .... 10 10,000                                                        4,000  14,200                    2,000           700  5,000     35,900     1,289,856                                                                1,325,756                         11,150
                                                                                                                                                                                                                                   |




VII. Catholic Worship .... 11 10,000                                                        3,000  13,200                     1   ,650     5,000  6,769     39,619 1,787,241                                                                    1,826,860                        101,255
VIII. Public Instruction .. 12 20,000                                                              90,550                     7,650       10,000 15,675 143,875          878,480                                                    |
                                                                                                                                                                                                                                                1,022,355                        885,525
IX. Finance                    13 20,000                                                    5,000 184,750                    16,600       18,000 42,000 286,350 19,586,500'                                                                                                   "7,221,350
   Mint Gold & Silv. Plate     14 15,000                                                            16,300                      600        3,000  1,350     36,250       119,500                                                                                                 200,000
                ;


  Ingress & Egress.   Customs 15 10,000 —
                                                                                —           3,000 150,550                    10,200        6,000 32,500 212,250


                                                                                                                                                                                                                        —
                                                                                                                                                                                                                                                            1,173,338
                                                                                                                                  — — —
                                                                                                                                                                                                             i




                                                                                                                                                                     £ 2,346,677
                      Excise 16                                                                                                                                                                                  S                         >-   26,829,743< 1,475,766
  Stamps, Registration, &c.    17  4,273                                                                    20,260                                                        24,533 1,018,440
                               —
  Direct Taxes,    General
                   Direction
                               18 10,000
                               19 57,400
                   Post Office 20 24,000
                                                                                            4,000

                                                                                             —
                                                                                                            40,700
                                                                                                           335,800
                                                                                                           347,908
                                                                                                                                  —
                                                                                                                              4,100

                                                                                                                                  —
                                                                                                                                                  7,000
                                                                                                                                                  3,000
                                                                                                                                                  3,000
                                                                                                                                                                  12,400  78,200
                                                                                                                                                                  41,500 437,700
                                                                                                                                                                  35,750 4 0,658
                                                                                                                                                                                   1,852,090
                                                                                                                                                                                     420,595 1
                                                                                                                                                                                                             j




                                                                                                                                                                                                                                           !                                  _
                                                                                                                                                                                                                                                                                   141,185
                                                                                                                                                                                                                                                                                   690,869
                                                                                                                                                                                                                                                                                    69,621

                                                                                                                                  —
                                                                                                                                                                                                                                       .




 X. Marine                     21 15,000                                                    4,000           71,000            6,400               5,000           30,000 131.400'                                                                                         f         43,368

                                                                                                                                  —
                                                                                                                                                                                    I


                                                                                                                                                                                                                                                                      i




  Establishment at Zuyder Zee 22    6,000                                                   3,000           72,500                                    800         10,700  93,000                             1


                                                                                                                                                                                                                                                                          1




 XI. War
                   Meuse .... 23
                   Scheldt     24
                                    6,000
                                    6,000
                               25 15,000
                                                      .
                                                                                            3,000

                                                                                             —
                                                                                            2,400
                                                                                                            48,500
                                                                                                            31,100
                                                                                                           131,659
                                                                                                                                  —           13,500
                                                                                                                                                      600
                                                                                                                                                      500
                                                                                                                                                                   7,900
                                                                                                                                                                   5,000
                                                                                                                                                                          66,000
                                                                                                                                                                          45,000
                                                                                                                                                                                  >5,059,891


                                                                                                                                                                  35,399 195,558 16,481 ,504
                                                                                                                                                                                                                                                 5,395,291


                                                                                                                                                                                                                                                16,677,062
                                                                                                                                                                                                                                                                          ^
                                                                                                                                                                                                                                                                                     58,318
                                                                                                                                                                                                                                                                                  2,783,148
                                                                                                                                                                                                                                                                          |




                     TOTAL florins.                                         375,373     1
                                                                                            53,400     1   2,200,705     1    78,278          237,866         1   384,473               I   3,312,095                 56,562,958                    59,875,053            |
                                                                                                                                                                                                                                                                                  21,314,082
