                                                                                                                                                                      -




                                                                                                                    198

  STATEMENT in detail of 63 Items of Miscellaneous Payments, composing lines 32 and 33 of the STATEMENT No. 111. and
24— 28 of the STATEMENT No. IV. at the commencement of this Volume, including the Civil List, Pensions, &c., Charged
on the Consolidated Fund, in each of the 28 Years 1804                                                 — 1831.
                                                                                                                1   Sheriffs Speaker   Fees to  Clerk Inspect,              Auditors of Public                      Bounties
                       CIVIL LIST.                                                                    Seven           and       of    Bank of     of  of Ton                    Acc(mnts.                            on the
                                                                                                                                      England                                                                       growth of
                                                                               i
                                                                                   Judges            Police         Clerk of Houseof on passng Exche- tineCer               Commis-    Contin-
                                                                                                                                                                                                                     Flax in
Years      England.     1   Scotland.         Ireland.            Pensions.        Salaries.         Offices.       Hanaper Commns. Accounts.         quer.   tificats.     sioners.        gencies.      Mint.     Scotland.
             -£                 £                £-                    F              £                                                                                          £              £              £        £
1804       928,000            79,705                              284,867           18,204          22,805          7,000    2,535       1,656        650      800           4,000           6,000       20,727     2,957
   5       958,000           86,920                               278,281           18,048          23,069          7,000    2,103           838      650      900           4,000           6,000       14,687     2,957
   6       958,000           83,751                               291,644           18,134          23,431          6,504    1 ,980          870      650      750           6,400          14,236       14,255     2,957
   7       958,000           85,889                       |
                                                                  290,171           17,901          23,658          4,000    2,801           904      650      800          12,300          35,982       1 J ,576   2,957
   8       958,000           85,470                               303,706           18,623          24,079          4,000    1,783           926      650      800          12,300          34,519       14,304     2,957
   9
1810
           958,000
           958,000
                             90,955
                            118,187
                                                              !
                                                                  295,968
                                                                  301,789
                                                                                   25,087
                                                                                   29,574
                                                                                                    23,587
                                                                                                    23,210
                                                                                                                    7,000
                                                                                                                    7,000     —
                                                                                                                             1,728           946
                                                                                                                                             938
                                                                                                                                                      650
                                                                                                                                                      650
                                                                                                                                                               500
                                                                                                                                                               500
                                                                                                                                                                            11,664
                                                                                                                                                                            10,900
                                                                                                                                                                                            34,336
                                                                                                                                                                                            35,909
                                                                                                                                                                                                         14,483
                                                                                                                                                                                                          7,193
                                                                                                                                                                                                                    2,957
                                                                                                                                                                                                                    2,957

                                                                                                                               —
                                                          [




  11       958,000          109,693                               299,981          29,285           23,522          9,500    1,472           971      650      550           9,900          35,729       10,837     2,957
  12     1,019,538          112,748                               336,499          29,618           25,640          6,500                1,011        650      600           9,900          36,802       14,770     2,957
  13     1,028,000          111,176                               332,412          29,213           24,979          6,500        56      1,038        650      600           9,135          36,331       17,334     2,957
  14     1,028,000          114,032                       1
                                                                  368,041          29,589           28,159          4,000    2,028       1,057        650      650           8,700          35,081       16,923     2,957
  15     1,028,000          126,613                               366,661          29,425           27,559          4,000      788       1,088        650      750           8,700          35,892       17,451     2,957
  16     1,028,000          128,515                               427,009          29,043           27,555          8,000    2,036       1,123        650      750           8,700          34,040       15,236     2,957
                                                          j




  17     1,028,000          130,646          163,169              447,638          29,232           29,310          4,000    2,628       1,160        650      750           8,700          35,781       15,000     2,957
  18     1,027,000          129,627          208,167              457,678          29,652           30,230          6,000    1,053       1,167        650      700           8,252          35,118       15,000     2,957
  19       983,000          129,988          198,056              472,234          29,834           29,323          4,000    1,793       1,175        650      600           7,359          34,124       15,000     2,957
1820       857,780          132,081          204,231              327,066          29,917           28,841          6,400    1,807       1,175        650      500           6,300          33,498       13,800     2,957
   1       850,000          133,078          214,877              439,230          29,587           32,858          7,000    2,119       1,247        650      600           6,158          34,790       14,738     2,957
   2       850,000          141,504          207,000              378,432          30,051           46,927          6,400    2,511       2,480        650      700           7,707          39,011       14,750     2,957
   3       850,000          135,400          207,000              377,776          29,873           62,236          5,350    2,391       1,294        650      650           8,050          43,750       14,746     2,957
   4       850,000          138,565          207,000              371,644          29,468           61,697          5,100    1,773       1,277        650      650           7,276          39,461       14,748     2,957
   5       850,000          138,402          207,000              366,028          26,928           64,714          7,000    1,568       1,277        650      600           7,500          40,634       14,749     2,957
   6       850,005          208,736          207,000              364,268          79,990           66,280          4,000      265       1,274        650      650           7,500          31,235       14,750     2,957
   7       850,000          170,549      j
                                             207,000              365,909          72,654           68,893          6,500    2,695       1,257        650      600           7,338          27,248       14,750     2,957
   8       850,000          179,259          207,000              370,868          73,756           71,609          5,000    2,582       1,262        650      600           7,500          25,774       16,813     2,957
   9      850,000           169,481          207,000              378,692          74,471           69,551          4,000    2,030       1,262        650      650           7,500          24,770       14,633     2,957
1830       801,278          151,802           98,382              465,286          71,824           69,900          4,000    1,752       1,262        650      650           7,500          24,516       14,606     2,957
   1       511,314                                                437,568          70 625           67,418          6,000    5,049       1,265        650      600           7,500          23,869       16,350     2,957
   2
   3
   4
   5
               109             110             111                   112            113               114             115      116        117         118      119           120              121         122          123



                   IRELAND.—                                                         PA YMENTS.                                                                                        1              ADVANCES.
                                                                  Inspectors                       Annuities,Judges           Compensa-       Board
        County     Transpor-                                       General                         and Com- augmen-          tion to Law        of       Treasury         Carriage                                  Relief
        Infirma-   tation of     Secret                               of           Imprest         pensation    tation       Officers for    Educa-          Fee          of Army                        Post         of
Years    ries.      Felons.     Service.        Police.            Piisons.        Office.         Allowance. Salaries.      loss of Fees.    tion.         Fund.         Baggage.          Gaols .     Roads.      Poor.
           £          .£             £             £                                                   cV              £             £         _£           £-               £                            j?



                                                                                                                                  —
                                                                                                            1




1817    1,385         7,384     12,000          8,411               4,133          14,643          66,688           30,934                   1,751        7,331            4,349           55,671      32,408 40,015
  18
  19
1820
        2,815
        3,415
        3,323
                     10,254
                      8,888
                      5,855
                                11,077
                                10,615
                                 9,231
                                               11,631
                                               11,354
                                               11,446
                                                                    7,538
                                                                    9,327
                                                                    7,557
                                                                                   19,120
                                                                                   19,230
                                                                                   18,899
                                                                                               1
                                                                                                   77,050
                                                                                                   75,488
                                                                                                   73,167
                                                                                                                    39,506
                                                                                                                    39,841
                                                                                                                    39,875
                                                                                                                                  —
                                                                                                                                  —
                                                                                                                                             1,141
                                                                                                                                                694
                                                                                                                                             1,541
                                                                                                                                                          8,357
                                                                                                                                                         10,294
                                                                                                                                                          8,328
                                                                                                                                                                           2,852
                                                                                                                                                                          10,591
                                                                                                                                                                              35
                                                                                                                                                                                           33,706
                                                                                                                                                                                           21,800
                                                                                                                                                                                           38,077
                                                                                                                                                                                                       20,364 57,031
                                                                                                                                                                                                       22,857 24,053
                                                                                                                                                                                                       11,552 20,011
   1    3,231         4,142     11,077         11,077               6,040          19,183          74,085           39,809      3,880        1,910        9,042            3,726           27,979       9,583 15,849
   2    2,954         3,687     10,615         11,435               5,112          18,998          76,221           48,977     38,240        1,004        9,723            3,656           31,697       5,682 185,324
   3    2,861        17,225     11,077         11,782               7,465          18,406          84,065           43,280     81,821          701        6,587           16,240           14,553       2,455 43,912

   4
   5
   6
        3,600
        3,646
        3,231
                     21,326
                     11,992
                      9,264
                                 8,308
                                 9,692
                                10,500
                                               11,730
                                               11,800
                                               11,358
                                                                    9,960
                                                                    9,512
                                                                    8,779
                                                                                   17,258
                                                                                   15,582
                                                                                   15,609
                                                                                                   83,838
                                                                                                   82,750
                                                                                                   76,891
                                                                                                                    44,127
                                                                                                                    44,872
                                                                                                                    45,169
                                                                                                                               90,798
                                                                                                                              100,580
                                                                                                                              109,274
                                                                                                                                             1,179
                                                                                                                                               811
                                                                                                                                               815
                                                                                                                                                                —
                                                                                                                                                            6,374

                                                                                                                                                                —
                                                                                                                                                            8,738
                                                                                                                                                            7,352
                                                                                                                                                                           1,420           12,885
                                                                                                                                                                                           29,764
                                                                                                                                                                                           48,180
                                                                                                                                                                                                          525
                                                                                                                                                                                                        1,514
                                                                                                                                                                                                        3,319
                                                                                                                                                                                                                   48,107
                                                                                                                                                                                                                   65,183
                                                                                                                                                                                                                   83,827
   7    3,138        10,624     12,000         12,086              11,326          14,591          74,341           44,293    102,711          688          6,970            245           21,664       4,708      70,109
   8    3,323        10,119     13,500         11,586               9,114          14,520          77,560           42,716    104,790          441          6,821            284           38,792       8,302      66,908
   9
1830
   1
        3,185
        2,862
        3,323
                      9,442
                      8,146
                      9,818
                                12,000
                                18,321
                                15,500
                                                  — — —
                                               11,996              10,521          14,710          66,187
                                                                                                   95,268
                                                                                                   89 542
                                                                                                                    43,476    105,043
                                                                                                                              133,507
                                                                                                                              132,882
                                                                                                                                             1,440
                                                                                                                                                              — —
                                                                                                                                                            6,028                8         32,202
                                                                                                                                                                                           21,110
                                                                                                                                                                                           21,947
                                                                                                                                                                                                        7,436
                                                                                                                                                                                                        7,252
                                                                                                                                                                                                        7,021
                                                                                                                                                                                                                   33,183
                                                                                                                                                                                                                   49,019
                                                                                                                                                                                                                   24,388
   2
   3
   4
   6
          138         139        140             141                142             143              144             145         146          147           148            149              150          151        152
