                                        ^                                                                                                                                j                                                        .                    1                   •




                                                                                                                                                             200

    STATEMENT showing the Quantity (in Wine Gallons of 231 cubic inches), of Spirits Distilled, and Consumed, in each of the three great sec                                                                                                                                                         1
tions of the UnitedKingdom, distinguishing the proportion Distilled from Sugar, from the proportion Distilled from Corn; and the rate, andamounto                                                                                                                                                    1
Duty paid on the same, in each of the 34 Years, from the 5th July 1790, to the   5th July 1824, and for the half year ending the 5th January 1825                                                                                                                                                    1
and also an account of the Quantity in Imperial Gallons, of 277.274 cubic inches charged with Duty, and amount of Duty paid on the same in Eng
land and Wales, in Scotland and in Ireland respectively, in each of the 13 Years 1820   1832.                                                                                       —                                                                                                            I   \




  •**   The Imperial Gallon was established in 1825, Act of Geo. IV. c 12, and exceeds by one fifth the Old Wine Gallon being a* 1. to .83311, and equal to 10 lbs of Distilled Water, at a Temperature o,
                                                                                                                    .                                                                ,                                                 .
                                                                                                                                                                                                                                                                                                     j
 62° of Fahrenheit.  The Quantities Distilled from .Sugar in Scotland and Ireland are notea with an *. Tie Quantities subsequent to 1814, in col. JSo. 6, are excesses above the computation in col. 3. Se<                                                                                          /
Jollowivg Page, for the Quantity of Foreign Spirits Imported and Consumed in the United Kingdom and for explanation of the Proof Strength of Spirits, and unphilosophicul mode at present practised oj
                                                                                                                                                             ,                                                                                                                                       J
 intending to determine the Quantities of Liquids and the proportion o/ Proof Spirit therein contained , at the mean 'temperature of 62° as established by law
   The quantity of Spirit Distilled in Scotland was not taken account of prior to 1799, the Duty having been previously levied on the Cubical Contents of the Still , as stated in the Column below , the higher                                                                                     i
rate being the amount levied per Gatlm in the South , and the lower rate in the Highlands.                                                                --


                         Gallons                .§*                                                                                     Gallons                                     Vide folio 227, Vol. XXI, Parliamentary Papers, Session 1S25.
                                                          .

                         of                                                                                ballons                  of Spirits
                                                                                                                                                                                                                          Amount of Duty paid on Spirits, consumed in
                     Corn Wash                                         Computed               Imported into England                 Distilled                         Total Gallons of Spirit,
                    charged with                                      Gallons of                           from                    in   England                       Charged with Duty           in                         Eng a ND.
                                                                                                                                                                                                                                  i.                              Corn and Sugar.
                         Duty in                                        Spirit.                                                         from
                     England.                   0$                                            Scotland. Ireland.                        Sugar.             England.           Scotland.           Ireland.    1           Corn.            Sugar.              Scotland.            Ireland.
                                                                                                                                                                                                                            £                 £
        9,032,688                                   6
1791                                                                  4,445,759                    80,707           -                   22,381             4,548,847          £3 £1           0   3,508,244               653,169            4,020              43,965              204,648
       14,366,048
            |
                                                    7
       26,042,688                                                     4,948,110                   102,533                  100          13,358             5,064,104            a        a        3,482.055               771,306            2,588              52,105              203,120
   3   24,311,058                                                     4,619,101                    98,208           -                   11,025             4,728,334            U        11       3,407,468               720,305            2,136              53,366              198,769
       13,921,380                                                                                                   -
                                                    8
                                                                      4,936,657                   170,027                               11,112             5.017,791          £9 £1 10            3,907,020               828,489            2,352             113,054              227,909
   >S 12,061,027                                                  ^

       11,918,051
                                                                      4,952,625               | 187,154                                  9,546             5,149,335                              4,232,647               953,806
                                                                                                                              10                                                "        "                                                   2,042             140,024
       14,148,405                                   9                                                                                                                                                                                                                               246,904
                                                                  J

   G    1,269,749                                    //                 241,252                   —         —            4,195     569,709                  815,156             a        u        3,681,103                47,616       143,793                  8,250              276,083
            \                                                                                 ^
        2,033,918
                                                                      3,057,036                    61,898                1,105          59,885             3,179,924                 £2 10        3,860,148               671,852           13,567             226,725              289,511
       14,055,752                               10                |
                                                                                              |                                                                               £5<4
   8   20,448,583                                    II               3,885,230               1 79,505              _                    5,507             4,970,242             C£6 10 4,783,954                         865,023               215,352
                                                                                                                                                                                                                                             1,537                                  358,797
   9   23,273,2 66                                   ,1               4,421,920               | 87,014                        8          4,983             4,506,925           1,873,833  4,253,187           I
                                                                                                                                                                                                                  I       983,946        1,391 255,086                              425,319
       14,603,302                                                                                                                                                                870,234 3,621,498                                               82,869                             452,687
1800                                                              >4,702,124                  1 112,682             -         -         19,266             4,904,072
                                                                                                                                                                          [
                                                                                                                                                                                                      1.088,890                          3,848 *
                                                                                                                                                                                                                                                           i




     j
       10,144,724                               11                                                                                                                       Jj      562,970 *1,075,656 J                                         |  61,541    i

                                                                                                                                                                                                                                                                                    192,722
   1        5,724                                    u                    1,086               | 17,100              163,734         2,726,089              2,908.009           *331,975     642,159       3,338
                                                                                                                                                                                                              |
                                                                                                                                                                                                                  I                    590,653 *42,192                               99,883
   2   16,534,682                                    II               3,141,589               5    37,697           1,085,907      571,162                 4,836,355          1 ,299,605  4,805.196     764,620
                                                                                                                                                                                                              jj
                                                                                                                                                                                                                                       126,498 217,866                              730,790
   3   23,952,971                                    a                4,551,064                    71,739           883,486         18,969                 5,525,253          2,268,728 4,426,085     1,110,648
                                                                                                                                                                                                              S
                                                                                                                                                                                                               i                         5,829 370,086                                727, 591
   4   14,648,046                               1/4*                  2,783,128                    64,200           1,156,993       13,410                 4,017,731          2,119,921   3,611,312   1,018,609
                                                                                                                                                                                                              !                          6,146 499,002                                736,757
                                                                                                                                                                                                                  |


   5   16,354,279                                                     3,107,313                    56,400           1,035,267        5,746                 4,204,726          1,824,025   3,756,671   1,134,509
                                                                                                                                                                                                              1
                                                                                                                                                                                                                                         2,634 421,897                                713,074
   6   13,775,522                                    H                2,617,349                    74,100           526,618          3,720                 3,221,887          2,002,359 3,931,829       967,074
                                                                                                                                                                                                              !
                                                                                                                                                                                                                                         1,705 461,836                                785,814
   7   20,648,032                                    1,               3,923,126                    65,700           643,745          6,030                 4,638,691          3,040,001   5,704,158 1,437,291 !

                                                                                                                                                                                                                  j
                                                                                                                                                                                                                                         2,764 783,547                             J ,236,245

   8   22,085,180                                    II               4,196,184                    93,600           510,996          7,211                 4,807,991          2,988,388 3,643,751     1,543,628                          3,305 778,030                                903,570
                                                                                                                                                                                                              j




                                                                                                  Scotland.
                                                                                                                                                                      f         115,16772,996                                                                   24,403                21,131
     9                    140,161                    »                     26,630             *751,896                  75,713      3,658,832              4,573,071 1*1,437,921                  9,636
                                                                                                                                                                                                              |



                                                                                                                                                                                                                                           1,090,027
                                                                                                                                                                                                                                                           \
                                                                                                                                                                                  *1,313,385 J                [                                            [   245,399               209,028
                                                                                                                    -                                                             ( 4,719,159 <                                                                                      668,690
1810                     -                           "                 -                      *895,799                        -     4,333,340              5,229,139 *1,542,660                                                            1,290,974           252,691         f
                                                                                                                                                                                  \    99,717 S                                                            |                   l      16,787
                         -                                                                      106,343         i                                                       1,647,708
                                                                                                                                                                          i

                                                                                                                                                                                                ~                                                  444,835
   11                                                •                                                    47,911                    4,575,968              4,864,519]               6,500,361                                              1,364,989
                                                                                                                                                                                                                                                           [
                                                                                                                                                                                                                                                               880,313
                                                                                    i         *134,297 |        ;
                                                                                                                                                       |
                                                                                                                                                                      [*1,246,207 |                                                              [ 310,994 J
                                                                                                                                                                                                                                                       |


                                                                                              1427,406                                                                F 1,606,379                                                                  586,427
    12              13,531,128                      1/9               2,630,315 5                         27,679                    1,732.247              5,918,596]               4,085,913 1,214,607                                692,501 \             1,021,454
                                                                                              * 100,949 J                                                                 [
                                                                                                                                                                               *136,394 |                                                        [  35,989 |
    13
                                            1




                                                                       _          J 1;
                                                                                                149,197
                                                                                              *729,187 -
                                                                                                                                    4,289,026
                                                                                                                                              304 |
                                                                                                                                                           5,167,714'
                                                                                                                                                                          (


                                                                                                                                                                          l
                                                                                                                                                                              *1,338,179
                                                                                                                                                                               *324,879 *1,374,609
                                                                                                                                                                                                  1,844,431
                                                                                                                                                                                                                  1-                   1,702,207 f
                                                                                                                                                                                                                                                   354,239
                                                                                                                                                                                                                                                       <

                                                                                                                                                                                                                                                    85,560
                                                                                                                                                                                                                                                               540,320
                                                                                                                                                                                                                                                               273,013
                                                                                                                                                                                                                                                 [


   14               18,878,324                       „                3,586,881     |
                                                                                         |
                                                                                              1,010,062             271,484         492,203                5,360,630           1,619,808          5,495,499           1,651,977            195,343             578,741             1,575,556
   15               19,886,453                       //               3,778,426     i         1,683,056             332,212           3,003                5,796,697           1,721,770          4,406,466           1,740,816                                707,922             1,422,318
   16               18,273,516                       a                3,471,968     !
                                                                                              1,327,529              32,249              1,117             3,832,863           1,028,471          3,625,172           1,599,212                                411,920             1,123,618
   17               19,582,307                       „                3,720,638      |   |    1,205,479               1,268                    -           4,927,385           2,091,397          3,655,473           1,713,452                                692,238             1,097,143
   18               19,677,407                       a                3,772,915          j    1,628,447              13,339          11,789                5,426,440           1,958,111          4,367,396           1,738,969                                551,052             1,306,402
   19               19,248,539                       n                3,657,221          j
                                                                                              1,439,305             120,940         178,076                5,395,541           2,342,292          3,747,782           1,707,392                                652,165             1,122,282
                                                                                     |




 1820               16,098,038                      2/                3,058,626      ;
                                                                                         !    1,314,015             436,947          33,394                4,842,982           2,221,494          3,363,611           1,626,042                                620,284             1,007,818
        1           15,615,762                                        2,966,995          jj
                                                                                              1,174,780             370,039          25,860                3,537,674           2,429,858          3,375,652           1,575,153                                678,572             1,014,083
        2           17,502,883                       a                3,325,547               1,298,192             605,292          38,818                5,237,849           2,489,859          4,079,370           1,770,668                                692,748               892,761
        3           14,770,515                       n                2,806,397         |
                                                                                              1,036,509             803,854          38,024                4,684,784           2,298,695          6,400,090           1,495,616                                637,352               691,735
        4           14,178,932                       n                2,693,997               1,047,800             342,814          39,364                4,123,975           4,110,016          7,796,759           1,438,559                                424,712               845,508
        5            4,709,416                       «                  894,789                 736,036             -               -                      1,630,825           2,641,969           -                      471,942                              266,214               -

 1820                                           12/7                  2,654,337                 926,094             386,975              6/2               3,967,406          1,742,044           2,639,720                 2,510, 822                         733,655              924,993
                1   ItHli*
        1                                            a                2,465,603               1,082,214             272,118               n                3,820,015          2,229,435           2,649,170                 2,419,281                          785,868              928,305
        2                                            i,               2,945,394               1,000,562             400,392               a                4,346,348          2,079,556           2,328,387                 2,749,372                          733,666              815,898
        3            U|.     s :-=                   n                1,976,771                 752,207             792,608               a                3,521,586          2,232,728           3,348,505                 2, 22,267                          560,357              624,829
        4                                            n                2,679,916               1,008,251             379,066             2/4|               4,067,233          4,350,301           6,690,315                 2,567,284                          524,759              803,149
    5                I’S »                           //               1,910,822                 953,292             579,439                                3,443,553          5,981,549           9,262,743                 2,055,027                          717,977             1,111,826
    6                    b ~ ^ g'J                  7/                3,209,044               3,365,982             832,178             2/10               7,407,204          3,988,788           6,834,867                 2,592,522                          565,078               967,999
                                                              j




    7                                           «    ii               3,451,620               2,548,118             671,822               "            1   6,671,560          4,752,199           8,260,664                 2,335,047                          673,228             1,170,233
    8                §            g §                "        1       3,974,785               3,083,284             701,618               "                7,759,687          5,716,180           9,937,903                 2,715,890                          809,792             1,407,870
    9                                                ii               3,860,542               3,154,909             685,315              3/                7,700,766          5,777,280           9,212,223                 2,695,268                          818,448             1,305,065
 1830                                               7/6                                                                                  3/4               7,732,101          6,007,631           8,657,756
        1                                            n                                                                                                     7,434,047          5,700,686           8,710,652
        2                                           ,i                                                                                                 !
                                                                                                                                                           7,259,287          4,861,515           8,657,756                                            '



                             1.                     o.                     3.                         4.                 5.               6.                     7.                 8.                 9.                  10.                11.                12.                  13.
                                                                                                                                                   I
