                                                                                               225

1ARY of the three preceding Pages, showing at one point of view the Total No. and Tonnage of Shipping cleared Outwards from, and
awards into, all the Ports of GREAT BRITAIN, to and from all Parts of the World, in each of 26 Years 1787 — 1819, distinguishing
rtion to those Countries with which the intercourse is maintained exclusively by                                              British Shipping, from those with which it is maintained
jn Ships as well as by British.
Official Accounts, relating to Shipping appear to have been very imperfectly kept up to 1825 ; this and the three preceding pages exhibit the best view that can be given of the
etween Great Britain and all parts of the World, from 1786 to 1820, but the Vessels both departing and arriving in Ballast appear not to have been included ; and the destruction
he Custom House in London, in February 1814, cuuses a blank for the 7 Fears 1807               —
                                                                                     13 ; a loss greatly to be regretted, inasmuch as it is remembered, that during that Period,
xeption of Portugal, Gibralter, and a few Ports in the Mediterranean, British Ships were excluded from all the Ports of Europe ; the absence of employment however in that di-
 fully compensated for, ba the carrying of Troops, Provisions and Stores for the supply of the Fleets and Armies then distributed over all parts of the World ; the then, the present
effects produced on the Shipping interest of Great Britain, by the excitement to Ship Building in different parts of Europe and America, which the War of 1793 gave rise
tore fully shown in succeeding pages.


                                                BRITISH, as ^ pages 222-4.                                                                                             FOREIGN, as                      pages 222-3.

                                   All those parts (except    All those Parts wifi which the intercourse is maintai'/ed by
            TOTAL                  Ireland,) with which the             FOREIGN   tis well us by BRITISH Shipping.                                    North of EUROPE                    France Portugal,        ,
                                                                                                                                                                                                                     1



      all   parts       of the     intercourse is maintain-                                                                                          from, Russia to the Ne-            Spain and all other
                                                                                                                                                                                              ,                           United States of
            WORLD,                    ed exclusively by     North of Europe Jrom
                                    BRITISH SHIPS Russia to the Nether-
                                                                                       France , Portugal,
                                                                                                           |
                                                                                                             United States of
                                                                                                             J
                                                                                                                                                 therlands,     both   inclu           Parts except the United
                                                                                                                                                                                                  Stales.
                                                                                                                                                                                                                          North America.
                                                                                        Spain , and Italy.   North Amei ica.
      ( except Ireland. )
                                                          ,


                                   as  ^  -preceding page. lands, both inclusive.                        j




    Number.             Tonnage.   Number.     Tonnage.       Number.    Tonnage.   Number.                      Number       Tonnage.               Number.     Tonnage.              Number.        Tonnage.           Number    Tonnage.


     7,667          998,637         2,108     331,270         3,222     422,794     2,028      183,847   |   ]
                                                                                                                 309          60,721                    731     102,387                   639         48,701              145      23,109
     7,520        1,007,381         2,087     364,120         3,139     427,728     2,-188     208,780           287          57,634                    517      81,604                   333         26,990              171      27,468
     7,406        1,064,751         1,953     337,725         2,926     408,722     2,269      211,631           358          66,678                    418      60,356                   299         14,392              174      28,949
     6,332          918,379         1,801     312,263         2,537     387,203     1,749      167,927           245          50,977                    570      88,415                   342         22,118             218       39,441
     6,837        1,019,920         2,027     348,399         2,630     403,659     2,127      142,534           253          55,328                    677     109,072                   338         19,851             291       55,806
     7,527        1,068,302         2,125     366,522         3,101     439,404     2,088      211,413           223          50,963                    629     100,393                   224         15,789             285       59,474

    4,682           719,968 1,769             299,344 2,343             348,368    532          63,017             38          9,239                    682     101,897                   116         24,258             288       60,877
    5,662           879,580 2,172             350,230 2,842             440,205    594          77,296             54         11,649                    963     133,649                    97         16,583             312       68,344
    4,819           638,103 1,821             284,720 1,524             292,642 « 461           57,952             13          2,712                 1,497      242,503                 1,318         46,476             466       93,588
    4,334           616,116 2,098             334,735 1,848             357,040 | 336           46,181             12          2,153                 2,531      304,443                   464         78,282             498      105,633
    3,549           608,121 2,075             349,512 1,246             225,799 ^ 200           27,885            20           4,281                 2,272      265,253                   386         52,143             364       78,875
    4,652           828,312 2,233             389,638 2,104             391,204 ^>270           39,553            37           7,917                 2*082      257,910                   243         33,641             320       74,168
    4,407           774,789 2,407             428,121 1 ,690            296,667 [J 253
                                                                                     1
                                                                                                35,684            57          14,267                 1,830      297,753                   218         38,338             354       70,683
    4,712           858,849 2,038             359.982 2,026             231,994 § 306           47.868            82          14,381                 3,884      503,299                   502         69,056             507      112,696
    5,002           904,928 2,537             489,961 1,859             31^,225 ^ 384           50,930           141          29,252                 4,361      566,791                   540         79,173             718      158,816
    7,472         1,176,616 2,553             482,328 3,074             501,348 *1,726         167,564           135          29,410                 2,062      286,244                   893         82,056             397       93,523
    5,416           942,561 2,387             406,805 2,516             453,789    462          61,785            89          21,090                 2,573      395,255                   623         66,318             466      112,969
    4,983           906,007 2,765             516,440 | 1,921           338,591    240          36,817            59          13,889                 3,144      407,857                   525         76,633             424      103,259
    5,314           951,255 | 2,265           398,648 2,645             472,442    212          33,839            52          13,208     !
                                                                                                                                                     3,085      423,832                   393         70,023              452     111,784
    5,307           898,997 2,736             462,503 1,938             327,839    219          33,628            39           8,731                 2,509      356,999                   390         67,045             558      143,946

 6,935            1,160,684 2,929             557,357         3,004     391,746     1,882      183,917                                               3,063      419,710                1,488         151,227                1         476
 8,282            1,311,716 j 3,338           658,310         3,095     402,662     1,520      165,718           253          66,240     i
                                                                                                                                                     2,865      446,664                1,086         131,466             334       93,565
 8,522            1,266,033 3,158             620,873         2,791     352,677     2,100      181,155           277          71,897                    978     152,261                   938         74,401             344      103,280
10,224            1,486,436 3,645             501,983         3,581     481,888     2,625      220,640            182         44,098                 1,387      194,656                   842         70,986             445      130,522
10,928            1,637,445 4,151             815,232         3,682     499,868     2,545      227,145            165         39,130     1

                                                                                                                                                     3,374      431,811                1,209         101,907             476      137,624
 9,673            1,468,155 4,215             821,270         3,074     410,917     2,062      168,752           104          25,026                 1,909      292,237                1,145          93,629             333      105,539

     8,518        1,177,557         1,871     325,934         4,234     603,128     2,081      189,432           323          59,058                 1,765      225,100                   440         22,646             156      24,987
     7,815        1,118,119         1,859     363,536         3,975     606,894     1,960      186,164           264          52,397                 1 ,270     188,236                   510         28,527             180      28,755
     7,780        1,138,986         1,777     315,453         3,371     538,924     2,389      222,834           253          50,775                 1,003      142,310                   314         17,008             195      31,358
     7,705        1,144,778         1,591     285,805         3,684     596,743     2,119      197,667           312          64,197                 1 ,749     211,930                   426         20,444             246      45,225
     8,242        1,191,642         1 ,730    296,913         3,785     582,225     2,479      218,952           247          53,102                 1,894      233,734                   474         25,377             318      62,253
     8,526        1,240,947         1,773     305,767         4,319     714,694     2,512      228,367           202          43,119                 1,756      219,289                   408         20,750             313      64,035

     6,610        1,088,596         1,700     290,985         3,939     667,666          844   100,414            133         29,631                 1,761      241,238                     55        19,111             342       71,926
     6,093          969,606         1,735     303,433         3,629     574,174          716    89,637             12          2,362                 2,360      261,577                   147         20,005             240       52,623
     4,164          735,155         1,699     295,583         1,751     337,438          695    98,786             19          3,348                 1,647      163,874                   388         49,670             382       77,482
     5,177          918,385         1,835     318,969         2,801     520,853          521    74,758             10          1,682                 3,004      366,414                   386         46,230             508      107,425
     3,622          666,715         1,684     307,820         1,594     305,275          329    50,822             15          2,798                 2,667      304,778                   527         61,905             404       88,995
     4,327          827,508         1,693     343,614         2,314     429,836          289    47,791             31          6,268                 2,410      299,282                   371         48,567             321       73,379
     4,812          879,339         3,055     392,896         2,299     414,035          416    59,612             42          9,796                 2,292      346,706                   377         54,665             343       75,225
     4,646          871,187         1,693     340,148         2,232     395,711          383    59,111   !         77         17,244                 4,397      549,355                   565         89,866             550      124,015
     4,987          922,584         2,155     434,193         2,096     374,400          624    74,084   !S       131         25,976                 4,106      530,563                   668         90,180             723      159,412
     7,812        1,332,005         2,518     525,519         3,755     643,342     1,448      148,743   1   1    100         19,770                 2,314      304,290                 1,034         84,803             375       91,148
     6,200        1,119,481         2,119     415,935         2,890     534,760     1,077      128,204            139         31,563                 3,152      454,362                   614         67,673             486      115,999
     4,865          904,932         2,151     416,366         2,346     424,579          295    46,410             73         17,427                 3,356      434,427                   528         78,241             387       94,631
     5,162          953,535         1,923     371,349         2,654     467,152          314    47,468             72         16,420         \       3,404      476,382                   684        105,210             427      110,115
     5,203          904,215         2 212     381,991         2,303     396,243          389    55,544             54         11,522                 2,649      376,638                   604         93,218             539      142,944
                                                                                                                                             j




     8,503         ,232,772
                    1               2,993     590,875         2,970     386,403     2,389       219,836                                              3,265      426,304        j
                                                                                                                                                                                       1,834         137,551               10       2,661
     8,389        1,312,817         3,212     634,523         3,216     442,688     1,677       176,626 128                   31,538                 2,940      468,216                1,675         109,744             324       95,958
                                                                                                                                             ]

     9,189        1,345,517         3,406     653,927         2,972     390,674     2,436       217,700 175                   45,140         \
                                                                                                                                                      1 ,087    158,898                1,433          61,765             305       91,914
    10,741        1,561,545         3,499     667,051         4,160     588,974     2,791       238,404 146                   35,417             ,
                                                                                                                                                      1,510     207,228                1,167          50,562             486      144,002
                                                                                                        |
    12,532        1,812,883         4,288     804,361         4,923     679,447     2.840       250,208 151                   35,507                  3,880     483,440                1,510          72,128             508      148,947
                                                                                                        1
    11,276    1   1,713,134         4,413     873,703         3,957     546,004     2,592       224,704 S 121             1
                                                                                                                              28,279             1
                                                                                                                                                      2.107     304,840        1
                                                                                                                                                                                   S
                                                                                                                                                                                       1,414          68.873             333      104,530
                                                                                               2 T
