                                                                                                                                                        228

   An ACCOUNT of the Number and Tonnage of Shipping entered INWARDS at all the Ports of the UNITED KINGDOM, from each part
in each Year since 1819; showing also the Total Official Value of the IM PORTS into the United Kingdom from Europe, and the Number of
Tonnage of Shipping cleared Outwards, and entered Inwards, at all the Ports of the UNITED                                                                                                                      KINGDOM, to and from each different part of the
                                                                                                                                                                                                                                                      Returns this Statement, extending

                                            RUSSIA.                    PRUSSIA.                        SWEDEN.                       NORWAY.                      |
                                                                                                                                                                          DENMARK.                                   TOTAL.                            GERMANY,               jj
                                                                                                                                                                                                                                                                                   NETHERLANDS
                 Years                    No.           Tonnage.     No:             Tonnage.        No.             Tonnage.      No.               Tonnage.     I       No.                  Tonnage.         No.                Tonnage.            No'        Tonnage.              No.            Tonnage.
                                                                                                                                                                                                                                                                              |


            r 1820                       1,255          209,801       526             87,451         100             17,264        172                13,901              119                   13,068          2,172              341,485            835         108,359               783            69,618
                                                                                                                                                                  |

                       1                  870           148,417        152            79,590         131             23,005        178                13,855               52                    5,312          1,583              370,179            664          90,280               791            71,631
                      2                  1,208          219,919       539            102,847         123             20,799        168                13,377               57                    7,096          2,095              364,031            601'         84,345               802             70,049
                      3                  1,195          222,377       413             81,202         120             20,986        173                13,122               35                    4,413          1,936              342,100            590          78,372               702             61,353
                      4                  1,293          239,185       483             94,664         100             17,074        136                11.419               60                    6,738          2,072              369,980             515         67,345               813             68,285
                      5                  1,770          344,155       981            189,214         104             15,996        167                14,825              123                   15,158          3,145              579,258             803        108,548           1,068               87,681
                      6                  1,178          228,971       653            119,060          78             11,829        164                15,603              182                   22,800          2,255              398,253             754        104,733           1,093              101,842
                      7                  1,905          369,486       819            150,718          77             11,719        119                13,945               94                   10,825          2,994              556,693             674         94,507           1,304              119,538
BRITISH.              8                  1,425          271,033       782            133.753          99             14,877        128                10,826              147                   17,464          2,581              447,953             789        114,097           1,358              129,223
                    9                    1,829          348,665       744            125,918         109             16,536        110                 9,985              201                   24,576          2,993              525,680             690        101,222           1,174              117,661
                 1830                    1,061          321,426       666            102,758          82             12,116         66                 6,459              111                   12,210          2,586              454,969             986        150,997           1,156              120,301
                       I                 2,065          394,850       487             83,908          84             11,450         52                 4,518               66                    6,552          2,754              501,278             724        109,651           1,723              187,456
                                         1,419          277,527       401             62,079          59              8,335         42                 3,798               67                    7,268          1,981              359,007             821        130,443           1,673              195,473
                       3
                      4

                       G
            l.         7

            [1820                           80           19,269       300             60,450          82              13,483       352                57,118              169                   12,879            983              163,199             155         17,790               448              43,684
                       1                    45           11,118       159             37,720          58               8,508       389                61,342               46                    3,969            697              122,657              76.         8,794               456              47,121
                       2                    66           16,363       258             58,270          71              13,692       558                87,974               46                    3,910            999              180,209              70          9,800               584              62,648
                       3                    85           21,353       387             86,018         111              22,529       705               117,015               49                    4,795          1,337              251,705              91         11,456               824              87,035
                       4                   146           31,095       733            151,621         176              40,092       842               135,272              349                   23,689          2,246              381,769             501         46,106           1,137              1 07,729

                    5                      146           34,530       920            182,752         239              53,141       987               157,910          |
                                                                                                                                                                          642                   50,943          2,934              476,282             772         79,250           1,237              i 17,366
                                                                                                                                                                  j



                    G                       88           23,554       632            120,589     |
                                                                                                      99              16,934       564                90,726      j
                                                                                                                                                                          758                   56,544          2,141              308,352        1
                                                                                                                                                                                                                                                       874         78,895               915              81,199
                    7                      110           29,267       573            109,184         124              21,822       612                96,420      i       738                   52,456          2,157              309,149             688         58,124               888              81,938
       i   .
                    8                       90           24,281       490             99,195         1:3(3            24,700       534                85,771              630                   49,293          1,880              283,240             509         46,074               902              80,901
FOREIGN.



                    9                       85           25,038       628            127,861         143              25,046       553                86,205              622                   53,390          2,031              317,540             515         50,005               964              97,593
                 1830                       90           26,905       720            139,646         127              23,158       556                84,585              655                   51,420          2,448              325,714             616         54,869               863              92,811
                                                                                                                                                                  j   j

                       1                   132           33,867       701            140,532         195              38,689       754               114,865      i
                                                                                                                                                                          748                   62, 901         2,730              390,143             632         58,411               756              82,449
                       2                   117           32,132       428             89,187         150              25,755       549                82,155          j
                                                                                                                                                                          439                   35,771          1,683              265,001             362         31,087               771              90,492
                       3
                       4
                       5
                      G                                                          1


           lL          7|    1
                                                    L                            1                               1                               1                                         5                               <   5                              7                                1   1



           An ACCOUNT of the Number of Ships which passed the SOUND and paid dues at Elsinore, in each Year since 1813, distinguishing the
Countries to which they belonged.                   It appears on comparison of this with the above Statement , that the Number of Ships passing the Sound are
reckoned both on entering into, and passing from the Baltic ; inasmuch as the British Ships are nearly double the Number of those which enter inwards into the United Kingdom from
all the Ports of the jive Northern States of Europe.


                                                                                                                                                                                                     GERMAN.
                                                                                                 Nor   -     1                  Rus-             Nelher-        Hanove-                  Mech-       Hum   1              Olilrii
                                                                                                                                                                                                                                                      Ameri-               All
                                          Years         British.   Danish.       Swedish.       wegian.          Prussian.      siuii.           Ignders.        rian.
                                                                                                                                                                                j




                                                                                                                                                                                        lin burg h   burghX Bremen.                   Lubeck.                     french. other.
                                                                                                                                                                                                                                                                          ,                   TOTAL.
                      «                  1814            2,319      476              2,759            83             1,033      495
                                                                                                                                             1




                                                                                                                                                     551              55                    _         36       248         18           28                           12            62          8,186
                      cc
                                            15           2,397      660              2,156           502             1,173      576                  740              —                   407         —         — —                     —              128           4             73          8,816
                 vT   ©                     16           1,848      787              2,042           794             1,014      399                  876         263                      386         36       Ill         29           45             168          16             57          8,871
               .§     .g                    17           4,172      843              2,000           914             1,786      387              1,305           529            '



                                                                                                                                                                                          542         87       216         72           83             136          44             29         13,145
               1      z                     18           5,052      884              1,745           946             1,628      323                  600         456                      434         22        77         41           59             128          48             33          12,496
                                            19           3,708      851              1,559           971             1,351      356                  834         427                      303         22        54        38            62              89          52             13          10,690
                 ©                       1820            3,597      792              1,519           946             1,554      242                  853         458                |
                                                                                                                                                                                          547         15        59        47            64             169          63              2          10,927
                                                1        2,819      778              1,432           898             1,094      300                  589         434                1     396         22        66        46            46             196          62              2           9,187
               zc     §                         2        3,097      692              1,214           728             1,096      259                  391         307                i
                                                                                                                                                                                          293         22        32        29            45             216          51             4            8,483
                                                3        3,016      637              1,132           946             1,536      306                  461         316                      496         23        41        42            59    1        158          32             2            9,203
               § 5               1
                                                4        3,540      758              1,303           715             2,081      369                  399         358                !
                                                                                                                                                                                          557         29        33        30           115             167          57             6          10,517
                                 i



                                                5        5,186      803              1,319           951             2,391      335                  630         413                      602         31        34        34           120             230          72             9          13,160
               s §                              6        3,730      779              1,280           865             2,021      328                  637         427                      565         24        30        20           111             158          81             9          11,065
                                     |
                                                7        5,099      856      1       1,389           879             2,038      384                  814         457                      555         35        55        55           99              191        103          11             13,000
                                             8           4,426      903              1 ,324      1,063               2,222      407              1,066           570                      657         26        60        42          122              221        128          8              13,247
                 ©    ^                      9           4,790      £61              1,132       1,176               2,185      359              1,120           592            i         629         44        63        47          103              181        181         16              13,475
                                 1
                                          1830           4,274      743              1,211       1,202               2,257      405      '
                                                                                                                                                 1,220           645            1
                                                                                                                                                                                          654         27        67        67           85              153        197          6              13,198
               si      1                        1        4,772      695              1,347       1,357               1,810      424              1,023           451                      535        41         92        53           77              179         72         18              12,946
                       pi                                                    1

                                                                                                                                                                            |




                                                2        3,330      835              1,005       1,535               1,763      483              1,425           562        j
                                                                                                                                                                                          594        21         80        78           77              119        281         ,4              12,202
                                                                                                                                                            [
                      that                      3
                                                4
                                                5
                                                                                                                                                                                                                      1


                                     L          e                                                                                                                                                                                                                                       i
