                                                                                    .   '                                                                —
                                                                                                                                232

ACCOUNT (Continued), of the No. and Tonnage of Shipping cleared Outwards from, and entered Inwards into, all the Ports of the
  United Kingdom, to and from, all those parts of the World with which the intercourse is maintained exclusively by British Shipping, in each Year since 1819.

                                                             SOUTH AMERICA.                                                                                                               f             Greenland,                   British Isles of
                                                                                                                                                         j
                                                                                                                                                                British North             1            and Southern                  GUERNSEY,
                            Columbia.               Rio-de-la~ Plata          Chili Sf Peru.                    Brazils.          WEST INDIES.           1
                                                                                                                                                                AMERICA.                  I       Whale Fisheries. JERSEY, Sf MAN.

              Years    No. Tonnage                    No.       Tonnage.      No.           Tonnage        No.         Tonnage.       No.     Tonnage.         No   ’        Tonnage.                  No   •    Tonnage.            No.        Tonnage.
                                                                                                                                                         |                                I
                                                                                                                   |




                                                                                                                                   831      233,486          1,497          341,650               210           64,847       1,304  66,139
         f 1820
                  1         1          248            51         9,682        17            3,992         171          30,586      891      246,180          1,426          328,425               196           59,445       1,333  68,204
                  2         3        485             55         10,058        25            5,988         187          33,848      743      208,099          1,495          354,696               169           49,700       1,546  69,029
                  3        11      2,425             34          6,335        23            4,517         215          40,105      842      232,717          1,433          354,027               179           55,297       1,522  73,290
                  4    19          3,427             43          7,924        32            5,859         247          48,330      848      233,097          1,670          412,073               144           44,378       1,621  81,177
                  5    33          5,509             51         10,302        42            8,264         190          37,029      801      219,431          1,817          463,906               142           43,721       1,629  80,435
                  6    22          3,356             23          4,906        17            2,713         126          26,821      907      251,842          1,556          397,758               128           40,532       1,789  85,225
   BQ
   ©              7    10          2,670             19          3,818        24            4,240         252          56,502      906      248,598          1,308          328,568               121           38,690       1,754  85,754
                 8     25          4,194             25          4,281        44            9,177         252          55,321     1022      270,495          1,480          380,594               110           35,829       1,804  93,461
                 9     19          3,363             48          9,048        30            6,000         193          42,509      918      252,992          1,659          419,421               119           39,540       1,922  97,211
   5
   g5         1830     16          3,108             36          6,294        24            4,409         254          57,682      868      240,664          1,714          450,982               123           40,166       1,897  95,547
                  1    15          2,937             25          4,483        25            4,893         239          58,681      907      249,051          1,804          473,338               110           36,472       1,867  97,465
   ©              2    19          3,380             30          5,857        24            4,785         203          45,849      803      226,105          1,872          489,233               116           38,240       1,995 104,154
                  3
                  4
                  5
                  6
                  7
                  8
                  9

         ^    1820                                                                                                                857       240,510          1,440          343,377               194           62,750       1,640              79,881
                  1        1           446           41         7,609          4            1,254         158          27,845     884       245,321          1,403          337,446               197           60,257       1,609              79,170
                  2     2              275           52         9,109          6            1,727         153          27,792     839       232,426          1,426          356,488               157           48,204       1,757              84,86;>
                  3     6              996           52         9,237          5            1,160      .159            28,691     861       233,790          1,579          401,669               170           51,796        1,852           85,956
                  4    13          2,130             41         7,788          6            1,191      '186            34,759     899       244,971          1,683          427,832               148           45,925       2,033            98,214
                  5    20          2,641             45         8,697         12            2,321         227          42,189     872       232,357          1,856          489,844               138           42,736       1,045            85,645
                  6    12          1,951             20         4,713         19            3,400          91          16,600  891          243,448          1,770          472,588               125           39,394       2,031            86,460
                  7    20          3,876              4            578        18            3,016         146          30,120  872          243,721          1,357          359,793               119           38,002       1,814            92,959
                  8    17          3,140             16       2,421           15            2,484         172          37,121 1013          272,800          1 ,526         400,841               107           34,129       2,119           103,681
   ©                                                 55      10,087           24            4,247         155          34,119 958           263,338          1,611          431,901               113           35,982       2,184
   PS            9     19          3,486                                                                                                                                                                                                     108,068
              1830     17          3,268             51       9,784           18            3,327         168          38,322 911           253,872          1,709          452,397                97           31,987       2,199           117,298
   —                    8                            42       7,829           16            2,902         216          49,414  904          249,079          1,758          480,236               111           37,454       1,955           106,230
                  1                1,707
                  2    20                            23       4,231           19            3,693         129          29,302 828           229,117          1,872          504,211               106           34,900       2,212           125,136
   1                               3,454
                  3
                  4
                  5
                  6
                  7
                  8
         _        9             318                        39                       40                          41                       42                             43                                  44                             45

  The following        STATEMENT shows the No. and Tonnage of Vessels Owned and Registered in each great section of the British
                  Empire, in each of 19 classes of burthen in the Year 1788, the Total compared with the Totals in 1830 and 1832.
                                      England.                     Scotland.                    Ire LAND.                 West Indies.        B. N. America.     Briti 5 h Isles.             •   i.    TOTAL I7SS.              |
                                                                                                                                                                                                                                           TOTAL 1830.
                                                                                                                                                                                                                                     xclusive of West Indies
                   Tons.        No.               Tons.          No.         Tons             No.          Tons.          No.     Tons.       No.    Tons.          No.          Tons.             No.             Tons.                   and Colonies.
                                                                        |
                                         |


                                                                                                                                                                                                                                       Tonnage.           No.
not exceeding 20 1,165                   ;
                                                  15,066         73          1,189             68          1,113         134      1,903        43      757          31             484    1,514                   20,052         1



  20    to    39 1,514                            43,995        377         12,037            410         12,748         182      5,432       183    5,379          72           2,156    2,734                   83,147 J 195,686                   6,542
  40         to    59 1,304                       65,768        520         26,076            220         10,770         164      8,218       109    5,488          43           2,175    2,360                  118,496 )
  60         to    79   937                       65,805        310         21,588            104          7,344         133      9,136        67    4,723          22           1,543    1,633                  110,139 } uWijUUvJ                  r,   oi o
  80         to    99   689                       61,694        146         12,844             46          4,092          74      6,688        32    3,426          11             997      998                   89,741 \
 100         to   119   661                       72,666         93         10,163             59          6,384          67      7,359        23    2,549              9         962       912                  100,082 \
 120         to   139   454                       58,939         84         10,894             45          5,879          39      5,079        27    3,492          11           1,439      660                   85,722 /
 140         to   159   410                       61,679         62          9,312             21          3,183          21      3,097        16    2,407              6         874       537                   80,552 V 555,758                  3,942
 160         to   179   335                       57,109         54          9,184             14          2,360          13      2,203        10    1,697              6        1,018      432                   73,567 l
 180         to   199   289                       54,968         40          7,579              9          1,713          10      1,873         7    1,333              3         564       358                   68,030 J
 200         to   219   235                       49,375         30          6,250              3            636            6     1,268                205              4         824              279            58,558 Y

                                                                                                                                                     ——
                                                                                                                                                 1

 220         to   239   214                       49,316          16         3,705              2            465            4       912         1      222              1         222              238            53,842 /
 240         to   259   219                       54,843          15         3,708              6          1,500            1       252       —                                                    241            60,343 V 472,128                  1,947
 260         to   279   170                       45,983          15         4,080               1           277          —                   — —        -
                                                                                                                                                                        2         535              188            50,895 A
                                                                                                                          —
 280
 300
             to
             to
                  299
                  319
                        164
                        135
                                                  47,563
                                                  41,763
                                                                   7
                                                                   7
                                                                             2,040
                                                                             2,160
                                                                                                2
                                                                                                3
                                                                                                             589
                                                                                                             920          —
                                                                                                                                              —
                                                                                                                                              —
                                                                                                                                                                 —
                                                                                                                                                                 —               —                 173
                                                                                                                                                                                                   145
                                                                                                                                                                                                                  50,192 J
                                                                                                                                                                                                                  44,833 )
 320
 420
 480
             to
             to
                  419
                  479
             to 1,180
                        330
                         30
                         90                  I
                                                 115,935
                                                  13,437
                                                  78,006
                                                                  15
                                                                   1
                                                                   2
                                                                             5,379
                                                                               470
                                                                             1,034
                                                                                               —
                                                                                               —
                                                                                                2
                                                                                                           —
                                                                                                           —
                                                                                                             767          —
                                                                                                                          —
                                                                                                                          —
                                                                                                                                              —
                                                                                                                                              —
                                                                                                                                              —
                                                                                                                                                                 —
                                                                                                                                                                 —
                                                                                                                                                                 —
                                                                                                                                                                                                   339
                                                                                                                                                                                                    31
                                                                                                                                                                                                    90
                                                                                                                                                                                                                 117,081 S
                                                                                                                                                                                                                  13,907 )
                                                                                                                                                                                                                  78,006 ]
                                                                                                                                                                                                                           331,685

                                                                                                                                                                                                                           280,616
                                                                                                                                                                                                                                                          969

                                                                                                                                                                                                                                                          497


        TOTAL 1788               9,341           1,053,910      1,867       149,658           1,015   1    60,690         827     53,420       519   31,798         221      .   13,793   13,827                 1,362,590   1        2,199,959     19,110
                   1832         14,281       1
                                                 1,780,252      3,214       303,63            1,447   1
                                                                                                          106,57 4                 4,792      357,608               508          33,893   24,242                 2,581,964   1
