## Sheet: Full data (continued)
	A	B	C	D	E
1050	BDI	Burundi	1982	985	4,551
1051	BDI	Burundi	1983	991	4,659
1052	BDI	Burundi	1984	968	4,757
1053	BDI	Burundi	1985	1,057	4,849
1054	BDI	Burundi	1986	1,078	4,931
1055	BDI	Burundi	1987	1,095	5,040
1056	BDI	Burundi	1988	1,119	5,156
1057	BDI	Burundi	1989	1,111	5,263
1058	BDI	Burundi	1990	1,124	5,375
1059	BDI	Burundi	1991	1,150	5,493
1060	BDI	Burundi	1992	1,128	5,652
1061	BDI	Burundi	1993	1,076	5,433
1062	BDI	Burundi	1994	1,058	5,446
1063	BDI	Burundi	1995	934	5,812
1064	BDI	Burundi	1996	825	5,815
1065	BDI	Burundi	1997	800	5,820
1066	BDI	Burundi	1998	808	5,955
1067	BDI	Burundi	1999	772	6,128
1068	BDI	Burundi	2000	740	6,282
1069	BDI	Burundi	2001	730	6,466
1070	BDI	Burundi	2002	737	6,670
1071	BDI	Burundi	2003	704	6,897
1072	BDI	Burundi	2004	710	7,167
1073	BDI	Burundi	2005	692	7,439
1074	BDI	Burundi	2006	703	7,709
1075	BDI	Burundi	2007	701	7,991
1076	BDI	Burundi	2008	709	8,318
1077	BDI	Burundi	2009	709	8,741
1078	BDI	Burundi	2010	718	9,140
1079	BDI	Burundi	2011	719	9,440
1080	BDI	Burundi	2012	727	9,748
1081	BDI	Burundi	2013	738	10,069
1082	BDI	Burundi	2014	748	10,380
1083	BDI	Burundi	2015	694	10,577
1084	BDI	Burundi	2016	665	10,721
1085	BDI	Burundi	2017	671	10,955
1086	BDI	Burundi	2018	651	11,229
1087	BEL	Belgium	1	956	300
1088	BEL	Belgium	1000		400
1089	BEL	Belgium	1500	2,338	1,400
1090	BEL	Belgium	1550	2,410	
1091	BEL	Belgium	1600	2,533	1,600
1092	BEL	Belgium	1650	2,303	
1093	BEL	Belgium	1700	2,192	2,000
1094	BEL	Belgium	1750	2,169	
1095	BEL	Belgium	1812	2,358	
1096	BEL	Belgium	1820	2,358	3,434
1097	BEL	Belgium	1821		3,464
1098	BEL	Belgium	1822		3,495
1099	BEL	Belgium	1823		3,526
1100	BEL	Belgium	1824		3,557
1101	BEL	Belgium	1825		3,589
1102	BEL	Belgium	1826		3,620
1103	BEL	Belgium	1827		3,652
1104	BEL	Belgium	1828		3,685
1105	BEL	Belgium	1829		3,717
1106	BEL	Belgium	1830		3,750
1107	BEL	Belgium	1831		3,782
1108	BEL	Belgium	1832		3,814
1109	BEL	Belgium	1833		3,846
1110	BEL	Belgium	1834		3,879
1111	BEL	Belgium	1835		3,912
1112	BEL	Belgium	1836		3,945
1113	BEL	Belgium	1837		3,978
1114	BEL	Belgium	1838		4,012
1115	BEL	Belgium	1839		4,046
1116	BEL	Belgium	1840		4,080
1117	BEL	Belgium	1841		4,115
1118	BEL	Belgium	1842		4,151
1119	BEL	Belgium	1843		4,187
1120	BEL	Belgium	1844		4,223
1121	BEL	Belgium	1845		4,259
1122	BEL	Belgium	1846	2,700	4,296
1123	BEL	Belgium	1847	2,809	4,333
1124	BEL	Belgium	1848	2,796	4,371
1125	BEL	Belgium	1849	2,853	4,408
1126	BEL	Belgium	1850	2,944	4,449
1127	BEL	Belgium	1851	3,006	4,477
1128	BEL	Belgium	1852	3,067	4,506
1129	BEL	Belgium	1853	3,127	4,534
1130	BEL	Belgium	1854	3,300	4,563
1131	BEL	Belgium	1855	3,301	4,592
1132	BEL	Belgium	1856	3,459	4,621
1133	BEL	Belgium	1857	3,524	4,651
1134	BEL	Belgium	1858	3,526	4,680
1135	BEL	Belgium	1859	3,502	4,710
1136	BEL	Belgium	1860	3,655	4,740
1137	BEL	Belgium	1861	3,682	4,774
1138	BEL	Belgium	1862	3,752	4,809
1139	BEL	Belgium	1863	3,832	4,844
1140	BEL	Belgium	1864	3,931	4,879
1141	BEL	Belgium	1865	3,902	4,915
1142	BEL	Belgium	1866	3,990	4,950
1143	BEL	Belgium	1867	3,980	4,986
1144	BEL	Belgium	1868	4,095	5,023
1145	BEL	Belgium	1869	4,245	5,029
1146	BEL	Belgium	1870	4,291	5,096
1147	BEL	Belgium	1871	4,275	5,137
1148	BEL	Belgium	1872	4,501	5,178
1149	BEL	Belgium	1873	4,495	5,219
1150	BEL	Belgium	1874	4,607	5,261
1151	BEL	Belgium	1875	4,560	5,303
1152	BEL	Belgium	1876	4,583	5,345
1153	BEL	Belgium	1877	4,597	5,394
1154	BEL	Belgium	1878	4,689	5,442
1155	BEL	Belgium	1879	4,694	5,492
1156	BEL	Belgium	1880	4,886	5,541
1157	BEL	Belgium	1881	4,894	5,606
1158	BEL	Belgium	1882	4,999	5,673
1159	BEL	Belgium	1883	5,013	5,740
1160	BEL	Belgium	1884	4,999	5,807
1161	BEL	Belgium	1885	5,002	5,876
1162	BEL	Belgium	1886	5,026	5,919
1163	BEL	Belgium	1887	5,180	5,962
1164	BEL	Belgium	1888	5,176	6,007
1165	BEL	Belgium	1889	5,386	6,051
1166	BEL	Belgium	1890	5,464	6,096
1167	BEL	Belgium	1891	5,412	6,164
1168	BEL	Belgium	1892	5,486	6,231
1169	BEL	Belgium	1893	5,507	6,300
1170	BEL	Belgium	1894	5,528	6,370
1171	BEL	Belgium	1895	5,598	6,439
1172	BEL	Belgium	1896	5,660	6,494
1173	BEL	Belgium	1897	5,716	6,548
1174	BEL	Belgium	1898	5,762	6,604
1175	BEL	Belgium	1899	5,828	6,662
1176	BEL	Belgium	1900	5,947	6,719
1177	BEL	Belgium	1901	5,928	6,801
1178	BEL	Belgium	1902	5,960	6,903
1179	BEL	Belgium	1903	6,013	6,997
1180	BEL	Belgium	1904	6,091	7,086
1181	BEL	Belgium	1905	6,188	7,175
1182	BEL	Belgium	1906	6,244	7,258
1183	BEL	Belgium	1907	6,268	7,338
1184	BEL	Belgium	1908	6,269	7,411
1185	BEL	Belgium	1909	6,330	7,478
1186	BEL	Belgium	1910	6,478	7,498
1187	BEL	Belgium	1911	6,612	7,517
1188	BEL	Belgium	1912	6,704	7,590
1189	BEL	Belgium	1913	6,727	7,666
1190	BEL	Belgium	1914	6,253	7,723
1191	BEL	Belgium	1915	6,150	7,759
1192	BEL	Belgium	1916	6,503	7,762
1193	BEL	Belgium	1917	5,609	7,729
1194	BEL	Belgium	1918	4,560	7,660
1195	BEL	Belgium	1919	5,402	7,628
1196	BEL	Belgium	1920	6,315	7,552
1197	BEL	Belgium	1921	6,465	7,504
1198	BEL	Belgium	1922	7,034	7,571
1199	BEL	Belgium	1923	7,226	7,635
1200	BEL	Belgium	1924	7,393	7,707
1201	BEL	Belgium	1925	7,438	7,779
1202	BEL	Belgium	1926	7,626	7,844
1203	BEL	Belgium	1927	7,847	7,904
1204	BEL	Belgium	1928	8,191	7,968
1205	BEL	Belgium	1929	8,056	8,032
1206	BEL	Belgium	1930	7,936	8,076
1207	BEL	Belgium	1931	7,747	8,126
1208	BEL	Belgium	1932	7,343	8,186
1209	BEL	Belgium	1933	7,461	8,231
1210	BEL	Belgium	1934	7,371	8,262
1211	BEL	Belgium	1935	7,801	8,288
1212	BEL	Belgium	1936	7,831	8,315
1213	BEL	Belgium	1937	7,908	8,346
1214	BEL	Belgium	1938	7,702	8,374
1215	BEL	Belgium	1939	8,209	8,392
1216	BEL	Belgium	1940	7,272	8,346
1217	BEL	Belgium	1941	6,947	8,276
1218	BEL	Belgium	1942	6,371	8,247
1219	BEL	Belgium	1943	6,228	8,242
1220	BEL	Belgium	1944	6,554	8,291
1221	BEL	Belgium	1945	6,907	8,339
1222	BEL	Belgium	1946	7,291	8,367
1223	BEL	Belgium	1947	7,651	8,450
1224	BEL	Belgium	1948	8,008	8,557
1225	BEL	Belgium	1949	8,278	8,614
1226	BEL	Belgium	1950	8,706	8,639
1227	BEL	Belgium	1951	9,161	8,678
1228	BEL	Belgium	1952	9,035	8,730
1229	BEL	Belgium	1953	9,274	8,778
1230	BEL	Belgium	1954	9,610	8,819
1231	BEL	Belgium	1955	10,010	8,868
1232	BEL	Belgium	1956	10,237	8,924
1233	BEL	Belgium	1957	10,353	8,989
1234	BEL	Belgium	1958	10,268	9,053
1235	BEL	Belgium	1959	10,533	9,104
1236	BEL	Belgium	1960	11,081	9,119
1237	BEL	Belgium	1961	11,561	9,166
1238	BEL	Belgium	1962	12,087	9,218
1239	BEL	Belgium	1963	12,532	9,283
1240	BEL	Belgium	1964	13,295	9,367
1241	BEL	Belgium	1965	13,643	9,448
1242	BEL	Belgium	1966	13,989	9,508
1243	BEL	Belgium	1967	14,461	9,556
1244	BEL	Belgium	1968	15,009	9,590
1245	BEL	Belgium	1969	15,969	9,613
1246	BEL	Belgium	1970	16,914	9,638
1247	BEL	Belgium	1971	17,486	9,672
1248	BEL	Belgium	1972	18,336	9,709
1249	BEL	Belgium	1973	19,399	9,738
1250	BEL	Belgium	1974	20,153	9,768
1251	BEL	Belgium	1975	19,831	9,795
1252	BEL	Belgium	1976	20,916	9,811
1253	BEL	Belgium	1977	21,025	9,822
1254	BEL	Belgium	1978	21,605	9,830
1255	BEL	Belgium	1979	22,094	9,837
1256	BEL	Belgium	1980	23,060	9,847
1257	BEL	Belgium	1981	22,760	9,852
1258	BEL	Belgium	1982	23,071	9,856
1259	BEL	Belgium	1983	23,071	9,856
1260	BEL	Belgium	1984	23,644	9,855
1261	BEL	Belgium	1985	23,873	9,858
1262	BEL	Belgium	1986	24,221	9,862
1263	BEL	Belgium	1987	24,772	9,870
1264	BEL	Belgium	1988	25,905	9,884
1265	BEL	Belgium	1989	26,690	9,938
1266	BEL	Belgium	1990	27,412	9,969
1267	BEL	Belgium	1991	27,848	10,006
1268	BEL	Belgium	1992	28,200	10,047
1269	BEL	Belgium	1993	27,857	10,086
1270	BEL	Belgium	1994	28,707	10,118
1271	BEL	Belgium	1995	29,370	10,139
1272	BEL	Belgium	1996	29,820	10,159
1273	BEL	Belgium	1997	30,894	10,183
1274	BEL	Belgium	1998	31,481	10,205
1275	BEL	Belgium	1999	32,572	10,228
1276	BEL	Belgium	2000	33,720	10,253
1277	BEL	Belgium	2001	33,923	10,289
1278	BEL	Belgium	2002	34,420	10,335
1279	BEL	Belgium	2003	34,588	10,378
1280	BEL	Belgium	2004	35,740	10,423
1281	BEL	Belgium	2005	36,338	10,481
1282	BEL	Belgium	2006	37,052	10,550
1283	BEL	Belgium	2007	38,083	10,628
1284	BEL	Belgium	2008	38,117	10,712
1285	BEL	Belgium	2009	36,999	10,799
1286	BEL	Belgium	2010	37,739	10,922
1287	BEL	Belgium	2011	38,130	11,040
1288	BEL	Belgium	2012	37,906	11,109
1289	BEL	Belgium	2013	37,737	11,162
1290	BEL	Belgium	2014	38,228	11,211
1291	BEL	Belgium	2015	38,569	11,276
1292	BEL	Belgium	2016	38,766	11,334
1293	BEL	Belgium	2017	39,352	11,377
1294	BEL	Belgium	2018	39,756	11,429
1295	BEN	Benin	1950	1,627	1,673
1296	BEN	Benin	1951	1,597	1,706
1297	BEN	Benin	1952	1,565	1,740
1298	BEN	Benin	1953	1,492	1,776
1299	BEN	Benin	1954	1,505	1,812
1300	BEN	Benin	1955	1,474	1,851
1301	BEN	Benin	1956	1,444	1,891
1302	BEN	Benin	1957	1,414	1,932
1303	BEN	Benin	1958	1,435	1,975
1304	BEN	Benin	1959	1,457	2,019
1305	BEN	Benin	1960	1,468	2,065
1306	BEN	Benin	1961	1,482	2,113
1307	BEN	Benin	1962	1,400	2,165
1308	BEN	Benin	1963	1,430	2,217
1309	BEN	Benin	1964	1,492	2,271
1310	BEN	Benin	1965	1,532	2,328
1311	BEN	Benin	1966	1,549	2,387
1312	BEN	Benin	1967	1,525	2,448
1313	BEN	Benin	1968	1,545	2,511
1314	BEN	Benin	1969	1,551	2,577
1315	BEN	Benin	1970	1,543	2,646
1316	BEN	Benin	1971	1,535	2,717
1317	BEN	Benin	1972	1,640	2,791
1318	BEN	Benin	1973	1,666	2,869
1319	BEN	Benin	1974	1,733	2,949
1320	BEN	Benin	1975	1,570	3,033
1321	BEN	Benin	1976	1,548	3,120
1322	BEN	Benin	1977	1,570	3,211
1323	BEN	Benin	1978	1,519	3,305
1324	BEN	Benin	1979	1,594	3,403
1325	BEN	Benin	1980	1,691	3,510
1326	BEN	Benin	1981	1,733	3,622
1327	BEN	Benin	1982	1,862	3,737
1328	BEN	Benin	1983	1,728	3,856
1329	BEN	Benin	1984	1,809	3,979
1330	BEN	Benin	1985	1,886	4,108
1331	BEN	Benin	1986	1,867	4,241
1332	BEN	Benin	1987	1,782	4,377
1333	BEN	Benin	1988	1,780	4,517
1334	BEN	Benin	1989	1,715	4,664
1335	BEN	Benin	1990	1,811	4,817
1336	BEN	Benin	1991	1,812	4,977
1337	BEN	Benin	1992	1,791	5,144
1338	BEN	Benin	1993	1,792	5,393
1339	BEN	Benin	1994	1,732	5,605
1340	BEN	Benin	1995	1,836	5,721
1341	BEN	Benin	1996	1,840	5,874
1342	BEN	Benin	1997	1,868	6,055
1343	BEN	Benin	1998	1,863	6,253
1344	BEN	Benin	1999	1,882	6,461
1345	BEN	Benin	2000	1,909	6,677
1346	BEN	Benin	2001	1,928	6,902
1347	BEN	Benin	2002	1,934	7,130
1348	BEN	Benin	2003	1,920	7,360
1349	BEN	Benin	2004	1,924	7,589
1350	BEN	Benin	2005	1,876	7,838
1351	BEN	Benin	2006	1,871	8,089
1352	BEN	Benin	2007	1,905	8,335
1353	BEN	Benin	2008	1,920	8,603
1354	BEN	Benin	2009	1,889	8,884
1355	BEN	Benin	2010	1,855	9,179
1356	BEN	Benin	2011	1,836	9,486
1357	BEN	Benin	2012	1,867	9,805
1358	BEN	Benin	2013	1,939	10,135
1359	BEN	Benin	2014	2,008	10,480
1360	BEN	Benin	2015	2,055	10,842
1361	BEN	Benin	2016	2,080	11,220
1362	BEN	Benin	2017	2,142	11,613
1363	BEN	Benin	2018	2,220	12,018
1364	BFA	Burkina Faso	1950	756	4,376
1365	BFA	Burkina Faso	1951	776	4,423
1366	BFA	Burkina Faso	1952	797	4,470
1367	BFA	Burkina Faso	1953	816	4,518
1368	BFA	Burkina Faso	1954	838	4,566
1369	BFA	Burkina Faso	1955	859	4,614
1370	BFA	Burkina Faso	1956	883	4,664
1371	BFA	Burkina Faso	1957	905	4,713
1372	BFA	Burkina Faso	1958	929	4,764
1373	BFA	Burkina Faso	1959	953	4,814
1374	BFA	Burkina Faso	1960	971	4,866
1375	BFA	Burkina Faso	1961	1,004	4,891
1376	BFA	Burkina Faso	1962	1,060	4,920
1377	BFA	Burkina Faso	1963	1,039	4,953
1378	BFA	Burkina Faso	1964	1,055	4,990
1379	BFA	Burkina Faso	1965	1,087	5,032
1380	BFA	Burkina Faso	1966	1,082	5,077
1381	BFA	Burkina Faso	1967	1,165	5,128
1382	BFA	Burkina Faso	1968	1,189	5,183
1383	BFA	Burkina Faso	1969	1,199	5,243
1384	BFA	Burkina Faso	1970	1,188	5,304
1385	BFA	Burkina Faso	1971	1,219	5,366
1386	BFA	Burkina Faso	1972	1,253	5,434
1387	BFA	Burkina Faso	1973	1,172	5,508
1388	BFA	Burkina Faso	1974	1,132	5,587
1389	BFA	Burkina Faso	1975	1,068	5,673
1390	BFA	Burkina Faso	1976	1,039	5,765
1391	BFA	Burkina Faso	1977	1,090	5,891
1392	BFA	Burkina Faso	1978	1,189	6,026
1393	BFA	Burkina Faso	1979	1,173	6,168
1394	BFA	Burkina Faso	1980	1,165	6,318
1395	BFA	Burkina Faso	1981	1,186	6,474
1396	BFA	Burkina Faso	1982	1,183	6,637
1397	BFA	Burkina Faso	1983	1,140	6,807
1398	BFA	Burkina Faso	1984	1,129	6,985
1399	BFA	Burkina Faso	1985	1,243	7,171
1400	BFA	Burkina Faso	1986	1,400	7,371
1401	BFA	Burkina Faso	1987	1,336	7,592
1402	BFA	Burkina Faso	1988	1,403	7,833
1403	BFA	Burkina Faso	1989	1,342	8,092
