## Sheet: Full data (continued)
	A	B	C	D	E
1981	BRA	Brazil	1868	1,170	
1982	BRA	Brazil	1869	1,170	
1983	BRA	Brazil	1870	1,084	9,797
1984	BRA	Brazil	1871	1,084	9,980
1985	BRA	Brazil	1872	1,122	10,167
1986	BRA	Brazil	1873	1,089	10,358
1987	BRA	Brazil	1874	1,106	10,552
1988	BRA	Brazil	1875	1,122	10,749
1989	BRA	Brazil	1876	1,081	10,951
1990	BRA	Brazil	1877	1,050	11,156
1991	BRA	Brazil	1878	1,101	11,365
1992	BRA	Brazil	1879	1,109	11,578
1993	BRA	Brazil	1880	1,058	11,794
1994	BRA	Brazil	1881	1,068	12,015
1995	BRA	Brazil	1882	1,093	12,240
1996	BRA	Brazil	1883	1,063	12,470
1997	BRA	Brazil	1884	1,135	12,703
1998	BRA	Brazil	1885	1,055	12,941
1999	BRA	Brazil	1886	1,089	13,183
2000	BRA	Brazil	1887	1,017	13,430
2001	BRA	Brazil	1888	977	13,682
2002	BRA	Brazil	1889	991	13,938
2003	BRA	Brazil	1890	1,084	14,199
2004	BRA	Brazil	1891	1,152	14,539
2005	BRA	Brazil	1892	999	14,886
2006	BRA	Brazil	1893	850	15,242
2007	BRA	Brazil	1894	850	15,607
2008	BRA	Brazil	1895	1,007	15,980
2009	BRA	Brazil	1896	915	16,362
2010	BRA	Brazil	1897	901	16,753
2011	BRA	Brazil	1898	923	17,154
2012	BRA	Brazil	1899	905	17,564
2013	BRA	Brazil	1900	874	17,984
2014	BRA	Brazil	1901	940	18,392
2015	BRA	Brazil	1902	921	18,782
2016	BRA	Brazil	1903	920	19,180
2017	BRA	Brazil	1904	918	19,587
2018	BRA	Brazil	1905	925	20,003
2019	BRA	Brazil	1906	993	20,427
2020	BRA	Brazil	1907	972	20,860
2021	BRA	Brazil	1908	945	21,303
2022	BRA	Brazil	1909	999	21,754
2023	BRA	Brazil	1910	990	22,216
2024	BRA	Brazil	1911	1,076	22,687
2025	BRA	Brazil	1912	1,042	23,168
2026	BRA	Brazil	1913	1,046	23,660
2027	BRA	Brazil	1914	1,004	24,161
2028	BRA	Brazil	1915	1,028	24,674
2029	BRA	Brazil	1916	1,036	25,197
2030	BRA	Brazil	1917	1,086	25,732
2031	BRA	Brazil	1918	1,041	26,277
2032	BRA	Brazil	1919	1,154	26,835
2033	BRA	Brazil	1920	1,242	27,404
2034	BRA	Brazil	1921	1,242	27,969
2035	BRA	Brazil	1922	1,301	28,542
2036	BRA	Brazil	1923	1,347	29,126
2037	BRA	Brazil	1924	1,320	29,723
2038	BRA	Brazil	1925	1,298	30,332
2039	BRA	Brazil	1926	1,299	30,953
2040	BRA	Brazil	1927	1,366	31,587
2041	BRA	Brazil	1928	1,492	32,234
2042	BRA	Brazil	1929	1,465	32,894
2043	BRA	Brazil	1930	1,350	33,568
2044	BRA	Brazil	1931	1,294	34,256
2045	BRA	Brazil	1932	1,312	34,957
2046	BRA	Brazil	1933	1,387	35,673
2047	BRA	Brazil	1934	1,471	36,404
2048	BRA	Brazil	1935	1,482	37,150
2049	BRA	Brazil	1936	1,591	37,911
2050	BRA	Brazil	1937	1,610	38,687
2051	BRA	Brazil	1938	1,643	39,480
2052	BRA	Brazil	1939	1,627	40,289
2053	BRA	Brazil	1940	1,610	41,114
2054	BRA	Brazil	1941	1,683	42,069
2055	BRA	Brazil	1942	1,584	43,069
2056	BRA	Brazil	1943	1,763	44,093
2057	BRA	Brazil	1944	1,785	45,141
2058	BRA	Brazil	1945	1,792	46,215
2059	BRA	Brazil	1946	1,934	47,313
2060	BRA	Brazil	1947	1,956	48,438
2061	BRA	Brazil	1948	2,096	49,590
2062	BRA	Brazil	1949	2,204	50,769
2063	BRA	Brazil	1950	2,236	53,443
2064	BRA	Brazil	1951	2,279	54,996
2065	BRA	Brazil	1952	2,377	56,603
2066	BRA	Brazil	1953	2,418	58,266
2067	BRA	Brazil	1954	2,531	59,989
2068	BRA	Brazil	1955	2,675	61,774
2069	BRA	Brazil	1956	2,672	63,632
2070	BRA	Brazil	1957	2,793	65,551
2071	BRA	Brazil	1958	3,005	67,533
2072	BRA	Brazil	1959	3,201	69,580
2073	BRA	Brazil	1960	3,398	71,695
2074	BRA	Brazil	1961	3,585	73,833
2075	BRA	Brazil	1962	3,711	76,039
2076	BRA	Brazil	1963	3,623	78,317
2077	BRA	Brazil	1964	3,637	80,667
2078	BRA	Brazil	1965	3,617	83,093
2079	BRA	Brazil	1966	3,747	85,557
2080	BRA	Brazil	1967	3,795	88,050
2081	BRA	Brazil	1968	4,050	90,569
2082	BRA	Brazil	1969	4,313	93,114
2083	BRA	Brazil	1970	4,635	95,684
2084	BRA	Brazil	1971	5,024	98,265
2085	BRA	Brazil	1972	5,480	100,874
2086	BRA	Brazil	1973	6,086	103,513
2087	BRA	Brazil	1974	6,416	106,182
2088	BRA	Brazil	1975	6,582	108,879
2089	BRA	Brazil	1976	7,079	111,603
2090	BRA	Brazil	1977	7,248	114,373
2091	BRA	Brazil	1978	7,425	117,207
2092	BRA	Brazil	1979	7,736	120,101
2093	BRA	Brazil	1980	8,249	123,020
2094	BRA	Brazil	1981	7,709	125,992
2095	BRA	Brazil	1982	7,587	129,028
2096	BRA	Brazil	1983	7,203	131,960
2097	BRA	Brazil	1984	7,438	134,699
2098	BRA	Brazil	1985	7,862	137,382
2099	BRA	Brazil	1986	8,281	140,196
2100	BRA	Brazil	1987	8,402	143,027
2101	BRA	Brazil	1988	8,230	145,873
2102	BRA	Brazil	1989	8,333	148,659
2103	BRA	Brazil	1990	7,842	151,170
2104	BRA	Brazil	1991	7,888	153,735
2105	BRA	Brazil	1992	7,813	156,281
2106	BRA	Brazil	1993	8,166	158,813
2107	BRA	Brazil	1994	8,616	161,327
2108	BRA	Brazil	1995	8,952	163,819
2109	BRA	Brazil	1996	9,125	166,306
2110	BRA	Brazil	1997	9,410	168,806
2111	BRA	Brazil	1998	9,419	171,317
2112	BRA	Brazil	1999	9,442	173,839
2113	BRA	Brazil	2000	9,834	176,369
2114	BRA	Brazil	2001	9,953	178,873
2115	BRA	Brazil	2002	10,245	181,316
2116	BRA	Brazil	2003	10,355	183,692
2117	BRA	Brazil	2004	10,950	185,994
2118	BRA	Brazil	2005	11,306	188,212
2119	BRA	Brazil	2006	11,767	190,348
2120	BRA	Brazil	2007	12,500	192,408
2121	BRA	Brazil	2008	13,164	194,394
2122	BRA	Brazil	2009	13,181	196,305
2123	BRA	Brazil	2010	14,216	198,142
2124	BRA	Brazil	2011	14,831	199,924
2125	BRA	Brazil	2012	14,985	201,670
2126	BRA	Brazil	2013	15,306	203,378
2127	BRA	Brazil	2014	15,258	205,045
2128	BRA	Brazil	2015	15,826	206,667
2129	BRA	Brazil	2016	13,873	208,249
2130	BRA	Brazil	2017	13,952	209,797
2131	BRA	Brazil	2018	14,034	211,308
2132	BRB	Barbados	1950	3,390	211
2133	BRB	Barbados	1951	3,513	215
2134	BRB	Barbados	1952	3,655	218
2135	BRB	Barbados	1953	3,803	221
2136	BRB	Barbados	1954	3,947	225
2137	BRB	Barbados	1955	4,133	227
2138	BRB	Barbados	1956	4,390	226
2139	BRB	Barbados	1957	4,646	226
2140	BRB	Barbados	1958	4,855	228
2141	BRB	Barbados	1959	5,053	231
2142	BRB	Barbados	1960	5,316	232
2143	BRB	Barbados	1961	5,683	230
2144	BRB	Barbados	1962	5,923	229
2145	BRB	Barbados	1963	6,033	231
2146	BRB	Barbados	1964	6,355	233
2147	BRB	Barbados	1965	6,468	235
2148	BRB	Barbados	1966	6,873	236
2149	BRB	Barbados	1967	7,492	238
2150	BRB	Barbados	1968	8,429	240
2151	BRB	Barbados	1969	9,247	239
2152	BRB	Barbados	1970	10,197	239
2153	BRB	Barbados	1971	10,514	241
2154	BRB	Barbados	1972	10,567	242
2155	BRB	Barbados	1973	10,635	244
2156	BRB	Barbados	1974	10,080	246
2157	BRB	Barbados	1975	9,825	247
2158	BRB	Barbados	1976	10,222	248
2159	BRB	Barbados	1977	10,541	249
2160	BRB	Barbados	1978	11,014	250
2161	BRB	Barbados	1979	11,837	251
2162	BRB	Barbados	1980	12,318	252
2163	BRB	Barbados	1981	12,065	252
2164	BRB	Barbados	1982	11,424	253
2165	BRB	Barbados	1983	11,419	255
2166	BRB	Barbados	1984	11,772	256
2167	BRB	Barbados	1985	11,848	257
2168	BRB	Barbados	1986	12,404	258
2169	BRB	Barbados	1987	12,683	259
2170	BRB	Barbados	1988	13,087	260
2171	BRB	Barbados	1989	13,498	261
2172	BRB	Barbados	1990	12,994	262
2173	BRB	Barbados	1991	12,299	263
2174	BRB	Barbados	1992	11,427	265
2175	BRB	Barbados	1993	11,344	266
2176	BRB	Barbados	1994	11,406	267
2177	BRB	Barbados	1995	11,474	268
2178	BRB	Barbados	1996	11,761	269
2179	BRB	Barbados	1997	12,125	270
2180	BRB	Barbados	1998	12,385	271
2181	BRB	Barbados	1999	12,238	273
2182	BRB	Barbados	2000	12,600	274
2183	BRB	Barbados	2001	12,112	275
2184	BRB	Barbados	2002	12,025	276
2185	BRB	Barbados	2003	12,095	278
2186	BRB	Barbados	2004	12,079	279
2187	BRB	Barbados	2005	12,379	280
2188	BRB	Barbados	2006	12,890	281
2189	BRB	Barbados	2007	12,917	282
2190	BRB	Barbados	2008	12,786	283
2191	BRB	Barbados	2009	12,094	285
2192	BRB	Barbados	2010	11,954	286
2193	BRB	Barbados	2011	11,870	287
2194	BRB	Barbados	2012	11,860	288
2195	BRB	Barbados	2013	11,809	289
2196	BRB	Barbados	2014	11,780	290
2197	BRB	Barbados	2015	11,849	291
2198	BRB	Barbados	2016	12,003	291
2199	BRB	Barbados	2017	12,061	292
2200	BRB	Barbados	2018	11,995	293
2201	BWA	Botswana	1950	489	430
2202	BWA	Botswana	1951	497	436
2203	BWA	Botswana	1952	504	442
2204	BWA	Botswana	1953	513	448
2205	BWA	Botswana	1954	521	455
2206	BWA	Botswana	1955	529	461
2207	BWA	Botswana	1956	537	468
2208	BWA	Botswana	1957	544	475
2209	BWA	Botswana	1958	550	482
2210	BWA	Botswana	1959	559	489
2211	BWA	Botswana	1960	564	497
2212	BWA	Botswana	1961	575	505
2213	BWA	Botswana	1962	582	513
2214	BWA	Botswana	1963	591	521
2215	BWA	Botswana	1964	604	530
2216	BWA	Botswana	1965	612	538
2217	BWA	Botswana	1966	663	546
2218	BWA	Botswana	1967	719	554
2219	BWA	Botswana	1968	781	562
2220	BWA	Botswana	1969	843	572
2221	BWA	Botswana	1970	907	584
2222	BWA	Botswana	1971	1,113	600
2223	BWA	Botswana	1972	1,361	619
2224	BWA	Botswana	1973	1,589	643
2225	BWA	Botswana	1974	1,656	672
2226	BWA	Botswana	1975	1,712	705
2227	BWA	Botswana	1976	1,801	741
2228	BWA	Botswana	1977	1,889	781
2229	BWA	Botswana	1978	2,005	822
2230	BWA	Botswana	1979	2,184	863
2231	BWA	Botswana	1980	2,348	900
2232	BWA	Botswana	1981	2,528	934
2233	BWA	Botswana	1982	2,640	971
2234	BWA	Botswana	1983	2,848	1,007
2235	BWA	Botswana	1984	3,124	1,043
2236	BWA	Botswana	1985	3,301	1,080
2237	BWA	Botswana	1986	3,432	1,116
2238	BWA	Botswana	1987	3,601	1,152
2239	BWA	Botswana	1988	3,920	1,189
2240	BWA	Botswana	1989	5,066	1,227
2241	BWA	Botswana	1990	5,267	1,265
2242	BWA	Botswana	1991	5,616	1,303
2243	BWA	Botswana	1992	5,734	1,343
2244	BWA	Botswana	1993	5,787	1,387
2245	BWA	Botswana	1994	5,946	1,430
2246	BWA	Botswana	1995	6,318	1,473
2247	BWA	Botswana	1996	6,648	1,515
2248	BWA	Botswana	1997	7,152	1,555
2249	BWA	Botswana	1998	7,185	1,594
2250	BWA	Botswana	1999	7,876	1,630
2251	BWA	Botswana	2000	8,044	1,665
2252	BWA	Botswana	2001	8,083	1,698
2253	BWA	Botswana	2002	8,604	1,730
2254	BWA	Botswana	2003	9,043	1,761
2255	BWA	Botswana	2004	9,330	1,792
2256	BWA	Botswana	2005	9,798	1,824
2257	BWA	Botswana	2006	10,666	1,857
2258	BWA	Botswana	2007	11,602	1,890
2259	BWA	Botswana	2008	12,385	1,923
2260	BWA	Botswana	2009	11,495	1,956
2261	BWA	Botswana	2010	12,545	1,990
2262	BWA	Botswana	2011	13,376	2,023
2263	BWA	Botswana	2012	13,743	2,057
2264	BWA	Botswana	2013	14,853	2,091
2265	BWA	Botswana	2014	15,082	2,125
2266	BWA	Botswana	2015	14,805	2,159
2267	BWA	Botswana	2016	15,198	2,194
2268	BWA	Botswana	2017	15,397	2,228
2269	BWA	Botswana	2018	15,842	2,263
2270	CAF	Central African Republic	1950	1,307	1,260
2271	CAF	Central African Republic	1951	1,339	1,275
2272	CAF	Central African Republic	1952	1,369	1,292
2273	CAF	Central African Republic	1953	1,400	1,309
2274	CAF	Central African Republic	1954	1,431	1,328
2275	CAF	Central African Republic	1955	1,462	1,348
2276	CAF	Central African Republic	1956	1,492	1,370
2277	CAF	Central African Republic	1957	1,522	1,392
2278	CAF	Central African Republic	1958	1,553	1,416
2279	CAF	Central African Republic	1959	1,581	1,441
2280	CAF	Central African Republic	1960	1,567	1,467
2281	CAF	Central African Republic	1961	1,597	1,495
2282	CAF	Central African Republic	1962	1,525	1,523
2283	CAF	Central African Republic	1963	1,492	1,553
2284	CAF	Central African Republic	1964	1,486	1,585
2285	CAF	Central African Republic	1965	1,466	1,628
2286	CAF	Central African Republic	1966	1,427	1,685
2287	CAF	Central African Republic	1967	1,452	1,734
2288	CAF	Central African Republic	1968	1,435	1,763
2289	CAF	Central African Republic	1969	1,476	1,795
2290	CAF	Central African Republic	1970	1,508	1,839
2291	CAF	Central African Republic	1971	1,427	1,884
2292	CAF	Central African Republic	1972	1,368	1,927
2293	CAF	Central African Republic	1973	1,403	1,965
2294	CAF	Central African Republic	1974	1,333	2,006
2295	CAF	Central African Republic	1975	1,323	2,058
2296	CAF	Central African Republic	1976	1,345	2,112
2297	CAF	Central African Republic	1977	1,417	2,168
2298	CAF	Central African Republic	1978	1,398	2,225
2299	CAF	Central African Republic	1979	1,326	2,285
2300	CAF	Central African Republic	1980	1,234	2,349
2301	CAF	Central African Republic	1981	1,219	2,413
2302	CAF	Central African Republic	1982	1,208	2,478
2303	CAF	Central African Republic	1983	1,105	2,543
2304	CAF	Central African Republic	1984	1,146	2,629
2305	CAF	Central African Republic	1985	1,148	2,714
2306	CAF	Central African Republic	1986	1,162	2,775
2307	CAF	Central African Republic	1987	1,079	2,841
2308	CAF	Central African Republic	1988	1,073	2,917
2309	CAF	Central African Republic	1989	1,070	3,000
2310	CAF	Central African Republic	1990	1,023	3,085
2311	CAF	Central African Republic	1991	1,007	3,174
2312	CAF	Central African Republic	1992	965	3,267
