## Sheet: Full data (continued)
	A	B	C	D	E
4030	CUB	Cuba	1961	3,068	7,134
4031	CUB	Cuba	1962	2,974	7,254
4032	CUB	Cuba	1963	2,958	7,415
4033	CUB	Cuba	1964	3,158	7,612
4034	CUB	Cuba	1965	3,088	7,810
4035	CUB	Cuba	1966	3,185	7,985
4036	CUB	Cuba	1967	3,489	8,139
4037	CUB	Cuba	1968	3,229	8,284
4038	CUB	Cuba	1969	3,137	8,421
4039	CUB	Cuba	1970	2,976	8,543
4040	CUB	Cuba	1971	3,161	8,669
4041	CUB	Cuba	1972	3,253	8,830
4042	CUB	Cuba	1973	3,486	9,000
4043	CUB	Cuba	1974	3,609	9,151
4044	CUB	Cuba	1975	3,733	9,287
4045	CUB	Cuba	1976	3,786	9,418
4046	CUB	Cuba	1977	3,913	9,534
4047	CUB	Cuba	1978	4,114	9,630
4048	CUB	Cuba	1979	4,183	9,705
4049	CUB	Cuba	1980	4,106	9,648
4050	CUB	Cuba	1981	4,420	9,706
4051	CUB	Cuba	1982	4,487	9,792
4052	CUB	Cuba	1983	4,705	9,887
4053	CUB	Cuba	1984	5,051	9,983
4054	CUB	Cuba	1985	5,120	10,084
4055	CUB	Cuba	1986	5,075	10,183
4056	CUB	Cuba	1987	4,887	10,279
4057	CUB	Cuba	1988	4,994	10,382
4058	CUB	Cuba	1989	4,991	10,489
4059	CUB	Cuba	1990	4,713	10,597
4060	CUB	Cuba	1991	3,982	10,697
4061	CUB	Cuba	1992	3,400	10,780
4062	CUB	Cuba	1993	2,657	10,850
4063	CUB	Cuba	1994	2,683	10,893
4064	CUB	Cuba	1995	2,861	10,921
4065	CUB	Cuba	1996	3,250	10,963
4066	CUB	Cuba	1997	3,426	11,014
4067	CUB	Cuba	1998	3,416	11,064
4068	CUB	Cuba	1999	3,624	11,108
4069	CUB	Cuba	2000	4,009	11,147
4070	CUB	Cuba	2001	4,231	11,179
4071	CUB	Cuba	2002	4,369	11,210
4072	CUB	Cuba	2003	4,507	11,241
4073	CUB	Cuba	2004	4,561	11,260
4074	CUB	Cuba	2005	4,714	11,268
4075	CUB	Cuba	2006	5,416	11,266
4076	CUB	Cuba	2007	5,636	11,261
4077	CUB	Cuba	2008	6,005	11,258
4078	CUB	Cuba	2009	6,248	11,260
4079	CUB	Cuba	2010	6,578	11,262
4080	CUB	Cuba	2011	6,928	11,264
4081	CUB	Cuba	2012	7,138	11,262
4082	CUB	Cuba	2013	7,379	11,250
4083	CUB	Cuba	2014	7,628	11,238
4084	CUB	Cuba	2015	7,889	11,214
4085	CUB	Cuba	2016	8,000	11,180
4086	CUB	Cuba	2017	8,142	11,147
4087	CUB	Cuba	2018	8,326	11,116
4088	CYP	Cyprus	1950	2,885	494
4089	CYP	Cyprus	1951	2,782	502
4090	CYP	Cyprus	1952	3,017	508
4091	CYP	Cyprus	1953	3,274	515
4092	CYP	Cyprus	1954	3,287	523
4093	CYP	Cyprus	1955	3,360	530
4094	CYP	Cyprus	1956	3,688	536
4095	CYP	Cyprus	1957	3,848	546
4096	CYP	Cyprus	1958	3,660	558
4097	CYP	Cyprus	1959	3,814	567
4098	CYP	Cyprus	1960	3,496	573
4099	CYP	Cyprus	1961	3,845	579
4100	CYP	Cyprus	1962	4,211	576
4101	CYP	Cyprus	1963	4,423	582
4102	CYP	Cyprus	1964	3,971	586
4103	CYP	Cyprus	1965	4,825	591
4104	CYP	Cyprus	1966	5,083	595
4105	CYP	Cyprus	1967	5,732	599
4106	CYP	Cyprus	1968	5,947	604
4107	CYP	Cyprus	1969	6,446	609
4108	CYP	Cyprus	1970	6,590	615
4109	CYP	Cyprus	1971	7,382	620
4110	CYP	Cyprus	1972	7,809	626
4111	CYP	Cyprus	1973	7,913	634
4112	CYP	Cyprus	1974	6,503	641
4113	CYP	Cyprus	1975	5,528	610
4114	CYP	Cyprus	1976	6,652	599
4115	CYP	Cyprus	1977	7,704	598
4116	CYP	Cyprus	1978	8,257	601
4117	CYP	Cyprus	1979	9,011	605
4118	CYP	Cyprus	1980	9,451	611
4119	CYP	Cyprus	1981	9,631	618
4120	CYP	Cyprus	1982	10,131	624
4121	CYP	Cyprus	1983	10,544	632
4122	CYP	Cyprus	1984	11,330	640
4123	CYP	Cyprus	1985	11,725	647
4124	CYP	Cyprus	1986	12,121	650
4125	CYP	Cyprus	1987	12,792	659
4126	CYP	Cyprus	1988	13,748	664
4127	CYP	Cyprus	1989	14,712	671
4128	CYP	Cyprus	1990	15,560	681
4129	CYP	Cyprus	1991	15,417	699
4130	CYP	Cyprus	1992	16,570	718
4131	CYP	Cyprus	1993	16,439	736
4132	CYP	Cyprus	1994	17,211	751
4133	CYP	Cyprus	1995	18,751	765
4134	CYP	Cyprus	1996	18,875	777
4135	CYP	Cyprus	1997	19,265	788
4136	CYP	Cyprus	1998	20,213	798
4137	CYP	Cyprus	1999	21,148	807
4138	CYP	Cyprus	2000	22,327	815
4139	CYP	Cyprus	2001	23,096	824
4140	CYP	Cyprus	2002	23,828	834
4141	CYP	Cyprus	2003	24,347	844
4142	CYP	Cyprus	2004	25,355	855
4143	CYP	Cyprus	2005	26,164	868
4144	CYP	Cyprus	2006	27,142	882
4145	CYP	Cyprus	2007	28,110	901
4146	CYP	Cyprus	2008	28,737	924
4147	CYP	Cyprus	2009	27,735	949
4148	CYP	Cyprus	2010	27,630	975
4149	CYP	Cyprus	2011	27,272	1,000
4150	CYP	Cyprus	2012	26,011	1,015
4151	CYP	Cyprus	2013	24,519	1,013
4152	CYP	Cyprus	2014	24,411	1,002
4153	CYP	Cyprus	2015	24,963	996
4154	CYP	Cyprus	2016	25,577	1,001
4155	CYP	Cyprus	2017	26,445	1,010
4156	CYP	Cyprus	2018	27,184	1,022
4157	CZE	Czech Republic	1950		8,925
4158	CZE	Czech Republic	1951		9,023
4159	CZE	Czech Republic	1952		9,125
4160	CZE	Czech Republic	1953		9,221
4161	CZE	Czech Republic	1954		9,291
4162	CZE	Czech Republic	1955		9,366
4163	CZE	Czech Republic	1956		9,442
4164	CZE	Czech Republic	1957		9,514
4165	CZE	Czech Republic	1958		9,575
4166	CZE	Czech Republic	1959		9,619
4167	CZE	Czech Republic	1960		9,660
4168	CZE	Czech Republic	1961		9,587
4169	CZE	Czech Republic	1962		9,620
4170	CZE	Czech Republic	1963		9,666
4171	CZE	Czech Republic	1964		9,726
4172	CZE	Czech Republic	1965		9,777
4173	CZE	Czech Republic	1966		9,815
4174	CZE	Czech Republic	1967		9,835
4175	CZE	Czech Republic	1968		9,851
4176	CZE	Czech Republic	1969		9,807
4177	CZE	Czech Republic	1970	8,748	9,795
4178	CZE	Czech Republic	1971	9,177	9,825
4179	CZE	Czech Republic	1972	9,626	9,862
4180	CZE	Czech Republic	1973	10,026	9,912
4181	CZE	Czech Republic	1974	10,444	9,976
4182	CZE	Czech Republic	1975	10,954	10,042
4183	CZE	Czech Republic	1976	11,317	10,105
4184	CZE	Czech Republic	1977	11,634	10,162
4185	CZE	Czech Republic	1978	12,055	10,213
4186	CZE	Czech Republic	1979	12,164	10,260
4187	CZE	Czech Republic	1980	12,336	10,289
4188	CZE	Czech Republic	1981	12,306	10,298
4189	CZE	Czech Republic	1982	12,109	10,304
4190	CZE	Czech Republic	1983	12,301	10,307
4191	CZE	Czech Republic	1984	12,573	10,309
4192	CZE	Czech Republic	1985	12,855	10,310
4193	CZE	Czech Republic	1986	13,211	10,309
4194	CZE	Czech Republic	1987	13,514	10,312
4195	CZE	Czech Republic	1988	13,791	10,314
4196	CZE	Czech Republic	1989	14,027	10,314
4197	CZE	Czech Republic	1990	14,178	10,310
4198	CZE	Czech Republic	1991	12,725	10,285
4199	CZE	Czech Republic	1992	12,810	10,295
4200	CZE	Czech Republic	1993	12,974	10,306
4201	CZE	Czech Republic	1994	13,518	10,310
4202	CZE	Czech Republic	1995	14,550	10,303
4203	CZE	Czech Republic	1996	15,386	10,291
4204	CZE	Czech Republic	1997	15,494	10,280
4205	CZE	Czech Republic	1998	15,657	10,271
4206	CZE	Czech Republic	1999	16,103	10,260
4207	CZE	Czech Republic	2000	17,056	10,231
4208	CZE	Czech Republic	2001	17,869	10,193
4209	CZE	Czech Republic	2002	18,431	10,173
4210	CZE	Czech Republic	2003	19,344	10,170
4211	CZE	Czech Republic	2004	20,555	10,174
4212	CZE	Czech Republic	2005	22,129	10,188
4213	CZE	Czech Republic	2006	23,888	10,215
4214	CZE	Czech Republic	2007	25,383	10,275
4215	CZE	Czech Republic	2008	26,186	10,361
4216	CZE	Czech Republic	2009	25,094	10,420
4217	CZE	Czech Republic	2010	25,922	10,450
4218	CZE	Czech Republic	2011	26,725	10,472
4219	CZE	Czech Republic	2012	26,474	10,487
4220	CZE	Czech Republic	2013	26,338	10,490
4221	CZE	Czech Republic	2014	27,024	10,501
4222	CZE	Czech Republic	2015	28,194	10,522
4223	CZE	Czech Republic	2016	28,823	10,542
4224	CZE	Czech Republic	2017	29,998	10,570
4225	CZE	Czech Republic	2018	30,749	10,605
4226	DEU	Germany	1		3,000
4227	DEU	Germany	1000		3,500
4228	DEU	Germany	1500	1,827	12,000
4229	DEU	Germany	1600	1,286	16,000
4230	DEU	Germany	1650	1,511	
4231	DEU	Germany	1700	1,497	15,000
4232	DEU	Germany	1750	1,674	
4233	DEU	Germany	1800	1,572	
4234	DEU	Germany	1820	1,572	24,905
4235	DEU	Germany	1821		25,260
4236	DEU	Germany	1822		25,620
4237	DEU	Germany	1823		25,969
4238	DEU	Germany	1824		26,307
4239	DEU	Germany	1825		26,650
4240	DEU	Germany	1826		26,964
4241	DEU	Germany	1827		27,249
4242	DEU	Germany	1828		27,540
4243	DEU	Germany	1829		27,807
4244	DEU	Germany	1830		28,045
4245	DEU	Germany	1831		28,283
4246	DEU	Germany	1832		28,535
4247	DEU	Germany	1833		28,801
4248	DEU	Germany	1834		29,071
4249	DEU	Germany	1835		29,390
4250	DEU	Germany	1836		29,702
4251	DEU	Germany	1837		30,013
4252	DEU	Germany	1838		30,365
4253	DEU	Germany	1839		30,746
4254	DEU	Germany	1840		31,126
4255	DEU	Germany	1841		31,475
4256	DEU	Germany	1842		31,787
4257	DEU	Germany	1843		32,086
4258	DEU	Germany	1844		32,394
4259	DEU	Germany	1845		32,743
4260	DEU	Germany	1846		33,059
4261	DEU	Germany	1847		33,231
4262	DEU	Germany	1848		33,289
4263	DEU	Germany	1849		33,452
4264	DEU	Germany	1850	2,276	33,746
4265	DEU	Germany	1851	2,244	34,055
4266	DEU	Germany	1852	2,273	34,290
4267	DEU	Germany	1853	2,252	34,422
4268	DEU	Germany	1854	2,300	34,531
4269	DEU	Germany	1855	2,263	34,586
4270	DEU	Germany	1856	2,440	34,715
4271	DEU	Germany	1857	2,541	34,979
4272	DEU	Germany	1858	2,509	35,278
4273	DEU	Germany	1859	2,495	35,633
4274	DEU	Germany	1860	2,613	36,049
4275	DEU	Germany	1861	2,523	36,435
4276	DEU	Germany	1862	2,622	36,788
4277	DEU	Germany	1863	2,788	37,184
4278	DEU	Germany	1864	2,837	37,602
4279	DEU	Germany	1865	2,821	37,955
4280	DEU	Germany	1866	2,823	38,193
4281	DEU	Germany	1867	2,815	38,440
4282	DEU	Germany	1868	2,966	38,637
4283	DEU	Germany	1869	2,965	38,914
4284	DEU	Germany	1870	2,931	39,231
4285	DEU	Germany	1871	2,896	39,456
4286	DEU	Germany	1872	3,078	39,691
4287	DEU	Germany	1873	3,186	40,017
4288	DEU	Germany	1874	3,386	40,450
4289	DEU	Germany	1875	3,366	40,897
4290	DEU	Germany	1876	3,301	41,491
4291	DEU	Germany	1877	3,241	42,034
4292	DEU	Germany	1878	3,352	42,546
4293	DEU	Germany	1879	3,234	43,052
4294	DEU	Germany	1880	3,174	43,500
4295	DEU	Germany	1881	3,228	43,827
4296	DEU	Germany	1882	3,258	44,112
4297	DEU	Germany	1883	3,416	44,404
4298	DEU	Germany	1884	3,472	44,777
4299	DEU	Germany	1885	3,532	45,084
4300	DEU	Germany	1886	3,524	45,505
4301	DEU	Germany	1887	3,626	46,001
4302	DEU	Germany	1888	3,732	46,538
4303	DEU	Germany	1889	3,792	47,083
4304	DEU	Germany	1890	3,870	47,607
4305	DEU	Germany	1891	3,821	48,129
4306	DEU	Germany	1892	3,936	48,633
4307	DEU	Germany	1893	4,089	49,123
4308	DEU	Germany	1894	4,141	49,703
4309	DEU	Germany	1895	4,281	50,363
4310	DEU	Germany	1896	4,368	51,111
4311	DEU	Germany	1897	4,423	51,921
4312	DEU	Germany	1898	4,540	52,753
4313	DEU	Germany	1899	4,631	53,592
4314	DEU	Germany	1900	4,758	54,388
4315	DEU	Germany	1901	4,576	55,214
4316	DEU	Germany	1902	4,611	56,104
4317	DEU	Germany	1903	4,795	56,963
4318	DEU	Germany	1904	4,914	57,806
4319	DEU	Germany	1905	4,948	58,644
4320	DEU	Germany	1906	5,024	59,481
4321	DEU	Germany	1907	5,172	60,341
4322	DEU	Germany	1908	5,187	61,187
4323	DEU	Germany	1909	5,220	62,038
4324	DEU	Germany	1910	5,337	62,884
4325	DEU	Germany	1911	5,432	63,852
4326	DEU	Germany	1912	5,617	64,457
4327	DEU	Germany	1913	5,815	65,058
4328	DEU	Germany	1914	4,876	66,096
4329	DEU	Germany	1915	4,621	66,230
4330	DEU	Germany	1916	4,678	66,076
4331	DEU	Germany	1917	4,705	65,763
4332	DEU	Germany	1918	4,755	65,237
4333	DEU	Germany	1919	4,122	60,547
4334	DEU	Germany	1920	4,457	60,894
4335	DEU	Germany	1921	4,906	61,573
4336	DEU	Germany	1922	5,310	61,900
4337	DEU	Germany	1923	4,383	62,307
4338	DEU	Germany	1924	5,099	62,697
4339	DEU	Germany	1925	5,630	63,166
4340	DEU	Germany	1926	5,746	63,630
4341	DEU	Germany	1927	6,282	64,023
4342	DEU	Germany	1928	6,519	64,393
4343	DEU	Germany	1929	6,457	64,739
4344	DEU	Germany	1930	6,333	65,084
4345	DEU	Germany	1931	5,821	65,423
4346	DEU	Germany	1932	5,359	65,716
4347	DEU	Germany	1933	5,668	66,027
4348	DEU	Germany	1934	6,150	66,409
4349	DEU	Germany	1935	6,567	66,871
4350	DEU	Germany	1936	7,095	67,349
4351	DEU	Germany	1937	7,468	67,831
4352	DEU	Germany	1938	7,960	68,558
4353	DEU	Germany	1939	8,617	69,286
4354	DEU	Germany	1940	8,612	69,835
4355	DEU	Germany	1941	9,103	70,244
4356	DEU	Germany	1942	9,149	70,834
4357	DEU	Germany	1943	9,389	70,411
4358	DEU	Germany	1944	9,698	69,865
4359	DEU	Germany	1945	7,195	67,000
4360	DEU	Germany	1946	3,534	64,678
4361	DEU	Germany	1947	3,883	66,094
4362	DEU	Germany	1948	4,517	67,295
4363	DEU	Germany	1949	5,231	67,991
4364	DEU	Germany	1950	6,186	68,375
4365	DEU	Germany	1951	6,704	68,876
4366	DEU	Germany	1952	7,257	69,146
4367	DEU	Germany	1953	7,818	69,550
4368	DEU	Germany	1954	8,364	69,868
4369	DEU	Germany	1955	9,240	70,196
4370	DEU	Germany	1956	9,846	70,603
4371	DEU	Germany	1957	10,348	71,019
4372	DEU	Germany	1958	10,739	71,488
4373	DEU	Germany	1959	11,440	72,014
4374	DEU	Germany	1960	12,282	72,481
4375	DEU	Germany	1961	12,675	73,123
4376	DEU	Germany	1962	13,106	73,739
4377	DEU	Germany	1963	13,367	74,340
