## Sheet: Full data (continued)
	A	B	C	D	E
4378	DEU	Germany	1964	14,062	74,954
4379	DEU	Germany	1965	14,642	75,639
4380	DEU	Germany	1966	14,964	76,206
4381	DEU	Germany	1967	14,979	76,368
4382	DEU	Germany	1968	15,723	76,584
4383	DEU	Germany	1969	16,641	77,144
4384	DEU	Germany	1970	17,277	77,783
4385	DEU	Germany	1971	17,657	78,355
4386	DEU	Germany	1972	18,301	78,717
4387	DEU	Germany	1973	19,074	78,950
4388	DEU	Germany	1974	19,228	78,966
4389	DEU	Germany	1975	19,193	78,682
4390	DEU	Germany	1976	20,218	78,299
4391	DEU	Germany	1977	20,837	78,161
4392	DEU	Germany	1978	21,447	78,066
4393	DEU	Germany	1979	22,305	78,081
4394	DEU	Germany	1980	22,497	78,298
4395	DEU	Germany	1981	22,553	78,402
4396	DEU	Germany	1982	22,380	78,335
4397	DEU	Germany	1983	22,840	78,122
4398	DEU	Germany	1984	23,564	77,855
4399	DEU	Germany	1985	24,133	77,685
4400	DEU	Germany	1986	24,657	77,713
4401	DEU	Germany	1987	25,027	77,718
4402	DEU	Germany	1988	25,759	78,031
4403	DEU	Germany	1989	26,393	78,645
4404	DEU	Germany	1990	25,391	79,380
4405	DEU	Germany	1991	26,770	79,961
4406	DEU	Germany	1992	27,385	80,571
4407	DEU	Germany	1993	27,251	81,103
4408	DEU	Germany	1994	28,140	81,384
4409	DEU	Germany	1995	28,869	81,624
4410	DEU	Germany	1996	29,350	81,861
4411	DEU	Germany	1997	30,187	81,980
4412	DEU	Germany	1998	31,130	81,993
4413	DEU	Germany	1999	32,088	82,046
4414	DEU	Germany	2000	33,367	82,157
4415	DEU	Germany	2001	34,260	82,295
4416	DEU	Germany	2002	34,591	82,434
4417	DEU	Germany	2003	34,716	82,479
4418	DEU	Germany	2004	35,529	82,462
4419	DEU	Germany	2005	36,206	82,415
4420	DEU	Germany	2006	38,014	82,322
4421	DEU	Germany	2007	39,752	82,212
4422	DEU	Germany	2008	40,715	82,056
4423	DEU	Germany	2009	38,963	81,848
4424	DEU	Germany	2010	41,110	81,655
4425	DEU	Germany	2011	43,189	81,482
4426	DEU	Germany	2012	43,320	81,635
4427	DEU	Germany	2013	43,413	81,858
4428	DEU	Germany	2014	43,922	82,200
4429	DEU	Germany	2015	44,293	82,915
4430	DEU	Germany	2016	44,689	83,587
4431	DEU	Germany	2017	45,620	83,900
4432	DEU	Germany	2018	46,178	84,152
4433	DJI	Djibouti	1950	3,459	79
4434	DJI	Djibouti	1951	3,566	81
4435	DJI	Djibouti	1952	3,585	83
4436	DJI	Djibouti	1953	3,633	86
4437	DJI	Djibouti	1954	3,743	88
4438	DJI	Djibouti	1955	3,765	90
4439	DJI	Djibouti	1956	3,810	93
4440	DJI	Djibouti	1957	3,848	96
4441	DJI	Djibouti	1958	3,840	101
4442	DJI	Djibouti	1959	3,948	106
4443	DJI	Djibouti	1960	4,087	111
4444	DJI	Djibouti	1961	4,114	117
4445	DJI	Djibouti	1962	4,057	123
4446	DJI	Djibouti	1963	4,092	129
4447	DJI	Djibouti	1964	4,055	135
4448	DJI	Djibouti	1965	4,047	142
4449	DJI	Djibouti	1966	4,063	149
4450	DJI	Djibouti	1967	4,055	157
4451	DJI	Djibouti	1968	4,028	164
4452	DJI	Djibouti	1969	4,018	172
4453	DJI	Djibouti	1970	4,774	180
4454	DJI	Djibouti	1971	4,846	188
4455	DJI	Djibouti	1972	4,787	197
4456	DJI	Djibouti	1973	4,801	206
4457	DJI	Djibouti	1974	4,414	216
4458	DJI	Djibouti	1975	4,691	227
4459	DJI	Djibouti	1976	4,878	237
4460	DJI	Djibouti	1977	4,036	252
4461	DJI	Djibouti	1978	3,419	275
4462	DJI	Djibouti	1979	3,308	299
4463	DJI	Djibouti	1980	3,167	327
4464	DJI	Djibouti	1981	3,091	345
4465	DJI	Djibouti	1982	3,043	356
4466	DJI	Djibouti	1983	2,963	370
4467	DJI	Djibouti	1984	2,944	375
4468	DJI	Djibouti	1985	2,880	382
4469	DJI	Djibouti	1986	2,743	397
4470	DJI	Djibouti	1987	2,670	409
4471	DJI	Djibouti	1988	2,652	417
4472	DJI	Djibouti	1989	2,436	442
4473	DJI	Djibouti	1990	2,308	499
4474	DJI	Djibouti	1991	2,013	552
4475	DJI	Djibouti	1992	2,142	547
4476	DJI	Djibouti	1993	2,291	534
4477	DJI	Djibouti	1994	2,175	547
4478	DJI	Djibouti	1995	2,262	553
4479	DJI	Djibouti	1996	2,082	568
4480	DJI	Djibouti	1997	2,081	592
4481	DJI	Djibouti	1998	1,975	621
4482	DJI	Djibouti	1999	1,931	646
4483	DJI	Djibouti	2000	1,881	669
4484	DJI	Djibouti	2001	1,846	693
4485	DJI	Djibouti	2002	1,824	716
4486	DJI	Djibouti	2003	1,946	691
4487	DJI	Djibouti	2004	2,097	657
4488	DJI	Djibouti	2005	2,127	666
4489	DJI	Djibouti	2006	2,342	679
4490	DJI	Djibouti	2007	2,396	694
4491	DJI	Djibouti	2008	2,463	709
4492	DJI	Djibouti	2009	2,522	725
4493	DJI	Djibouti	2010	2,544	741
4494	DJI	Djibouti	2011	2,590	757
4495	DJI	Djibouti	2012	2,654	774
4496	DJI	Djibouti	2013	2,724	792
4497	DJI	Djibouti	2014	2,823	810
4498	DJI	Djibouti	2015	2,941	828
4499	DJI	Djibouti	2016	3,064	847
4500	DJI	Djibouti	2017	3,168	865
4501	DJI	Djibouti	2018	3,296	884
4502	DMA	Dominica	1820		2
4503	DMA	Dominica	1850		3
4504	DMA	Dominica	1870		5
4505	DMA	Dominica	1900		11
4506	DMA	Dominica	1901		12
4507	DMA	Dominica	1902		12
4508	DMA	Dominica	1903		12
4509	DMA	Dominica	1904		13
4510	DMA	Dominica	1905		13
4511	DMA	Dominica	1906		13
4512	DMA	Dominica	1907		14
4513	DMA	Dominica	1908		14
4514	DMA	Dominica	1909		15
4515	DMA	Dominica	1910		15
4516	DMA	Dominica	1911		15
4517	DMA	Dominica	1912		16
4518	DMA	Dominica	1913		16
4519	DMA	Dominica	1914		17
4520	DMA	Dominica	1915		17
4521	DMA	Dominica	1916		18
4522	DMA	Dominica	1917		18
4523	DMA	Dominica	1918		18
4524	DMA	Dominica	1919		19
4525	DMA	Dominica	1920		19
4526	DMA	Dominica	1921		20
4527	DMA	Dominica	1922		21
4528	DMA	Dominica	1923		21
4529	DMA	Dominica	1924		22
4530	DMA	Dominica	1925		23
4531	DMA	Dominica	1926		24
4532	DMA	Dominica	1927		25
4533	DMA	Dominica	1928		26
4534	DMA	Dominica	1929		27
4535	DMA	Dominica	1930		27
4536	DMA	Dominica	1931		28
4537	DMA	Dominica	1932		29
4538	DMA	Dominica	1933		30
4539	DMA	Dominica	1934		31
4540	DMA	Dominica	1935		32
4541	DMA	Dominica	1936		33
4542	DMA	Dominica	1937		34
4543	DMA	Dominica	1938		35
4544	DMA	Dominica	1939		36
4545	DMA	Dominica	1940		37
4546	DMA	Dominica	1941		37
4547	DMA	Dominica	1942		38
4548	DMA	Dominica	1943		39
4549	DMA	Dominica	1944		40
4550	DMA	Dominica	1945		41
4551	DMA	Dominica	1946		42
4552	DMA	Dominica	1947		43
4553	DMA	Dominica	1948		44
4554	DMA	Dominica	1949		45
4555	DMA	Dominica	1950	980	51
4556	DMA	Dominica	1951	1,066	52
4557	DMA	Dominica	1952	1,121	53
4558	DMA	Dominica	1953	1,073	54
4559	DMA	Dominica	1954	1,098	55
4560	DMA	Dominica	1955	1,130	57
4561	DMA	Dominica	1956	1,203	58
4562	DMA	Dominica	1957	1,239	58
4563	DMA	Dominica	1958	1,261	59
4564	DMA	Dominica	1959	1,226	59
4565	DMA	Dominica	1960	1,245	60
4566	DMA	Dominica	1961	1,176	60
4567	DMA	Dominica	1962	1,333	61
4568	DMA	Dominica	1963	1,372	62
4569	DMA	Dominica	1964	1,419	63
4570	DMA	Dominica	1965	1,203	64
4571	DMA	Dominica	1966	1,323	65
4572	DMA	Dominica	1967	1,325	66
4573	DMA	Dominica	1968	1,288	68
4574	DMA	Dominica	1969	1,388	69
4575	DMA	Dominica	1970	1,492	70
4576	DMA	Dominica	1971	1,578	71
4577	DMA	Dominica	1972	1,674	72
4578	DMA	Dominica	1973	1,793	73
4579	DMA	Dominica	1974	1,894	73
4580	DMA	Dominica	1975	1,940	74
4581	DMA	Dominica	1976	2,066	74
4582	DMA	Dominica	1977	2,117	74
4583	DMA	Dominica	1978	2,365	74
4584	DMA	Dominica	1979	1,932	74
4585	DMA	Dominica	1980	2,219	74
4586	DMA	Dominica	1981	2,499	74
4587	DMA	Dominica	1982	2,592	74
4588	DMA	Dominica	1983	2,644	74
4589	DMA	Dominica	1984	2,802	74
4590	DMA	Dominica	1985	2,872	73
4591	DMA	Dominica	1986	3,107	72
4592	DMA	Dominica	1987	3,370	72
4593	DMA	Dominica	1988	3,687	71
4594	DMA	Dominica	1989	3,714	71
4595	DMA	Dominica	1990	3,939	70
4596	DMA	Dominica	1991	4,084	70
4597	DMA	Dominica	1992	4,272	70
4598	DMA	Dominica	1993	4,340	70
4599	DMA	Dominica	1994	4,459	71
4600	DMA	Dominica	1995	4,607	71
4601	DMA	Dominica	1996	4,895	71
4602	DMA	Dominica	1997	5,171	70
4603	DMA	Dominica	1998	5,463	70
4604	DMA	Dominica	1999	5,584	70
4605	DMA	Dominica	2000	5,697	71
4606	DMA	Dominica	2001	5,800	71
4607	DMA	Dominica	2002	5,771	72
4608	DMA	Dominica	2003	6,322	72
4609	DMA	Dominica	2004	6,603	72
4610	DMA	Dominica	2005	6,698	72
4611	DMA	Dominica	2006	7,134	72
4612	DMA	Dominica	2007	7,699	72
4613	DMA	Dominica	2008	8,454	73
4614	DMA	Dominica	2009	8,512	73
4615	DMA	Dominica	2010	8,768	73
4616	DMA	Dominica	2011	8,944	73
4617	DMA	Dominica	2012	8,823	73
4618	DMA	Dominica	2013	9,145	73
4619	DMA	Dominica	2014	9,507	73
4620	DMA	Dominica	2015	9,319	74
4621	DMA	Dominica	2016	9,550	74
4622	DMA	Dominica	2017	8,842	74
4623	DMA	Dominica	2018	9,021	74
4624	DNK	Denmark	1		180
4625	DNK	Denmark	1000		360
4626	DNK	Denmark	1500		600
4627	DNK	Denmark	1600		650
4628	DNK	Denmark	1700		700
4629	DNK	Denmark	1820	2,031	1,155
4630	DNK	Denmark	1821	2,104	1,167
4631	DNK	Denmark	1822	2,115	1,179
4632	DNK	Denmark	1823	2,085	1,196
4633	DNK	Denmark	1824	2,117	1,213
4634	DNK	Denmark	1825	2,107	1,228
4635	DNK	Denmark	1826	2,110	1,243
4636	DNK	Denmark	1827	2,150	1,255
4637	DNK	Denmark	1828	2,163	1,265
4638	DNK	Denmark	1829	2,110	1,270
4639	DNK	Denmark	1830	2,120	1,273
4640	DNK	Denmark	1831	2,101	1,275
4641	DNK	Denmark	1832	2,158	1,276
4642	DNK	Denmark	1833	2,130	1,284
4643	DNK	Denmark	1834	2,227	1,295
4644	DNK	Denmark	1835	2,195	1,306
4645	DNK	Denmark	1836	2,179	1,315
4646	DNK	Denmark	1837	2,219	1,325
4647	DNK	Denmark	1838	2,216	1,335
4648	DNK	Denmark	1839	2,224	1,347
4649	DNK	Denmark	1840	2,276	1,357
4650	DNK	Denmark	1841	2,254	1,371
4651	DNK	Denmark	1842	2,243	1,385
4652	DNK	Denmark	1843	2,353	1,392
4653	DNK	Denmark	1844	2,434	1,414
4654	DNK	Denmark	1845	2,472	1,430
4655	DNK	Denmark	1846	2,501	1,444
4656	DNK	Denmark	1847	2,466	1,456
4657	DNK	Denmark	1848	2,570	1,470
4658	DNK	Denmark	1849	2,695	1,484
4659	DNK	Denmark	1850	2,817	1,499
4660	DNK	Denmark	1851	2,649	1,517
4661	DNK	Denmark	1852	2,713	1,536
4662	DNK	Denmark	1853	2,697	1,552
4663	DNK	Denmark	1854	2,679	1,569
4664	DNK	Denmark	1855	2,938	1,590
4665	DNK	Denmark	1856	2,735	1,612
4666	DNK	Denmark	1857	2,745	1,634
4667	DNK	Denmark	1858	2,691	1,653
4668	DNK	Denmark	1859	2,834	1,674
4669	DNK	Denmark	1860	2,775	1,696
4670	DNK	Denmark	1861	2,785	1,717
4671	DNK	Denmark	1862	2,836	1,739
4672	DNK	Denmark	1863	2,979	1,761
4673	DNK	Denmark	1864	2,922	1,777
4674	DNK	Denmark	1865	2,989	1,799
4675	DNK	Denmark	1866	2,963	1,814
4676	DNK	Denmark	1867	2,933	1,833
4677	DNK	Denmark	1868	2,954	1,852
4678	DNK	Denmark	1869	3,092	1,871
4679	DNK	Denmark	1870	3,193	1,888
4680	DNK	Denmark	1871	3,177	1,903
4681	DNK	Denmark	1872	3,327	1,918
4682	DNK	Denmark	1873	3,279	1,935
4683	DNK	Denmark	1874	3,341	1,954
4684	DNK	Denmark	1875	3,366	1,973
4685	DNK	Denmark	1876	3,395	1,994
4686	DNK	Denmark	1877	3,261	2,019
4687	DNK	Denmark	1878	3,351	2,043
4688	DNK	Denmark	1879	3,425	2,064
4689	DNK	Denmark	1880	3,476	2,081
4690	DNK	Denmark	1881	3,480	2,101
4691	DNK	Denmark	1882	3,571	2,120
4692	DNK	Denmark	1883	3,665	2,137
4693	DNK	Denmark	1884	3,642	2,160
4694	DNK	Denmark	1885	3,625	2,186
4695	DNK	Denmark	1886	3,724	2,213
4696	DNK	Denmark	1887	3,818	2,237
4697	DNK	Denmark	1888	3,808	2,257
4698	DNK	Denmark	1889	3,826	2,276
4699	DNK	Denmark	1890	4,022	2,294
4700	DNK	Denmark	1891	4,073	2,311
4701	DNK	Denmark	1892	4,141	2,327
4702	DNK	Denmark	1893	4,191	2,344
4703	DNK	Denmark	1894	4,235	2,367
4704	DNK	Denmark	1895	4,415	2,397
4705	DNK	Denmark	1896	4,521	2,428
4706	DNK	Denmark	1897	4,564	2,462
4707	DNK	Denmark	1898	4,575	2,497
4708	DNK	Denmark	1899	4,705	2,530
4709	DNK	Denmark	1900	4,809	2,561
4710	DNK	Denmark	1901	4,948	2,594
4711	DNK	Denmark	1902	5,007	2,623
4712	DNK	Denmark	1903	5,244	2,653
4713	DNK	Denmark	1904	5,302	2,681
4714	DNK	Denmark	1905	5,333	2,710
4715	DNK	Denmark	1906	5,423	2,741
4716	DNK	Denmark	1907	5,557	2,775
4717	DNK	Denmark	1908	5,662	2,809
4718	DNK	Denmark	1909	5,807	2,845
4719	DNK	Denmark	1910	5,906	2,882
4720	DNK	Denmark	1911	6,148	2,917
4721	DNK	Denmark	1912	6,076	2,951
4722	DNK	Denmark	1913	6,236	2,983
4723	DNK	Denmark	1914	6,551	3,018
4724	DNK	Denmark	1915	6,022	3,055
4725	DNK	Denmark	1916	6,202	3,092
4726	DNK	Denmark	1917	5,765	3,130
4727	DNK	Denmark	1918	5,514	3,165
4728	DNK	Denmark	1919	6,153	3,202
4729	DNK	Denmark	1920	6,363	3,242
4730	DNK	Denmark	1921	6,099	3,285
4731	DNK	Denmark	1922	6,641	3,322
4732	DNK	Denmark	1923	7,267	3,356
4733	DNK	Denmark	1924	7,218	3,389
4734	DNK	Denmark	1925	6,978	3,425
4735	DNK	Denmark	1926	7,329	3,452
4736	DNK	Denmark	1927	7,425	3,475
4737	DNK	Denmark	1928	7,627	3,497
4738	DNK	Denmark	1929	8,089	3,518
4739	DNK	Denmark	1930	8,513	3,542
4740	DNK	Denmark	1931	8,542	3,569
4741	DNK	Denmark	1932	8,239	3,603
4742	DNK	Denmark	1933	8,434	3,633
4743	DNK	Denmark	1934	8,611	3,666
4744	DNK	Denmark	1935	8,735	3,695
4745	DNK	Denmark	1936	8,886	3,722
