## Sheet: Full data (continued)
	A	B	C	D	E
6241	FRA	France	1729	1,728	
6242	FRA	France	1730	1,728	
6243	FRA	France	1731	1,728	
6244	FRA	France	1732	1,728	
6245	FRA	France	1733	1,728	
6246	FRA	France	1734	1,728	
6247	FRA	France	1735	1,710	
6248	FRA	France	1736	1,710	
6249	FRA	France	1737	1,694	
6250	FRA	France	1738	1,677	
6251	FRA	France	1739	1,677	
6252	FRA	France	1740	1,659	
6253	FRA	France	1741	1,659	
6254	FRA	France	1742	1,659	
6255	FRA	France	1743	1,659	
6256	FRA	France	1744	1,659	
6257	FRA	France	1745	1,677	
6258	FRA	France	1746	1,677	
6259	FRA	France	1747	1,677	
6260	FRA	France	1748	1,677	
6261	FRA	France	1749	1,677	
6262	FRA	France	1750	1,677	
6263	FRA	France	1751	1,659	
6264	FRA	France	1752	1,659	
6265	FRA	France	1753	1,659	
6266	FRA	France	1754	1,659	
6267	FRA	France	1755	1,659	
6268	FRA	France	1756	1,659	
6269	FRA	France	1757	1,643	
6270	FRA	France	1758	1,643	
6271	FRA	France	1759	1,643	
6272	FRA	France	1760	1,643	
6273	FRA	France	1761	1,659	
6274	FRA	France	1762	1,677	
6275	FRA	France	1763	1,677	
6276	FRA	France	1764	1,694	
6277	FRA	France	1765	1,710	
6278	FRA	France	1766	1,710	
6279	FRA	France	1767	1,710	
6280	FRA	France	1768	1,694	
6281	FRA	France	1769	1,694	
6282	FRA	France	1770	1,694	
6283	FRA	France	1771	1,694	
6284	FRA	France	1772	1,694	
6285	FRA	France	1773	1,710	
6286	FRA	France	1774	1,710	
6287	FRA	France	1775	1,710	
6288	FRA	France	1776	1,728	
6289	FRA	France	1777	1,728	
6290	FRA	France	1778	1,710	
6291	FRA	France	1779	1,710	
6292	FRA	France	1780	1,710	
6293	FRA	France	1781	1,728	
6294	FRA	France	1782	1,728	
6295	FRA	France	1783	1,779	
6296	FRA	France	1784	1,795	
6297	FRA	France	1785	1,779	
6298	FRA	France	1786	1,761	
6299	FRA	France	1787	1,863	
6300	FRA	France	1788	1,812	
6301	FRA	France	1789	1,779	
6302	FRA	France	1820	1,809	31,250
6303	FRA	France	1821	1,953	31,460
6304	FRA	France	1822	1,875	31,685
6305	FRA	France	1823	1,934	31,905
6306	FRA	France	1824	1,986	32,127
6307	FRA	France	1825	1,898	32,350
6308	FRA	France	1826	1,949	32,538
6309	FRA	France	1827	1,908	32,727
6310	FRA	France	1828	1,897	32,917
6311	FRA	France	1829	1,946	33,108
6312	FRA	France	1830	1,898	33,300
6313	FRA	France	1831	1,926	33,439
6314	FRA	France	1832	2,091	33,598
6315	FRA	France	1833	2,053	33,718
6316	FRA	France	1834	2,056	33,859
6317	FRA	France	1835	2,125	34,000
6318	FRA	France	1836	2,090	34,178
6319	FRA	France	1837	2,118	34,357
6320	FRA	France	1838	2,211	34,537
6321	FRA	France	1839	2,130	34,718
6322	FRA	France	1840	2,276	34,900
6323	FRA	France	1841	2,321	35,059
6324	FRA	France	1842	2,260	35,218
6325	FRA	France	1843	2,370	35,378
6326	FRA	France	1844	2,444	35,539
6327	FRA	France	1845	2,359	35,700
6328	FRA	France	1846	2,356	35,829
6329	FRA	France	1847	2,606	35,959
6330	FRA	France	1848	2,437	36,089
6331	FRA	France	1849	2,506	36,219
6332	FRA	France	1850	2,546	36,350
6333	FRA	France	1851	2,499	36,479
6334	FRA	France	1852	2,652	36,609
6335	FRA	France	1853	2,515	36,739
6336	FRA	France	1854	2,627	36,869
6337	FRA	France	1855	2,577	37,000
6338	FRA	France	1856	2,687	37,060
6339	FRA	France	1857	2,836	37,120
6340	FRA	France	1858	3,029	37,180
6341	FRA	France	1859	2,828	37,240
6342	FRA	France	1860	3,016	37,300
6343	FRA	France	1861	2,820	37,390
6344	FRA	France	1862	3,051	37,520
6345	FRA	France	1863	3,145	37,710
6346	FRA	France	1864	3,169	37,860
6347	FRA	France	1865	3,067	38,020
6348	FRA	France	1866	3,083	38,080
6349	FRA	France	1867	2,890	38,230
6350	FRA	France	1868	3,159	38,330
6351	FRA	France	1869	3,198	38,890
6352	FRA	France	1870	2,990	38,440
6353	FRA	France	1871	3,027	37,731
6354	FRA	France	1872	3,312	37,679
6355	FRA	France	1873	3,064	37,887
6356	FRA	France	1874	3,438	38,044
6357	FRA	France	1875	3,537	38,221
6358	FRA	France	1876	3,233	38,398
6359	FRA	France	1877	3,390	38,576
6360	FRA	France	1878	3,333	38,763
6361	FRA	France	1879	3,113	38,909
6362	FRA	France	1880	3,379	39,045
6363	FRA	France	1881	3,497	39,191
6364	FRA	France	1882	3,647	39,337
6365	FRA	France	1883	3,647	39,472
6366	FRA	France	1884	3,591	39,629
6367	FRA	France	1885	3,518	39,733
6368	FRA	France	1886	3,566	39,858
6369	FRA	France	1887	3,585	39,889
6370	FRA	France	1888	3,617	39,920
6371	FRA	France	1889	3,701	40,004
6372	FRA	France	1890	3,787	40,014
6373	FRA	France	1891	3,877	39,983
6374	FRA	France	1892	3,974	39,993
6375	FRA	France	1893	4,041	40,014
6376	FRA	France	1894	4,186	40,056
6377	FRA	France	1895	4,095	40,098
6378	FRA	France	1896	4,280	40,192
6379	FRA	France	1897	4,207	40,348
6380	FRA	France	1898	4,399	40,473
6381	FRA	France	1899	4,640	40,546
6382	FRA	France	1900	4,584	40,598
6383	FRA	France	1901	4,505	40,640
6384	FRA	France	1902	4,423	40,713
6385	FRA	France	1903	4,513	40,786
6386	FRA	France	1904	4,538	40,859
6387	FRA	France	1905	4,613	40,890
6388	FRA	France	1906	4,691	40,942
6389	FRA	France	1907	4,894	40,942
6390	FRA	France	1908	4,854	41,046
6391	FRA	France	1909	5,048	41,109
6392	FRA	France	1910	4,726	41,224
6393	FRA	France	1911	5,180	41,307
6394	FRA	France	1912	5,601	41,359
6395	FRA	France	1913	5,555	41,463
6396	FRA	France	1914	5,158	41,476
6397	FRA	France	1915	5,177	40,481
6398	FRA	France	1916	5,520	39,884
6399	FRA	France	1917	4,748	39,288
6400	FRA	France	1918	3,819	38,542
6401	FRA	France	1919	4,481	38,700
6402	FRA	France	1920	5,144	39,000
6403	FRA	France	1921	4,901	39,240
6404	FRA	France	1922	5,754	39,420
6405	FRA	France	1923	5,984	39,880
6406	FRA	France	1924	6,661	40,310
6407	FRA	France	1925	6,641	40,610
6408	FRA	France	1926	6,773	40,870
6409	FRA	France	1927	6,621	40,940
6410	FRA	France	1928	7,063	41,050
6411	FRA	France	1929	7,508	41,230
6412	FRA	France	1930	7,224	41,610
6413	FRA	France	1931	6,751	41,860
6414	FRA	France	1932	6,311	41,860
6415	FRA	France	1933	6,757	41,890
6416	FRA	France	1934	6,682	41,950
6417	FRA	France	1935	6,513	41,940
6418	FRA	France	1936	6,765	41,910
6419	FRA	France	1937	7,152	41,930
6420	FRA	France	1938	7,119	41,960
6421	FRA	France	1939	7,640	41,900
6422	FRA	France	1940	6,443	41,000
6423	FRA	France	1941	5,274	39,600
6424	FRA	France	1942	4,752	39,400
6425	FRA	France	1943	4,559	39,000
6426	FRA	France	1944	3,861	38,900
6427	FRA	France	1945	4,101	39,700
6428	FRA	France	1946	6,145	40,290
6429	FRA	France	1947	6,596	40,680
6430	FRA	France	1948	7,002	41,110
6431	FRA	France	1949	7,884	41,480
6432	FRA	France	1950	8,266	42,518
6433	FRA	France	1951	8,705	42,862
6434	FRA	France	1952	8,869	43,184
6435	FRA	France	1953	9,060	43,495
6436	FRA	France	1954	9,428	43,822
6437	FRA	France	1955	9,881	44,218
6438	FRA	France	1956	10,278	44,657
6439	FRA	France	1957	10,779	45,152
6440	FRA	France	1958	10,927	45,654
6441	FRA	France	1959	11,124	46,129
6442	FRA	France	1960	11,792	46,584
6443	FRA	France	1961	12,302	47,128
6444	FRA	France	1962	12,859	48,089
6445	FRA	France	1963	13,330	48,799
6446	FRA	France	1964	14,057	49,357
6447	FRA	France	1965	14,609	49,802
6448	FRA	France	1966	15,213	50,254
6449	FRA	France	1967	15,792	50,650
6450	FRA	France	1968	16,365	51,034
6451	FRA	France	1969	17,352	51,470
6452	FRA	France	1970	18,187	51,918
6453	FRA	France	1971	18,881	52,432
6454	FRA	France	1972	19,549	52,894
6455	FRA	France	1973	20,441	53,333
6456	FRA	France	1974	20,902	53,690
6457	FRA	France	1975	20,653	53,955
6458	FRA	France	1976	21,465	54,159
6459	FRA	France	1977	22,177	54,378
6460	FRA	France	1978	22,698	54,602
6461	FRA	France	1979	23,326	54,836
6462	FRA	France	1980	23,537	55,110
6463	FRA	France	1981	23,655	55,399
6464	FRA	France	1982	24,120	55,697
6465	FRA	France	1983	24,300	55,929
6466	FRA	France	1984	24,519	56,246
6467	FRA	France	1985	24,755	56,490
6468	FRA	France	1986	25,238	56,725
6469	FRA	France	1987	25,756	56,989
6470	FRA	France	1988	26,763	57,255
6471	FRA	France	1989	27,576	57,821
6472	FRA	France	1990	28,129	58,168
6473	FRA	France	1991	28,294	58,514
6474	FRA	France	1992	28,620	58,801
6475	FRA	France	1993	28,336	59,050
6476	FRA	France	1994	28,908	59,265
6477	FRA	France	1995	29,419	59,474
6478	FRA	France	1996	29,737	59,680
6479	FRA	France	1997	30,342	59,887
6480	FRA	France	1998	31,323	60,103
6481	FRA	France	1999	32,285	60,408
6482	FRA	France	2000	33,410	60,819
6483	FRA	France	2001	33,920	61,259
6484	FRA	France	2002	34,153	61,702
6485	FRA	France	2003	34,292	62,136
6486	FRA	France	2004	35,094	62,591
6487	FRA	France	2005	35,495	63,060
6488	FRA	France	2006	36,166	63,497
6489	FRA	France	2007	36,846	63,886
6490	FRA	France	2008	36,762	64,239
6491	FRA	France	2009	35,535	64,565
6492	FRA	France	2010	36,087	64,880
6493	FRA	France	2011	36,691	65,189
6494	FRA	France	2012	36,571	65,500
6495	FRA	France	2013	36,632	65,945
6496	FRA	France	2014	36,527	66,374
6497	FRA	France	2015	36,827	66,611
6498	FRA	France	2016	37,124	66,787
6499	FRA	France	2017	37,895	66,927
6500	FRA	France	2018	38,516	67,029
6501	GAB	Gabon	1950	2,958	416
6502	GAB	Gabon	1951	3,049	418
6503	GAB	Gabon	1952	3,143	421
6504	GAB	Gabon	1953	3,237	423
6505	GAB	Gabon	1954	3,335	426
6506	GAB	Gabon	1955	3,437	429
6507	GAB	Gabon	1956	3,539	432
6508	GAB	Gabon	1957	3,642	435
6509	GAB	Gabon	1958	3,749	438
6510	GAB	Gabon	1959	3,857	442
6511	GAB	Gabon	1960	3,982	446
6512	GAB	Gabon	1961	4,415	450
6513	GAB	Gabon	1962	4,497	456
6514	GAB	Gabon	1963	4,599	461
6515	GAB	Gabon	1964	4,616	468
6516	GAB	Gabon	1965	4,626	474
6517	GAB	Gabon	1966	4,761	482
6518	GAB	Gabon	1967	4,882	489
6519	GAB	Gabon	1968	4,927	497
6520	GAB	Gabon	1969	5,252	504
6521	GAB	Gabon	1970	5,587	515
6522	GAB	Gabon	1971	6,027	526
6523	GAB	Gabon	1972	6,559	538
6524	GAB	Gabon	1973	6,935	561
6525	GAB	Gabon	1974	9,083	597
6526	GAB	Gabon	1975	9,985	647
6527	GAB	Gabon	1976	12,747	688
6528	GAB	Gabon	1977	10,849	706
6529	GAB	Gabon	1978	8,013	726
6530	GAB	Gabon	1979	8,091	723
6531	GAB	Gabon	1980	8,402	714
6532	GAB	Gabon	1981	8,625	731
6533	GAB	Gabon	1982	8,099	754
6534	GAB	Gabon	1983	8,281	779
6535	GAB	Gabon	1984	8,612	805
6536	GAB	Gabon	1985	8,131	833
6537	GAB	Gabon	1986	7,818	859
6538	GAB	Gabon	1987	6,320	881
6539	GAB	Gabon	1988	6,982	900
6540	GAB	Gabon	1989	7,422	919
6541	GAB	Gabon	1990	7,646	938
6542	GAB	Gabon	1991	8,297	961
6543	GAB	Gabon	1992	8,194	970
6544	GAB	Gabon	1993	8,551	1,016
6545	GAB	Gabon	1994	9,193	1,032
6546	GAB	Gabon	1995	9,834	1,041
6547	GAB	Gabon	1996	10,389	1,061
6548	GAB	Gabon	1997	11,203	1,086
6549	GAB	Gabon	1998	11,758	1,111
6550	GAB	Gabon	1999	10,648	1,143
6551	GAB	Gabon	2000	10,638	1,179
6552	GAB	Gabon	2001	11,105	1,207
6553	GAB	Gabon	2002	11,141	1,234
6554	GAB	Gabon	2003	11,666	1,262
6555	GAB	Gabon	2004	12,023	1,297
6556	GAB	Gabon	2005	12,438	1,340
6557	GAB	Gabon	2006	12,343	1,384
6558	GAB	Gabon	2007	13,456	1,434
6559	GAB	Gabon	2008	13,330	1,487
6560	GAB	Gabon	2009	13,618	1,542
6561	GAB	Gabon	2010	14,927	1,600
6562	GAB	Gabon	2011	16,403	1,656
6563	GAB	Gabon	2012	16,932	1,714
6564	GAB	Gabon	2013	17,532	1,778
6565	GAB	Gabon	2014	18,053	1,843
6566	GAB	Gabon	2015	18,389	1,905
6567	GAB	Gabon	2016	18,413	1,966
6568	GAB	Gabon	2017	17,963	2,026
6569	GAB	Gabon	2018	17,614	2,083
6570	GBR	United Kingdom	1		800
6571	GBR	United Kingdom	1000	1,151	2,000
6572	GBR	United Kingdom	1252	1,320	
6573	GBR	United Kingdom	1253	1,328	
6574	GBR	United Kingdom	1254	1,317	
6575	GBR	United Kingdom	1255	1,285	
6576	GBR	United Kingdom	1256	1,255	
6577	GBR	United Kingdom	1257	1,240	
6578	GBR	United Kingdom	1258	1,418	
6579	GBR	United Kingdom	1259	1,191	
6580	GBR	United Kingdom	1260	1,292	
6581	GBR	United Kingdom	1261	1,286	
6582	GBR	United Kingdom	1262	1,219	
6583	GBR	United Kingdom	1263	1,205	
6584	GBR	United Kingdom	1264	1,182	
6585	GBR	United Kingdom	1265	1,185	
6586	GBR	United Kingdom	1266	1,401	
6587	GBR	United Kingdom	1267	1,313	
6588	GBR	United Kingdom	1268	1,211	
6589	GBR	United Kingdom	1269	1,225	
6590	GBR	United Kingdom	1270	1,192	
6591	GBR	United Kingdom	1271	1,177	
6592	GBR	United Kingdom	1272	1,220	
6593	GBR	United Kingdom	1273	1,149	
6594	GBR	United Kingdom	1274	1,143	
6595	GBR	United Kingdom	1275	1,304	
6596	GBR	United Kingdom	1276	1,146	
6597	GBR	United Kingdom	1277	1,222	
6598	GBR	United Kingdom	1278	1,265	
6599	GBR	United Kingdom	1279	1,048	
6600	GBR	United Kingdom	1280	1,058	
6601	GBR	United Kingdom	1281	1,118	
6602	GBR	United Kingdom	1282	1,078	
6603	GBR	United Kingdom	1283	1,019	
6604	GBR	United Kingdom	1284	1,048	
6605	GBR	United Kingdom	1285	1,055	
