## Sheet: Full data (continued)
	A	B	C	D	E
5451	EST	Estonia	1962		1,239
5452	EST	Estonia	1963		1,255
5453	EST	Estonia	1964		1,272
5454	EST	Estonia	1965		1,288
5455	EST	Estonia	1966		1,300
5456	EST	Estonia	1967		1,312
5457	EST	Estonia	1968		1,324
5458	EST	Estonia	1969		1,343
5459	EST	Estonia	1970		1,363
5460	EST	Estonia	1971		1,381
5461	EST	Estonia	1972		1,397
5462	EST	Estonia	1973	13,799	1,411
5463	EST	Estonia	1974		1,422
5464	EST	Estonia	1975		1,432
5465	EST	Estonia	1976		1,442
5466	EST	Estonia	1977		1,453
5467	EST	Estonia	1978		1,464
5468	EST	Estonia	1979		1,472
5469	EST	Estonia	1980	15,044	1,482
5470	EST	Estonia	1981	15,478	1,493
5471	EST	Estonia	1982	15,927	1,504
5472	EST	Estonia	1983	16,361	1,515
5473	EST	Estonia	1984	16,660	1,526
5474	EST	Estonia	1985	16,541	1,538
5475	EST	Estonia	1986	16,866	1,550
5476	EST	Estonia	1987	16,898	1,562
5477	EST	Estonia	1988	17,661	1,569
5478	EST	Estonia	1989	18,779	1,571
5479	EST	Estonia	1990	17,247	1,569
5480	EST	Estonia	1991	15,351	1,561
5481	EST	Estonia	1992	13,214	1,533
5482	EST	Estonia	1993	12,207	1,494
5483	EST	Estonia	1994	12,070	1,463
5484	EST	Estonia	1995	12,881	1,437
5485	EST	Estonia	1996	13,548	1,416
5486	EST	Estonia	1997	15,075	1,400
5487	EST	Estonia	1998	15,593	1,386
5488	EST	Estonia	1999	15,335	1,375
5489	EST	Estonia	2000	16,807	1,365
5490	EST	Estonia	2001	17,697	1,357
5491	EST	Estonia	2002	18,589	1,348
5492	EST	Estonia	2003	19,772	1,340
5493	EST	Estonia	2004	20,804	1,332
5494	EST	Estonia	2005	22,519	1,324
5495	EST	Estonia	2006	24,579	1,316
5496	EST	Estonia	2007	26,178	1,310
5497	EST	Estonia	2008	24,429	1,307
5498	EST	Estonia	2009	20,538	1,304
5499	EST	Estonia	2010	20,713	1,301
5500	EST	Estonia	2011	21,997	1,297
5501	EST	Estonia	2012	23,026	1,293
5502	EST	Estonia	2013	23,436	1,288
5503	EST	Estonia	2014	24,146	1,285
5504	EST	Estonia	2015	24,493	1,285
5505	EST	Estonia	2016	24,857	1,286
5506	EST	Estonia	2017	26,254	1,287
5507	EST	Estonia	2018	27,409	1,292
5508	ETH	Ethiopia	1		500
5509	ETH	Ethiopia	1000		1,000
5510	ETH	Ethiopia	1500		2,000
5511	ETH	Ethiopia	1600		2,250
5512	ETH	Ethiopia	1700		2,500
5513	ETH	Ethiopia	1820		3,154
5514	ETH	Ethiopia	1950	622	20,605
5515	ETH	Ethiopia	1951	630	20,944
5516	ETH	Ethiopia	1952	636	21,295
5517	ETH	Ethiopia	1953	662	21,660
5518	ETH	Ethiopia	1954	650	22,038
5519	ETH	Ethiopia	1955	673	22,431
5520	ETH	Ethiopia	1956	682	22,838
5521	ETH	Ethiopia	1957	665	23,261
5522	ETH	Ethiopia	1958	674	23,700
5523	ETH	Ethiopia	1959	681	24,153
5524	ETH	Ethiopia	1960	701	24,622
5525	ETH	Ethiopia	1961	722	25,105
5526	ETH	Ethiopia	1962	736	25,604
5527	ETH	Ethiopia	1963	818	26,121
5528	ETH	Ethiopia	1964	840	26,654
5529	ETH	Ethiopia	1965	872	27,204
5530	ETH	Ethiopia	1966	888	27,771
5531	ETH	Ethiopia	1967	907	28,344
5532	ETH	Ethiopia	1968	902	28,943
5533	ETH	Ethiopia	1969	917	29,574
5534	ETH	Ethiopia	1970	948	30,204
5535	ETH	Ethiopia	1971	968	30,853
5536	ETH	Ethiopia	1972	995	31,543
5537	ETH	Ethiopia	1973	1,004	32,264
5538	ETH	Ethiopia	1974	993	33,022
5539	ETH	Ethiopia	1975	972	33,803
5540	ETH	Ethiopia	1976	974	34,659
5541	ETH	Ethiopia	1977	977	35,458
5542	ETH	Ethiopia	1978	952	36,054
5543	ETH	Ethiopia	1979	999	36,500
5544	ETH	Ethiopia	1980	1,033	36,866
5545	ETH	Ethiopia	1981	1,009	38,542
5546	ETH	Ethiopia	1982	980	40,290
5547	ETH	Ethiopia	1983	999	41,502
5548	ETH	Ethiopia	1984	956	42,507
5549	ETH	Ethiopia	1985	880	43,134
5550	ETH	Ethiopia	1986	920	43,917
5551	ETH	Ethiopia	1987	980	45,099
5552	ETH	Ethiopia	1988	969	46,482
5553	ETH	Ethiopia	1989	956	47,870
5554	ETH	Ethiopia	1990	915	49,214
5555	ETH	Ethiopia	1991	811	51,120
5556	ETH	Ethiopia	1992	708	52,875
5557	ETH	Ethiopia	1993	699	54,166
5558	ETH	Ethiopia	1994	732	55,636
5559	ETH	Ethiopia	1995	744	57,289
5560	ETH	Ethiopia	1996	783	58,915
5561	ETH	Ethiopia	1997	815	60,449
5562	ETH	Ethiopia	1998	786	61,981
5563	ETH	Ethiopia	1999	762	63,575
5564	ETH	Ethiopia	2000	772	65,213
5565	ETH	Ethiopia	2001	784	66,889
5566	ETH	Ethiopia	2002	794	68,649
5567	ETH	Ethiopia	2003	765	70,491
5568	ETH	Ethiopia	2004	771	72,389
5569	ETH	Ethiopia	2005	829	74,327
5570	ETH	Ethiopia	2006	881	76,326
5571	ETH	Ethiopia	2007	936	78,411
5572	ETH	Ethiopia	2008	990	80,564
5573	ETH	Ethiopia	2009	1,044	82,787
5574	ETH	Ethiopia	2010	1,106	85,096
5575	ETH	Ethiopia	2011	1,199	87,530
5576	ETH	Ethiopia	2012	1,287	90,066
5577	ETH	Ethiopia	2013	1,365	92,632
5578	ETH	Ethiopia	2014	1,459	95,337
5579	ETH	Ethiopia	2015	1,553	98,115
5580	ETH	Ethiopia	2016	1,635	100,859
5581	ETH	Ethiopia	2017	1,753	103,655
5582	ETH	Ethiopia	2018	1,838	106,468
5583	FIN	Finland	1		20
5584	FIN	Finland	1000		40
5585	FIN	Finland	1500		300
5586	FIN	Finland	1600	1,191	400
5587	FIN	Finland	1650	1,246	
5588	FIN	Finland	1700	1,331	400
5589	FIN	Finland	1750	1,486	
5590	FIN	Finland	1800	1,213	
5591	FIN	Finland	1820	1,313	1,169
5592	FIN	Finland	1821		1,186
5593	FIN	Finland	1822		1,202
5594	FIN	Finland	1823		1,219
5595	FIN	Finland	1824		1,235
5596	FIN	Finland	1825		1,252
5597	FIN	Finland	1826		1,268
5598	FIN	Finland	1827		1,310
5599	FIN	Finland	1828		1,326
5600	FIN	Finland	1829		1,343
5601	FIN	Finland	1830		1,364
5602	FIN	Finland	1831		1,374
5603	FIN	Finland	1832		1,378
5604	FIN	Finland	1833		1,383
5605	FIN	Finland	1834		1,387
5606	FIN	Finland	1835		1,391
5607	FIN	Finland	1836		1,399
5608	FIN	Finland	1837		1,409
5609	FIN	Finland	1838		1,420
5610	FIN	Finland	1839		1,430
5611	FIN	Finland	1840		1,441
5612	FIN	Finland	1841		1,456
5613	FIN	Finland	1842		1,476
5614	FIN	Finland	1843		1,495
5615	FIN	Finland	1844		1,516
5616	FIN	Finland	1845		1,536
5617	FIN	Finland	1846		1,555
5618	FIN	Finland	1847		1,573
5619	FIN	Finland	1848		1,591
5620	FIN	Finland	1849		1,610
5621	FIN	Finland	1850	1,519	1,628
5622	FIN	Finland	1851		1,642
5623	FIN	Finland	1852		1,652
5624	FIN	Finland	1853		1,663
5625	FIN	Finland	1854		1,673
5626	FIN	Finland	1855		1,683
5627	FIN	Finland	1856		1,692
5628	FIN	Finland	1857		1,703
5629	FIN	Finland	1858		1,715
5630	FIN	Finland	1859		1,726
5631	FIN	Finland	1860	1,522	1,738
5632	FIN	Finland	1861	1,527	1,754
5633	FIN	Finland	1862	1,428	1,774
5634	FIN	Finland	1863	1,527	1,794
5635	FIN	Finland	1864	1,545	1,813
5636	FIN	Finland	1865	1,516	1,833
5637	FIN	Finland	1866	1,527	1,840
5638	FIN	Finland	1867	1,412	1,831
5639	FIN	Finland	1868	1,599	1,776
5640	FIN	Finland	1869	1,755	1,734
5641	FIN	Finland	1870	1,817	1,754
5642	FIN	Finland	1871	1,796	1,786
5643	FIN	Finland	1872	1,825	1,819
5644	FIN	Finland	1873	1,902	1,847
5645	FIN	Finland	1874	1,919	1,873
5646	FIN	Finland	1875	1,930	1,899
5647	FIN	Finland	1876	2,007	1,928
5648	FIN	Finland	1877	1,930	1,957
5649	FIN	Finland	1878	1,870	1,983
5650	FIN	Finland	1879	1,860	2,014
5651	FIN	Finland	1880	1,841	2,047
5652	FIN	Finland	1881	1,769	2,072
5653	FIN	Finland	1882	1,918	2,098
5654	FIN	Finland	1883	1,961	2,130
5655	FIN	Finland	1884	1,943	2,164
5656	FIN	Finland	1885	1,962	2,195
5657	FIN	Finland	1886	2,034	2,224
5658	FIN	Finland	1887	2,034	2,259
5659	FIN	Finland	1888	2,075	2,296
5660	FIN	Finland	1889	2,115	2,331
5661	FIN	Finland	1890	2,201	2,364
5662	FIN	Finland	1891	2,152	2,394
5663	FIN	Finland	1892	2,040	2,451
5664	FIN	Finland	1893	2,138	2,430
5665	FIN	Finland	1894	2,230	2,511
5666	FIN	Finland	1895	2,378	2,483
5667	FIN	Finland	1896	2,503	2,515
5668	FIN	Finland	1897	2,589	2,549
5669	FIN	Finland	1898	2,659	2,589
5670	FIN	Finland	1899	2,562	2,624
5671	FIN	Finland	1900	2,659	2,646
5672	FIN	Finland	1901	2,608	2,667
5673	FIN	Finland	1902	2,536	2,686
5674	FIN	Finland	1903	2,687	2,706
5675	FIN	Finland	1904	2,759	2,735
5676	FIN	Finland	1905	2,777	2,762
5677	FIN	Finland	1906	2,860	2,788
5678	FIN	Finland	1907	2,923	2,821
5679	FIN	Finland	1908	2,915	2,861
5680	FIN	Finland	1909	3,003	2,899
5681	FIN	Finland	1910	3,038	2,929
5682	FIN	Finland	1911	3,091	2,962
5683	FIN	Finland	1912	3,223	2,998
5684	FIN	Finland	1913	3,365	3,027
5685	FIN	Finland	1914	3,190	3,053
5686	FIN	Finland	1915	3,000	3,083
5687	FIN	Finland	1916	3,017	3,105
5688	FIN	Finland	1917	2,520	3,124
5689	FIN	Finland	1918	2,184	3,125
5690	FIN	Finland	1919	2,643	3,117
5691	FIN	Finland	1920	2,942	3,133
5692	FIN	Finland	1921	3,003	3,170
5693	FIN	Finland	1922	3,280	3,210
5694	FIN	Finland	1923	3,486	3,243
5695	FIN	Finland	1924	3,545	3,272
5696	FIN	Finland	1925	3,711	3,304
5697	FIN	Finland	1926	3,813	3,339
5698	FIN	Finland	1927	4,076	3,368
5699	FIN	Finland	1928	4,315	3,396
5700	FIN	Finland	1929	4,331	3,424
5701	FIN	Finland	1930	4,250	3,449
5702	FIN	Finland	1931	4,114	3,476
5703	FIN	Finland	1932	4,065	3,503
5704	FIN	Finland	1933	4,307	3,526
5705	FIN	Finland	1934	4,763	3,549
5706	FIN	Finland	1935	4,930	3,576
5707	FIN	Finland	1936	5,227	3,601
5708	FIN	Finland	1937	5,485	3,626
5709	FIN	Finland	1938	5,721	3,656
5710	FIN	Finland	1939	5,432	3,686
5711	FIN	Finland	1940	5,133	3,698
5712	FIN	Finland	1941	5,295	3,702
5713	FIN	Finland	1942	5,303	3,708
5714	FIN	Finland	1943	5,893	3,721
5715	FIN	Finland	1944	5,874	3,735
5716	FIN	Finland	1945	5,499	3,758
5717	FIN	Finland	1946	5,871	3,806
5718	FIN	Finland	1947	5,925	3,859
5719	FIN	Finland	1948	6,307	3,912
5720	FIN	Finland	1949	6,604	3,963
5721	FIN	Finland	1950	6,779	4,009
5722	FIN	Finland	1951	7,286	4,047
5723	FIN	Finland	1952	7,450	4,090
5724	FIN	Finland	1953	7,415	4,139
5725	FIN	Finland	1954	7,973	4,187
5726	FIN	Finland	1955	8,284	4,235
5727	FIN	Finland	1956	8,440	4,282
5728	FIN	Finland	1957	8,751	4,324
5729	FIN	Finland	1958	8,725	4,360
5730	FIN	Finland	1959	9,172	4,395
5731	FIN	Finland	1960	9,931	4,430
5732	FIN	Finland	1961	10,613	4,461
5733	FIN	Finland	1962	10,869	4,491
5734	FIN	Finland	1963	11,148	4,523
5735	FIN	Finland	1964	11,647	4,549
5736	FIN	Finland	1965	12,226	4,564
5737	FIN	Finland	1966	12,471	4,581
5738	FIN	Finland	1967	12,667	4,606
5739	FIN	Finland	1968	12,900	4,626
5740	FIN	Finland	1969	14,151	4,624
5741	FIN	Finland	1970	15,266	4,606
5742	FIN	Finland	1971	15,565	4,612
5743	FIN	Finland	1972	16,654	4,640
5744	FIN	Finland	1973	17,669	4,666
5745	FIN	Finland	1974	18,109	4,691
5746	FIN	Finland	1975	18,237	4,711
5747	FIN	Finland	1976	18,104	4,726
5748	FIN	Finland	1977	18,100	4,739
5749	FIN	Finland	1978	18,425	4,753
5750	FIN	Finland	1979	19,657	4,765
5751	FIN	Finland	1980	20,640	4,780
5752	FIN	Finland	1981	20,935	4,800
5753	FIN	Finland	1982	21,495	4,827
5754	FIN	Finland	1983	21,944	4,856
5755	FIN	Finland	1984	22,486	4,882
5756	FIN	Finland	1985	23,148	4,902
5757	FIN	Finland	1986	23,621	4,917
5758	FIN	Finland	1987	24,519	4,932
5759	FIN	Finland	1988	25,644	4,947
5760	FIN	Finland	1989	27,012	4,962
5761	FIN	Finland	1990	26,884	4,986
5762	FIN	Finland	1991	25,175	5,014
5763	FIN	Finland	1992	24,220	5,042
5764	FIN	Finland	1993	23,944	5,066
5765	FIN	Finland	1994	24,798	5,088
5766	FIN	Finland	1995	25,762	5,108
5767	FIN	Finland	1996	26,637	5,125
5768	FIN	Finland	1997	28,240	5,140
5769	FIN	Finland	1998	29,715	5,153
5770	FIN	Finland	1999	30,987	5,165
5771	FIN	Finland	2000	32,690	5,176
5772	FIN	Finland	2001	33,482	5,188
5773	FIN	Finland	2002	33,987	5,201
5774	FIN	Finland	2003	34,607	5,213
5775	FIN	Finland	2004	35,889	5,228
5776	FIN	Finland	2005	36,787	5,246
5777	FIN	Finland	2006	38,161	5,266
5778	FIN	Finland	2007	39,999	5,289
5779	FIN	Finland	2008	40,130	5,313
5780	FIN	Finland	2009	36,663	5,339
5781	FIN	Finland	2010	37,615	5,363
5782	FIN	Finland	2011	38,432	5,388
5783	FIN	Finland	2012	37,704	5,414
5784	FIN	Finland	2013	37,246	5,439
5785	FIN	Finland	2014	36,858	5,462
5786	FIN	Finland	2015	36,836	5,480
5787	FIN	Finland	2016	37,239	5,495
5788	FIN	Finland	2017	38,367	5,508
5789	FIN	Finland	2018	38,897	5,516
5790	FRA	France	1	956	5,000
5791	FRA	France	1000		6,500
5792	FRA	France	1280	1,321	
5793	FRA	France	1281	1,288	
5794	FRA	France	1282	1,253	
5795	FRA	France	1283	1,237	
5796	FRA	France	1284	1,219	
5797	FRA	France	1285	1,253	
5798	FRA	France	1286	1,253	
5799	FRA	France	1287	1,270	
5800	FRA	France	1288	1,304	
5801	FRA	France	1289	1,321	
5802	FRA	France	1290	1,321	
5803	FRA	France	1291	1,321	
5804	FRA	France	1292	1,339	
5805	FRA	France	1293	1,355	
5806	FRA	France	1294	1,270	
5807	FRA	France	1295	1,219	
5808	FRA	France	1296	1,253	
5809	FRA	France	1297	1,288	
5810	FRA	France	1298	1,339	
5811	FRA	France	1299	1,388	
5812	FRA	France	1300	1,423	
5813	FRA	France	1301	1,457	
