## Sheet: Full data (continued)
	A	B	C	D	E
7253	GBR	United Kingdom	1933	8,411	46,520
7254	GBR	United Kingdom	1934	8,939	46,666
7255	GBR	United Kingdom	1935	9,244	46,868
7256	GBR	United Kingdom	1936	9,620	47,081
7257	GBR	United Kingdom	1937	9,911	47,289
7258	GBR	United Kingdom	1938	9,988	47,494
7259	GBR	United Kingdom	1939	9,982	47,991
7260	GBR	United Kingdom	1940	10,928	48,226
7261	GBR	United Kingdom	1941	11,926	48,216
7262	GBR	United Kingdom	1942	12,176	48,400
7263	GBR	United Kingdom	1943	12,344	48,789
7264	GBR	United Kingdom	1944	11,803	49,016
7265	GBR	United Kingdom	1945	11,247	49,182
7266	GBR	United Kingdom	1946	10,751	49,217
7267	GBR	United Kingdom	1947	10,527	49,519
7268	GBR	United Kingdom	1948	10,753	50,014
7269	GBR	United Kingdom	1949	11,088	50,312
7270	GBR	United Kingdom	1950	11,061	50,127
7271	GBR	United Kingdom	1951	11,354	50,290
7272	GBR	United Kingdom	1952	11,303	50,430
7273	GBR	United Kingdom	1953	11,709	50,593
7274	GBR	United Kingdom	1954	12,145	50,765
7275	GBR	United Kingdom	1955	12,541	50,946
7276	GBR	United Kingdom	1956	12,639	51,184
7277	GBR	United Kingdom	1957	12,779	51,430
7278	GBR	United Kingdom	1958	12,698	51,652
7279	GBR	United Kingdom	1959	13,134	51,956
7280	GBR	United Kingdom	1960	13,780	52,372
7281	GBR	United Kingdom	1961	14,118	52,807
7282	GBR	United Kingdom	1962	14,131	53,292
7283	GBR	United Kingdom	1963	14,583	53,625
7284	GBR	United Kingdom	1964	15,251	53,991
7285	GBR	United Kingdom	1965	15,545	54,350
7286	GBR	United Kingdom	1966	15,757	54,643
7287	GBR	United Kingdom	1967	16,018	54,959
7288	GBR	United Kingdom	1968	16,593	55,214
7289	GBR	United Kingdom	1969	16,820	55,461
7290	GBR	United Kingdom	1970	17,162	55,632
7291	GBR	United Kingdom	1971	17,440	55,907
7292	GBR	United Kingdom	1972	18,002	56,079
7293	GBR	United Kingdom	1973	19,168	56,210
7294	GBR	United Kingdom	1974	18,903	56,224
7295	GBR	United Kingdom	1975	18,884	56,215
7296	GBR	United Kingdom	1976	19,311	56,206
7297	GBR	United Kingdom	1977	19,740	56,179
7298	GBR	United Kingdom	1978	20,448	56,167
7299	GBR	United Kingdom	1979	20,988	56,228
7300	GBR	United Kingdom	1980	20,612	56,314
7301	GBR	United Kingdom	1981	20,319	56,383
7302	GBR	United Kingdom	1982	20,650	56,340
7303	GBR	United Kingdom	1983	21,366	56,383
7304	GBR	United Kingdom	1984	21,869	56,462
7305	GBR	United Kingdom	1985	22,579	56,620
7306	GBR	United Kingdom	1986	23,498	56,796
7307	GBR	United Kingdom	1987	24,536	56,982
7308	GBR	United Kingdom	1988	25,679	57,160
7309	GBR	United Kingdom	1989	26,164	57,324
7310	GBR	United Kingdom	1990	26,189	57,493
7311	GBR	United Kingdom	1991	25,792	57,671
7312	GBR	United Kingdom	1992	25,790	57,828
7313	GBR	United Kingdom	1993	26,349	57,966
7314	GBR	United Kingdom	1994	27,278	58,114
7315	GBR	United Kingdom	1995	27,861	58,268
7316	GBR	United Kingdom	1996	28,472	58,417
7317	GBR	United Kingdom	1997	29,260	58,567
7318	GBR	United Kingdom	1998	30,077	58,738
7319	GBR	United Kingdom	1999	30,933	58,934
7320	GBR	United Kingdom	2000	31,946	59,145
7321	GBR	United Kingdom	2001	32,660	59,373
7322	GBR	United Kingdom	2002	33,271	59,625
7323	GBR	United Kingdom	2003	34,232	59,904
7324	GBR	United Kingdom	2004	34,866	60,245
7325	GBR	United Kingdom	2005	35,624	60,660
7326	GBR	United Kingdom	2006	36,214	61,108
7327	GBR	United Kingdom	2007	36,817	61,586
7328	GBR	United Kingdom	2008	36,265	62,072
7329	GBR	United Kingdom	2009	34,402	62,544
7330	GBR	United Kingdom	2010	34,754	63,036
7331	GBR	United Kingdom	2011	34,971	63,530
7332	GBR	United Kingdom	2012	35,185	63,974
7333	GBR	United Kingdom	2013	35,618	64,404
7334	GBR	United Kingdom	2014	36,436	64,880
7335	GBR	United Kingdom	2015	36,941	65,396
7336	GBR	United Kingdom	2016	37,334	65,893
7337	GBR	United Kingdom	2017	37,783	66,342
7338	GBR	United Kingdom	2018	38,058	66,746
7339	GEO	Georgia	1950		3,516
7340	GEO	Georgia	1951		3,579
7341	GEO	Georgia	1952		3,628
7342	GEO	Georgia	1953		3,687
7343	GEO	Georgia	1954		3,760
7344	GEO	Georgia	1955		3,827
7345	GEO	Georgia	1956		3,887
7346	GEO	Georgia	1957		3,937
7347	GEO	Georgia	1958		3,995
7348	GEO	Georgia	1959		4,071
7349	GEO	Georgia	1960		4,147
7350	GEO	Georgia	1961		4,211
7351	GEO	Georgia	1962		4,279
7352	GEO	Georgia	1963		4,344
7353	GEO	Georgia	1964		4,407
7354	GEO	Georgia	1965		4,465
7355	GEO	Georgia	1966		4,518
7356	GEO	Georgia	1967		4,565
7357	GEO	Georgia	1968		4,607
7358	GEO	Georgia	1969		4,650
7359	GEO	Georgia	1970		4,694
7360	GEO	Georgia	1971		4,742
7361	GEO	Georgia	1972		4,786
7362	GEO	Georgia	1973	9,456	4,826
7363	GEO	Georgia	1974		4,865
7364	GEO	Georgia	1975		4,898
7365	GEO	Georgia	1976		4,930
7366	GEO	Georgia	1977		4,963
7367	GEO	Georgia	1978		4,991
7368	GEO	Georgia	1979		5,019
7369	GEO	Georgia	1980	10,519	5,046
7370	GEO	Georgia	1981	11,053	5,073
7371	GEO	Georgia	1982	11,611	5,101
7372	GEO	Georgia	1983	12,234	5,131
7373	GEO	Georgia	1984	13,128	5,162
7374	GEO	Georgia	1985	13,868	5,193
7375	GEO	Georgia	1986	13,839	5,219
7376	GEO	Georgia	1987	13,707	5,240
7377	GEO	Georgia	1988	14,665	5,320
7378	GEO	Georgia	1989	14,161	5,398
7379	GEO	Georgia	1990	12,140	5,426
7380	GEO	Georgia	1991	9,535	5,425
7381	GEO	Georgia	1992	5,287	5,366
7382	GEO	Georgia	1993	3,793	5,264
7383	GEO	Georgia	1994	3,463	5,141
7384	GEO	Georgia	1995	3,611	5,037
7385	GEO	Georgia	1996	4,031	4,961
7386	GEO	Georgia	1997	4,481	4,912
7387	GEO	Georgia	1998	4,620	4,878
7388	GEO	Georgia	1999	4,763	4,848
7389	GEO	Georgia	2000	4,892	4,814
7390	GEO	Georgia	2001	5,125	4,789
7391	GEO	Georgia	2002	5,407	4,771
7392	GEO	Georgia	2003	6,013	4,746
7393	GEO	Georgia	2004	6,343	4,739
7394	GEO	Georgia	2005	6,850	4,786
7395	GEO	Georgia	2006	7,398	4,826
7396	GEO	Georgia	2007	8,300	4,820
7397	GEO	Georgia	2008	8,462	4,819
7398	GEO	Georgia	2009	8,062	4,851
7399	GEO	Georgia	2010	8,443	4,898
7400	GEO	Georgia	2011	8,946	4,934
7401	GEO	Georgia	2012	9,491	4,946
7402	GEO	Georgia	2013	9,829	4,938
7403	GEO	Georgia	2014	10,297	4,931
7404	GEO	Georgia	2015	10,603	4,927
7405	GEO	Georgia	2016	10,899	4,924
7406	GEO	Georgia	2017	11,431	4,922
7407	GEO	Georgia	2018	11,985	4,922
7408	GHA	Ghana	1870	700	1,579
7409	GHA	Ghana	1913	1,245	2,043
7410	GHA	Ghana	1950	1,788	5,297
7411	GHA	Ghana	1951	1,808	5,437
7412	GHA	Ghana	1952	1,728	5,581
7413	GHA	Ghana	1953	1,916	5,731
7414	GHA	Ghana	1954	2,099	5,887
7415	GHA	Ghana	1955	1,913	6,049
7416	GHA	Ghana	1956	1,970	6,217
7417	GHA	Ghana	1957	1,978	6,391
7418	GHA	Ghana	1958	1,892	6,573
7419	GHA	Ghana	1959	2,106	6,761
7420	GHA	Ghana	1960	2,197	6,958
7421	GHA	Ghana	1961	2,212	7,154
7422	GHA	Ghana	1962	2,257	7,355
7423	GHA	Ghana	1963	2,270	7,564
7424	GHA	Ghana	1964	2,254	7,782
7425	GHA	Ghana	1965	2,220	8,010
7426	GHA	Ghana	1966	2,158	8,245
7427	GHA	Ghana	1967	2,134	8,490
7428	GHA	Ghana	1968	2,101	8,744
7429	GHA	Ghana	1969	2,112	9,009
7430	GHA	Ghana	1970	2,270	8,789
7431	GHA	Ghana	1971	2,377	9,065
7432	GHA	Ghana	1972	2,235	9,354
7433	GHA	Ghana	1973	2,227	9,649
7434	GHA	Ghana	1974	2,319	9,905
7435	GHA	Ghana	1975	1,988	10,118
7436	GHA	Ghana	1976	1,878	10,333
7437	GHA	Ghana	1977	1,882	10,538
7438	GHA	Ghana	1978	2,008	10,721
7439	GHA	Ghana	1979	1,929	10,879
7440	GHA	Ghana	1980	1,844	11,017
7441	GHA	Ghana	1981	1,820	11,178
7442	GHA	Ghana	1982	1,661	11,402
7443	GHA	Ghana	1983	1,487	12,152
7444	GHA	Ghana	1984	1,530	12,833
7445	GHA	Ghana	1985	1,559	13,228
7446	GHA	Ghana	1986	1,575	13,781
7447	GHA	Ghana	1987	1,605	14,175
7448	GHA	Ghana	1988	1,648	14,577
7449	GHA	Ghana	1989	1,685	14,987
7450	GHA	Ghana	1990	1,693	15,414
7451	GHA	Ghana	1991	1,743	15,754
7452	GHA	Ghana	1992	1,772	16,092
7453	GHA	Ghana	1993	1,791	16,493
7454	GHA	Ghana	1994	1,814	16,874
7455	GHA	Ghana	1995	1,857	17,171
7456	GHA	Ghana	1996	1,908	17,464
7457	GHA	Ghana	1997	1,965	17,772
7458	GHA	Ghana	1998	2,018	18,103
7459	GHA	Ghana	1999	2,067	18,450
7460	GHA	Ghana	2000	2,100	18,816
7461	GHA	Ghana	2001	2,143	19,199
7462	GHA	Ghana	2002	2,192	19,607
7463	GHA	Ghana	2003	2,257	20,036
7464	GHA	Ghana	2004	2,330	20,471
7465	GHA	Ghana	2005	2,411	20,924
7466	GHA	Ghana	2006	2,504	21,396
7467	GHA	Ghana	2007	2,553	21,877
7468	GHA	Ghana	2008	2,726	22,359
7469	GHA	Ghana	2009	2,794	22,852
7470	GHA	Ghana	2010	2,946	23,367
7471	GHA	Ghana	2011	3,283	23,899
7472	GHA	Ghana	2012	3,508	24,438
7473	GHA	Ghana	2013	3,683	24,981
7474	GHA	Ghana	2014	3,747	25,534
7475	GHA	Ghana	2015	3,809	26,099
7476	GHA	Ghana	2016	3,878	26,675
7477	GHA	Ghana	2017	4,104	27,261
7478	GHA	Ghana	2018	4,267	27,858
7479	GIN	Guinea	1950	520	2,586
7480	GIN	Guinea	1951	542	2,625
7481	GIN	Guinea	1952	550	2,664
7482	GIN	Guinea	1953	563	2,705
7483	GIN	Guinea	1954	587	2,745
7484	GIN	Guinea	1955	598	2,787
7485	GIN	Guinea	1956	610	2,830
7486	GIN	Guinea	1957	622	2,875
7487	GIN	Guinea	1958	630	2,922
7488	GIN	Guinea	1959	655	2,971
7489	GIN	Guinea	1960	671	3,021
7490	GIN	Guinea	1961	703	3,073
7491	GIN	Guinea	1962	741	3,126
7492	GIN	Guinea	1963	689	3,181
7493	GIN	Guinea	1964	720	3,236
7494	GIN	Guinea	1965	756	3,293
7495	GIN	Guinea	1966	759	3,352
7496	GIN	Guinea	1967	767	3,411
7497	GIN	Guinea	1968	776	3,472
7498	GIN	Guinea	1969	784	3,534
7499	GIN	Guinea	1970	795	3,597
7500	GIN	Guinea	1971	822	3,662
7501	GIN	Guinea	1972	826	3,728
7502	GIN	Guinea	1973	821	3,796
7503	GIN	Guinea	1974	848	3,864
7504	GIN	Guinea	1975	854	3,935
7505	GIN	Guinea	1976	905	4,007
7506	GIN	Guinea	1977	858	4,080
7507	GIN	Guinea	1978	897	4,155
7508	GIN	Guinea	1979	869	4,231
7509	GIN	Guinea	1980	872	4,310
7510	GIN	Guinea	1981	859	4,390
7511	GIN	Guinea	1982	858	4,472
7512	GIN	Guinea	1983	850	4,555
7513	GIN	Guinea	1984	824	4,761
7514	GIN	Guinea	1985	821	5,016
7515	GIN	Guinea	1986	819	5,164
7516	GIN	Guinea	1987	826	5,279
7517	GIN	Guinea	1988	856	5,397
7518	GIN	Guinea	1989	869	5,518
7519	GIN	Guinea	1990	861	5,807
7520	GIN	Guinea	1991	827	6,215
7521	GIN	Guinea	1992	833	6,436
7522	GIN	Guinea	1993	863	6,602
7523	GIN	Guinea	1994	882	6,796
7524	GIN	Guinea	1995	906	7,009
7525	GIN	Guinea	1996	927	7,236
7526	GIN	Guinea	1997	976	7,296
7527	GIN	Guinea	1998	1,011	7,388
7528	GIN	Guinea	1999	1,031	7,610
7529	GIN	Guinea	2000	1,047	7,780
7530	GIN	Guinea	2001	1,091	7,821
7531	GIN	Guinea	2002	1,149	7,906
7532	GIN	Guinea	2003	1,146	8,121
7533	GIN	Guinea	2004	1,160	8,317
7534	GIN	Guinea	2005	1,187	8,478
7535	GIN	Guinea	2006	1,188	8,650
7536	GIN	Guinea	2007	1,253	8,860
7537	GIN	Guinea	2008	1,290	9,091
7538	GIN	Guinea	2009	1,255	9,327
7539	GIN	Guinea	2010	1,292	9,571
7540	GIN	Guinea	2011	1,347	9,825
7541	GIN	Guinea	2012	1,397	10,084
7542	GIN	Guinea	2013	1,421	10,351
7543	GIN	Guinea	2014	1,399	10,632
7544	GIN	Guinea	2015	1,364	10,924
7545	GIN	Guinea	2016	1,417	11,225
7546	GIN	Guinea	2017	1,563	11,534
7547	GIN	Guinea	2018	1,606	11,855
7548	GMB	Gambia	1950	982	271
7549	GMB	Gambia	1951	1,015	278
7550	GMB	Gambia	1952	1,022	284
7551	GMB	Gambia	1953	1,036	291
7552	GMB	Gambia	1954	1,068	299
7553	GMB	Gambia	1955	1,074	306
7554	GMB	Gambia	1956	1,086	315
7555	GMB	Gambia	1957	1,097	323
7556	GMB	Gambia	1958	1,097	332
7557	GMB	Gambia	1959	1,129	342
7558	GMB	Gambia	1960	1,167	352
7559	GMB	Gambia	1961	1,318	363
7560	GMB	Gambia	1962	1,262	374
7561	GMB	Gambia	1963	1,232	386
7562	GMB	Gambia	1964	1,274	399
7563	GMB	Gambia	1965	1,368	412
7564	GMB	Gambia	1966	1,545	426
7565	GMB	Gambia	1967	1,548	440
7566	GMB	Gambia	1968	1,519	454
7567	GMB	Gambia	1969	1,629	469
7568	GMB	Gambia	1970	1,422	485
7569	GMB	Gambia	1971	1,376	501
7570	GMB	Gambia	1972	1,334	517
7571	GMB	Gambia	1973	1,411	534
7572	GMB	Gambia	1974	1,452	550
7573	GMB	Gambia	1975	1,497	566
7574	GMB	Gambia	1976	1,436	582
7575	GMB	Gambia	1977	1,417	599
7576	GMB	Gambia	1978	1,446	616
7577	GMB	Gambia	1979	1,360	634
7578	GMB	Gambia	1980	1,325	652
7579	GMB	Gambia	1981	1,521	671
7580	GMB	Gambia	1982	1,581	691
7581	GMB	Gambia	1983	1,482	711
7582	GMB	Gambia	1984	1,462	741
7583	GMB	Gambia	1985	1,451	773
7584	GMB	Gambia	1986	1,422	805
7585	GMB	Gambia	1987	1,406	839
7586	GMB	Gambia	1988	1,417	875
7587	GMB	Gambia	1989	1,407	912
7588	GMB	Gambia	1990	1,400	951
7589	GMB	Gambia	1991	1,391	991
7590	GMB	Gambia	1992	1,391	1,034
7591	GMB	Gambia	1993	1,386	1,077
7592	GMB	Gambia	1994	1,345	1,120
7593	GMB	Gambia	1995	1,317	1,161
7594	GMB	Gambia	1996	1,337	1,202
7595	GMB	Gambia	1997	1,308	1,242
7596	GMB	Gambia	1998	1,325	1,282
7597	GMB	Gambia	1999	1,386	1,320
