## Sheet: Full data (continued)
	A	B	C	D	E
8249	HND	Honduras	1958	2,106	1,829
8250	HND	Honduras	1959	2,090	1,889
8251	HND	Honduras	1960	2,147	1,952
8252	HND	Honduras	1961	2,130	2,019
8253	HND	Honduras	1962	2,174	2,090
8254	HND	Honduras	1963	2,177	2,166
8255	HND	Honduras	1964	2,209	2,246
8256	HND	Honduras	1965	2,314	2,329
8257	HND	Honduras	1966	2,364	2,414
8258	HND	Honduras	1967	2,410	2,501
8259	HND	Honduras	1968	2,463	2,591
8260	HND	Honduras	1969	2,396	2,685
8261	HND	Honduras	1970	2,391	2,761
8262	HND	Honduras	1971	2,404	2,856
8263	HND	Honduras	1972	2,448	2,965
8264	HND	Honduras	1973	2,544	3,078
8265	HND	Honduras	1974	2,797	2,765
8266	HND	Honduras	1975	2,764	2,858
8267	HND	Honduras	1976	2,954	2,955
8268	HND	Honduras	1977	3,153	3,056
8269	HND	Honduras	1978	3,346	3,169
8270	HND	Honduras	1979	3,382	3,280
8271	HND	Honduras	1980	3,282	3,403
8272	HND	Honduras	1981	3,231	3,544
8273	HND	Honduras	1982	3,076	3,671
8274	HND	Honduras	1983	2,947	3,798
8275	HND	Honduras	1984	2,968	3,935
8276	HND	Honduras	1985	2,982	4,079
8277	HND	Honduras	1986	2,898	4,229
8278	HND	Honduras	1987	2,970	4,376
8279	HND	Honduras	1988	3,009	4,518
8280	HND	Honduras	1989	3,045	4,659
8281	HND	Honduras	1990	2,960	4,798
8282	HND	Honduras	1991	2,993	4,937
8283	HND	Honduras	1992	3,095	5,084
8284	HND	Honduras	1993	3,217	5,237
8285	HND	Honduras	1994	3,106	5,395
8286	HND	Honduras	1995	3,164	5,556
8287	HND	Honduras	1996	3,210	5,719
8288	HND	Honduras	1997	3,303	5,881
8289	HND	Honduras	1998	3,333	6,046
8290	HND	Honduras	1999	3,215	6,198
8291	HND	Honduras	2000	3,336	6,367
8292	HND	Honduras	2001	3,365	6,535
8293	HND	Honduras	2002	3,431	6,698
8294	HND	Honduras	2003	3,527	6,863
8295	HND	Honduras	2004	3,687	7,028
8296	HND	Honduras	2005	3,851	7,194
8297	HND	Honduras	2006	4,045	7,359
8298	HND	Honduras	2007	4,237	7,522
8299	HND	Honduras	2008	4,359	7,682
8300	HND	Honduras	2009	4,200	7,839
8301	HND	Honduras	2010	4,306	7,991
8302	HND	Honduras	2011	4,421	8,141
8303	HND	Honduras	2012	4,518	8,288
8304	HND	Honduras	2013	4,561	8,429
8305	HND	Honduras	2014	4,620	8,546
8306	HND	Honduras	2015	4,706	8,661
8307	HND	Honduras	2016	4,796	8,770
8308	HND	Honduras	2017	4,941	8,878
8309	HND	Honduras	2018	5,042	9,002
8310	HRV	Croatia	1950		3,837
8311	HRV	Croatia	1951		3,860
8312	HRV	Croatia	1952	2,738	3,882
8313	HRV	Croatia	1953	2,952	3,906
8314	HRV	Croatia	1954	3,193	3,930
8315	HRV	Croatia	1955	3,749	3,956
8316	HRV	Croatia	1956	3,564	3,973
8317	HRV	Croatia	1957	4,203	3,991
8318	HRV	Croatia	1958	4,285	4,004
8319	HRV	Croatia	1959	4,640	4,021
8320	HRV	Croatia	1960	5,067	4,036
8321	HRV	Croatia	1961	5,404	4,055
8322	HRV	Croatia	1962	5,509	4,077
8323	HRV	Croatia	1963	6,059	4,099
8324	HRV	Croatia	1964	6,591	4,114
8325	HRV	Croatia	1965	6,741	4,133
8326	HRV	Croatia	1966	7,184	4,156
8327	HRV	Croatia	1967	7,382	4,174
8328	HRV	Croatia	1968	7,667	4,190
8329	HRV	Croatia	1969	8,209	4,201
8330	HRV	Croatia	1970	8,751	4,205
8331	HRV	Croatia	1971	9,414	4,216
8332	HRV	Croatia	1972	9,631	4,225
8333	HRV	Croatia	1973	9,969	4,235
8334	HRV	Croatia	1974	10,786	4,246
8335	HRV	Croatia	1975	11,053	4,255
8336	HRV	Croatia	1976	11,469	4,286
8337	HRV	Croatia	1977	12,385	4,319
8338	HRV	Croatia	1978	13,265	4,349
8339	HRV	Croatia	1979	13,994	4,380
8340	HRV	Croatia	1980	14,193	4,383
8341	HRV	Croatia	1981	14,182	4,391
8342	HRV	Croatia	1982	14,123	4,413
8343	HRV	Croatia	1983	13,841	4,431
8344	HRV	Croatia	1984	14,104	4,442
8345	HRV	Croatia	1985	14,067	4,458
8346	HRV	Croatia	1986	14,416	4,472
8347	HRV	Croatia	1987	14,362	4,484
8348	HRV	Croatia	1988	14,207	4,494
8349	HRV	Croatia	1989	13,959	4,501
8350	HRV	Croatia	1990	12,948	4,508
8351	HRV	Croatia	1991	10,296	4,425
8352	HRV	Croatia	1992	9,332	4,318
8353	HRV	Croatia	1993	8,740	4,341
8354	HRV	Croatia	1994	9,353	4,390
8355	HRV	Croatia	1995	10,180	4,360
8356	HRV	Croatia	1996	11,030	4,300
8357	HRV	Croatia	1997	11,998	4,280
8358	HRV	Croatia	1998	12,476	4,277
8359	HRV	Croatia	1999	12,580	4,258
8360	HRV	Croatia	2000	13,245	4,149
8361	HRV	Croatia	2001	13,818	4,058
8362	HRV	Croatia	2002	14,684	4,063
8363	HRV	Croatia	2003	15,740	4,063
8364	HRV	Croatia	2004	16,629	4,066
8365	HRV	Croatia	2005	17,581	4,069
8366	HRV	Croatia	2006	18,707	4,070
8367	HRV	Croatia	2007	19,984	4,070
8368	HRV	Croatia	2008	20,717	4,068
8369	HRV	Croatia	2009	19,502	4,064
8370	HRV	Croatia	2010	19,511	4,054
8371	HRV	Croatia	2011	19,813	4,042
8372	HRV	Croatia	2012	19,441	4,029
8373	HRV	Croatia	2013	19,298	4,015
8374	HRV	Croatia	2014	19,284	3,998
8375	HRV	Croatia	2015	19,698	3,971
8376	HRV	Croatia	2016	20,376	3,937
8377	HRV	Croatia	2017	21,232	3,897
8378	HRV	Croatia	2018	22,012	3,861
8379	HTI	Haiti	1820		723
8380	HTI	Haiti	1850		938
8381	HTI	Haiti	1870		1,150
8382	HTI	Haiti	1900		1,560
8383	HTI	Haiti	1901		1,583
8384	HTI	Haiti	1902		1,607
8385	HTI	Haiti	1903		1,631
8386	HTI	Haiti	1904		1,655
8387	HTI	Haiti	1905		1,680
8388	HTI	Haiti	1906		1,705
8389	HTI	Haiti	1907		1,730
8390	HTI	Haiti	1908		1,756
8391	HTI	Haiti	1909		1,782
8392	HTI	Haiti	1910		1,809
8393	HTI	Haiti	1911		1,836
8394	HTI	Haiti	1912		1,863
8395	HTI	Haiti	1913		1,891
8396	HTI	Haiti	1914		1,923
8397	HTI	Haiti	1915		1,955
8398	HTI	Haiti	1916		1,988
8399	HTI	Haiti	1917		2,021
8400	HTI	Haiti	1918		2,055
8401	HTI	Haiti	1919		2,089
8402	HTI	Haiti	1920		2,124
8403	HTI	Haiti	1921		2,152
8404	HTI	Haiti	1922		2,181
8405	HTI	Haiti	1923		2,209
8406	HTI	Haiti	1924		2,239
8407	HTI	Haiti	1925		2,268
8408	HTI	Haiti	1926		2,298
8409	HTI	Haiti	1927		2,328
8410	HTI	Haiti	1928		2,359
8411	HTI	Haiti	1929		2,390
8412	HTI	Haiti	1930		2,422
8413	HTI	Haiti	1931		2,453
8414	HTI	Haiti	1932		2,485
8415	HTI	Haiti	1933		2,517
8416	HTI	Haiti	1934		2,549
8417	HTI	Haiti	1935		2,582
8418	HTI	Haiti	1936		2,615
8419	HTI	Haiti	1937		2,648
8420	HTI	Haiti	1938		2,682
8421	HTI	Haiti	1939		2,716
8422	HTI	Haiti	1940		2,751
8423	HTI	Haiti	1941		2,786
8424	HTI	Haiti	1942		2,820
8425	HTI	Haiti	1943		2,856
8426	HTI	Haiti	1944		2,892
8427	HTI	Haiti	1945	1,780	2,928
8428	HTI	Haiti	1946	1,776	2,961
8429	HTI	Haiti	1947	1,785	2,994
8430	HTI	Haiti	1948	1,784	3,028
8431	HTI	Haiti	1949	1,782	3,062
8432	HTI	Haiti	1950	1,790	3,097
8433	HTI	Haiti	1951	1,788	3,146
8434	HTI	Haiti	1952	1,860	3,197
8435	HTI	Haiti	1953	1,771	3,250
8436	HTI	Haiti	1954	1,884	3,306
8437	HTI	Haiti	1955	1,776	3,365
8438	HTI	Haiti	1956	1,897	3,427
8439	HTI	Haiti	1957	1,752	3,490
8440	HTI	Haiti	1958	1,855	3,557
8441	HTI	Haiti	1959	1,734	3,625
8442	HTI	Haiti	1960	1,809	3,697
8443	HTI	Haiti	1961	1,702	3,771
8444	HTI	Haiti	1962	1,828	3,848
8445	HTI	Haiti	1963	1,675	3,928
8446	HTI	Haiti	1964	1,604	4,010
8447	HTI	Haiti	1965	1,588	4,094
8448	HTI	Haiti	1966	1,546	4,179
8449	HTI	Haiti	1967	1,482	4,267
8450	HTI	Haiti	1968	1,510	4,356
8451	HTI	Haiti	1969	1,527	4,447
8452	HTI	Haiti	1970	1,567	4,541
8453	HTI	Haiti	1971	1,651	4,585
8454	HTI	Haiti	1972	1,635	4,677
8455	HTI	Haiti	1973	1,678	4,771
8456	HTI	Haiti	1974	1,742	4,866
8457	HTI	Haiti	1975	1,726	4,963
8458	HTI	Haiti	1976	1,835	5,064
8459	HTI	Haiti	1977	1,808	5,167
8460	HTI	Haiti	1978	1,859	5,270
8461	HTI	Haiti	1979	1,959	5,375
8462	HTI	Haiti	1980	2,063	5,483
8463	HTI	Haiti	1981	1,964	5,595
8464	HTI	Haiti	1982	1,855	5,709
8465	HTI	Haiti	1983	1,835	5,827
8466	HTI	Haiti	1984	1,803	5,950
8467	HTI	Haiti	1985	1,776	6,076
8468	HTI	Haiti	1986	1,729	6,205
8469	HTI	Haiti	1987	1,682	6,335
8470	HTI	Haiti	1988	1,701	6,459
8471	HTI	Haiti	1989	1,619	6,586
8472	HTI	Haiti	1990	1,602	6,725
8473	HTI	Haiti	1991	1,629	6,850
8474	HTI	Haiti	1992	1,536	6,983
8475	HTI	Haiti	1993	1,443	7,139
8476	HTI	Haiti	1994	1,262	7,300
8477	HTI	Haiti	1995	1,379	7,464
8478	HTI	Haiti	1996	1,426	7,629
8479	HTI	Haiti	1997	1,456	7,792
8480	HTI	Haiti	1998	1,481	7,957
8481	HTI	Haiti	1999	1,513	8,121
8482	HTI	Haiti	2000	1,521	8,279
8483	HTI	Haiti	2001	1,501	8,430
8484	HTI	Haiti	2002	1,494	8,580
8485	HTI	Haiti	2003	1,496	8,739
8486	HTI	Haiti	2004	1,439	8,900
8487	HTI	Haiti	2005	1,462	9,061
8488	HTI	Haiti	2006	1,493	9,216
8489	HTI	Haiti	2007	1,542	9,364
8490	HTI	Haiti	2008	1,555	9,508
8491	HTI	Haiti	2009	1,604	9,652
8492	HTI	Haiti	2010	1,557	9,553
8493	HTI	Haiti	2011	1,648	9,670
8494	HTI	Haiti	2012	1,674	9,793
8495	HTI	Haiti	2013	1,722	9,922
8496	HTI	Haiti	2014	1,749	10,047
8497	HTI	Haiti	2015	1,742	10,254
8498	HTI	Haiti	2016	1,728	10,486
8499	HTI	Haiti	2017	1,726	10,647
8500	HTI	Haiti	2018	1,729	10,788
8501	HUN	Hungary	1		300
8502	HUN	Hungary	1000		500
8503	HUN	Hungary	1500		1,250
8504	HUN	Hungary	1600		1,250
8505	HUN	Hungary	1700		1,500
8506	HUN	Hungary	1820		4,146
8507	HUN	Hungary	1850		5,161
8508	HUN	Hungary	1870	1,741	5,917
8509	HUN	Hungary	1890	2,348	6,622
8510	HUN	Hungary	1900	2,681	7,127
8511	HUN	Hungary	1910	3,188	7,644
8512	HUN	Hungary	1913	3,344	7,840
8513	HUN	Hungary	1920	2,724	7,950
8514	HUN	Hungary	1921		8,029
8515	HUN	Hungary	1922		8,103
8516	HUN	Hungary	1923		8,173
8517	HUN	Hungary	1924	3,048	8,232
8518	HUN	Hungary	1925	3,633	8,299
8519	HUN	Hungary	1926	3,446	8,383
8520	HUN	Hungary	1927	3,566	8,454
8521	HUN	Hungary	1928	3,849	8,520
8522	HUN	Hungary	1929	3,947	8,583
8523	HUN	Hungary	1930	3,832	8,649
8524	HUN	Hungary	1931	3,615	8,723
8525	HUN	Hungary	1932	3,494	8,785
8526	HUN	Hungary	1933	3,784	8,848
8527	HUN	Hungary	1934	3,778	8,919
8528	HUN	Hungary	1935	3,939	8,985
8529	HUN	Hungary	1936	4,173	9,046
8530	HUN	Hungary	1937	4,053	9,107
8531	HUN	Hungary	1938	4,232	9,167
8532	HUN	Hungary	1939	4,524	9,227
8533	HUN	Hungary	1940	4,186	9,287
8534	HUN	Hungary	1941	4,186	9,344
8535	HUN	Hungary	1942	4,372	9,396
8536	HUN	Hungary	1943		9,442
8537	HUN	Hungary	1944		9,497
8538	HUN	Hungary	1945		9,024
8539	HUN	Hungary	1946	2,743	9,042
8540	HUN	Hungary	1947	2,828	9,079
8541	HUN	Hungary	1948	3,507	9,158
8542	HUN	Hungary	1949	3,752	9,250
8543	HUN	Hungary	1950	3,953	9,338
8544	HUN	Hungary	1951	4,296	9,423
8545	HUN	Hungary	1952	4,403	9,504
8546	HUN	Hungary	1953	4,441	9,595
8547	HUN	Hungary	1954	4,543	9,706
8548	HUN	Hungary	1955	4,894	9,825
8549	HUN	Hungary	1956	4,632	9,911
8550	HUN	Hungary	1957	5,051	9,839
8551	HUN	Hungary	1958	5,367	9,882
8552	HUN	Hungary	1959	5,553	9,937
8553	HUN	Hungary	1960	5,816	9,984
8554	HUN	Hungary	1961	6,083	10,029
8555	HUN	Hungary	1962	6,315	10,063
8556	HUN	Hungary	1963	6,644	10,091
8557	HUN	Hungary	1964	6,994	10,124
8558	HUN	Hungary	1965	7,029	10,153
8559	HUN	Hungary	1966	7,406	10,185
8560	HUN	Hungary	1967	7,801	10,223
8561	HUN	Hungary	1968	7,865	10,264
8562	HUN	Hungary	1969	8,069	10,303
8563	HUN	Hungary	1970	8,015	10,337
8564	HUN	Hungary	1971	8,349	10,365
8565	HUN	Hungary	1972	8,505	10,394
8566	HUN	Hungary	1973	8,920	10,426
8567	HUN	Hungary	1974	9,111	10,471
8568	HUN	Hungary	1975	9,253	10,532
8569	HUN	Hungary	1976	9,231	10,589
8570	HUN	Hungary	1977	9,765	10,637
8571	HUN	Hungary	1978	9,967	10,673
8572	HUN	Hungary	1979	9,964	10,698
8573	HUN	Hungary	1980	10,052	10,711
8574	HUN	Hungary	1981	10,123	10,712
8575	HUN	Hungary	1982	10,493	10,706
8576	HUN	Hungary	1983	10,401	10,689
8577	HUN	Hungary	1984	10,696	10,668
8578	HUN	Hungary	1985	10,452	10,649
8579	HUN	Hungary	1986	10,678	10,631
8580	HUN	Hungary	1987	10,861	10,613
8581	HUN	Hungary	1988	11,207	10,442
8582	HUN	Hungary	1989	11,003	10,398
8583	HUN	Hungary	1990	10,296	10,372
8584	HUN	Hungary	1991	9,256	10,371
8585	HUN	Hungary	1992	9,154	10,367
8586	HUN	Hungary	1993	9,294	10,355
8587	HUN	Hungary	1994	9,772	10,341
8588	HUN	Hungary	1995	10,135	10,327
8589	HUN	Hungary	1996	10,359	10,309
8590	HUN	Hungary	1997	10,942	10,288
8591	HUN	Hungary	1998	11,663	10,264
8592	HUN	Hungary	1999	12,317	10,235
8593	HUN	Hungary	2000	13,129	10,209
8594	HUN	Hungary	2001	13,934	10,186
8595	HUN	Hungary	2002	14,899	10,157
8596	HUN	Hungary	2003	15,830	10,127
8597	HUN	Hungary	2004	16,999	10,105
8598	HUN	Hungary	2005	18,141	10,085
8599	HUN	Hungary	2006	19,253	10,069
8600	HUN	Hungary	2007	19,764	10,054
8601	HUN	Hungary	2008	20,381	10,036
8602	HUN	Hungary	2009	19,461	10,021
8603	HUN	Hungary	2010	20,036	9,998
8604	HUN	Hungary	2011	20,886	9,957
8605	HUN	Hungary	2012	20,631	9,918
8606	HUN	Hungary	2013	21,126	9,891
8607	HUN	Hungary	2014	22,040	9,864
8608	HUN	Hungary	2015	22,788	9,841
8609	HUN	Hungary	2016	23,279	9,812
8610	HUN	Hungary	2017	24,350	9,786
8611	HUN	Hungary	2018	25,623	9,774
8612	IDN	Indonesia	1		2,800
