## Sheet: Full data (continued)
	A	B	C	D	E
10100	ITA	Italy	1882	2,915	29,898
10101	ITA	Italy	1883	2,942	30,113
10102	ITA	Italy	1884	2,898	30,366
10103	ITA	Italy	1885	2,941	30,644
10104	ITA	Italy	1886	3,005	30,857
10105	ITA	Italy	1887	3,081	31,049
10106	ITA	Italy	1888	3,065	31,243
10107	ITA	Italy	1889	2,971	31,468
10108	ITA	Italy	1890	2,974	31,702
10109	ITA	Italy	1891	3,014	31,892
10110	ITA	Italy	1892	3,017	32,091
10111	ITA	Italy	1893	3,064	32,303
10112	ITA	Italy	1894	3,081	32,513
10113	ITA	Italy	1895	3,107	32,689
10114	ITA	Italy	1896	3,153	32,863
10115	ITA	Italy	1897	3,158	33,078
10116	ITA	Italy	1898	3,145	33,285
10117	ITA	Italy	1899	3,180	33,487
10118	ITA	Italy	1900	3,264	33,672
10119	ITA	Italy	1901	3,317	33,877
10120	ITA	Italy	1902	3,371	34,166
10121	ITA	Italy	1903	3,402	34,436
10122	ITA	Italy	1904	3,461	34,715
10123	ITA	Italy	1905	3,532	35,011
10124	ITA	Italy	1906	3,652	35,297
10125	ITA	Italy	1907	3,716	35,594
10126	ITA	Italy	1908	3,795	35,899
10127	ITA	Italy	1909	3,826	36,213
10128	ITA	Italy	1910	3,829	36,572
10129	ITA	Italy	1911	3,870	36,917
10130	ITA	Italy	1912	3,875	37,150
10131	ITA	Italy	1913	4,057	37,248
10132	ITA	Italy	1914	3,835	37,526
10133	ITA	Italy	1915	3,642	37,982
10134	ITA	Italy	1916	3,942	38,142
10135	ITA	Italy	1917	3,955	37,981
10136	ITA	Italy	1918	3,856	37,520
10137	ITA	Italy	1919	3,701	37,250
10138	ITA	Italy	1920	3,789	37,398
10139	ITA	Italy	1921	3,660	37,691
10140	ITA	Italy	1922	3,928	38,086
10141	ITA	Italy	1923	4,248	38,460
10142	ITA	Italy	1924	4,324	38,810
10143	ITA	Italy	1925	4,580	39,165
10144	ITA	Italy	1926	4,576	39,502
10145	ITA	Italy	1927	4,454	39,848
10146	ITA	Italy	1928	4,693	40,186
10147	ITA	Italy	1929	4,889	40,469
10148	ITA	Italy	1930	4,631	40,791
10149	ITA	Italy	1931	4,538	41,132
10150	ITA	Italy	1932	4,602	41,431
10151	ITA	Italy	1933	4,514	41,753
10152	ITA	Italy	1934	4,466	42,093
10153	ITA	Italy	1935	4,670	42,429
10154	ITA	Italy	1936	4,471	42,750
10155	ITA	Italy	1937	4,879	43,068
10156	ITA	Italy	1938	4,981	43,419
10157	ITA	Italy	1939	5,246	43,865
10158	ITA	Italy	1940	5,099	44,341
10159	ITA	Italy	1941	4,967	44,734
10160	ITA	Italy	1942	4,661	45,004
10161	ITA	Italy	1943	3,931	45,177
10162	ITA	Italy	1944	3,162	45,290
10163	ITA	Italy	1945	2,831	45,442
10164	ITA	Italy	1946	3,805	45,725
10165	ITA	Italy	1947	4,498	46,040
10166	ITA	Italy	1948	4,814	46,381
10167	ITA	Italy	1949	5,188	46,733
10168	ITA	Italy	1950	5,582	47,105
10169	ITA	Italy	1951	5,958	47,418
10170	ITA	Italy	1952	6,371	47,666
10171	ITA	Italy	1953	6,790	47,957
10172	ITA	Italy	1954	7,092	48,299
10173	ITA	Italy	1955	7,453	48,633
10174	ITA	Italy	1956	7,745	48,921
10175	ITA	Italy	1957	8,158	49,182
10176	ITA	Italy	1958	8,544	49,476
10177	ITA	Italy	1959	9,011	49,832
10178	ITA	Italy	1960	9,430	50,198
10179	ITA	Italy	1961	10,158	50,523
10180	ITA	Italy	1962	10,882	50,843
10181	ITA	Italy	1963	11,576	51,198
10182	ITA	Italy	1964	11,934	51,600
10183	ITA	Italy	1965	12,111	51,987
10184	ITA	Italy	1966	12,659	52,332
10185	ITA	Italy	1967	13,476	52,667
10186	ITA	Italy	1968	14,513	52,987
10187	ITA	Italy	1969	15,248	53,317
10188	ITA	Italy	1970	15,492	53,661
10189	ITA	Italy	1971	15,683	54,006
10190	ITA	Italy	1972	16,035	54,366
10191	ITA	Italy	1973	16,950	54,797
10192	ITA	Italy	1974	17,607	55,226
10193	ITA	Italy	1975	17,123	55,572
10194	ITA	Italy	1976	18,147	55,839
10195	ITA	Italy	1977	18,599	56,059
10196	ITA	Italy	1978	19,230	56,240
10197	ITA	Italy	1979	20,275	56,368
10198	ITA	Italy	1980	20,959	56,451
10199	ITA	Italy	1981	21,041	56,502
10200	ITA	Italy	1982	21,123	56,536
10201	ITA	Italy	1983	21,345	56,630
10202	ITA	Italy	1984	21,868	56,697
10203	ITA	Italy	1985	22,469	56,731
10204	ITA	Italy	1986	23,106	56,734
10205	ITA	Italy	1987	23,824	56,730
10206	ITA	Italy	1988	24,743	56,734
10207	ITA	Italy	1989	25,454	56,738
10208	ITA	Italy	1990	26,003	56,743
10209	ITA	Italy	1991	26,570	56,782
10210	ITA	Italy	1992	26,961	56,821
10211	ITA	Italy	1993	26,902	56,856
10212	ITA	Italy	1994	27,668	56,867
10213	ITA	Italy	1995	28,666	56,868
10214	ITA	Italy	1996	29,231	56,884
10215	ITA	Italy	1997	29,961	56,914
10216	ITA	Italy	1998	30,650	56,930
10217	ITA	Italy	1999	31,340	56,940
10218	ITA	Italy	2000	32,717	56,966
10219	ITA	Italy	2001	33,511	56,998
10220	ITA	Italy	2002	33,780	57,083
10221	ITA	Italy	2003	33,918	57,337
10222	ITA	Italy	2004	34,472	57,709
10223	ITA	Italy	2005	34,872	57,994
10224	ITA	Italy	2006	35,714	58,168
10225	ITA	Italy	2007	36,311	58,463
10226	ITA	Italy	2008	35,943	58,851
10227	ITA	Italy	2009	34,055	59,120
10228	ITA	Italy	2010	34,766	59,302
10229	ITA	Italy	2011	35,151	59,404
10230	ITA	Italy	2012	34,068	59,565
10231	ITA	Italy	2013	33,094	60,259
10232	ITA	Italy	2014	32,829	60,814
10233	ITA	Italy	2015	33,118	60,756
10234	ITA	Italy	2016	33,419	60,653
10235	ITA	Italy	2017	34,027	60,562
10236	ITA	Italy	2018	34,364	60,447
10237	JAM	Jamaica	1820	1,117	401
10238	JAM	Jamaica	1850	867	399
10239	JAM	Jamaica	1860	856	
10240	JAM	Jamaica	1870	845	499
10241	JAM	Jamaica	1880	864	
10242	JAM	Jamaica	1890	881	
10243	JAM	Jamaica	1900	926	720
10244	JAM	Jamaica	1901		728
10245	JAM	Jamaica	1902		737
10246	JAM	Jamaica	1903		745
10247	JAM	Jamaica	1904		754
10248	JAM	Jamaica	1905		763
10249	JAM	Jamaica	1906		772
10250	JAM	Jamaica	1907		781
10251	JAM	Jamaica	1908		790
10252	JAM	Jamaica	1909		799
10253	JAM	Jamaica	1910		808
10254	JAM	Jamaica	1911		818
10255	JAM	Jamaica	1912		827
10256	JAM	Jamaica	1913	974	837
10257	JAM	Jamaica	1914		840
10258	JAM	Jamaica	1915		842
10259	JAM	Jamaica	1916		845
10260	JAM	Jamaica	1917		847
10261	JAM	Jamaica	1918		850
10262	JAM	Jamaica	1919		852
10263	JAM	Jamaica	1920		855
10264	JAM	Jamaica	1921		860
10265	JAM	Jamaica	1922		879
10266	JAM	Jamaica	1923		891
10267	JAM	Jamaica	1924		900
10268	JAM	Jamaica	1925	1,078	910
10269	JAM	Jamaica	1926		930
10270	JAM	Jamaica	1927		946
10271	JAM	Jamaica	1928		966
10272	JAM	Jamaica	1929	1,116	985
10273	JAM	Jamaica	1930		1,009
10274	JAM	Jamaica	1931		1,039
10275	JAM	Jamaica	1932		1,061
10276	JAM	Jamaica	1933	1,154	1,082
10277	JAM	Jamaica	1934		1,098
10278	JAM	Jamaica	1935		1,113
10279	JAM	Jamaica	1936		1,130
10280	JAM	Jamaica	1937		1,142
10281	JAM	Jamaica	1938	1,549	1,163
10282	JAM	Jamaica	1939		1,191
10283	JAM	Jamaica	1940		1,212
10284	JAM	Jamaica	1941		1,230
10285	JAM	Jamaica	1942	1,546	1,254
10286	JAM	Jamaica	1943	1,833	1,249
10287	JAM	Jamaica	1944		1,259
10288	JAM	Jamaica	1945		1,266
10289	JAM	Jamaica	1946	2,628	1,298
10290	JAM	Jamaica	1947	2,410	1,327
10291	JAM	Jamaica	1948		1,350
10292	JAM	Jamaica	1949		1,374
10293	JAM	Jamaica	1950	2,115	1,385
10294	JAM	Jamaica	1951	2,251	1,406
10295	JAM	Jamaica	1952	2,397	1,426
10296	JAM	Jamaica	1953	2,695	1,446
10297	JAM	Jamaica	1954	2,962	1,468
10298	JAM	Jamaica	1955	3,220	1,489
10299	JAM	Jamaica	1956	3,491	1,510
10300	JAM	Jamaica	1957	3,934	1,535
10301	JAM	Jamaica	1958	3,918	1,566
10302	JAM	Jamaica	1959	4,050	1,599
10303	JAM	Jamaica	1960	4,230	1,632
10304	JAM	Jamaica	1961	4,307	1,648
10305	JAM	Jamaica	1962	4,339	1,665
10306	JAM	Jamaica	1963	4,395	1,698
10307	JAM	Jamaica	1964	4,629	1,739
10308	JAM	Jamaica	1965	4,894	1,777
10309	JAM	Jamaica	1966	4,988	1,820
10310	JAM	Jamaica	1967	5,066	1,861
10311	JAM	Jamaica	1968	5,235	1,893
10312	JAM	Jamaica	1969	5,547	1,920
10313	JAM	Jamaica	1970	6,135	1,944
10314	JAM	Jamaica	1971	6,062	1,967
10315	JAM	Jamaica	1972	6,150	1,998
10316	JAM	Jamaica	1973	6,583	2,036
10317	JAM	Jamaica	1974	6,229	2,071
10318	JAM	Jamaica	1975	6,129	2,105
10319	JAM	Jamaica	1976	5,681	2,133
10320	JAM	Jamaica	1977	5,501	2,157
10321	JAM	Jamaica	1978	5,482	2,179
10322	JAM	Jamaica	1979	5,318	2,207
10323	JAM	Jamaica	1980	4,975	2,229
10324	JAM	Jamaica	1981	5,040	2,258
10325	JAM	Jamaica	1982	5,019	2,298
10326	JAM	Jamaica	1983	5,117	2,307
10327	JAM	Jamaica	1984	5,059	2,313
10328	JAM	Jamaica	1985	4,814	2,319
10329	JAM	Jamaica	1986	4,884	2,323
10330	JAM	Jamaica	1987	5,254	2,327
10331	JAM	Jamaica	1988	5,397	2,330
10332	JAM	Jamaica	1989	5,748	2,338
10333	JAM	Jamaica	1990	6,035	2,348
10334	JAM	Jamaica	1991	6,117	2,381
10335	JAM	Jamaica	1992	6,292	2,413
10336	JAM	Jamaica	1993	6,414	2,446
10337	JAM	Jamaica	1994	6,517	2,480
10338	JAM	Jamaica	1995	6,656	2,513
10339	JAM	Jamaica	1996	6,649	2,546
10340	JAM	Jamaica	1997	6,524	2,579
10341	JAM	Jamaica	1998	6,433	2,612
10342	JAM	Jamaica	1999	6,485	2,643
10343	JAM	Jamaica	2000	6,531	2,670
10344	JAM	Jamaica	2001	6,615	2,694
10345	JAM	Jamaica	2002	6,661	2,707
10346	JAM	Jamaica	2003	6,909	2,709
10347	JAM	Jamaica	2004	7,005	2,711
10348	JAM	Jamaica	2005	7,074	2,711
10349	JAM	Jamaica	2006	7,287	2,710
10350	JAM	Jamaica	2007	7,402	2,708
10351	JAM	Jamaica	2008	7,353	2,705
10352	JAM	Jamaica	2009	7,115	2,702
10353	JAM	Jamaica	2010	7,026	2,697
10354	JAM	Jamaica	2011	7,141	2,692
10355	JAM	Jamaica	2012	7,053	2,686
10356	JAM	Jamaica	2013	7,017	2,682
10357	JAM	Jamaica	2014	7,005	2,678
10358	JAM	Jamaica	2015	7,024	2,675
10359	JAM	Jamaica	2016	7,084	2,674
10360	JAM	Jamaica	2017	7,135	2,673
10361	JAM	Jamaica	2018	7,273	2,672
10362	JOR	Jordan	1	1,116	
10363	JOR	Jordan	1820	877	217
10364	JOR	Jordan	1870	1,116	266
10365	JOR	Jordan	1913	1,594	348
10366	JOR	Jordan	1950	2,651	561
10367	JOR	Jordan	1951	2,702	584
10368	JOR	Jordan	1952	2,751	608
10369	JOR	Jordan	1953	2,801	633
10370	JOR	Jordan	1954	2,848	659
10371	JOR	Jordan	1955	2,590	687
10372	JOR	Jordan	1956	3,410	716
10373	JOR	Jordan	1957	3,354	747
10374	JOR	Jordan	1958	3,539	779
10375	JOR	Jordan	1959	3,645	813
10376	JOR	Jordan	1960	3,714	849
10377	JOR	Jordan	1961	4,280	887
10378	JOR	Jordan	1962	4,176	934
10379	JOR	Jordan	1963	4,222	975
10380	JOR	Jordan	1964	4,752	1,017
10381	JOR	Jordan	1965	5,074	1,061
10382	JOR	Jordan	1966	5,000	1,107
10383	JOR	Jordan	1967	4,876	1,255
10384	JOR	Jordan	1968	4,262	1,383
10385	JOR	Jordan	1969	4,420	1,454
10386	JOR	Jordan	1970	3,818	1,503
10387	JOR	Jordan	1971	3,771	1,556
10388	JOR	Jordan	1972	3,754	1,614
10389	JOR	Jordan	1973	3,806	1,674
10390	JOR	Jordan	1974	3,995	1,738
10391	JOR	Jordan	1975	4,117	1,803
10392	JOR	Jordan	1976	4,935	1,870
10393	JOR	Jordan	1977	5,072	1,938
10394	JOR	Jordan	1978	5,926	2,007
10395	JOR	Jordan	1979	6,247	2,077
10396	JOR	Jordan	1980	7,141	2,163
10397	JOR	Jordan	1981	7,176	2,254
10398	JOR	Jordan	1982	7,401	2,347
10399	JOR	Jordan	1983	7,262	2,440
10400	JOR	Jordan	1984	7,599	2,533
10401	JOR	Jordan	1985	7,578	2,628
10402	JOR	Jordan	1986	7,973	2,724
10403	JOR	Jordan	1987	7,911	2,820
10404	JOR	Jordan	1988	7,571	2,917
10405	JOR	Jordan	1989	6,540	3,019
10406	JOR	Jordan	1990	6,044	3,262
10407	JOR	Jordan	1991	5,901	3,440
10408	JOR	Jordan	1992	6,456	3,639
10409	JOR	Jordan	1993	6,461	3,844
10410	JOR	Jordan	1994	6,538	4,035
10411	JOR	Jordan	1995	6,760	4,198
10412	JOR	Jordan	1996	6,783	4,330
10413	JOR	Jordan	1997	6,942	4,435
10414	JOR	Jordan	1998	7,120	4,523
10415	JOR	Jordan	1999	7,340	4,603
10416	JOR	Jordan	2000	7,622	4,686
10417	JOR	Jordan	2001	7,983	4,773
10418	JOR	Jordan	2002	8,394	4,864
10419	JOR	Jordan	2003	8,670	4,971
10420	JOR	Jordan	2004	9,289	5,105
10421	JOR	Jordan	2005	9,861	5,274
10422	JOR	Jordan	2006	10,405	5,481
10423	JOR	Jordan	2007	10,939	5,722
10424	JOR	Jordan	2008	11,378	5,998
10425	JOR	Jordan	2009	11,651	6,306
10426	JOR	Jordan	2010	11,601	6,643
10427	JOR	Jordan	2011	11,615	7,010
10428	JOR	Jordan	2012	11,523	7,401
10429	JOR	Jordan	2013	11,488	7,793
10430	JOR	Jordan	2014	11,523	8,159
10431	JOR	Jordan	2015	11,519	8,477
10432	JOR	Jordan	2016	11,529	8,740
10433	JOR	Jordan	2017	11,494	8,952
10434	JOR	Jordan	2018	11,506	9,116
10435	JPN	Japan	1		3,000
10436	JPN	Japan	730	598	
10437	JPN	Japan	1000	1,010	7,500
10438	JPN	Japan	1120	927	
10439	JPN	Japan	1280	841	
10440	JPN	Japan	1450	867	
10441	JPN	Japan	1500		15,400
10442	JPN	Japan	1600	1,061	18,500
10443	JPN	Japan	1700	1,073	27,000
10444	JPN	Japan	1721	1,073	
10445	JPN	Japan	1750	953	
10446	JPN	Japan	1800	1,317	
10447	JPN	Japan	1804	1,317	
10448	JPN	Japan	1820	1,317	31,000
10449	JPN	Japan	1821		31,033
10450	JPN	Japan	1822		31,066
10451	JPN	Japan	1823		31,099
10452	JPN	Japan	1824		31,132
10453	JPN	Japan	1825		31,164
10454	JPN	Japan	1826		31,197
10455	JPN	Japan	1827		31,231
10456	JPN	Japan	1828		31,264
10457	JPN	Japan	1829		31,297
10458	JPN	Japan	1830		31,330
10459	JPN	Japan	1831		31,363
10460	JPN	Japan	1832		31,396
