## Sheet: Full data (continued)
	A	B	C	D	E
8613	IDN	Indonesia	1000		5,200
8614	IDN	Indonesia	1500		10,700
8615	IDN	Indonesia	1600		11,700
8616	IDN	Indonesia	1700		13,100
8617	IDN	Indonesia	1815	795	
8618	IDN	Indonesia	1816	862	
8619	IDN	Indonesia	1817	851	
8620	IDN	Indonesia	1818	834	
8621	IDN	Indonesia	1819	835	
8622	IDN	Indonesia	1820	827	17,927
8623	IDN	Indonesia	1821	837	18,076
8624	IDN	Indonesia	1822	835	18,226
8625	IDN	Indonesia	1823	837	18,377
8626	IDN	Indonesia	1824	795	18,530
8627	IDN	Indonesia	1825	818	18,684
8628	IDN	Indonesia	1826	867	18,839
8629	IDN	Indonesia	1827	874	18,996
8630	IDN	Indonesia	1828	858	19,154
8631	IDN	Indonesia	1829	834	19,313
8632	IDN	Indonesia	1830	822	19,473
8633	IDN	Indonesia	1831	811	19,635
8634	IDN	Indonesia	1832	811	19,798
8635	IDN	Indonesia	1833	840	19,962
8636	IDN	Indonesia	1834	867	20,128
8637	IDN	Indonesia	1835	838	20,296
8638	IDN	Indonesia	1836	821	20,464
8639	IDN	Indonesia	1837	862	20,634
8640	IDN	Indonesia	1838	859	20,806
8641	IDN	Indonesia	1839	843	20,978
8642	IDN	Indonesia	1840	883	21,153
8643	IDN	Indonesia	1841	877	21,328
8644	IDN	Indonesia	1842	878	21,506
8645	IDN	Indonesia	1843	861	21,684
8646	IDN	Indonesia	1844	832	21,864
8647	IDN	Indonesia	1845	783	22,046
8648	IDN	Indonesia	1846	759	22,229
8649	IDN	Indonesia	1847	748	22,414
8650	IDN	Indonesia	1848	775	22,600
8651	IDN	Indonesia	1849	746	22,788
8652	IDN	Indonesia	1850	724	22,977
8653	IDN	Indonesia	1851	744	23,243
8654	IDN	Indonesia	1852	717	23,512
8655	IDN	Indonesia	1853	743	23,784
8656	IDN	Indonesia	1854	711	24,059
8657	IDN	Indonesia	1855	746	24,338
8658	IDN	Indonesia	1856	797	24,619
8659	IDN	Indonesia	1857	764	24,904
8660	IDN	Indonesia	1858	815	25,192
8661	IDN	Indonesia	1859	816	25,484
8662	IDN	Indonesia	1860	819	25,779
8663	IDN	Indonesia	1861	824	26,077
8664	IDN	Indonesia	1862	770	26,379
8665	IDN	Indonesia	1863	773	26,684
8666	IDN	Indonesia	1864	764	26,993
8667	IDN	Indonesia	1865	784	27,305
8668	IDN	Indonesia	1866	800	27,621
8669	IDN	Indonesia	1867	826	27,941
8670	IDN	Indonesia	1868	800	28,264
8671	IDN	Indonesia	1869	787	28,591
8672	IDN	Indonesia	1870	810	32,743
8673	IDN	Indonesia	1871	811	33,068
8674	IDN	Indonesia	1872	830	33,397
8675	IDN	Indonesia	1873	813	33,731
8676	IDN	Indonesia	1874	802	34,069
8677	IDN	Indonesia	1875	832	34,412
8678	IDN	Indonesia	1876	827	34,760
8679	IDN	Indonesia	1877	838	35,113
8680	IDN	Indonesia	1878	864	35,471
8681	IDN	Indonesia	1879	859	35,834
8682	IDN	Indonesia	1880	1,041	36,203
8683	IDN	Indonesia	1881	1,097	36,577
8684	IDN	Indonesia	1882	1,054	37,259
8685	IDN	Indonesia	1883	1,030	37,646
8686	IDN	Indonesia	1884	1,108	38,039
8687	IDN	Indonesia	1885	1,108	38,439
8688	IDN	Indonesia	1886	1,089	38,844
8689	IDN	Indonesia	1887	1,090	39,257
8690	IDN	Indonesia	1888	1,081	39,675
8691	IDN	Indonesia	1889	1,070	40,100
8692	IDN	Indonesia	1890	1,030	40,532
8693	IDN	Indonesia	1891	1,049	40,955
8694	IDN	Indonesia	1892	1,081	41,384
8695	IDN	Indonesia	1893	1,103	41,820
8696	IDN	Indonesia	1894	1,106	42,262
8697	IDN	Indonesia	1895	1,097	42,710
8698	IDN	Indonesia	1896	1,092	43,174
8699	IDN	Indonesia	1897	1,092	43,645
8700	IDN	Indonesia	1898	1,084	44,121
8701	IDN	Indonesia	1899	1,127	44,607
8702	IDN	Indonesia	1900	1,151	45,100
8703	IDN	Indonesia	1901	1,121	45,575
8704	IDN	Indonesia	1902	1,087	46,060
8705	IDN	Indonesia	1903	1,135	46,552
8706	IDN	Indonesia	1904	1,138	47,051
8707	IDN	Indonesia	1905	1,140	47,559
8708	IDN	Indonesia	1906	1,157	48,036
8709	IDN	Indonesia	1907	1,175	48,520
8710	IDN	Indonesia	1908	1,160	49,014
8711	IDN	Indonesia	1909	1,205	49,518
8712	IDN	Indonesia	1910	1,264	50,034
8713	IDN	Indonesia	1911	1,309	50,563
8714	IDN	Indonesia	1912	1,315	51,106
8715	IDN	Indonesia	1913	1,361	51,637
8716	IDN	Indonesia	1914	1,345	52,178
8717	IDN	Indonesia	1915	1,349	52,729
8718	IDN	Indonesia	1916	1,344	53,290
8719	IDN	Indonesia	1917	1,333	53,856
8720	IDN	Indonesia	1918	1,358	53,910
8721	IDN	Indonesia	1919	1,468	54,438
8722	IDN	Indonesia	1920	1,409	54,993
8723	IDN	Indonesia	1921	1,395	55,601
8724	IDN	Indonesia	1922	1,417	56,220
8725	IDN	Indonesia	1923	1,428	56,847
8726	IDN	Indonesia	1924	1,486	57,486
8727	IDN	Indonesia	1925	1,497	58,135
8728	IDN	Indonesia	1926	1,565	58,807
8729	IDN	Indonesia	1927	1,645	59,501
8730	IDN	Indonesia	1928	1,685	60,250
8731	IDN	Indonesia	1929	1,702	61,019
8732	IDN	Indonesia	1930	1,704	61,805
8733	IDN	Indonesia	1931	1,568	62,878
8734	IDN	Indonesia	1932	1,481	63,986
8735	IDN	Indonesia	1933	1,470	65,131
8736	IDN	Indonesia	1934	1,465	66,314
8737	IDN	Indonesia	1935	1,478	67,538
8738	IDN	Indonesia	1936	1,543	68,807
8739	IDN	Indonesia	1937	1,694	70,121
8740	IDN	Indonesia	1938	1,655	71,484
8741	IDN	Indonesia	1939	1,639	72,903
8742	IDN	Indonesia	1940	1,766	74,376
8743	IDN	Indonesia	1941	1,808	75,588
8744	IDN	Indonesia	1942		76,785
8745	IDN	Indonesia	1943		77,615
8746	IDN	Indonesia	1944		77,646
8747	IDN	Indonesia	1945		77,545
8748	IDN	Indonesia	1946		78,050
8749	IDN	Indonesia	1947		78,880
8750	IDN	Indonesia	1948		79,856
8751	IDN	Indonesia	1949	1,159	81,120
8752	IDN	Indonesia	1950	1,280	82,612
8753	IDN	Indonesia	1951	1,356	83,773
8754	IDN	Indonesia	1952	1,401	84,946
8755	IDN	Indonesia	1953	1,451	86,167
8756	IDN	Indonesia	1954	1,517	87,441
8757	IDN	Indonesia	1955	1,537	88,766
8758	IDN	Indonesia	1956	1,533	90,136
8759	IDN	Indonesia	1957	1,613	91,559
8760	IDN	Indonesia	1958	1,530	93,014
8761	IDN	Indonesia	1959	1,570	94,506
8762	IDN	Indonesia	1960	1,613	95,961
8763	IDN	Indonesia	1961	1,690	97,610
8764	IDN	Indonesia	1962	1,653	99,620
8765	IDN	Indonesia	1963	1,557	101,674
8766	IDN	Indonesia	1964	1,583	103,772
8767	IDN	Indonesia	1965	1,567	105,913
8768	IDN	Indonesia	1966	1,535	108,103
8769	IDN	Indonesia	1967	1,470	110,339
8770	IDN	Indonesia	1968	1,580	112,623
8771	IDN	Indonesia	1969	1,739	114,956
8772	IDN	Indonesia	1970	1,882	117,338
8773	IDN	Indonesia	1971	1,946	119,767
8774	IDN	Indonesia	1972	2,117	122,565
8775	IDN	Indonesia	1973	2,375	125,432
8776	IDN	Indonesia	1974	2,439	128,369
8777	IDN	Indonesia	1975	2,386	131,219
8778	IDN	Indonesia	1976	2,536	134,314
8779	IDN	Indonesia	1977	2,670	137,487
8780	IDN	Indonesia	1978	2,727	140,739
8781	IDN	Indonesia	1979	2,810	144,073
8782	IDN	Indonesia	1980	2,981	147,490
8783	IDN	Indonesia	1981	3,119	150,657
8784	IDN	Indonesia	1982	2,941	153,895
8785	IDN	Indonesia	1983	2,994	157,208
8786	IDN	Indonesia	1984	3,134	160,595
8787	IDN	Indonesia	1985	3,143	164,061
8788	IDN	Indonesia	1986	3,269	166,997
8789	IDN	Indonesia	1987	3,370	169,990
8790	IDN	Indonesia	1988	3,500	173,041
8791	IDN	Indonesia	1989	3,747	176,152
8792	IDN	Indonesia	1990	4,007	179,323
8793	IDN	Indonesia	1991	4,311	182,436
8794	IDN	Indonesia	1992	4,536	185,561
8795	IDN	Indonesia	1993	4,837	188,687
8796	IDN	Indonesia	1994	5,140	191,867
8797	IDN	Indonesia	1995	5,495	195,127
8798	IDN	Indonesia	1996	5,851	198,466
8799	IDN	Indonesia	1997	6,056	201,698
8800	IDN	Indonesia	1998	5,204	204,872
8801	IDN	Indonesia	1999	5,187	208,105
8802	IDN	Indonesia	2000	5,384	211,408
8803	IDN	Indonesia	2001	5,526	214,475
8804	IDN	Indonesia	2002	5,720	217,515
8805	IDN	Indonesia	2003	5,939	220,549
8806	IDN	Indonesia	2004	6,181	223,566
8807	IDN	Indonesia	2005	6,482	226,372
8808	IDN	Indonesia	2006	6,783	229,289
8809	IDN	Indonesia	2007	7,157	232,153
8810	IDN	Indonesia	2008	7,633	234,957
8811	IDN	Indonesia	2009	7,936	237,698
8812	IDN	Indonesia	2010	8,386	240,372
8813	IDN	Indonesia	2011	8,849	242,981
8814	IDN	Indonesia	2012	9,285	245,529
8815	IDN	Indonesia	2013	9,703	248,013
8816	IDN	Indonesia	2014	10,090	250,431
8817	IDN	Indonesia	2015	10,484	252,786
8818	IDN	Indonesia	2016	10,911	255,079
8819	IDN	Indonesia	2017	11,365	257,315
8820	IDN	Indonesia	2018	11,852	259,494
8821	IND	India	1		75,000
8822	IND	India	1000		75,000
8823	IND	India	1500		110,000
8824	IND	India	1600	1,264	135,000
8825	IND	India	1650	1,189	
8826	IND	India	1700	1,162	165,000
8827	IND	India	1750	1,068	
8828	IND	India	1801	1,033	
8829	IND	India	1811	983	
8830	IND	India	1820		209,000
8831	IND	India	1821	937	209,842
8832	IND	India	1822		210,688
8833	IND	India	1823		211,537
8834	IND	India	1824		212,389
8835	IND	India	1825		213,245
8836	IND	India	1826		214,105
8837	IND	India	1827		214,967
8838	IND	India	1828		215,834
8839	IND	India	1829		216,703
8840	IND	India	1830		217,577
8841	IND	India	1831	945	218,453
8842	IND	India	1832		219,334
8843	IND	India	1833		220,218
8844	IND	India	1834		221,105
8845	IND	India	1835		221,996
8846	IND	India	1836		222,891
8847	IND	India	1837		223,789
8848	IND	India	1838		224,691
8849	IND	India	1839		225,596
8850	IND	India	1840		226,505
8851	IND	India	1841	944	227,418
8852	IND	India	1842		228,334
8853	IND	India	1843		229,254
8854	IND	India	1844		230,178
8855	IND	India	1845		231,106
8856	IND	India	1846		232,037
8857	IND	India	1847		232,972
8858	IND	India	1848		233,911
8859	IND	India	1849		234,854
8860	IND	India	1850	947	235,800
8861	IND	India	1851	947	236,632
8862	IND	India	1852		237,466
8863	IND	India	1853		238,303
8864	IND	India	1854		239,144
8865	IND	India	1855		239,987
8866	IND	India	1856		240,833
8867	IND	India	1857		241,683
8868	IND	India	1858		242,535
8869	IND	India	1859		243,390
8870	IND	India	1860		244,249
8871	IND	India	1861	896	245,110
8872	IND	India	1862		245,974
8873	IND	India	1863		246,842
8874	IND	India	1864		247,712
8875	IND	India	1865		248,586
8876	IND	India	1866		249,462
8877	IND	India	1867		250,342
8878	IND	India	1868		251,225
8879	IND	India	1869		252,111
8880	IND	India	1870	850	253,000
8881	IND	India	1871		253,417
8882	IND	India	1872		253,834
8883	IND	India	1873		254,253
8884	IND	India	1874		254,672
8885	IND	India	1875		255,091
8886	IND	India	1876		255,512
8887	IND	India	1877		255,933
8888	IND	India	1878		256,354
8889	IND	India	1879		256,777
8890	IND	India	1880		257,200
8891	IND	India	1881		259,359
8892	IND	India	1882		261,536
8893	IND	India	1883		263,732
8894	IND	India	1884	878	265,946
8895	IND	India	1885	904	268,179
8896	IND	India	1886	874	270,430
8897	IND	India	1887	912	272,700
8898	IND	India	1888	918	274,990
8899	IND	India	1889	891	277,298
8900	IND	India	1890	931	279,626
8901	IND	India	1891	843	280,110
8902	IND	India	1892	910	280,594
8903	IND	India	1893	931	281,079
8904	IND	India	1894	944	281,565
8905	IND	India	1895	920	282,052
8906	IND	India	1896	850	282,540
8907	IND	India	1897	1,004	283,029
8908	IND	India	1898	1,004	283,518
8909	IND	India	1899	925	284,009
8910	IND	India	1900	955	284,500
8911	IND	India	1901	969	286,200
8912	IND	India	1902	1,044	288,000
8913	IND	India	1903	1,052	289,700
8914	IND	India	1904	1,050	291,500
8915	IND	India	1905	1,025	293,300
8916	IND	India	1906	1,047	295,100
8917	IND	India	1907	979	296,900
8918	IND	India	1908	987	298,700
8919	IND	India	1909	1,116	300,500
8920	IND	India	1910	1,111	302,100
8921	IND	India	1911	1,101	303,100
8922	IND	India	1912	1,098	303,400
8923	IND	India	1913	1,073	303,700
8924	IND	India	1914	1,130	304,000
8925	IND	India	1915	1,101	304,200
8926	IND	India	1916	1,132	304,500
8927	IND	India	1917	1,111	304,800
8928	IND	India	1918	968	305,100
8929	IND	India	1919	1,100	305,300
8930	IND	India	1920	1,012	305,600
8931	IND	India	1921	1,082	307,300
8932	IND	India	1922	1,117	310,400
8933	IND	India	1923	1,070	313,600
8934	IND	India	1924	1,111	316,700
8935	IND	India	1925	1,113	319,900
8936	IND	India	1926	1,137	323,200
8937	IND	India	1927	1,125	326,400
8938	IND	India	1928	1,125	329,700
8939	IND	India	1929	1,160	333,100
8940	IND	India	1930	1,157	336,400
8941	IND	India	1931	1,133	341,000
8942	IND	India	1932	1,130	345,800
8943	IND	India	1933	1,116	350,700
8944	IND	India	1934	1,111	355,600
8945	IND	India	1935	1,084	360,600
8946	IND	India	1936	1,111	365,700
8947	IND	India	1937	1,078	370,900
8948	IND	India	1938	1,065	376,100
8949	IND	India	1939	1,074	381,400
8950	IND	India	1940	1,093	386,800
8951	IND	India	1941	1,101	391,700
8952	IND	India	1942	1,082	396,300
8953	IND	India	1943	1,113	400,900
8954	IND	India	1944	1,089	405,600
8955	IND	India	1945	1,058	410,400
8956	IND	India	1946	991	415,200
8957	IND	India	1947	985	346,000
8958	IND	India	1948	983	350,000
8959	IND	India	1949	995	355,000
8960	IND	India	1950	987	359,000
8961	IND	India	1951	993	365,000
8962	IND	India	1952	1,003	372,000
