## Sheet: Full data (continued)
	A	B	C	D	E
12822	MNE	Montenegro	1955	2,099	432
12823	MNE	Montenegro	1956	1,906	437
12824	MNE	Montenegro	1957	2,125	443
12825	MNE	Montenegro	1958	2,072	448
12826	MNE	Montenegro	1959	2,200	455
12827	MNE	Montenegro	1960	2,439	461
12828	MNE	Montenegro	1961	2,922	468
12829	MNE	Montenegro	1962	2,847	475
12830	MNE	Montenegro	1963	3,217	480
12831	MNE	Montenegro	1964	3,732	487
12832	MNE	Montenegro	1965	3,802	491
12833	MNE	Montenegro	1966	3,948	497
12834	MNE	Montenegro	1967	3,995	501
12835	MNE	Montenegro	1968	4,160	506
12836	MNE	Montenegro	1969	4,546	510
12837	MNE	Montenegro	1970	4,857	514
12838	MNE	Montenegro	1971	4,994	520
12839	MNE	Montenegro	1972	5,206	528
12840	MNE	Montenegro	1973	5,137	534
12841	MNE	Montenegro	1974	5,394	542
12842	MNE	Montenegro	1975	5,512	549
12843	MNE	Montenegro	1976	5,740	555
12844	MNE	Montenegro	1977	6,298	560
12845	MNE	Montenegro	1978	6,583	566
12846	MNE	Montenegro	1979	6,523	571
12847	MNE	Montenegro	1980	7,992	560
12848	MNE	Montenegro	1981	7,635	560
12849	MNE	Montenegro	1982	7,790	563
12850	MNE	Montenegro	1983	7,610	566
12851	MNE	Montenegro	1984	7,828	558
12852	MNE	Montenegro	1985	7,804	561
12853	MNE	Montenegro	1986	8,021	565
12854	MNE	Montenegro	1987	7,592	569
12855	MNE	Montenegro	1988	7,299	574
12856	MNE	Montenegro	1989	7,278	579
12857	MNE	Montenegro	1990	6,605	583
12858	MNE	Montenegro	1991	6,068	591
12859	MNE	Montenegro	1992	4,605	622
12860	MNE	Montenegro	1993	2,982	623
12861	MNE	Montenegro	1994	3,074	623
12862	MNE	Montenegro	1995	3,571	624
12863	MNE	Montenegro	1996	4,663	624
12864	MNE	Montenegro	1997	5,122	624
12865	MNE	Montenegro	1998	5,522	623
12866	MNE	Montenegro	1999	5,143	623
12867	MNE	Montenegro	2000	6,046	623
12868	MNE	Montenegro	2001	6,430	623
12869	MNE	Montenegro	2002	6,898	622
12870	MNE	Montenegro	2003	7,445	621
12871	MNE	Montenegro	2004	8,194	621
12872	MNE	Montenegro	2005	9,002	621
12873	MNE	Montenegro	2006	10,308	620
12874	MNE	Montenegro	2007	12,027	620
12875	MNE	Montenegro	2008	13,550	621
12876	MNE	Montenegro	2009	13,459	622
12877	MNE	Montenegro	2010	14,510	623
12878	MNE	Montenegro	2011	15,747	622
12879	MNE	Montenegro	2012	15,421	622
12880	MNE	Montenegro	2013	16,064	622
12881	MNE	Montenegro	2014	16,437	621
12882	MNE	Montenegro	2015	17,249	620
12883	MNE	Montenegro	2016	17,741	618
12884	MNE	Montenegro	2017	18,569	616
12885	MNE	Montenegro	2018	19,504	614
12886	MNG	Mongolia	1820		619
12887	MNG	Mongolia	1870		668
12888	MNG	Mongolia	1913		725
12889	MNG	Mongolia	1950	677	779
12890	MNG	Mongolia	1951	697	789
12891	MNG	Mongolia	1952	719	801
12892	MNG	Mongolia	1953	741	814
12893	MNG	Mongolia	1954	764	828
12894	MNG	Mongolia	1955	786	844
12895	MNG	Mongolia	1956	810	862
12896	MNG	Mongolia	1957	835	882
12897	MNG	Mongolia	1958	859	904
12898	MNG	Mongolia	1959	885	929
12899	MNG	Mongolia	1960	912	955
12900	MNG	Mongolia	1961	939	982
12901	MNG	Mongolia	1962	966	1,010
12902	MNG	Mongolia	1963	996	1,031
12903	MNG	Mongolia	1964	1,027	1,061
12904	MNG	Mongolia	1965	1,057	1,090
12905	MNG	Mongolia	1966	1,087	1,119
12906	MNG	Mongolia	1967	1,122	1,150
12907	MNG	Mongolia	1968	1,154	1,181
12908	MNG	Mongolia	1969	1,189	1,214
12909	MNG	Mongolia	1970	1,226	1,248
12910	MNG	Mongolia	1971	1,246	1,283
12911	MNG	Mongolia	1972	1,256	1,321
12912	MNG	Mongolia	1973	1,328	1,360
12913	MNG	Mongolia	1974	1,342	1,403
12914	MNG	Mongolia	1975	1,387	1,446
12915	MNG	Mongolia	1976	1,401	1,487
12916	MNG	Mongolia	1977	1,470	1,528
12917	MNG	Mongolia	1978	1,537	1,572
12918	MNG	Mongolia	1979	1,556	1,617
12919	MNG	Mongolia	1980	1,618	1,655
12920	MNG	Mongolia	1981	1,714	1,694
12921	MNG	Mongolia	1982	1,814	1,734
12922	MNG	Mongolia	1983	1,876	1,774
12923	MNG	Mongolia	1984	1,940	1,816
12924	MNG	Mongolia	1985	2,004	1,859
12925	MNG	Mongolia	1986	2,142	1,903
12926	MNG	Mongolia	1987	2,168	1,947
12927	MNG	Mongolia	1988	2,227	1,992
12928	MNG	Mongolia	1989	2,232	2,070
12929	MNG	Mongolia	1990	2,123	2,121
12930	MNG	Mongolia	1991	1,976	2,170
12931	MNG	Mongolia	1992	1,841	2,210
12932	MNG	Mongolia	1993	1,846	2,242
12933	MNG	Mongolia	1994	1,955	2,272
12934	MNG	Mongolia	1995	2,148	2,306
12935	MNG	Mongolia	1996	2,272	2,341
12936	MNG	Mongolia	1997	2,445	2,372
12937	MNG	Mongolia	1998	2,620	2,403
12938	MNG	Mongolia	1999	2,802	2,433
12939	MNG	Mongolia	2000	2,936	2,461
12940	MNG	Mongolia	2001	3,134	2,489
12941	MNG	Mongolia	2002	3,402	2,519
12942	MNG	Mongolia	2003	3,775	2,547
12943	MNG	Mongolia	2004	4,334	2,574
12944	MNG	Mongolia	2005	4,822	2,602
12945	MNG	Mongolia	2006	5,427	2,633
12946	MNG	Mongolia	2007	6,197	2,666
12947	MNG	Mongolia	2008	6,982	2,702
12948	MNG	Mongolia	2009	7,127	2,741
12949	MNG	Mongolia	2010	7,830	2,783
12950	MNG	Mongolia	2011	9,484	2,827
12951	MNG	Mongolia	2012	10,493	2,870
12952	MNG	Mongolia	2013	11,545	2,912
12953	MNG	Mongolia	2014	12,283	2,953
12954	MNG	Mongolia	2015	12,398	2,993
12955	MNG	Mongolia	2016	12,360	3,031
12956	MNG	Mongolia	2017	12,768	3,068
12957	MNG	Mongolia	2018	13,383	3,103
12958	MOZ	Mozambique	1		50
12959	MOZ	Mozambique	1000		300
12960	MOZ	Mozambique	1500		1,000
12961	MOZ	Mozambique	1600		1,250
12962	MOZ	Mozambique	1700		1,500
12963	MOZ	Mozambique	1820		2,096
12964	MOZ	Mozambique	1950	1,806	6,250
12965	MOZ	Mozambique	1951	1,841	6,346
12966	MOZ	Mozambique	1952	1,878	6,446
12967	MOZ	Mozambique	1953	1,911	6,552
12968	MOZ	Mozambique	1954	1,924	6,664
12969	MOZ	Mozambique	1955	2,007	6,782
12970	MOZ	Mozambique	1956	1,980	6,906
12971	MOZ	Mozambique	1957	1,986	7,038
12972	MOZ	Mozambique	1958	2,040	7,177
12973	MOZ	Mozambique	1959	2,109	7,321
12974	MOZ	Mozambique	1960	2,115	7,472
12975	MOZ	Mozambique	1961	2,131	7,628
12976	MOZ	Mozambique	1962	2,232	7,789
12977	MOZ	Mozambique	1963	2,106	7,957
12978	MOZ	Mozambique	1964	2,150	8,127
12979	MOZ	Mozambique	1965	2,153	8,301
12980	MOZ	Mozambique	1966	2,174	8,486
12981	MOZ	Mozambique	1967	2,271	8,681
12982	MOZ	Mozambique	1968	2,469	8,884
12983	MOZ	Mozambique	1969	2,699	9,093
12984	MOZ	Mozambique	1970	2,778	9,304
12985	MOZ	Mozambique	1971	2,895	9,539
12986	MOZ	Mozambique	1972	2,906	9,810
12987	MOZ	Mozambique	1973	2,986	10,088
12988	MOZ	Mozambique	1974	2,684	10,370
12989	MOZ	Mozambique	1975	2,238	10,433
12990	MOZ	Mozambique	1976	2,064	10,770
12991	MOZ	Mozambique	1977	2,013	11,128
12992	MOZ	Mozambique	1978	1,969	11,466
12993	MOZ	Mozambique	1979	1,937	11,828
12994	MOZ	Mozambique	1980	1,945	12,103
12995	MOZ	Mozambique	1981	1,940	12,363
12996	MOZ	Mozambique	1982	1,852	12,587
12997	MOZ	Mozambique	1983	1,694	12,773
12998	MOZ	Mozambique	1984	1,629	12,923
12999	MOZ	Mozambique	1985	1,466	13,063
13000	MOZ	Mozambique	1986	1,479	13,143
13001	MOZ	Mozambique	1987	1,562	12,895
13002	MOZ	Mozambique	1988	1,701	12,523
13003	MOZ	Mozambique	1989	1,776	12,482
13004	MOZ	Mozambique	1990	1,776	12,667
13005	MOZ	Mozambique	1991	1,719	12,857
13006	MOZ	Mozambique	1992	1,482	13,006
13007	MOZ	Mozambique	1993	1,439	13,398
13008	MOZ	Mozambique	1994	1,312	14,313
13009	MOZ	Mozambique	1995	1,166	15,118
13010	MOZ	Mozambique	1996	1,326	15,520
13011	MOZ	Mozambique	1997	1,324	15,861
13012	MOZ	Mozambique	1998	1,336	16,200
13013	MOZ	Mozambique	1999	1,302	16,522
13014	MOZ	Mozambique	2000	1,196	16,841
13015	MOZ	Mozambique	2001	1,219	17,176
13016	MOZ	Mozambique	2002	1,200	17,525
13017	MOZ	Mozambique	2003	1,156	17,889
13018	MOZ	Mozambique	2004	1,126	18,264
13019	MOZ	Mozambique	2005	1,108	18,652
13020	MOZ	Mozambique	2006	1,099	19,059
13021	MOZ	Mozambique	2007	1,068	19,480
13022	MOZ	Mozambique	2008	1,031	19,928
13023	MOZ	Mozambique	2009	992	20,418
13024	MOZ	Mozambique	2010	957	20,950
13025	MOZ	Mozambique	2011	925	21,535
13026	MOZ	Mozambique	2012	967	22,150
13027	MOZ	Mozambique	2013	1,011	22,768
13028	MOZ	Mozambique	2014	1,060	23,393
13029	MOZ	Mozambique	2015	1,103	24,023
13030	MOZ	Mozambique	2016	1,113	24,660
13031	MOZ	Mozambique	2017	1,125	25,318
13032	MOZ	Mozambique	2018	1,133	25,998
13033	MRT	Mauritania	1950	679	1,006
13034	MRT	Mauritania	1951	698	1,014
13035	MRT	Mauritania	1952	717	1,023
13036	MRT	Mauritania	1953	736	1,032
13037	MRT	Mauritania	1954	756	1,042
13038	MRT	Mauritania	1955	776	1,053
13039	MRT	Mauritania	1956	797	1,065
13040	MRT	Mauritania	1957	816	1,077
13041	MRT	Mauritania	1958	837	1,090
13042	MRT	Mauritania	1959	858	1,103
13043	MRT	Mauritania	1960	913	1,117
13044	MRT	Mauritania	1961	1,055	1,132
13045	MRT	Mauritania	1962	1,019	1,147
13046	MRT	Mauritania	1963	944	1,162
13047	MRT	Mauritania	1964	1,208	1,178
13048	MRT	Mauritania	1965	1,358	1,195
13049	MRT	Mauritania	1966	1,345	1,212
13050	MRT	Mauritania	1967	1,372	1,231
13051	MRT	Mauritania	1968	1,471	1,249
13052	MRT	Mauritania	1969	1,425	1,269
13053	MRT	Mauritania	1970	1,548	1,289
13054	MRT	Mauritania	1971	1,533	1,311
13055	MRT	Mauritania	1972	1,511	1,333
13056	MRT	Mauritania	1973	1,473	1,356
13057	MRT	Mauritania	1974	1,570	1,380
13058	MRT	Mauritania	1975	1,699	1,404
13059	MRT	Mauritania	1976	1,779	1,430
13060	MRT	Mauritania	1977	1,742	1,456
13061	MRT	Mauritania	1978	1,581	1,484
13062	MRT	Mauritania	1979	1,706	1,514
13063	MRT	Mauritania	1980	1,682	1,545
13064	MRT	Mauritania	1981	1,714	1,578
13065	MRT	Mauritania	1982	1,548	1,612
13066	MRT	Mauritania	1983	1,553	1,648
13067	MRT	Mauritania	1984	1,486	1,685
13068	MRT	Mauritania	1985	1,502	1,723
13069	MRT	Mauritania	1986	1,553	1,764
13070	MRT	Mauritania	1987	1,551	1,805
13071	MRT	Mauritania	1988	1,533	1,849
13072	MRT	Mauritania	1989	1,559	1,886
13073	MRT	Mauritania	1990	1,511	1,925
13074	MRT	Mauritania	1991	1,548	1,973
13075	MRT	Mauritania	1992	1,560	2,043
13076	MRT	Mauritania	1993	1,669	2,119
13077	MRT	Mauritania	1994	1,733	2,183
13078	MRT	Mauritania	1995	1,686	2,235
13079	MRT	Mauritania	1996	1,873	2,271
13080	MRT	Mauritania	1997	1,800	2,315
13081	MRT	Mauritania	1998	1,841	2,374
13082	MRT	Mauritania	1999	1,954	2,437
13083	MRT	Mauritania	2000	1,935	2,501
13084	MRT	Mauritania	2001	1,964	2,566
13085	MRT	Mauritania	2002	1,967	2,632
13086	MRT	Mauritania	2003	2,076	2,699
13087	MRT	Mauritania	2004	2,186	2,768
13088	MRT	Mauritania	2005	2,371	2,838
13089	MRT	Mauritania	2006	2,807	2,909
13090	MRT	Mauritania	2007	2,875	2,981
13091	MRT	Mauritania	2008	2,896	3,055
13092	MRT	Mauritania	2009	2,856	3,129
13093	MRT	Mauritania	2010	2,983	3,205
13094	MRT	Mauritania	2011	3,104	3,282
13095	MRT	Mauritania	2012	3,213	3,359
13096	MRT	Mauritania	2013	3,319	3,438
13097	MRT	Mauritania	2014	3,459	3,517
13098	MRT	Mauritania	2015	3,424	3,597
13099	MRT	Mauritania	2016	3,407	3,677
13100	MRT	Mauritania	2017	3,431	3,759
13101	MRT	Mauritania	2018	3,458	3,840
13102	MUS	Mauritius	1950	3,942	481
13103	MUS	Mauritius	1951	4,022	499
13104	MUS	Mauritius	1952	4,002	517
13105	MUS	Mauritius	1953	4,006	536
13106	MUS	Mauritius	1954	4,095	554
13107	MUS	Mauritius	1955	4,095	572
13108	MUS	Mauritius	1956	4,106	592
13109	MUS	Mauritius	1957	4,136	610
13110	MUS	Mauritius	1958	4,132	628
13111	MUS	Mauritius	1959	4,251	645
13112	MUS	Mauritius	1960	4,396	663
13113	MUS	Mauritius	1961	5,254	681
13114	MUS	Mauritius	1962	5,144	701
13115	MUS	Mauritius	1963	5,745	715
13116	MUS	Mauritius	1964	5,196	736
13117	MUS	Mauritius	1965	5,227	756
13118	MUS	Mauritius	1966	4,921	774
13119	MUS	Mauritius	1967	5,035	789
13120	MUS	Mauritius	1968	4,602	804
13121	MUS	Mauritius	1969	4,758	816
13122	MUS	Mauritius	1970	4,662	830
13123	MUS	Mauritius	1971	4,804	841
13124	MUS	Mauritius	1972	5,128	851
13125	MUS	Mauritius	1973	5,668	861
13126	MUS	Mauritius	1974	6,038	873
13127	MUS	Mauritius	1975	6,030	885
13128	MUS	Mauritius	1976	7,264	898
13129	MUS	Mauritius	1977	7,610	913
13130	MUS	Mauritius	1978	7,763	929
13131	MUS	Mauritius	1979	7,889	947
13132	MUS	Mauritius	1980	6,970	964
13133	MUS	Mauritius	1981	7,264	979
13134	MUS	Mauritius	1982	7,563	992
13135	MUS	Mauritius	1983	7,516	1,002
13136	MUS	Mauritius	1984	7,798	1,012
13137	MUS	Mauritius	1985	8,265	1,021
13138	MUS	Mauritius	1986	9,001	1,028
13139	MUS	Mauritius	1987	9,840	1,036
13140	MUS	Mauritius	1988	10,418	1,045
13141	MUS	Mauritius	1989	10,806	1,053
13142	MUS	Mauritius	1990	11,489	1,062
13143	MUS	Mauritius	1991	11,643	1,072
13144	MUS	Mauritius	1992	12,002	1,085
13145	MUS	Mauritius	1993	12,229	1,099
13146	MUS	Mauritius	1994	12,381	1,111
13147	MUS	Mauritius	1995	12,568	1,123
13148	MUS	Mauritius	1996	12,842	1,135
