## Sheet: Full data (continued)
	A	B	C	D	E
13149	MUS	Mauritius	1997	13,198	1,148
13150	MUS	Mauritius	1998	13,608	1,161
13151	MUS	Mauritius	1999	13,573	1,173
13152	MUS	Mauritius	2000	14,272	1,186
13153	MUS	Mauritius	2001	14,348	1,198
13154	MUS	Mauritius	2002	14,196	1,210
13155	MUS	Mauritius	2003	14,623	1,221
13156	MUS	Mauritius	2004	14,855	1,232
13157	MUS	Mauritius	2005	14,725	1,243
13158	MUS	Mauritius	2006	15,043	1,253
13159	MUS	Mauritius	2007	15,519	1,264
13160	MUS	Mauritius	2008	15,958	1,274
13161	MUS	Mauritius	2009	16,029	1,284
13162	MUS	Mauritius	2010	16,269	1,294
13163	MUS	Mauritius	2011	16,483	1,304
13164	MUS	Mauritius	2012	16,893	1,313
13165	MUS	Mauritius	2013	17,311	1,322
13166	MUS	Mauritius	2014	17,818	1,331
13167	MUS	Mauritius	2015	18,322	1,340
13168	MUS	Mauritius	2016	18,918	1,348
13169	MUS	Mauritius	2017	19,522	1,356
13170	MUS	Mauritius	2018	20,139	1,364
13171	MWI	Malawi	1950	516	2,817
13172	MWI	Malawi	1951	529	2,866
13173	MWI	Malawi	1952	540	2,918
13174	MWI	Malawi	1953	553	2,972
13175	MWI	Malawi	1954	566	3,029
13176	MWI	Malawi	1955	564	3,088
13177	MWI	Malawi	1956	599	3,152
13178	MWI	Malawi	1957	610	3,221
13179	MWI	Malawi	1958	618	3,295
13180	MWI	Malawi	1959	626	3,370
13181	MWI	Malawi	1960	628	3,450
13182	MWI	Malawi	1961	644	3,532
13183	MWI	Malawi	1962	626	3,629
13184	MWI	Malawi	1963	599	3,726
13185	MWI	Malawi	1964	572	3,816
13186	MWI	Malawi	1965	633	3,914
13187	MWI	Malawi	1966	679	4,023
13188	MWI	Malawi	1967	725	4,152
13189	MWI	Malawi	1968	697	4,273
13190	MWI	Malawi	1969	722	4,393
13191	MWI	Malawi	1970	713	4,508
13192	MWI	Malawi	1971	794	4,630
13193	MWI	Malawi	1972	851	4,761
13194	MWI	Malawi	1973	896	4,901
13195	MWI	Malawi	1974	928	5,073
13196	MWI	Malawi	1975	934	5,317
13197	MWI	Malawi	1976	942	5,531
13198	MWI	Malawi	1977	961	5,702
13199	MWI	Malawi	1978	1,015	5,880
13200	MWI	Malawi	1979	1,030	6,066
13201	MWI	Malawi	1980	1,004	6,259
13202	MWI	Malawi	1981	925	6,459
13203	MWI	Malawi	1982	904	6,668
13204	MWI	Malawi	1983	913	6,884
13205	MWI	Malawi	1984	925	7,104
13206	MWI	Malawi	1985	966	7,331
13207	MWI	Malawi	1986	936	7,608
13208	MWI	Malawi	1987	905	8,049
13209	MWI	Malawi	1988	872	8,580
13210	MWI	Malawi	1989	864	9,082
13211	MWI	Malawi	1990	861	9,536
13212	MWI	Malawi	1991	900	9,874
13213	MWI	Malawi	1992	803	10,203
13214	MWI	Malawi	1993	866	10,333
13215	MWI	Malawi	1994	792	10,102
13216	MWI	Malawi	1995	907	9,993
13217	MWI	Malawi	1996	973	10,205
13218	MWI	Malawi	1997	1,006	10,474
13219	MWI	Malawi	1998	986	10,756
13220	MWI	Malawi	1999	990	11,044
13221	MWI	Malawi	2000	967	11,339
13222	MWI	Malawi	2001	899	11,651
13223	MWI	Malawi	2002	886	11,983
13224	MWI	Malawi	2003	906	12,335
13225	MWI	Malawi	2004	923	12,709
13226	MWI	Malawi	2005	920	13,106
13227	MWI	Malawi	2006	929	13,529
13228	MWI	Malawi	2007	982	13,978
13229	MWI	Malawi	2008	1,018	14,452
13230	MWI	Malawi	2009	1,062	14,950
13231	MWI	Malawi	2010	1,092	15,469
13232	MWI	Malawi	2011	1,102	16,006
13233	MWI	Malawi	2012	1,085	16,557
13234	MWI	Malawi	2013	1,104	17,123
13235	MWI	Malawi	2014	1,129	17,705
13236	MWI	Malawi	2015	1,124	18,303
13237	MWI	Malawi	2016	1,112	18,920
13238	MWI	Malawi	2017	1,119	19,558
13239	MWI	Malawi	2018	1,117	20,217
13240	MYS	Malaysia	1820	961	287
13241	MYS	Malaysia	1850		530
13242	MYS	Malaysia	1870	1,055	800
13243	MYS	Malaysia	1890		1,585
13244	MYS	Malaysia	1900	818	2,232
13245	MYS	Malaysia	1901	951	2,288
13246	MYS	Malaysia	1902	1,018	2,345
13247	MYS	Malaysia	1903	882	2,404
13248	MYS	Malaysia	1904	823	2,467
13249	MYS	Malaysia	1905	864	2,532
13250	MYS	Malaysia	1906	795	2,601
13251	MYS	Malaysia	1907	852	2,672
13252	MYS	Malaysia	1908	984	2,745
13253	MYS	Malaysia	1909	919	2,821
13254	MYS	Malaysia	1910	1,074	2,893
13255	MYS	Malaysia	1911	1,134	2,967
13256	MYS	Malaysia	1912	1,094	3,025
13257	MYS	Malaysia	1913	1,289	3,084
13258	MYS	Malaysia	1914	1,445	3,144
13259	MYS	Malaysia	1915	1,542	3,207
13260	MYS	Malaysia	1916	1,389	3,271
13261	MYS	Malaysia	1917	1,719	3,337
13262	MYS	Malaysia	1918	1,795	3,404
13263	MYS	Malaysia	1919	1,877	3,473
13264	MYS	Malaysia	1920	1,786	3,545
13265	MYS	Malaysia	1921	2,172	3,618
13266	MYS	Malaysia	1922	2,405	3,698
13267	MYS	Malaysia	1923	2,052	3,779
13268	MYS	Malaysia	1924	2,044	3,863
13269	MYS	Malaysia	1925	1,733	3,949
13270	MYS	Malaysia	1926	2,179	4,038
13271	MYS	Malaysia	1927	2,049	4,128
13272	MYS	Malaysia	1928	2,537	4,221
13273	MYS	Malaysia	1929	3,220	4,316
13274	MYS	Malaysia	1930	3,148	4,413
13275	MYS	Malaysia	1931	3,072	4,513
13276	MYS	Malaysia	1932	2,792	4,604
13277	MYS	Malaysia	1933	2,790	4,697
13278	MYS	Malaysia	1934	2,806	4,793
13279	MYS	Malaysia	1935	2,688	4,890
13280	MYS	Malaysia	1936	2,906	4,993
13281	MYS	Malaysia	1937	3,162	5,099
13282	MYS	Malaysia	1938	2,515	5,207
13283	MYS	Malaysia	1939	2,565	5,317
13284	MYS	Malaysia	1940	2,037	5,434
13285	MYS	Malaysia	1941	1,973	5,554
13286	MYS	Malaysia	1942	2,667	5,592
13287	MYS	Malaysia	1943		5,630
13288	MYS	Malaysia	1944		5,668
13289	MYS	Malaysia	1945		5,707
13290	MYS	Malaysia	1946		5,746
13291	MYS	Malaysia	1947	1,704	5,786
13292	MYS	Malaysia	1948	1,889	5,922
13293	MYS	Malaysia	1949	2,440	6,061
13294	MYS	Malaysia	1950	2,485	6,434
13295	MYS	Malaysia	1951	2,295	6,582
13296	MYS	Malaysia	1952	2,345	6,748
13297	MYS	Malaysia	1953	2,295	6,929
13298	MYS	Malaysia	1954	2,375	7,118
13299	MYS	Malaysia	1955	2,327	7,312
13300	MYS	Malaysia	1956	2,399	7,520
13301	MYS	Malaysia	1957	2,319	7,739
13302	MYS	Malaysia	1958	2,252	7,966
13303	MYS	Malaysia	1959	2,338	8,196
13304	MYS	Malaysia	1960	2,439	8,428
13305	MYS	Malaysia	1961	2,538	8,663
13306	MYS	Malaysia	1962	2,609	8,906
13307	MYS	Malaysia	1963	2,660	9,148
13308	MYS	Malaysia	1964	2,754	9,397
13309	MYS	Malaysia	1965	2,876	9,648
13310	MYS	Malaysia	1966	2,942	9,900
13311	MYS	Malaysia	1967	2,917	10,155
13312	MYS	Malaysia	1968	3,096	10,409
13313	MYS	Malaysia	1969	3,196	10,662
13314	MYS	Malaysia	1970	3,314	10,910
13315	MYS	Malaysia	1971	3,475	11,171
13316	MYS	Malaysia	1972	3,649	11,441
13317	MYS	Malaysia	1973	4,081	11,712
13318	MYS	Malaysia	1974	4,285	11,986
13319	MYS	Malaysia	1975	4,221	12,267
13320	MYS	Malaysia	1976	4,638	12,554
13321	MYS	Malaysia	1977	4,903	12,845
13322	MYS	Malaysia	1978	5,214	13,139
13323	MYS	Malaysia	1979	5,510	13,444
13324	MYS	Malaysia	1980	5,829	13,764
13325	MYS	Malaysia	1981	6,095	14,096
13326	MYS	Malaysia	1982	6,303	14,441
13327	MYS	Malaysia	1983	6,529	14,793
13328	MYS	Malaysia	1984	6,867	15,157
13329	MYS	Malaysia	1985	6,626	15,545
13330	MYS	Malaysia	1986	6,543	15,942
13331	MYS	Malaysia	1987	6,723	16,333
13332	MYS	Malaysia	1988	7,144	16,731
13333	MYS	Malaysia	1989	7,634	17,121
13334	MYS	Malaysia	1990	8,179	17,507
13335	MYS	Malaysia	1991	8,781	17,991
13336	MYS	Malaysia	1992	9,384	18,466
13337	MYS	Malaysia	1993	10,132	18,933
13338	MYS	Malaysia	1994	10,867	19,419
13339	MYS	Malaysia	1995	11,725	19,913
13340	MYS	Malaysia	1996	12,669	20,419
13341	MYS	Malaysia	1997	13,345	20,958
13342	MYS	Malaysia	1998	12,130	21,516
13343	MYS	Malaysia	1999	12,637	22,081
13344	MYS	Malaysia	2000	13,475	22,666
13345	MYS	Malaysia	2001	13,307	23,240
13346	MYS	Malaysia	2002	13,810	23,773
13347	MYS	Malaysia	2003	14,362	24,359
13348	MYS	Malaysia	2004	15,087	24,941
13349	MYS	Malaysia	2005	15,651	25,424
13350	MYS	Malaysia	2006	16,354	25,878
13351	MYS	Malaysia	2007	17,210	26,332
13352	MYS	Malaysia	2008	17,866	26,784
13353	MYS	Malaysia	2009	17,430	27,235
13354	MYS	Malaysia	2010	18,574	27,682
13355	MYS	Malaysia	2011	19,390	28,126
13356	MYS	Malaysia	2012	20,134	28,568
13357	MYS	Malaysia	2013	20,760	29,007
13358	MYS	Malaysia	2014	21,683	29,443
13359	MYS	Malaysia	2015	22,432	29,874
13360	MYS	Malaysia	2016	23,053	30,301
13361	MYS	Malaysia	2017	24,041	30,724
13362	MYS	Malaysia	2018	24,842	31,143
13363	NAM	Namibia	1950	4,009	464
13364	NAM	Namibia	1951	4,038	475
13365	NAM	Namibia	1952	4,066	486
13366	NAM	Namibia	1953	4,125	497
13367	NAM	Namibia	1954	4,254	509
13368	NAM	Namibia	1955	4,288	522
13369	NAM	Namibia	1956	4,340	535
13370	NAM	Namibia	1957	4,398	548
13371	NAM	Namibia	1958	4,409	562
13372	NAM	Namibia	1959	4,549	576
13373	NAM	Namibia	1960	4,855	591
13374	NAM	Namibia	1961	4,787	606
13375	NAM	Namibia	1962	5,324	621
13376	NAM	Namibia	1963	5,710	637
13377	NAM	Namibia	1964	6,468	654
13378	NAM	Namibia	1965	6,728	671
13379	NAM	Namibia	1966	6,808	689
13380	NAM	Namibia	1967	6,365	707
13381	NAM	Namibia	1968	6,253	725
13382	NAM	Namibia	1969	6,303	745
13383	NAM	Namibia	1970	6,164	765
13384	NAM	Namibia	1971	6,258	793
13385	NAM	Namibia	1972	6,156	822
13386	NAM	Namibia	1973	6,177	851
13387	NAM	Namibia	1974	6,387	882
13388	NAM	Namibia	1975	6,293	915
13389	NAM	Namibia	1976	6,150	950
13390	NAM	Namibia	1977	5,984	977
13391	NAM	Namibia	1978	6,027	998
13392	NAM	Namibia	1979	6,073	1,028
13393	NAM	Namibia	1980	6,293	1,058
13394	NAM	Namibia	1981	6,271	1,074
13395	NAM	Namibia	1982	6,064	1,099
13396	NAM	Namibia	1983	5,734	1,134
13397	NAM	Namibia	1984	5,539	1,169
13398	NAM	Namibia	1985	5,396	1,204
13399	NAM	Namibia	1986	5,530	1,240
13400	NAM	Namibia	1987	5,595	1,278
13401	NAM	Namibia	1988	5,386	1,333
13402	NAM	Namibia	1989	5,208	1,409
13403	NAM	Namibia	1990	5,007	1,471
13404	NAM	Namibia	1991	5,239	1,512
13405	NAM	Namibia	1992	5,533	1,551
13406	NAM	Namibia	1993	5,294	1,592
13407	NAM	Namibia	1994	5,545	1,634
13408	NAM	Namibia	1995	5,639	1,675
13409	NAM	Namibia	1996	5,687	1,716
13410	NAM	Namibia	1997	5,797	1,758
13411	NAM	Namibia	1998	5,860	1,799
13412	NAM	Namibia	1999	5,926	1,841
13413	NAM	Namibia	2000	5,972	1,893
13414	NAM	Namibia	2001	5,888	1,945
13415	NAM	Namibia	2002	6,069	1,981
13416	NAM	Namibia	2003	6,082	2,008
13417	NAM	Namibia	2004	6,713	2,034
13418	NAM	Namibia	2005	6,808	2,060
13419	NAM	Namibia	2006	7,209	2,086
13420	NAM	Namibia	2007	7,510	2,113
13421	NAM	Namibia	2008	7,618	2,141
13422	NAM	Namibia	2009	7,548	2,171
13423	NAM	Namibia	2010	7,906	2,201
13424	NAM	Namibia	2011	8,203	2,232
13425	NAM	Namibia	2012	8,483	2,268
13426	NAM	Namibia	2013	8,793	2,312
13427	NAM	Namibia	2014	9,170	2,360
13428	NAM	Namibia	2015	9,462	2,408
13429	NAM	Namibia	2016	9,376	2,456
13430	NAM	Namibia	2017	9,188	2,505
13431	NAM	Namibia	2018	9,043	2,554
13432	NER	Niger	1950	983	3,271
13433	NER	Niger	1951	1,004	3,324
13434	NER	Niger	1952	1,023	3,379
13435	NER	Niger	1953	1,042	3,437
13436	NER	Niger	1954	1,063	3,497
13437	NER	Niger	1955	1,082	3,559
13438	NER	Niger	1956	1,103	3,625
13439	NER	Niger	1957	1,122	3,692
13440	NER	Niger	1958	1,143	3,763
13441	NER	Niger	1959	1,162	3,836
13442	NER	Niger	1960	1,213	3,913
13443	NER	Niger	1961	1,239	3,993
13444	NER	Niger	1962	1,341	4,076
13445	NER	Niger	1963	1,443	4,163
13446	NER	Niger	1964	1,415	4,252
13447	NER	Niger	1965	1,490	4,344
13448	NER	Niger	1966	1,441	4,438
13449	NER	Niger	1967	1,417	4,534
13450	NER	Niger	1968	1,398	4,633
13451	NER	Niger	1969	1,326	4,735
13452	NER	Niger	1970	1,337	4,841
13453	NER	Niger	1971	1,382	4,949
13454	NER	Niger	1972	1,282	5,060
13455	NER	Niger	1973	1,039	5,175
13456	NER	Niger	1974	1,105	5,295
13457	NER	Niger	1975	1,050	5,419
13458	NER	Niger	1976	1,033	5,548
13459	NER	Niger	1977	1,087	5,682
13460	NER	Niger	1978	1,205	5,816
13461	NER	Niger	1979	1,261	5,952
13462	NER	Niger	1980	1,291	6,093
13463	NER	Niger	1981	1,277	6,239
13464	NER	Niger	1982	1,231	6,389
13465	NER	Niger	1983	1,180	6,544
13466	NER	Niger	1984	956	6,704
13467	NER	Niger	1985	950	6,869
13468	NER	Niger	1986	969	7,040
13469	NER	Niger	1987	912	7,216
13470	NER	Niger	1988	939	7,399
13471	NER	Niger	1989	915	7,608
13472	NER	Niger	1990	872	7,842
13473	NER	Niger	1991	866	8,072
13474	NER	Niger	1992	785	8,313
13475	NER	Niger	1993	772	8,570
13476	NER	Niger	1994	777	8,840
13477	NER	Niger	1995	702	9,133
13478	NER	Niger	1996	713	9,443
13479	NER	Niger	1997	693	9,752
13480	NER	Niger	1998	755	10,079
13481	NER	Niger	1999	737	10,424
13482	NER	Niger	2000	693	10,785
13483	NER	Niger	2001	723	11,170
13484	NER	Niger	2002	735	11,580
13485	NER	Niger	2003	758	12,014
13486	NER	Niger	2004	725	12,472
13487	NER	Niger	2005	757	12,953
13488	NER	Niger	2006	771	13,458
13489	NER	Niger	2007	766	13,985
13490	NER	Niger	2008	809	14,531
13491	NER	Niger	2009	775	15,091
13492	NER	Niger	2010	810	15,667
13493	NER	Niger	2011	799	16,262
13494	NER	Niger	2012	864	16,902
13495	NER	Niger	2013	880	17,568
