## Sheet: Full data (continued)
	A	B	C	D	E
14188	NLD	Netherlands	1848	3,602	3,069
14189	NLD	Netherlands	1849	3,709	3,076
14190	NLD	Netherlands	1850	3,779	3,098
14191	NLD	Netherlands	1851	3,834	3,133
14192	NLD	Netherlands	1852	3,790	3,167
14193	NLD	Netherlands	1853	3,704	3,194
14194	NLD	Netherlands	1854	3,931	3,218
14195	NLD	Netherlands	1855	3,824	3,235
14196	NLD	Netherlands	1856	3,977	3,253
14197	NLD	Netherlands	1857	3,907	3,277
14198	NLD	Netherlands	1858	3,800	3,294
14199	NLD	Netherlands	1859	3,665	3,304
14200	NLD	Netherlands	1860	3,840	3,318
14201	NLD	Netherlands	1861	3,735	3,340
14202	NLD	Netherlands	1862	3,881	3,366
14203	NLD	Netherlands	1863	3,953	3,397
14204	NLD	Netherlands	1864	4,111	3,431
14205	NLD	Netherlands	1865	4,117	3,460
14206	NLD	Netherlands	1866	4,272	3,484
14207	NLD	Netherlands	1867	4,127	3,510
14208	NLD	Netherlands	1868	4,152	3,543
14209	NLD	Netherlands	1869	4,286	3,575
14210	NLD	Netherlands	1870	4,422	3,610
14211	NLD	Netherlands	1871	4,364	3,636
14212	NLD	Netherlands	1872	4,414	3,662
14213	NLD	Netherlands	1873	4,503	3,670
14214	NLD	Netherlands	1874	4,337	3,745
14215	NLD	Netherlands	1875	4,584	3,788
14216	NLD	Netherlands	1876	4,595	3,832
14217	NLD	Netherlands	1877	4,651	3,883
14218	NLD	Netherlands	1878	4,637	3,834
14219	NLD	Netherlands	1879	4,414	3,986
14220	NLD	Netherlands	1880	4,666	4,043
14221	NLD	Netherlands	1881	4,694	4,079
14222	NLD	Netherlands	1882	4,758	4,130
14223	NLD	Netherlands	1883	5,053	4,180
14224	NLD	Netherlands	1884	5,085	4,226
14225	NLD	Netherlands	1885	5,137	4,276
14226	NLD	Netherlands	1886	5,157	4,326
14227	NLD	Netherlands	1887	5,223	4,378
14228	NLD	Netherlands	1888	5,231	4,432
14229	NLD	Netherlands	1889	5,349	4,485
14230	NLD	Netherlands	1890	5,078	4,535
14231	NLD	Netherlands	1891	5,035	4,585
14232	NLD	Netherlands	1892	5,131	4,632
14233	NLD	Netherlands	1893	5,019	4,684
14234	NLD	Netherlands	1894	5,247	4,743
14235	NLD	Netherlands	1895	5,212	4,803
14236	NLD	Netherlands	1896	5,359	4,866
14237	NLD	Netherlands	1897	5,421	4,935
14238	NLD	Netherlands	1898	5,431	5,003
14239	NLD	Netherlands	1899	5,435	5,070
14240	NLD	Netherlands	1900	5,306	5,142
14241	NLD	Netherlands	1901	5,483	5,221
14242	NLD	Netherlands	1902	5,630	5,305
14243	NLD	Netherlands	1903	5,544	5,389
14244	NLD	Netherlands	1904	5,541	5,470
14245	NLD	Netherlands	1905	5,735	5,551
14246	NLD	Netherlands	1906	5,770	5,632
14247	NLD	Netherlands	1907	5,592	5,710
14248	NLD	Netherlands	1908	5,628	5,786
14249	NLD	Netherlands	1909	5,852	5,862
14250	NLD	Netherlands	1910	6,030	5,922
14251	NLD	Netherlands	1911	6,158	5,984
14252	NLD	Netherlands	1912	6,245	6,068
14253	NLD	Netherlands	1913	6,454	6,164
14254	NLD	Netherlands	1914	6,166	6,277
14255	NLD	Netherlands	1915	6,258	6,395
14256	NLD	Netherlands	1916	6,306	6,516
14257	NLD	Netherlands	1917	5,781	6,654
14258	NLD	Netherlands	1918	5,343	6,752
14259	NLD	Netherlands	1919	6,570	6,805
14260	NLD	Netherlands	1920	6,727	6,848
14261	NLD	Netherlands	1921	7,063	6,921
14262	NLD	Netherlands	1922	7,331	7,032
14263	NLD	Netherlands	1923	7,388	7,150
14264	NLD	Netherlands	1924	7,803	7,264
14265	NLD	Netherlands	1925	8,019	7,366
14266	NLD	Netherlands	1926	8,541	7,471
14267	NLD	Netherlands	1927	8,773	7,576
14268	NLD	Netherlands	1928	9,118	7,679
14269	NLD	Netherlands	1929	9,068	7,782
14270	NLD	Netherlands	1930	8,931	7,884
14271	NLD	Netherlands	1931	8,265	7,999
14272	NLD	Netherlands	1932	8,026	8,123
14273	NLD	Netherlands	1933	7,900	8,237
14274	NLD	Netherlands	1934	7,659	8,341
14275	NLD	Netherlands	1935	7,857	8,434
14276	NLD	Netherlands	1936	8,273	8,516
14277	NLD	Netherlands	1937	8,660	8,599
14278	NLD	Netherlands	1938	8,368	8,685
14279	NLD	Netherlands	1939	8,837	8,782
14280	NLD	Netherlands	1940	7,701	8,879
14281	NLD	Netherlands	1941	7,222	8,966
14282	NLD	Netherlands	1942	6,546	9,042
14283	NLD	Netherlands	1943	6,346	9,103
14284	NLD	Netherlands	1944	4,222	9,175
14285	NLD	Netherlands	1945	4,281	9,262
14286	NLD	Netherlands	1946	7,104	9,424
14287	NLD	Netherlands	1947	8,046	9,630
14288	NLD	Netherlands	1948	8,751	9,800
14289	NLD	Netherlands	1949	9,373	9,956
14290	NLD	Netherlands	1950	9,558	10,114
14291	NLD	Netherlands	1951	9,615	10,264
14292	NLD	Netherlands	1952	9,698	10,382
14293	NLD	Netherlands	1953	10,429	10,493
14294	NLD	Netherlands	1954	11,010	10,615
14295	NLD	Netherlands	1955	11,678	10,751
14296	NLD	Netherlands	1956	11,953	10,889
14297	NLD	Netherlands	1957	12,137	11,026
14298	NLD	Netherlands	1958	11,926	11,187
14299	NLD	Netherlands	1959	12,333	11,348
14300	NLD	Netherlands	1960	13,209	11,486
14301	NLD	Netherlands	1961	13,074	11,639
14302	NLD	Netherlands	1962	13,770	11,806
14303	NLD	Netherlands	1963	14,078	11,966
14304	NLD	Netherlands	1964	15,042	12,127
14305	NLD	Netherlands	1965	15,618	12,292
14306	NLD	Netherlands	1966	15,838	12,455
14307	NLD	Netherlands	1967	16,483	12,597
14308	NLD	Netherlands	1968	17,365	12,725
14309	NLD	Netherlands	1969	18,270	12,873
14310	NLD	Netherlands	1970	19,075	13,032
14311	NLD	Netherlands	1971	19,636	13,194
14312	NLD	Netherlands	1972	20,079	13,330
14313	NLD	Netherlands	1973	20,851	13,438
14314	NLD	Netherlands	1974	21,514	13,541
14315	NLD	Netherlands	1975	21,318	13,653
14316	NLD	Netherlands	1976	22,132	13,770
14317	NLD	Netherlands	1977	22,598	13,853
14318	NLD	Netherlands	1978	22,992	13,937
14319	NLD	Netherlands	1979	23,347	14,030
14320	NLD	Netherlands	1980	23,438	14,144
14321	NLD	Netherlands	1981	23,153	14,246
14322	NLD	Netherlands	1982	22,780	14,310
14323	NLD	Netherlands	1983	23,086	14,362
14324	NLD	Netherlands	1984	23,750	14,420
14325	NLD	Netherlands	1985	24,361	14,491
14326	NLD	Netherlands	1986	24,893	14,572
14327	NLD	Netherlands	1987	25,085	14,665
14328	NLD	Netherlands	1988	25,574	14,761
14329	NLD	Netherlands	1989	26,612	14,849
14330	NLD	Netherlands	1990	27,515	14,952
14331	NLD	Netherlands	1991	28,127	15,070
14332	NLD	Netherlands	1992	28,556	15,184
14333	NLD	Netherlands	1993	28,880	15,290
14334	NLD	Netherlands	1994	29,728	15,383
14335	NLD	Netherlands	1995	30,680	15,459
14336	NLD	Netherlands	1996	31,812	15,530
14337	NLD	Netherlands	1997	33,200	15,611
14338	NLD	Netherlands	1998	34,689	15,707
14339	NLD	Netherlands	1999	36,409	15,812
14340	NLD	Netherlands	2000	37,900	15,926
14341	NLD	Netherlands	2001	38,636	16,046
14342	NLD	Netherlands	2002	38,653	16,149
14343	NLD	Netherlands	2003	38,804	16,225
14344	NLD	Netherlands	2004	39,682	16,282
14345	NLD	Netherlands	2005	40,679	16,320
14346	NLD	Netherlands	2006	42,287	16,346
14347	NLD	Netherlands	2007	44,009	16,382
14348	NLD	Netherlands	2008	44,841	16,446
14349	NLD	Netherlands	2009	43,179	16,530
14350	NLD	Netherlands	2010	43,812	16,615
14351	NLD	Netherlands	2011	44,591	16,693
14352	NLD	Netherlands	2012	43,957	16,755
14353	NLD	Netherlands	2013	43,744	16,804
14354	NLD	Netherlands	2014	44,205	16,865
14355	NLD	Netherlands	2015	44,869	16,940
14356	NLD	Netherlands	2016	45,600	17,030
14357	NLD	Netherlands	2017	46,651	17,131
14358	NLD	Netherlands	2018	47,474	17,232
14359	NOR	Norway	1		100
14360	NOR	Norway	1000		200
14361	NOR	Norway	1500		300
14362	NOR	Norway	1600		400
14363	NOR	Norway	1700		500
14364	NOR	Norway	1820	1,384	970
14365	NOR	Norway	1821		984
14366	NOR	Norway	1822		998
14367	NOR	Norway	1823		1,013
14368	NOR	Norway	1824		1,028
14369	NOR	Norway	1825		1,044
14370	NOR	Norway	1826		1,062
14371	NOR	Norway	1827		1,079
14372	NOR	Norway	1828		1,093
14373	NOR	Norway	1829		1,108
14374	NOR	Norway	1830	1,441	1,124
14375	NOR	Norway	1831	1,355	1,137
14376	NOR	Norway	1832	1,393	1,150
14377	NOR	Norway	1833	1,508	1,163
14378	NOR	Norway	1834	1,527	1,174
14379	NOR	Norway	1835	1,503	1,188
14380	NOR	Norway	1836	1,466	1,202
14381	NOR	Norway	1837	1,463	1,214
14382	NOR	Norway	1838	1,482	1,224
14383	NOR	Norway	1839	1,495	1,233
14384	NOR	Norway	1840	1,607	1,241
14385	NOR	Norway	1841	1,592	1,254
14386	NOR	Norway	1842	1,580	1,271
14387	NOR	Norway	1843	1,521	1,286
14388	NOR	Norway	1844	1,567	1,302
14389	NOR	Norway	1845	1,631	1,319
14390	NOR	Norway	1846	1,619	1,337
14391	NOR	Norway	1847	1,670	1,351
14392	NOR	Norway	1848	1,533	1,363
14393	NOR	Norway	1849	1,559	1,377
14394	NOR	Norway	1850	1,623	1,392
14395	NOR	Norway	1851	1,663	1,409
14396	NOR	Norway	1852	1,686	1,425
14397	NOR	Norway	1853	1,776	1,440
14398	NOR	Norway	1854	1,859	1,457
14399	NOR	Norway	1855	1,897	1,479
14400	NOR	Norway	1856	1,860	1,501
14401	NOR	Norway	1857	1,763	1,521
14402	NOR	Norway	1858	1,865	1,543
14403	NOR	Norway	1859	1,817	1,570
14404	NOR	Norway	1860	1,887	1,596
14405	NOR	Norway	1861	1,879	1,614
14406	NOR	Norway	1862	2,007	1,627
14407	NOR	Norway	1863	1,959	1,646
14408	NOR	Norway	1864	1,986	1,668
14409	NOR	Norway	1865	2,077	1,690
14410	NOR	Norway	1866	1,975	1,707
14411	NOR	Norway	1867	1,991	1,716
14412	NOR	Norway	1868	1,975	1,724
14413	NOR	Norway	1869	2,079	1,729
14414	NOR	Norway	1870	2,177	1,735
14415	NOR	Norway	1871	2,276	1,745
14416	NOR	Norway	1872	2,342	1,755
14417	NOR	Norway	1873	2,421	1,767
14418	NOR	Norway	1874	2,348	1,783
14419	NOR	Norway	1875	2,410	1,803
14420	NOR	Norway	1876	2,477	1,829
14421	NOR	Norway	1877	2,450	1,852
14422	NOR	Norway	1878	2,337	1,877
14423	NOR	Norway	1879	2,429	1,902
14424	NOR	Norway	1880	2,503	1,919
14425	NOR	Norway	1881	2,439	1,923
14426	NOR	Norway	1882	2,528	1,920
14427	NOR	Norway	1883	2,582	1,919
14428	NOR	Norway	1884	2,518	1,929
14429	NOR	Norway	1885	2,499	1,944
14430	NOR	Norway	1886	2,528	1,958
14431	NOR	Norway	1887	2,570	1,970
14432	NOR	Norway	1888	2,692	1,977
14433	NOR	Norway	1889	2,775	1,984
14434	NOR	Norway	1890	2,769	1,997
14435	NOR	Norway	1891	2,762	2,013
14436	NOR	Norway	1892	2,748	2,026
14437	NOR	Norway	1893	2,820	2,038
14438	NOR	Norway	1894	2,935	2,057
14439	NOR	Norway	1895	3,052	2,083
14440	NOR	Norway	1896	3,102	2,112
14441	NOR	Norway	1897	3,218	2,142
14442	NOR	Norway	1898	3,266	2,174
14443	NOR	Norway	1899	3,244	2,204
14444	NOR	Norway	1900	3,249	2,230
14445	NOR	Norway	1901	3,271	2,255
14446	NOR	Norway	1902	3,268	2,275
14447	NOR	Norway	1903	3,290	2,288
14448	NOR	Norway	1904	3,288	2,297
14449	NOR	Norway	1905	3,322	2,309
14450	NOR	Norway	1906	3,496	2,319
14451	NOR	Norway	1907	3,537	2,329
14452	NOR	Norway	1908	3,612	2,346
14453	NOR	Norway	1909	3,642	2,367
14454	NOR	Norway	1910	3,826	2,384
14455	NOR	Norway	1911	3,947	2,401
14456	NOR	Norway	1912	4,050	2,423
14457	NOR	Norway	1913	4,415	2,447
14458	NOR	Norway	1914	4,336	2,472
14459	NOR	Norway	1915	4,407	2,498
14460	NOR	Norway	1916	4,803	2,522
14461	NOR	Norway	1917	4,286	2,551
14462	NOR	Norway	1918	4,023	2,578
14463	NOR	Norway	1919	4,605	2,603
14464	NOR	Norway	1920	4,739	2,635
14465	NOR	Norway	1921	4,222	2,668
14466	NOR	Norway	1922	4,570	2,695
14467	NOR	Norway	1923	4,870	2,713
14468	NOR	Norway	1924	4,787	2,729
14469	NOR	Norway	1925	4,733	2,747
14470	NOR	Norway	1926	4,750	2,763
14471	NOR	Norway	1927	4,992	2,775
14472	NOR	Norway	1928	5,241	2,785
14473	NOR	Norway	1929	5,581	2,795
14474	NOR	Norway	1930	5,781	2,807
14475	NOR	Norway	1931	5,297	2,824
14476	NOR	Norway	1932	5,526	2,842
14477	NOR	Norway	1933	5,633	2,858
14478	NOR	Norway	1934	5,799	2,874
14479	NOR	Norway	1935	6,057	2,889
14480	NOR	Norway	1936	6,432	2,904
14481	NOR	Norway	1937	6,684	2,919
14482	NOR	Norway	1938	6,794	2,936
14483	NOR	Norway	1939	7,079	2,954
14484	NOR	Norway	1940	6,437	2,973
14485	NOR	Norway	1941	6,554	2,990
14486	NOR	Norway	1942	6,261	3,009
14487	NOR	Norway	1943	6,089	3,032
14488	NOR	Norway	1944	5,719	3,060
14489	NOR	Norway	1945	6,344	3,091
14490	NOR	Norway	1946	6,910	3,127
14491	NOR	Norway	1947	7,753	3,165
14492	NOR	Norway	1948	8,199	3,201
14493	NOR	Norway	1949	8,332	3,234
14494	NOR	Norway	1950	8,655	3,265
14495	NOR	Norway	1951	9,038	3,296
14496	NOR	Norway	1952	9,267	3,328
14497	NOR	Norway	1953	9,540	3,361
14498	NOR	Norway	1954	9,923	3,394
14499	NOR	Norway	1955	10,044	3,427
14500	NOR	Norway	1956	10,480	3,460
14501	NOR	Norway	1957	10,697	3,492
14502	NOR	Norway	1958	10,603	3,523
14503	NOR	Norway	1959	10,957	3,553
14504	NOR	Norway	1960	11,483	3,581
14505	NOR	Norway	1961	12,106	3,610
14506	NOR	Norway	1962	12,347	3,639
14507	NOR	Norway	1963	12,723	3,667
14508	NOR	Norway	1964	13,256	3,694
14509	NOR	Norway	1965	13,852	3,723
14510	NOR	Norway	1966	14,258	3,754
14511	NOR	Norway	1967	15,020	3,786
14512	NOR	Norway	1968	15,224	3,819
14513	NOR	Norway	1969	15,779	3,851
