## Sheet: Full data (continued)
	A	B	C	D	E
14850	OMN	Oman	2001	26,431	2,245
14851	OMN	Oman	2002	27,142	2,284
14852	OMN	Oman	2003	27,314	2,335
14853	OMN	Oman	2004	28,607	2,393
14854	OMN	Oman	2005	30,393	2,457
14855	OMN	Oman	2006	33,375	2,525
14856	OMN	Oman	2007	36,425	2,600
14857	OMN	Oman	2008	40,910	2,691
14858	OMN	Oman	2009	44,245	2,814
14859	OMN	Oman	2010	46,182	2,976
14860	OMN	Oman	2011	44,454	3,181
14861	OMN	Oman	2012	44,008	3,422
14862	OMN	Oman	2013	41,680	3,683
14863	OMN	Oman	2014	39,418	3,940
14864	OMN	Oman	2015	38,738	4,175
14865	OMN	Oman	2016	38,515	4,382
14866	OMN	Oman	2017	37,102	4,565
14867	OMN	Oman	2018	36,478	4,725
14868	PAK	Pakistan	1950	1,025	39,448
14869	PAK	Pakistan	1951	969	40,382
14870	PAK	Pakistan	1952	950	41,347
14871	PAK	Pakistan	1953	1,015	42,342
14872	PAK	Pakistan	1954	1,014	43,372
14873	PAK	Pakistan	1955	1,012	44,434
14874	PAK	Pakistan	1956	1,017	45,536
14875	PAK	Pakistan	1957	1,036	46,680
14876	PAK	Pakistan	1958	1,025	47,869
14877	PAK	Pakistan	1959	1,009	49,104
14878	PAK	Pakistan	1960	1,031	50,387
14879	PAK	Pakistan	1961	1,066	51,719
14880	PAK	Pakistan	1962	1,114	53,101
14881	PAK	Pakistan	1963	1,152	54,524
14882	PAK	Pakistan	1964	1,208	55,988
14883	PAK	Pakistan	1965	1,229	57,495
14884	PAK	Pakistan	1966	1,294	59,046
14885	PAK	Pakistan	1967	1,307	60,642
14886	PAK	Pakistan	1968	1,361	62,282
14887	PAK	Pakistan	1969	1,411	63,970
14888	PAK	Pakistan	1970	1,517	65,706
14889	PAK	Pakistan	1971	1,484	67,491
14890	PAK	Pakistan	1972	1,455	69,326
14891	PAK	Pakistan	1973	1,521	71,121
14892	PAK	Pakistan	1974	1,533	72,912
14893	PAK	Pakistan	1975	1,559	74,712
14894	PAK	Pakistan	1976	1,604	76,456
14895	PAK	Pakistan	1977	1,631	78,153
14896	PAK	Pakistan	1978	1,720	80,051
14897	PAK	Pakistan	1979	1,733	82,374
14898	PAK	Pakistan	1980	1,851	85,219
14899	PAK	Pakistan	1981	1,924	88,417
14900	PAK	Pakistan	1982	2,002	91,465
14901	PAK	Pakistan	1983	2,077	94,155
14902	PAK	Pakistan	1984	2,106	96,502
14903	PAK	Pakistan	1985	2,230	99,076
14904	PAK	Pakistan	1986	2,302	102,066
14905	PAK	Pakistan	1987	2,364	105,208
14906	PAK	Pakistan	1988	2,442	108,408
14907	PAK	Pakistan	1989	2,487	111,528
14908	PAK	Pakistan	1990	2,531	114,607
14909	PAK	Pakistan	1991	2,645	117,782
14910	PAK	Pakistan	1992	2,732	119,974
14911	PAK	Pakistan	1993	2,777	122,052
14912	PAK	Pakistan	1994	2,856	124,813
14913	PAK	Pakistan	1995	2,948	127,886
14914	PAK	Pakistan	1996	2,980	131,363
14915	PAK	Pakistan	1997	2,987	134,717
14916	PAK	Pakistan	1998	3,035	138,044
14917	PAK	Pakistan	1999	3,112	141,497
14918	PAK	Pakistan	2000	3,155	145,759
14919	PAK	Pakistan	2001	3,177	150,448
14920	PAK	Pakistan	2002	3,266	154,585
14921	PAK	Pakistan	2003	3,438	158,209
14922	PAK	Pakistan	2004	3,665	161,556
14923	PAK	Pakistan	2005	3,884	165,075
14924	PAK	Pakistan	2006	4,063	168,846
14925	PAK	Pakistan	2007	4,160	172,882
14926	PAK	Pakistan	2008	4,224	176,808
14927	PAK	Pakistan	2009	4,288	180,688
14928	PAK	Pakistan	2010	4,354	184,987
14929	PAK	Pakistan	2011	4,464	189,311
14930	PAK	Pakistan	2012	4,569	193,567
14931	PAK	Pakistan	2013	4,703	197,992
14932	PAK	Pakistan	2014	4,850	202,388
14933	PAK	Pakistan	2015	5,030	206,722
14934	PAK	Pakistan	2016	5,223	210,943
14935	PAK	Pakistan	2017	5,392	215,301
14936	PAK	Pakistan	2018	5,510	219,964
14937	PAN	Panama	1850		135
14938	PAN	Panama	1870		176
14939	PAN	Panama	1900		263
14940	PAN	Panama	1901		269
14941	PAN	Panama	1902		275
14942	PAN	Panama	1903		281
14943	PAN	Panama	1904		287
14944	PAN	Panama	1905		293
14945	PAN	Panama	1906	2,276	299
14946	PAN	Panama	1907	2,377	306
14947	PAN	Panama	1908	2,504	312
14948	PAN	Panama	1909	2,648	319
14949	PAN	Panama	1910	2,837	326
14950	PAN	Panama	1911	2,915	333
14951	PAN	Panama	1912	2,930	341
14952	PAN	Panama	1913	2,927	348
14953	PAN	Panama	1914	3,084	365
14954	PAN	Panama	1915	3,064	383
14955	PAN	Panama	1916	2,888	402
14956	PAN	Panama	1917	2,732	422
14957	PAN	Panama	1918	2,630	442
14958	PAN	Panama	1919	2,534	464
14959	PAN	Panama	1920	2,445	487
14960	PAN	Panama	1921	2,370	489
14961	PAN	Panama	1922	2,401	491
14962	PAN	Panama	1923	2,421	493
14963	PAN	Panama	1924	2,491	495
14964	PAN	Panama	1925	2,514	497
14965	PAN	Panama	1926	2,515	499
14966	PAN	Panama	1927	2,528	502
14967	PAN	Panama	1928	2,558	504
14968	PAN	Panama	1929	2,605	506
14969	PAN	Panama	1930	2,467	515
14970	PAN	Panama	1931	2,383	527
14971	PAN	Panama	1932	2,362	543
14972	PAN	Panama	1933	2,365	559
14973	PAN	Panama	1934	2,391	576
14974	PAN	Panama	1935	2,571	592
14975	PAN	Panama	1936	2,507	608
14976	PAN	Panama	1937	2,707	623
14977	PAN	Panama	1938	2,625	640
14978	PAN	Panama	1939	2,683	656
14979	PAN	Panama	1940	2,651	697
14980	PAN	Panama	1941	2,911	720
14981	PAN	Panama	1942	2,896	773
14982	PAN	Panama	1943	2,995	795
14983	PAN	Panama	1944	3,156	784
14984	PAN	Panama	1945	3,371	791
14985	PAN	Panama	1946	2,899	788
14986	PAN	Panama	1947	2,960	804
14987	PAN	Panama	1948	2,724	822
14988	PAN	Panama	1949	2,732	838
14989	PAN	Panama	1950	2,577	893
14990	PAN	Panama	1951	2,491	916
14991	PAN	Panama	1952	2,557	940
14992	PAN	Panama	1953	2,649	962
14993	PAN	Panama	1954	2,681	985
14994	PAN	Panama	1955	2,766	1,011
14995	PAN	Panama	1956	2,836	1,037
14996	PAN	Panama	1957	3,054	1,064
14997	PAN	Panama	1958	3,014	1,085
14998	PAN	Panama	1959	3,124	1,115
14999	PAN	Panama	1960	3,217	1,148
15000	PAN	Panama	1961	3,462	1,181
15001	PAN	Panama	1962	3,647	1,216
15002	PAN	Panama	1963	3,877	1,251
15003	PAN	Panama	1964	3,929	1,288
15004	PAN	Panama	1965	4,151	1,326
15005	PAN	Panama	1966	4,331	1,365
15006	PAN	Panama	1967	4,559	1,405
15007	PAN	Panama	1968	4,752	1,447
15008	PAN	Panama	1969	4,976	1,489
15009	PAN	Panama	1970	5,131	1,531
15010	PAN	Panama	1971	5,471	1,574
15011	PAN	Panama	1972	5,571	1,617
15012	PAN	Panama	1973	5,719	1,660
15013	PAN	Panama	1974	5,695	1,707
15014	PAN	Panama	1975	5,649	1,749
15015	PAN	Panama	1976	5,604	1,792
15016	PAN	Panama	1977	5,512	1,842
15017	PAN	Panama	1978	5,946	1,875
15018	PAN	Panama	1979	6,075	1,918
15019	PAN	Panama	1980	6,849	1,960
15020	PAN	Panama	1981	7,313	1,999
15021	PAN	Panama	1982	7,444	2,040
15022	PAN	Panama	1983	7,186	2,081
15023	PAN	Panama	1984	7,192	2,123
15024	PAN	Panama	1985	7,404	2,168
15025	PAN	Panama	1986	7,578	2,212
15026	PAN	Panama	1987	7,653	2,257
15027	PAN	Panama	1988	6,743	2,302
15028	PAN	Panama	1989	6,715	2,347
15029	PAN	Panama	1990	7,119	2,393
15030	PAN	Panama	1991	7,659	2,441
15031	PAN	Panama	1992	8,149	2,489
15032	PAN	Panama	1993	8,451	2,538
15033	PAN	Panama	1994	8,550	2,588
15034	PAN	Panama	1995	8,556	2,638
15035	PAN	Panama	1996	8,652	2,690
15036	PAN	Panama	1997	9,055	2,744
15037	PAN	Panama	1998	9,560	2,797
15038	PAN	Panama	1999	9,785	2,848
15039	PAN	Panama	2000	9,899	2,900
15040	PAN	Panama	2001	9,805	2,952
15041	PAN	Panama	2002	9,879	3,003
15042	PAN	Panama	2003	10,154	3,054
15043	PAN	Panama	2004	10,770	3,104
15044	PAN	Panama	2005	11,389	3,155
15045	PAN	Panama	2006	12,196	3,206
15046	PAN	Panama	2007	13,492	3,258
15047	PAN	Panama	2008	14,467	3,310
15048	PAN	Panama	2009	14,516	3,360
15049	PAN	Panama	2010	15,169	3,411
15050	PAN	Panama	2011	16,762	3,460
15051	PAN	Panama	2012	18,051	3,510
15052	PAN	Panama	2013	18,979	3,559
15053	PAN	Panama	2014	19,855	3,608
15054	PAN	Panama	2015	20,723	3,657
15055	PAN	Panama	2016	21,449	3,705
15056	PAN	Panama	2017	22,207	3,753
15057	PAN	Panama	2018	22,637	3,801
15058	PER	Peru	1000		3,000
15059	PER	Peru	1500		4,000
15060	PER	Peru	1595	880	
15061	PER	Peru	1596	905	
15062	PER	Peru	1597	912	
15063	PER	Peru	1598	977	
15064	PER	Peru	1599	936	
15065	PER	Peru	1600	921	1,300
15066	PER	Peru	1601	960	
15067	PER	Peru	1602	964	
15068	PER	Peru	1603	918	
15069	PER	Peru	1604	910	
15070	PER	Peru	1605	910	
15071	PER	Peru	1606	913	
15072	PER	Peru	1607	931	
15073	PER	Peru	1608	936	
15074	PER	Peru	1609	1,038	
15075	PER	Peru	1610	1,076	
15076	PER	Peru	1611	1,011	
15077	PER	Peru	1612	1,057	
15078	PER	Peru	1613	1,033	
15079	PER	Peru	1614	1,057	
15080	PER	Peru	1615	1,028	
15081	PER	Peru	1616	983	
15082	PER	Peru	1617	998	
15083	PER	Peru	1618	996	
15084	PER	Peru	1619	999	
15085	PER	Peru	1620	995	
15086	PER	Peru	1621	998	
15087	PER	Peru	1622	976	
15088	PER	Peru	1623	966	
15089	PER	Peru	1624	999	
15090	PER	Peru	1625	998	
15091	PER	Peru	1626	1,041	
15092	PER	Peru	1627	1,057	
15093	PER	Peru	1628	1,066	
15094	PER	Peru	1629	1,062	
15095	PER	Peru	1630	1,046	
15096	PER	Peru	1631	1,070	
15097	PER	Peru	1632	1,087	
15098	PER	Peru	1633	1,109	
15099	PER	Peru	1634	1,098	
15100	PER	Peru	1635	1,202	
15101	PER	Peru	1636	1,202	
15102	PER	Peru	1637	1,168	
15103	PER	Peru	1638	1,143	
15104	PER	Peru	1639	1,132	
15105	PER	Peru	1640	1,073	
15106	PER	Peru	1641	1,188	
15107	PER	Peru	1642	1,172	
15108	PER	Peru	1643	1,178	
15109	PER	Peru	1644	1,103	
15110	PER	Peru	1645	1,093	
15111	PER	Peru	1646	1,098	
15112	PER	Peru	1647	1,033	
15113	PER	Peru	1648	1,116	
15114	PER	Peru	1649	1,087	
15115	PER	Peru	1650	1,062	
15116	PER	Peru	1651	1,007	
15117	PER	Peru	1652	1,023	
15118	PER	Peru	1653	1,039	
15119	PER	Peru	1654	1,050	
15120	PER	Peru	1655	1,009	
15121	PER	Peru	1656	1,022	
15122	PER	Peru	1657	1,031	
15123	PER	Peru	1658	1,054	
15124	PER	Peru	1659	952	
15125	PER	Peru	1660	899	
15126	PER	Peru	1661	918	
15127	PER	Peru	1662	945	
15128	PER	Peru	1663	991	
15129	PER	Peru	1664	953	
15130	PER	Peru	1665	1,014	
15131	PER	Peru	1666	1,189	
15132	PER	Peru	1667	1,294	
15133	PER	Peru	1668	1,250	
15134	PER	Peru	1669	928	
15135	PER	Peru	1670	1,087	
15136	PER	Peru	1671	1,030	
15137	PER	Peru	1672	1,052	
15138	PER	Peru	1673	1,063	
15139	PER	Peru	1674	1,023	
15140	PER	Peru	1675	1,020	
15141	PER	Peru	1676	1,111	
15142	PER	Peru	1677	1,157	
15143	PER	Peru	1678	1,097	
15144	PER	Peru	1679	1,250	
15145	PER	Peru	1680	1,079	
15146	PER	Peru	1681	1,122	
15147	PER	Peru	1682	1,095	
15148	PER	Peru	1683	1,140	
15149	PER	Peru	1684	1,152	
15150	PER	Peru	1685	1,057	
15151	PER	Peru	1686	1,034	
15152	PER	Peru	1687	928	
15153	PER	Peru	1688	944	
15154	PER	Peru	1689	928	
15155	PER	Peru	1690	945	
15156	PER	Peru	1691	991	
15157	PER	Peru	1692	995	
15158	PER	Peru	1693	939	
15159	PER	Peru	1694	1,111	
15160	PER	Peru	1695	1,135	
15161	PER	Peru	1696	1,089	
15162	PER	Peru	1697	1,036	
15163	PER	Peru	1698	1,117	
15164	PER	Peru	1699	1,157	
15165	PER	Peru	1700	1,157	1,300
15166	PER	Peru	1701	1,090	
15167	PER	Peru	1702	1,042	
15168	PER	Peru	1703	1,127	
15169	PER	Peru	1704	1,087	
15170	PER	Peru	1705	1,189	
15171	PER	Peru	1706	1,054	
15172	PER	Peru	1707	1,164	
15173	PER	Peru	1708	1,301	
15174	PER	Peru	1709	1,301	
15175	PER	Peru	1710	1,176	
15176	PER	Peru	1711	1,216	
15177	PER	Peru	1712	1,157	
15178	PER	Peru	1713	1,157	
15179	PER	Peru	1714	1,133	
15180	PER	Peru	1715	1,060	
15181	PER	Peru	1716	1,143	
15182	PER	Peru	1717	1,167	
15183	PER	Peru	1718	1,127	
15184	PER	Peru	1719	1,101	
15185	PER	Peru	1720	1,100	
15186	PER	Peru	1721	1,055	
15187	PER	Peru	1722	1,103	
15188	PER	Peru	1723	1,213	
15189	PER	Peru	1724	1,146	
15190	PER	Peru	1725	1,221	
15191	PER	Peru	1726	1,070	
15192	PER	Peru	1727	1,227	
15193	PER	Peru	1728	1,168	
15194	PER	Peru	1729	1,176	
15195	PER	Peru	1730	1,144	
15196	PER	Peru	1731	1,160	
15197	PER	Peru	1732	977	
15198	PER	Peru	1733	1,108	
15199	PER	Peru	1734	1,114	
15200	PER	Peru	1735	1,215	
15201	PER	Peru	1736	1,235	
15202	PER	Peru	1737	1,159	
15203	PER	Peru	1738	1,197	
15204	PER	Peru	1739	1,183	
15205	PER	Peru	1740	1,234	
15206	PER	Peru	1741	1,286	
15207	PER	Peru	1742	1,231	
15208	PER	Peru	1743	1,227	
15209	PER	Peru	1744	1,132	
15210	PER	Peru	1745	1,066	
15211	PER	Peru	1746	1,116	
15212	PER	Peru	1747	1,058	
15213	PER	Peru	1748	1,049	
15214	PER	Peru	1749	1,116	
15215	PER	Peru	1750	1,105	
15216	PER	Peru	1751	1,130	
15217	PER	Peru	1752	1,012	
15218	PER	Peru	1753	1,041	
15219	PER	Peru	1754	983	
15220	PER	Peru	1755	977	
15221	PER	Peru	1756	1,015	
15222	PER	Peru	1757	1,105	
15223	PER	Peru	1758	1,172	
15224	PER	Peru	1759	1,240	
15225	PER	Peru	1760	1,186	
15226	PER	Peru	1761	1,211	
15227	PER	Peru	1762	1,215	
15228	PER	Peru	1763	1,211	
15229	PER	Peru	1764	1,277	
15230	PER	Peru	1765	1,361	
15231	PER	Peru	1766	1,344	
15232	PER	Peru	1767	1,342	
15233	PER	Peru	1768	1,334	
15234	PER	Peru	1769	1,318	
15235	PER	Peru	1770	1,309	
15236	PER	Peru	1771	1,307	
15237	PER	Peru	1772	1,307	
15238	PER	Peru	1773	1,180	
15239	PER	Peru	1774	1,290	
