## Sheet: Full data (continued)
	A	B	C	D	E
18735	SWE	Sweden	1629	1,385	
18736	SWE	Sweden	1630	1,423	
18737	SWE	Sweden	1631	1,597	
18738	SWE	Sweden	1632	1,605	
18739	SWE	Sweden	1633	1,554	
18740	SWE	Sweden	1634	1,505	
18741	SWE	Sweden	1635	1,629	
18742	SWE	Sweden	1636	1,780	
18743	SWE	Sweden	1637	1,773	
18744	SWE	Sweden	1638	1,701	
18745	SWE	Sweden	1639	1,677	
18746	SWE	Sweden	1640	1,701	
18747	SWE	Sweden	1641	1,602	
18748	SWE	Sweden	1642	1,615	
18749	SWE	Sweden	1643	1,670	
18750	SWE	Sweden	1644	1,760	
18751	SWE	Sweden	1645	1,749	
18752	SWE	Sweden	1646	1,659	
18753	SWE	Sweden	1647	1,715	
18754	SWE	Sweden	1648	1,597	
18755	SWE	Sweden	1649	1,479	
18756	SWE	Sweden	1650	1,388	
18757	SWE	Sweden	1651	1,398	
18758	SWE	Sweden	1652	1,465	
18759	SWE	Sweden	1653	1,878	
18760	SWE	Sweden	1654	1,977	
18761	SWE	Sweden	1655	2,080	
18762	SWE	Sweden	1656	1,863	
18763	SWE	Sweden	1657	1,715	
18764	SWE	Sweden	1658	1,819	
18765	SWE	Sweden	1659	1,753	
18766	SWE	Sweden	1660	1,726	
18767	SWE	Sweden	1661	1,645	
18768	SWE	Sweden	1662	1,712	
18769	SWE	Sweden	1663	1,639	
18770	SWE	Sweden	1664	1,650	
18771	SWE	Sweden	1665	1,717	
18772	SWE	Sweden	1666	1,717	
18773	SWE	Sweden	1667	1,734	
18774	SWE	Sweden	1668	1,761	
18775	SWE	Sweden	1669	1,835	
18776	SWE	Sweden	1670	1,838	
18777	SWE	Sweden	1671	1,831	
18778	SWE	Sweden	1672	1,664	
18779	SWE	Sweden	1673	1,637	
18780	SWE	Sweden	1674	1,750	
18781	SWE	Sweden	1675	1,753	
18782	SWE	Sweden	1676	1,820	
18783	SWE	Sweden	1677	1,760	
18784	SWE	Sweden	1678	1,744	
18785	SWE	Sweden	1679	1,779	
18786	SWE	Sweden	1680	1,876	
18787	SWE	Sweden	1681	1,852	
18788	SWE	Sweden	1682	1,867	
18789	SWE	Sweden	1683	1,798	
18790	SWE	Sweden	1684	1,602	
18791	SWE	Sweden	1685	1,752	
18792	SWE	Sweden	1686	1,886	
18793	SWE	Sweden	1687	1,811	
18794	SWE	Sweden	1688	1,803	
18795	SWE	Sweden	1689	1,870	
18796	SWE	Sweden	1690	1,881	
18797	SWE	Sweden	1691	1,980	
18798	SWE	Sweden	1692	1,938	
18799	SWE	Sweden	1693	1,685	
18800	SWE	Sweden	1694	1,742	
18801	SWE	Sweden	1695	1,691	
18802	SWE	Sweden	1696	1,666	
18803	SWE	Sweden	1697	1,533	
18804	SWE	Sweden	1698	1,586	
18805	SWE	Sweden	1699	1,663	
18806	SWE	Sweden	1700	2,002	1,260
18807	SWE	Sweden	1701	2,043	
18808	SWE	Sweden	1702	2,045	
18809	SWE	Sweden	1703	1,890	
18810	SWE	Sweden	1704	1,897	
18811	SWE	Sweden	1705	1,879	
18812	SWE	Sweden	1706	1,884	
18813	SWE	Sweden	1707	1,846	
18814	SWE	Sweden	1708	1,750	
18815	SWE	Sweden	1709	1,824	
18816	SWE	Sweden	1710	1,913	
18817	SWE	Sweden	1711	2,024	
18818	SWE	Sweden	1712	1,991	
18819	SWE	Sweden	1713	2,039	
18820	SWE	Sweden	1714	1,999	
18821	SWE	Sweden	1715	1,980	
18822	SWE	Sweden	1716	1,749	
18823	SWE	Sweden	1717	1,594	
18824	SWE	Sweden	1718	1,433	
18825	SWE	Sweden	1719	1,683	
18826	SWE	Sweden	1720	1,921	
18827	SWE	Sweden	1721	1,989	
18828	SWE	Sweden	1722	1,691	
18829	SWE	Sweden	1723	1,543	
18830	SWE	Sweden	1724	1,565	
18831	SWE	Sweden	1725	1,548	
18832	SWE	Sweden	1726	1,443	
18833	SWE	Sweden	1727	1,564	
18834	SWE	Sweden	1728	1,806	
18835	SWE	Sweden	1729	1,867	
18836	SWE	Sweden	1730	1,787	
18837	SWE	Sweden	1731	1,742	
18838	SWE	Sweden	1732	1,723	
18839	SWE	Sweden	1733	1,677	
18840	SWE	Sweden	1734	1,702	
18841	SWE	Sweden	1735	1,642	
18842	SWE	Sweden	1736	1,635	
18843	SWE	Sweden	1737	1,747	
18844	SWE	Sweden	1738	1,782	
18845	SWE	Sweden	1739	1,575	
18846	SWE	Sweden	1740	1,500	
18847	SWE	Sweden	1741	1,447	
18848	SWE	Sweden	1742	1,473	
18849	SWE	Sweden	1743	1,460	
18850	SWE	Sweden	1744	1,589	
18851	SWE	Sweden	1745	1,452	
18852	SWE	Sweden	1746	1,417	
18853	SWE	Sweden	1747	1,430	
18854	SWE	Sweden	1748	1,371	
18855	SWE	Sweden	1749	1,444	
18856	SWE	Sweden	1750	1,554	
18857	SWE	Sweden	1751	1,506	
18858	SWE	Sweden	1752	1,495	
18859	SWE	Sweden	1753	1,530	
18860	SWE	Sweden	1754	1,522	
18861	SWE	Sweden	1755	1,454	
18862	SWE	Sweden	1756	1,387	
18863	SWE	Sweden	1757	1,364	
18864	SWE	Sweden	1758	1,597	
18865	SWE	Sweden	1759	1,588	
18866	SWE	Sweden	1760	1,669	
18867	SWE	Sweden	1761	1,608	
18868	SWE	Sweden	1762	1,444	
18869	SWE	Sweden	1763	1,573	
18870	SWE	Sweden	1764	1,422	
18871	SWE	Sweden	1765	1,484	
18872	SWE	Sweden	1766	1,533	
18873	SWE	Sweden	1767	1,557	
18874	SWE	Sweden	1768	1,473	
18875	SWE	Sweden	1769	1,471	
18876	SWE	Sweden	1770	1,454	
18877	SWE	Sweden	1771	1,341	
18878	SWE	Sweden	1772	1,283	
18879	SWE	Sweden	1773	1,468	
18880	SWE	Sweden	1774	1,578	
18881	SWE	Sweden	1775	1,525	
18882	SWE	Sweden	1776	1,562	
18883	SWE	Sweden	1777	1,557	
18884	SWE	Sweden	1778	1,588	
18885	SWE	Sweden	1779	1,607	
18886	SWE	Sweden	1780	1,594	
18887	SWE	Sweden	1781	1,481	
18888	SWE	Sweden	1782	1,525	
18889	SWE	Sweden	1783	1,457	
18890	SWE	Sweden	1784	1,535	
18891	SWE	Sweden	1785	1,497	
18892	SWE	Sweden	1786	1,500	
18893	SWE	Sweden	1787	1,549	
18894	SWE	Sweden	1788	1,478	
18895	SWE	Sweden	1789	1,615	
18896	SWE	Sweden	1790	1,602	
18897	SWE	Sweden	1791	1,661	
18898	SWE	Sweden	1792	1,576	
18899	SWE	Sweden	1793	1,482	
18900	SWE	Sweden	1794	1,492	
18901	SWE	Sweden	1795	1,506	
18902	SWE	Sweden	1796	1,589	
18903	SWE	Sweden	1797	1,492	
18904	SWE	Sweden	1798	1,431	
18905	SWE	Sweden	1799	1,417	
18906	SWE	Sweden	1800	1,366	
18907	SWE	Sweden	1801	1,353	
18908	SWE	Sweden	1802	1,417	
18909	SWE	Sweden	1803	1,403	
18910	SWE	Sweden	1804	1,312	
18911	SWE	Sweden	1805	1,395	
18912	SWE	Sweden	1806	1,411	
18913	SWE	Sweden	1807	1,352	
18914	SWE	Sweden	1808	1,280	
18915	SWE	Sweden	1809	1,221	
18916	SWE	Sweden	1810	1,320	
18917	SWE	Sweden	1811	1,417	
18918	SWE	Sweden	1812	1,328	
18919	SWE	Sweden	1813	1,352	
18920	SWE	Sweden	1814	1,363	
18921	SWE	Sweden	1815	1,411	
18922	SWE	Sweden	1816	1,438	
18923	SWE	Sweden	1817	1,396	
18924	SWE	Sweden	1818	1,407	
18925	SWE	Sweden	1819	1,395	
18926	SWE	Sweden	1820	1,415	2,573
18927	SWE	Sweden	1821	1,457	2,598
18928	SWE	Sweden	1822	1,465	2,629
18929	SWE	Sweden	1823	1,449	2,668
18930	SWE	Sweden	1824	1,487	2,708
18931	SWE	Sweden	1825	1,527	2,749
18932	SWE	Sweden	1826	1,532	2,788
18933	SWE	Sweden	1827	1,458	2,816
18934	SWE	Sweden	1828	1,486	2,837
18935	SWE	Sweden	1829	1,506	2,855
18936	SWE	Sweden	1830	1,468	2,876
18937	SWE	Sweden	1831	1,497	2,895
18938	SWE	Sweden	1832	1,457	2,912
18939	SWE	Sweden	1833	1,503	2,941
18940	SWE	Sweden	1834	1,522	2,971
18941	SWE	Sweden	1835	1,517	3,004
18942	SWE	Sweden	1836	1,565	3,042
18943	SWE	Sweden	1837	1,554	3,068
18944	SWE	Sweden	1838	1,529	3,083
18945	SWE	Sweden	1839	1,546	3,098
18946	SWE	Sweden	1840	1,568	3,123
18947	SWE	Sweden	1841	1,549	3,156
18948	SWE	Sweden	1842	1,476	3,190
18949	SWE	Sweden	1843	1,508	3,221
18950	SWE	Sweden	1844	1,573	3,256
18951	SWE	Sweden	1845	1,610	3,296
18952	SWE	Sweden	1846	1,554	3,330
18953	SWE	Sweden	1847	1,594	3,352
18954	SWE	Sweden	1848	1,612	3,380
18955	SWE	Sweden	1849	1,672	3,419
18956	SWE	Sweden	1850	1,715	3,462
18957	SWE	Sweden	1851	1,682	3,500
18958	SWE	Sweden	1852	1,645	3,529
18959	SWE	Sweden	1853	1,667	3,552
18960	SWE	Sweden	1854	1,685	3,586
18961	SWE	Sweden	1855	1,788	3,625
18962	SWE	Sweden	1856	1,771	3,657
18963	SWE	Sweden	1857	1,819	3,680
18964	SWE	Sweden	1858	1,841	3,711
18965	SWE	Sweden	1859	1,906	3,761
18966	SWE	Sweden	1860	1,941	3,824
18967	SWE	Sweden	1861	1,865	3,888
18968	SWE	Sweden	1862	1,808	3,942
18969	SWE	Sweden	1863	1,886	3,994
18970	SWE	Sweden	1864	1,919	4,046
18971	SWE	Sweden	1865	1,953	4,092
18972	SWE	Sweden	1866	1,921	4,137
18973	SWE	Sweden	1867	1,949	4,178
18974	SWE	Sweden	1868	1,774	4,154
18975	SWE	Sweden	1869	1,902	4,166
18976	SWE	Sweden	1870	2,144	4,164
18977	SWE	Sweden	1871	2,219	4,186
18978	SWE	Sweden	1872	2,259	4,227
18979	SWE	Sweden	1873	2,284	4,274
18980	SWE	Sweden	1874	2,370	4,320
18981	SWE	Sweden	1875	2,286	4,362
18982	SWE	Sweden	1876	2,431	4,406
18983	SWE	Sweden	1877	2,377	4,457
18984	SWE	Sweden	1878	2,291	4,508
18985	SWE	Sweden	1879	2,416	4,555
18986	SWE	Sweden	1880	2,359	4,572
18987	SWE	Sweden	1881	2,444	4,570
18988	SWE	Sweden	1882	2,354	4,576
18989	SWE	Sweden	1883	2,531	4,591
18990	SWE	Sweden	1884	2,477	4,624
18991	SWE	Sweden	1885	2,522	4,664
18992	SWE	Sweden	1886	2,547	4,700
18993	SWE	Sweden	1887	2,471	4,726
18994	SWE	Sweden	1888	2,511	4,741
18995	SWE	Sweden	1889	2,549	4,761
18996	SWE	Sweden	1890	2,606	4,780
18997	SWE	Sweden	1891	2,748	4,794
18998	SWE	Sweden	1892	2,713	4,805
18999	SWE	Sweden	1893	2,778	4,816
19000	SWE	Sweden	1894	2,791	4,849
19001	SWE	Sweden	1895	2,927	4,896
19002	SWE	Sweden	1896	3,003	4,941
19003	SWE	Sweden	1897	3,121	4,986
19004	SWE	Sweden	1898	3,228	5,036
19005	SWE	Sweden	1899	3,308	5,080
19006	SWE	Sweden	1900	3,320	5,117
19007	SWE	Sweden	1901	3,406	5,156
19008	SWE	Sweden	1902	3,362	5,187
19009	SWE	Sweden	1903	3,539	5,210
19010	SWE	Sweden	1904	3,599	5,241
19011	SWE	Sweden	1905	3,547	5,278
19012	SWE	Sweden	1906	3,830	5,315
19013	SWE	Sweden	1907	4,085	5,357
19014	SWE	Sweden	1908	3,959	5,404
19015	SWE	Sweden	1909	3,980	5,453
19016	SWE	Sweden	1910	4,053	5,499
19017	SWE	Sweden	1911	4,154	5,542
19018	SWE	Sweden	1912	4,312	5,583
19019	SWE	Sweden	1913	4,581	5,621
19020	SWE	Sweden	1914	4,678	5,659
19021	SWE	Sweden	1915	4,841	5,696
19022	SWE	Sweden	1916	5,109	5,735
19023	SWE	Sweden	1917	4,799	5,779
19024	SWE	Sweden	1918	4,434	5,807
19025	SWE	Sweden	1919	4,503	5,830
19026	SWE	Sweden	1920	4,788	5,876
19027	SWE	Sweden	1921	4,543	5,929
19028	SWE	Sweden	1922	4,868	5,971
19029	SWE	Sweden	1923	5,023	5,997
19030	SWE	Sweden	1924	5,365	6,021
19031	SWE	Sweden	1925	5,488	6,045
19032	SWE	Sweden	1926	5,756	6,064
19033	SWE	Sweden	1927	5,942	6,081
19034	SWE	Sweden	1928	6,113	6,097
19035	SWE	Sweden	1929	6,476	6,113
19036	SWE	Sweden	1930	6,755	6,131
19037	SWE	Sweden	1931	6,582	6,152
19038	SWE	Sweden	1932	6,325	6,176
19039	SWE	Sweden	1933	6,429	6,201
19040	SWE	Sweden	1934	6,845	6,222
19041	SWE	Sweden	1935	7,160	6,242
19042	SWE	Sweden	1936	7,396	6,259
19043	SWE	Sweden	1937	7,579	6,276
19044	SWE	Sweden	1938	7,812	6,297
19045	SWE	Sweden	1939	8,370	6,326
19046	SWE	Sweden	1940	7,739	6,356
19047	SWE	Sweden	1941	7,511	6,389
19048	SWE	Sweden	1942	7,557	6,432
19049	SWE	Sweden	1943	7,779	6,490
19050	SWE	Sweden	1944	7,987	6,560
19051	SWE	Sweden	1945	8,201	6,635
19052	SWE	Sweden	1946	9,000	6,719
19053	SWE	Sweden	1947	9,709	6,803
19054	SWE	Sweden	1948	9,822	6,883
19055	SWE	Sweden	1949	10,127	6,955
19056	SWE	Sweden	1950	10,742	7,014
19057	SWE	Sweden	1951	11,077	7,070
19058	SWE	Sweden	1952	11,152	7,125
19059	SWE	Sweden	1953	11,389	7,171
19060	SWE	Sweden	1954	11,799	7,213
19061	SWE	Sweden	1955	12,060	7,262
19062	SWE	Sweden	1956	12,428	7,315
19063	SWE	Sweden	1957	12,899	7,364
19064	SWE	Sweden	1958	12,884	7,409
19065	SWE	Sweden	1959	13,211	7,446
19066	SWE	Sweden	1960	13,849	7,480
19067	SWE	Sweden	1961	14,564	7,520
19068	SWE	Sweden	1962	15,093	7,562
19069	SWE	Sweden	1963	15,808	7,604
19070	SWE	Sweden	1964	16,761	7,661
19071	SWE	Sweden	1965	17,239	7,734
19072	SWE	Sweden	1966	17,432	7,808
19073	SWE	Sweden	1967	17,883	7,868
19074	SWE	Sweden	1968	18,428	7,912
19075	SWE	Sweden	1969	19,215	7,968
19076	SWE	Sweden	1970	20,269	8,043
19077	SWE	Sweden	1971	20,320	8,098
19078	SWE	Sweden	1972	20,725	8,122
19079	SWE	Sweden	1973	21,509	8,137
19080	SWE	Sweden	1974	22,132	8,161
19081	SWE	Sweden	1975	22,607	8,193
19082	SWE	Sweden	1976	22,765	8,222
19083	SWE	Sweden	1977	22,322	8,252
19084	SWE	Sweden	1978	22,646	8,276
19085	SWE	Sweden	1979	23,465	8,294
19086	SWE	Sweden	1980	23,809	8,310
19087	SWE	Sweden	1981	23,777	8,320
19088	SWE	Sweden	1982	24,002	8,325
19089	SWE	Sweden	1983	24,412	8,329
19090	SWE	Sweden	1984	25,357	8,337
19091	SWE	Sweden	1985	25,805	8,350
19092	SWE	Sweden	1986	26,309	8,370
19093	SWE	Sweden	1987	27,016	8,398
19094	SWE	Sweden	1988	27,468	8,436
19095	SWE	Sweden	1989	27,933	8,493
19096	SWE	Sweden	1990	28,068	8,559
19097	SWE	Sweden	1991	27,614	8,618
19098	SWE	Sweden	1992	27,199	8,668
19099	SWE	Sweden	1993	26,559	8,719
19100	SWE	Sweden	1994	27,506	8,781
19101	SWE	Sweden	1995	28,519	8,827
19102	SWE	Sweden	1996	29,012	8,841
19103	SWE	Sweden	1997	29,863	8,846
19104	SWE	Sweden	1998	31,187	8,851
19105	SWE	Sweden	1999	32,705	8,858
19106	SWE	Sweden	2000	34,203	8,872
19107	SWE	Sweden	2001	34,667	8,896
19108	SWE	Sweden	2002	35,570	8,925
19109	SWE	Sweden	2003	36,436	8,958
19110	SWE	Sweden	2004	38,016	8,994
19111	SWE	Sweden	2005	39,259	9,030
19112	SWE	Sweden	2006	40,992	9,081
19113	SWE	Sweden	2007	42,400	9,148
