## Sheet: Full data (continued)
	A	B	C	D	E
20335	UKR	Ukraine	1979		49,835
20336	UKR	Ukraine	1980	8,467	50,047
20337	UKR	Ukraine	1981	8,695	50,236
20338	UKR	Ukraine	1982	8,934	50,397
20339	UKR	Ukraine	1983	9,288	50,573
20340	UKR	Ukraine	1984	9,476	50,769
20341	UKR	Ukraine	1985	9,387	50,944
20342	UKR	Ukraine	1986	9,408	51,095
20343	UKR	Ukraine	1987	9,648	51,218
20344	UKR	Ukraine	1988	9,704	51,423
20345	UKR	Ukraine	1989	10,082	51,501
20346	UKR	Ukraine	1990	9,607	51,622
20347	UKR	Ukraine	1991	8,899	51,730
20348	UKR	Ukraine	1992	8,130	51,869
20349	UKR	Ukraine	1993	7,090	51,887
20350	UKR	Ukraine	1994	5,585	51,638
20351	UKR	Ukraine	1995	5,024	51,248
20352	UKR	Ukraine	1996	4,637	50,813
20353	UKR	Ukraine	1997	4,612	50,371
20354	UKR	Ukraine	1998	4,640	49,941
20355	UKR	Ukraine	1999	4,751	49,491
20356	UKR	Ukraine	2000	5,166	49,014
20357	UKR	Ukraine	2001	5,794	48,520
20358	UKR	Ukraine	2002	6,263	48,074
20359	UKR	Ukraine	2003	7,030	47,692
20360	UKR	Ukraine	2004	8,049	47,342
20361	UKR	Ukraine	2005	8,497	47,003
20362	UKR	Ukraine	2006	9,356	46,685
20363	UKR	Ukraine	2007	10,356	46,407
20364	UKR	Ukraine	2008	10,824	46,156
20365	UKR	Ukraine	2009	9,381	45,951
20366	UKR	Ukraine	2010	9,601	45,768
20367	UKR	Ukraine	2011	10,333	45,604
20368	UKR	Ukraine	2012	10,383	45,492
20369	UKR	Ukraine	2013	10,404	45,389
20370	UKR	Ukraine	2014	9,818	44,944
20371	UKR	Ukraine	2015	8,961	44,429
20372	UKR	Ukraine	2016	9,214	44,210
20373	UKR	Ukraine	2017	9,484	44,034
20374	UKR	Ukraine	2018	9,813	43,952
20375	URY	Uruguay	1800	1,838	
20376	URY	Uruguay	1820	1,983	55
20377	URY	Uruguay	1850	2,467	132
20378	URY	Uruguay	1860	3,000	
20379	URY	Uruguay	1870	3,677	343
20380	URY	Uruguay	1871	3,677	354
20381	URY	Uruguay	1872	4,305	364
20382	URY	Uruguay	1873	4,403	376
20383	URY	Uruguay	1874	3,918	387
20384	URY	Uruguay	1875	3,241	399
20385	URY	Uruguay	1876	3,532	411
20386	URY	Uruguay	1877	3,435	424
20387	URY	Uruguay	1878	3,677	437
20388	URY	Uruguay	1879	3,145	450
20389	URY	Uruguay	1880	3,435	464
20390	URY	Uruguay	1881	3,096	482
20391	URY	Uruguay	1882	3,387	502
20392	URY	Uruguay	1883	3,967	522
20393	URY	Uruguay	1884	3,870	543
20394	URY	Uruguay	1885	4,355	564
20395	URY	Uruguay	1886	4,500	587
20396	URY	Uruguay	1887	3,677	610
20397	URY	Uruguay	1888	4,595	635
20398	URY	Uruguay	1889	4,112	660
20399	URY	Uruguay	1890	3,628	686
20400	URY	Uruguay	1891	3,677	706
20401	URY	Uruguay	1892	3,677	727
20402	URY	Uruguay	1893	3,870	748
20403	URY	Uruguay	1894	4,160	770
20404	URY	Uruguay	1895	4,063	792
20405	URY	Uruguay	1896	4,112	815
20406	URY	Uruguay	1897	3,967	839
20407	URY	Uruguay	1898	3,435	864
20408	URY	Uruguay	1899	3,532	889
20409	URY	Uruguay	1900	3,387	915
20410	URY	Uruguay	1901	3,532	930
20411	URY	Uruguay	1902	4,015	945
20412	URY	Uruguay	1903	4,015	961
20413	URY	Uruguay	1904	4,015	977
20414	URY	Uruguay	1905	3,387	993
20415	URY	Uruguay	1906	3,822	1,009
20416	URY	Uruguay	1907	4,063	1,026
20417	URY	Uruguay	1908	4,355	1,043
20418	URY	Uruguay	1909	4,355	1,062
20419	URY	Uruguay	1910	4,500	1,081
20420	URY	Uruguay	1911	4,500	1,112
20421	URY	Uruguay	1912	5,176	1,144
20422	URY	Uruguay	1913	4,838	1,177
20423	URY	Uruguay	1914	3,773	1,223
20424	URY	Uruguay	1915	3,532	1,246
20425	URY	Uruguay	1916	3,435	1,269
20426	URY	Uruguay	1917	3,918	1,292
20427	URY	Uruguay	1918	3,918	1,316
20428	URY	Uruguay	1919	4,595	1,341
20429	URY	Uruguay	1920	3,580	1,371
20430	URY	Uruguay	1921	3,532	1,402
20431	URY	Uruguay	1922	3,870	1,433
20432	URY	Uruguay	1923	4,112	1,465
20433	URY	Uruguay	1924	4,258	1,498
20434	URY	Uruguay	1925	4,208	1,534
20435	URY	Uruguay	1926	4,548	1,571
20436	URY	Uruguay	1927	5,080	1,608
20437	URY	Uruguay	1928	5,176	1,646
20438	URY	Uruguay	1929	5,128	1,685
20439	URY	Uruguay	1930	5,950	1,713
20440	URY	Uruguay	1931	4,838	1,741
20441	URY	Uruguay	1932	4,450	1,770
20442	URY	Uruguay	1933	4,112	1,799
20443	URY	Uruguay	1934	4,693	1,829
20444	URY	Uruguay	1935	4,790	1,859
20445	URY	Uruguay	1936	4,790	1,889
20446	URY	Uruguay	1937	4,935	1,921
20447	URY	Uruguay	1938	5,273	1,952
20448	URY	Uruguay	1939	5,322	1,944
20449	URY	Uruguay	1940	4,983	1,965
20450	URY	Uruguay	1941	5,225	1,987
20451	URY	Uruguay	1942	4,838	2,010
20452	URY	Uruguay	1943	4,693	2,032
20453	URY	Uruguay	1944	5,322	2,055
20454	URY	Uruguay	1945	5,418	2,081
20455	URY	Uruguay	1946	5,903	2,107
20456	URY	Uruguay	1947	5,757	2,134
20457	URY	Uruguay	1948	5,853	2,160
20458	URY	Uruguay	1949	6,531	2,188
20459	URY	Uruguay	1950	7,015	2,194
20460	URY	Uruguay	1951	7,548	2,223
20461	URY	Uruguay	1952	7,353	2,253
20462	URY	Uruguay	1953	8,030	2,284
20463	URY	Uruguay	1954	8,273	2,317
20464	URY	Uruguay	1955	8,176	2,353
20465	URY	Uruguay	1956	8,225	2,389
20466	URY	Uruguay	1957	8,176	2,425
20467	URY	Uruguay	1958	7,788	2,460
20468	URY	Uruguay	1959	7,450	2,495
20469	URY	Uruguay	1960	7,643	2,531
20470	URY	Uruguay	1961	7,740	2,564
20471	URY	Uruguay	1962	7,498	2,598
20472	URY	Uruguay	1963	7,450	2,632
20473	URY	Uruguay	1964	7,498	2,664
20474	URY	Uruguay	1965	7,498	2,693
20475	URY	Uruguay	1966	7,693	2,721
20476	URY	Uruguay	1967	7,305	2,749
20477	URY	Uruguay	1968	7,353	2,777
20478	URY	Uruguay	1969	7,740	2,802
20479	URY	Uruguay	1970	8,030	2,824
20480	URY	Uruguay	1971	7,933	2,826
20481	URY	Uruguay	1972	7,643	2,830
20482	URY	Uruguay	1973	7,885	2,834
20483	URY	Uruguay	1974	8,176	2,838
20484	URY	Uruguay	1975	8,563	2,844
20485	URY	Uruguay	1976	8,853	2,861
20486	URY	Uruguay	1977	8,950	2,879
20487	URY	Uruguay	1978	9,483	2,897
20488	URY	Uruguay	1979	9,966	2,914
20489	URY	Uruguay	1980	10,546	2,930
20490	URY	Uruguay	1981	10,643	2,848
20491	URY	Uruguay	1982	9,578	2,968
20492	URY	Uruguay	1983	8,950	2,989
20493	URY	Uruguay	1984	8,805	3,008
20494	URY	Uruguay	1985	8,901	3,012
20495	URY	Uruguay	1986	9,628	3,031
20496	URY	Uruguay	1987	10,305	3,049
20497	URY	Uruguay	1988	10,256	3,068
20498	URY	Uruguay	1989	10,305	3,088
20499	URY	Uruguay	1990	10,305	3,110
20500	URY	Uruguay	1991	10,586	3,124
20501	URY	Uruguay	1992	11,350	3,137
20502	URY	Uruguay	1993	11,582	3,149
20503	URY	Uruguay	1994	12,344	3,162
20504	URY	Uruguay	1995	12,093	3,175
20505	URY	Uruguay	1996	12,660	3,190
20506	URY	Uruguay	1997	13,226	3,207
20507	URY	Uruguay	1998	13,744	3,222
20508	URY	Uruguay	1999	13,349	3,234
20509	URY	Uruguay	2000	13,050	3,246
20510	URY	Uruguay	2001	12,464	3,257
20511	URY	Uruguay	2002	11,400	3,268
20512	URY	Uruguay	2003	11,439	3,277
20513	URY	Uruguay	2004	11,955	3,285
20514	URY	Uruguay	2005	12,757	3,291
20515	URY	Uruguay	2006	13,224	3,298
20516	URY	Uruguay	2007	13,976	3,305
20517	URY	Uruguay	2008	14,870	3,313
20518	URY	Uruguay	2009	15,144	3,320
20519	URY	Uruguay	2010	16,416	3,328
20520	URY	Uruguay	2011	17,211	3,335
20521	URY	Uruguay	2012	17,876	3,343
20522	URY	Uruguay	2013	18,589	3,351
20523	URY	Uruguay	2014	19,160	3,360
20524	URY	Uruguay	2015	19,244	3,369
20525	URY	Uruguay	2016	19,468	3,378
20526	URY	Uruguay	2017	19,918	3,387
20527	URY	Uruguay	2018	20,186	3,396
20528	USA	United States	1		680
20529	USA	United States	1000		1,300
20530	USA	United States	1500		2,000
20531	USA	United States	1600		1,500
20532	USA	United States	1650	897	
20533	USA	United States	1700		1,000
20534	USA	United States	1720	1,769	
20535	USA	United States	1775	2,419	
20536	USA	United States	1800	2,545	
20537	USA	United States	1801	2,592	
20538	USA	United States	1802	2,635	
20539	USA	United States	1803	2,590	
20540	USA	United States	1804	2,588	
20541	USA	United States	1805	2,643	
20542	USA	United States	1806	2,691	
20543	USA	United States	1807	2,718	
20544	USA	United States	1808	2,526	
20545	USA	United States	1809	2,652	
20546	USA	United States	1810	2,725	
20547	USA	United States	1811	2,781	
20548	USA	United States	1812	2,732	
20549	USA	United States	1813	2,763	
20550	USA	United States	1814	2,815	
20551	USA	United States	1815	2,804	
20552	USA	United States	1816	2,691	
20553	USA	United States	1817	2,688	
20554	USA	United States	1818	2,695	
20555	USA	United States	1819	2,691	
20556	USA	United States	1820	2,674	9,981
20557	USA	United States	1821	2,715	10,299
20558	USA	United States	1822	2,791	10,626
20559	USA	United States	1823	2,760	10,951
20560	USA	United States	1824	2,836	11,277
20561	USA	United States	1825	2,898	11,602
20562	USA	United States	1826	2,918	11,928
20563	USA	United States	1827	2,930	12,251
20564	USA	United States	1828	2,930	12,581
20565	USA	United States	1829	2,833	12,906
20566	USA	United States	1830	3,039	13,240
20567	USA	United States	1831	3,226	13,659
20568	USA	United States	1832	3,343	14,078
20569	USA	United States	1833	3,460	14,496
20570	USA	United States	1834	3,295	14,915
20571	USA	United States	1835	3,420	15,334
20572	USA	United States	1836	3,470	15,753
20573	USA	United States	1837	3,361	16,171
20574	USA	United States	1838	3,330	16,591
20575	USA	United States	1839	3,492	17,009
20576	USA	United States	1840	3,319	17,444
20577	USA	United States	1841	3,253	18,056
20578	USA	United States	1842	3,223	18,667
20579	USA	United States	1843	3,274	19,279
20580	USA	United States	1844	3,453	19,890
20581	USA	United States	1845	3,506	20,503
20582	USA	United States	1846	3,526	21,114
20583	USA	United States	1847	3,619	21,726
20584	USA	United States	1848	3,713	22,337
20585	USA	United States	1849	3,616	22,950
20586	USA	United States	1850	3,632	23,580
20587	USA	United States	1851	3,778	24,405
20588	USA	United States	1852	3,971	25,231
20589	USA	United States	1853	4,242	26,157
20590	USA	United States	1854	4,254	26,882
20591	USA	United States	1855	4,161	27,708
20592	USA	United States	1856	4,248	28,535
20593	USA	United States	1857	4,156	29,360
20594	USA	United States	1858	4,177	30,186
20595	USA	United States	1859	4,289	31,012
20596	USA	United States	1860	4,402	31,839
20597	USA	United States	1861	4,312	32,678
20598	USA	United States	1862	4,447	33,516
20599	USA	United States	1863	4,734	34,355
20600	USA	United States	1864	4,889	35,192
20601	USA	United States	1865	4,637	36,031
20602	USA	United States	1866	4,600	36,869
20603	USA	United States	1867	4,752	37,708
20604	USA	United States	1868	4,816	38,546
20605	USA	United States	1869	4,943	39,385
20606	USA	United States	1870	4,803	40,241
20607	USA	United States	1871	4,919	41,098
20608	USA	United States	1872	4,992	42,136
20609	USA	United States	1873	5,117	43,174
20610	USA	United States	1874	4,965	44,212
20611	USA	United States	1875	5,105	45,245
20612	USA	United States	1876	5,050	46,287
20613	USA	United States	1877	5,099	47,325
20614	USA	United States	1878	5,199	48,362
20615	USA	United States	1879	5,716	49,400
20616	USA	United States	1880	6,256	50,458
20617	USA	United States	1881	6,317	51,743
20618	USA	United States	1882	6,558	53,027
20619	USA	United States	1883	6,559	54,311
20620	USA	United States	1884	6,523	55,595
20621	USA	United States	1885	6,424	56,879
20622	USA	United States	1886	6,472	58,164
20623	USA	United States	1887	6,617	59,448
20624	USA	United States	1888	6,447	60,732
20625	USA	United States	1889	6,706	62,016
20626	USA	United States	1890	6,665	63,302
20627	USA	United States	1891	6,811	64,612
20628	USA	United States	1892	7,324	65,922
20629	USA	United States	1893	6,834	67,231
20630	USA	United States	1894	6,510	68,541
20631	USA	United States	1895	7,160	69,851
20632	USA	United States	1896	6,886	71,161
20633	USA	United States	1897	7,406	72,471
20634	USA	United States	1898	7,427	73,781
20635	USA	United States	1899	7,959	75,091
20636	USA	United States	1900	8,038	76,391
20637	USA	United States	1901	8,770	77,888
20638	USA	United States	1902	8,684	79,469
20639	USA	United States	1903	8,941	80,946
20640	USA	United States	1904	8,664	82,485
20641	USA	United States	1905	9,121	84,147
20642	USA	United States	1906	9,980	85,770
20643	USA	United States	1907	9,951	87,339
20644	USA	United States	1908	8,976	89,055
20645	USA	United States	1909	9,798	90,845
20646	USA	United States	1910	9,637	92,767
20647	USA	United States	1911	9,736	94,234
20648	USA	United States	1912	9,977	95,703
20649	USA	United States	1913	10,108	97,606
20650	USA	United States	1914	9,096	99,505
20651	USA	United States	1915	9,164	100,941
20652	USA	United States	1916	10,222	102,364
20653	USA	United States	1917	9,769	103,817
20654	USA	United States	1918	10,471	104,958
20655	USA	United States	1919	10,450	105,473
20656	USA	United States	1920	10,153	106,881
