## Sheet: Full data (continued)
	A	B	C	D	E
21477	ZAF	South Africa	1950	4,041	13,596
21478	ZAF	South Africa	1951	4,130	13,926
21479	ZAF	South Africa	1952	4,175	14,265
21480	ZAF	South Africa	1953	4,264	14,624
21481	ZAF	South Africa	1954	4,404	14,992
21482	ZAF	South Africa	1955	4,511	15,369
21483	ZAF	South Africa	1956	4,645	15,755
21484	ZAF	South Africa	1957	4,704	16,152
21485	ZAF	South Africa	1958	4,685	16,558
21486	ZAF	South Africa	1959	4,774	16,975
21487	ZAF	South Africa	1960	4,847	17,417
21488	ZAF	South Africa	1961	4,929	17,870
21489	ZAF	South Africa	1962	5,067	18,357
21490	ZAF	South Africa	1963	5,294	18,857
21491	ZAF	South Africa	1964	5,499	19,371
21492	ZAF	South Africa	1965	5,673	19,898
21493	ZAF	South Africa	1966	5,762	20,440
21494	ZAF	South Africa	1967	5,993	20,997
21495	ZAF	South Africa	1968	6,087	21,569
21496	ZAF	South Africa	1969	6,290	22,157
21497	ZAF	South Africa	1970	6,448	22,740
21498	ZAF	South Africa	1971	6,591	23,338
21499	ZAF	South Africa	1972	6,550	23,936
21500	ZAF	South Africa	1973	6,655	24,549
21501	ZAF	South Africa	1974	6,853	25,179
21502	ZAF	South Africa	1975	6,808	25,815
21503	ZAF	South Africa	1976	6,802	26,468
21504	ZAF	South Africa	1977	6,623	27,130
21505	ZAF	South Africa	1978	6,653	27,809
21506	ZAF	South Africa	1979	6,746	28,506
21507	ZAF	South Africa	1980	6,998	29,252
21508	ZAF	South Africa	1981	7,141	30,169
21509	ZAF	South Africa	1982	6,891	31,140
21510	ZAF	South Africa	1983	6,554	32,144
21511	ZAF	South Africa	1984	6,672	33,182
21512	ZAF	South Africa	1985	6,385	34,254
21513	ZAF	South Africa	1986	6,236	35,101
21514	ZAF	South Africa	1987	6,212	35,948
21515	ZAF	South Africa	1988	6,319	36,795
21516	ZAF	South Africa	1989	6,306	37,639
21517	ZAF	South Africa	1990	6,111	38,476
21518	ZAF	South Africa	1991	6,035	39,300
21519	ZAF	South Africa	1992	5,902	40,079
21520	ZAF	South Africa	1993	5,966	40,906
21521	ZAF	South Africa	1994	6,173	41,590
21522	ZAF	South Africa	1995	6,406	42,118
21523	ZAF	South Africa	1996	6,726	42,643
21524	ZAF	South Africa	1997	6,950	43,169
21525	ZAF	South Africa	1998	7,024	43,757
21526	ZAF	South Africa	1999	7,234	44,320
21527	ZAF	South Africa	2000	7,583	44,882
21528	ZAF	South Africa	2001	7,840	45,451
21529	ZAF	South Africa	2002	8,171	46,073
21530	ZAF	South Africa	2003	8,451	46,738
21531	ZAF	South Africa	2004	8,878	47,406
21532	ZAF	South Africa	2005	9,394	48,071
21533	ZAF	South Africa	2006	9,978	48,703
21534	ZAF	South Africa	2007	10,576	49,337
21535	ZAF	South Africa	2008	10,977	49,990
21536	ZAF	South Africa	2009	10,873	50,645
21537	ZAF	South Africa	2010	11,319	51,087
21538	ZAF	South Africa	2011	11,838	51,418
21539	ZAF	South Africa	2012	11,992	51,877
21540	ZAF	South Africa	2013	12,171	52,388
21541	ZAF	South Africa	2014	12,242	52,970
21542	ZAF	South Africa	2015	12,246	53,638
21543	ZAF	South Africa	2016	12,139	54,263
21544	ZAF	South Africa	2017	12,189	54,803
21545	ZAF	South Africa	2018	12,166	55,341
21546	ZMB	Zambia	1950	1,054	2,553
21547	ZMB	Zambia	1951	1,097	2,611
21548	ZMB	Zambia	1952	1,140	2,672
21549	ZMB	Zambia	1953	1,184	2,734
21550	ZMB	Zambia	1954	1,231	2,800
21551	ZMB	Zambia	1955	1,173	2,869
21552	ZMB	Zambia	1956	1,280	2,941
21553	ZMB	Zambia	1957	1,302	3,016
21554	ZMB	Zambia	1958	1,237	3,094
21555	ZMB	Zambia	1959	1,458	3,173
21556	ZMB	Zambia	1960	1,530	3,254
21557	ZMB	Zambia	1961	1,495	3,337
21558	ZMB	Zambia	1962	1,443	3,421
21559	ZMB	Zambia	1963	1,438	3,508
21560	ZMB	Zambia	1964	1,588	3,599
21561	ZMB	Zambia	1965	1,828	3,694
21562	ZMB	Zambia	1966	1,683	3,794
21563	ZMB	Zambia	1967	1,765	3,900
21564	ZMB	Zambia	1968	1,741	4,009
21565	ZMB	Zambia	1969	1,683	4,123
21566	ZMB	Zambia	1970	1,710	4,252
21567	ZMB	Zambia	1971	1,661	4,376
21568	ZMB	Zambia	1972	1,761	4,506
21569	ZMB	Zambia	1973	1,693	4,643
21570	ZMB	Zambia	1974	1,776	4,785
21571	ZMB	Zambia	1975	1,659	4,924
21572	ZMB	Zambia	1976	1,707	5,067
21573	ZMB	Zambia	1977	1,578	5,217
21574	ZMB	Zambia	1978	1,541	5,371
21575	ZMB	Zambia	1979	1,451	5,532
21576	ZMB	Zambia	1980	1,452	5,700
21577	ZMB	Zambia	1981	1,492	5,886
21578	ZMB	Zambia	1982	1,398	6,102
21579	ZMB	Zambia	1983	1,320	6,340
21580	ZMB	Zambia	1984	1,269	6,567
21581	ZMB	Zambia	1985	1,250	6,785
21582	ZMB	Zambia	1986	1,215	7,029
21583	ZMB	Zambia	1987	1,203	7,282
21584	ZMB	Zambia	1988	1,239	7,517
21585	ZMB	Zambia	1989	1,215	7,746
21586	ZMB	Zambia	1990	1,285	7,978
21587	ZMB	Zambia	1991	1,280	8,203
21588	ZMB	Zambia	1992	1,309	8,431
21589	ZMB	Zambia	1993	1,312	8,659
21590	ZMB	Zambia	1994	1,142	8,888
21591	ZMB	Zambia	1995	1,181	9,118
21592	ZMB	Zambia	1996	1,261	9,354
21593	ZMB	Zambia	1997	1,311	9,621
21594	ZMB	Zambia	1998	1,309	9,893
21595	ZMB	Zambia	1999	1,374	10,170
21596	ZMB	Zambia	2000	1,429	10,475
21597	ZMB	Zambia	2001	1,504	10,791
21598	ZMB	Zambia	2002	1,579	11,078
21599	ZMB	Zambia	2003	1,699	11,353
21600	ZMB	Zambia	2004	1,828	11,634
21601	ZMB	Zambia	2005	1,970	11,932
21602	ZMB	Zambia	2006	2,134	12,253
21603	ZMB	Zambia	2007	2,319	12,591
21604	ZMB	Zambia	2008	2,505	12,945
21605	ZMB	Zambia	2009	2,743	13,302
21606	ZMB	Zambia	2010	3,032	13,684
21607	ZMB	Zambia	2011	3,205	14,085
21608	ZMB	Zambia	2012	3,350	14,498
21609	ZMB	Zambia	2013	3,419	14,922
21610	ZMB	Zambia	2014	3,478	15,359
21611	ZMB	Zambia	2015	3,478	15,808
21612	ZMB	Zambia	2016	3,479	16,274
21613	ZMB	Zambia	2017	3,498	16,758
21614	ZMB	Zambia	2018	3,534	17,255
21615	ZWE	Zimbabwe	1950	1,117	2,853
21616	ZWE	Zimbabwe	1951	1,151	2,951
21617	ZWE	Zimbabwe	1952	1,154	3,081
21618	ZWE	Zimbabwe	1953	1,211	3,191
21619	ZWE	Zimbabwe	1954	1,231	3,307
21620	ZWE	Zimbabwe	1955	1,288	3,409
21621	ZWE	Zimbabwe	1956	1,422	3,530
21622	ZWE	Zimbabwe	1957	1,473	3,646
21623	ZWE	Zimbabwe	1958	1,444	3,764
21624	ZWE	Zimbabwe	1959	1,474	3,887
21625	ZWE	Zimbabwe	1960	1,495	4,011
21626	ZWE	Zimbabwe	1961	1,524	4,140
21627	ZWE	Zimbabwe	1962	1,497	4,278
21628	ZWE	Zimbabwe	1963	1,436	4,412
21629	ZWE	Zimbabwe	1964	1,519	4,537
21630	ZWE	Zimbabwe	1965	1,568	4,685
21631	ZWE	Zimbabwe	1966	1,541	4,836
21632	ZWE	Zimbabwe	1967	1,618	4,995
21633	ZWE	Zimbabwe	1968	1,592	5,172
21634	ZWE	Zimbabwe	1969	1,731	5,353
21635	ZWE	Zimbabwe	1970	2,043	5,515
21636	ZWE	Zimbabwe	1971	2,157	5,684
21637	ZWE	Zimbabwe	1972	2,268	5,861
21638	ZWE	Zimbabwe	1973	2,283	6,002
21639	ZWE	Zimbabwe	1974	2,275	6,173
21640	ZWE	Zimbabwe	1975	2,235	6,342
21641	ZWE	Zimbabwe	1976	2,163	6,496
21642	ZWE	Zimbabwe	1977	1,946	6,642
21643	ZWE	Zimbabwe	1978	1,964	6,767
21644	ZWE	Zimbabwe	1979	1,930	6,887
21645	ZWE	Zimbabwe	1980	2,064	7,170
21646	ZWE	Zimbabwe	1981	2,243	7,429
21647	ZWE	Zimbabwe	1982	2,240	7,637
21648	ZWE	Zimbabwe	1983	2,190	7,928
21649	ZWE	Zimbabwe	1984	2,067	8,241
21650	ZWE	Zimbabwe	1985	2,128	8,560
21651	ZWE	Zimbabwe	1986	2,107	8,877
21652	ZWE	Zimbabwe	1987	2,004	9,216
21653	ZWE	Zimbabwe	1988	2,114	9,560
21654	ZWE	Zimbabwe	1989	2,181	9,868
21655	ZWE	Zimbabwe	1990	2,160	10,156
21656	ZWE	Zimbabwe	1991	2,222	10,435
21657	ZWE	Zimbabwe	1992	1,971	10,720
21658	ZWE	Zimbabwe	1993	1,949	10,984
21659	ZWE	Zimbabwe	1994	2,111	11,109
21660	ZWE	Zimbabwe	1995	2,103	11,208
21661	ZWE	Zimbabwe	1996	2,292	11,405
21662	ZWE	Zimbabwe	1997	2,327	11,611
21663	ZWE	Zimbabwe	1998	2,369	11,813
21664	ZWE	Zimbabwe	1999	2,323	11,985
21665	ZWE	Zimbabwe	2000	2,211	12,104
21666	ZWE	Zimbabwe	2001	2,194	12,208
21667	ZWE	Zimbabwe	2002	2,025	12,281
21668	ZWE	Zimbabwe	2003	1,701	12,318
21669	ZWE	Zimbabwe	2004	1,605	12,336
21670	ZWE	Zimbabwe	2005	1,496	12,329
21671	ZWE	Zimbabwe	2006	1,456	12,394
21672	ZWE	Zimbabwe	2007	1,422	12,494
21673	ZWE	Zimbabwe	2008	1,198	12,568
21674	ZWE	Zimbabwe	2009	1,285	12,666
21675	ZWE	Zimbabwe	2010	1,402	12,782
21676	ZWE	Zimbabwe	2011	1,515	12,907
21677	ZWE	Zimbabwe	2012	1,604	13,036
21678	ZWE	Zimbabwe	2013	1,604	13,169
21679	ZWE	Zimbabwe	2014	1,594	13,314
21680	ZWE	Zimbabwe	2015	1,560	13,479
21681	ZWE	Zimbabwe	2016	1,534	13,665
21682	ZWE	Zimbabwe	2017	1,582	13,870
21683	ZWE	Zimbabwe	2018	1,611	14,097