## Sheet: GDP pc (continued)
	A	B	C	D	E	F	G	H	I	J	K	L	M	N	O	P	Q	R	S	T	U	V	W	X	Y	Z	AA	AB	AC	AD	AE	AF	AG	AH	AI	AJ	AK	AL	AM	AN	AO	AP	AQ	AR	AS	AT	AU	AV	AW	AX	AY	AZ	BA	BB	BC	BD	BE	BF	BG	BH	BI	BJ	BK	BL	BM	BN	BO	BP	BQ	BR	BS	BT	BU	BV	BW	BX	BY	BZ	CA	CB	CC	CD	CE	CF	CG	CH	CI	CJ	CK	CL	CM	CN	CO	CP	CQ	CR	CS	CT	CU	CV	CW	CX	CY	CZ	DA	DB	DC	DD	DE	DF	DG	DH	DI	DJ	DK	DL	DM	DN	DO	DP	DQ	DR	DS	DT	DU	DV	DW	DX	DY	DZ	EA	EB	EC	ED	EE	EF	EG	EH	EI	EJ	EK	EL	EM	EN	EO	EP	EQ	ER	ES	ET	EU	EV	EW	EX	EY	EZ	FA	FB	FC	FD	FE	FF	FG	FH	FI	FJ	FK	FL	FM	FN
378	1621																																																				1,643		1,832																					2626.6721311475408																							1,014																4,185							998		853			1,446																		1,865																									
379	1622																																																				1,643		1,581																					2588.2704918032787																							1,023																4,451							976		834			1,407																		1,739																									
380	1623																																																				1,643		1,568																					2580.590163934426																							1,022																3,940							966		827			1,341																		1,454																									
381	1624																																																				1,643		1,781																					2603.6311475409834																							1,015																3,660							999		826			1,412																		1,455																									
382	1625																																																1,394				1,643		1,798																					2688.1147540983607																							1,022																3,313							998		824			1,530																		1,449																									
383	1626																																																				1,643		1,730																					2642.032786885246																							1,050																4,234							1,041		832			1,429																		1,527																									
384	1627																																																				1,643		1,733																					2542.188524590164																							1,079																3,381							1,057		835			1,328																		1,505																									
385	1628																																																				1,643		1,947																					2442.344262295082																							1,078																3,441							1,066		848			1,255																		1,420																									
386	1629																																																				1,643		1,430																					2403.94262295082																							1,089																3,288							1,062		859			1,310																		1,385																									
387	1630																																																				1,643		1,416																					2557.5491803278687																							1,121																3,198							1,046		872			1,251																		1,423																									
388	1631																																																				1,643		1,451																					2703.4754098360654																							1,121																4,188							1,070		883			1,146																		1,597																									
389	1632																																																				1,643		1,630																					2857.0819672131147																							1,117																3,854							1,087		893			1,116																		1,605																									
390	1633																																																				1,659		1,501																					2849.401639344262																							1,119																4,184							1,109		905			1,230																		1,554																									
391	1634																																																				1,659		1,519																					2895.4836065573772																							1,117																4,006							1,098		912			1,405																		1,505																									
392	1635																																																1,376				1,659		1,571																					2595.9508196721313																							1,137																4,373							1,202		921			1,308																		1,629																									
393	1636																																																				1,659		1,526																					2657.3934426229507																							1,152																4,094							1,202		925			1,129																		1,780																									
394	1637																																																				1,659		1,476																					2757.2377049180327																							1,129																3,503							1,168		928			1,184																		1,773																									
395	1638																																																				1,659		1,624																					2880.122950819672																							1,098																3,916							1,143		931			1,334																		1,701																									
396	1639																																																				1,659		1,640																					2880.122950819672																							1,092																3,852							1,132		934			1,436																		1,677																									
397	1640																																																				1,659		1,683																					2941.565573770492																							1,090																3,532							1,073		929			1,425																		1,701																									
398	1641																																																				1,659		1,499																					3003.0081967213114																							1,090																3,920							1,188		921			1,612																		1,602																									
399	1642																																																				1,694		1,635																					2818.6803278688526																							1,092																4,047							1,172		921			1,504																		1,615																									
400	1643																																																				1,728		1,725																					2657.3934426229507																							1,090																3,914							1,178		917			1,598																		1,670																									
401	1644																																																				1,745		1,745																					2665.0737704918033																							1,087																4,307							1,103		913			1,539																		1,760																									
402	1645																																																1,287				1,745		1,511																					2757.2377049180327																							1,081																3,953							1,093		901			1,576																		1,749																									
403	1646																																																				1,745		1,524																					2787.9590163934427																							1,078																3,879							1,098		897			1,511																		1,659																									
404	1647																																																				1,710		1,515																					2657.3934426229507																							1,089																3,964							1,033		897			1,500																		1,715																									
405	1648																																																				1,677		1,535																					2542.188524590164																							1,117																4,202							1,116		896			1,479																		1,597																									
406	1649																																																				1,659		1,508																					2488.4262295081967																							1,146																4,055							1,087		901			1,448																		1,479																									
407	1650											2,303																													1,511											1,246	1,659		1,446															1,189						2465.3852459016393																							1,172																4,316							1,062		901			1,322																		1,388											832						897								
408	1651																																																				1,659		1,527																					2718.8360655737706																							1,164																3,988							1,007		909			1,259																		1,398																									
409	1652																																																				1,659		1,720																					2741.877049180328																							1,167																3,392							1,023		917			1,349																		1,465																									
410	1653																																																				1,659		1,920																					2711.155737704918																							1,165																3,630							1,039		920			1,389																		1,878																									
411	1654																																																				1,659		1,903																					2741.877049180328																							1,165																3,421							1,050		928			1,485																		1,977																									
412	1655																																																1,412				1,659		1,982																					2749.55737704918																							1,168																3,525							1,009		934			1,436																		2,080																									
413	1656																																																				1,677		1,835																					2672.754098360656																							1,162																3,349							1,022		947			1,436																		1,863																									
414	1657																																																				1,677		1,727																					2595.9508196721313																							1,146																3,034							1,031		947			1,490																		1,715																									
415	1658																																																				1,677		1,702																					2572.909836065574																							1,148																3,070							1,054		942			1,462																		1,819																									
416	1659																																																				1,677		1,441																					2572.909836065574																							1,157																3,097							952		934			1,432																		1,753																									
417	1660																																																				1,677		1,578																					2618.9918032786886																							1,172																3,168							899		923			1,460																		1,726																									
418	1661																											1,330																									1,677		1,610																					2672.754098360656																							1,181																3,173							918		912			1,490																		1,645																									
419	1662																																																				1,694		1,664																					2695.7950819672133																							1,180																3,561							945		901			1,348																		1,712																									
420	1663																																																				1,710		1,959																					2688.1147540983607																							1,176																3,811							991		891			1,522																		1,639																									
421	1664																																																				1,710		1,828																					2680.434426229508																							1,216																3,412							953		880			1,613																		1,650																									
422	1665																																																1,251				1,728		1,907																					2711.155737704918																							1,278																3,266							1,014		866			1,523																		1,717																									
423	1666																																																				1,728		2,135																					2787.9590163934427																							1,336																3,176							1,189		845			1,483																		1,717																									
424	1667																																																				1,728		2,196																					2795.6393442622953																							1,379																3,402							1,294		827			1,405																		1,734																									
425	1668																																																				1,745		1,940																					2764.9180327868853																							1,388																3,671							1,250		811			1,576																		1,761																									
426	1669																																																				1,745		1,991																					2672.754098360656																							1,406																3,448							928		805			1,747																		1,835																									
427	1670																																																				1,745		1,934																					2634.3524590163934																							1,428																3,476							1,087		800			1,718																		1,838																									
428	1671																																																				1,745		1,873																					2672.754098360656																							1,451																3,235							1,030		792			1,640																		1,831																									
