## Sheet: GDP pc (continued)
	A	B	C	D	E	F	G	H	I	J	K	L	M	N	O	P	Q	R	S	T	U	V	W	X	Y	Z	AA	AB	AC	AD	AE	AF	AG	AH	AI	AJ	AK	AL	AM	AN	AO	AP	AQ	AR	AS	AT	AU	AV	AW	AX	AY	AZ	BA	BB	BC	BD	BE	BF	BG	BH	BI	BJ	BK	BL	BM	BN	BO	BP	BQ	BR	BS	BT	BU	BV	BW	BX	BY	BZ	CA	CB	CC	CD	CE	CF	CG	CH	CI	CJ	CK	CL	CM	CN	CO	CP	CQ	CR	CS	CT	CU	CV	CW	CX	CY	CZ	DA	DB	DC	DD	DE	DF	DG	DH	DI	DJ	DK	DL	DM	DN	DO	DP	DQ	DR	DS	DT	DU	DV	DW	DX	DY	DZ	EA	EB	EC	ED	EE	EF	EG	EH	EI	EJ	EK	EL	EM	EN	EO	EP	EQ	ER	ES	ET	EU	EV	EW	EX	EY	EZ	FA	FB	FC	FD	FE	FF	FG	FH	FI	FJ	FK	FL	FM	FN
429	1672																																																				1,745		1,860																					2695.7950819672133																							1,457																2,923							1,052		784			1,693																		1,664																									
430	1673																																																				1,745		1,897																					2711.155737704918																							1,466																3,171							1,063		800			1,692																		1,637																									
431	1674																																																				1,745		1,806																					2688.1147540983607																							1,474																3,522							1,023		810			1,685																		1,750																									
432	1675																																																1,287				1,745		1,853																					2542.188524590164																							1,449																3,472							1,020		824			1,693																		1,753																									
433	1676																																																				1,745		2,191																					2565.2295081967213																							1,396																3,409							1,111		848			1,744																		1,820																									
434	1677																																																				1,745		2,029																					2473.065573770492																							1,350																3,144							1,157		880			1,742																		1,760																									
435	1678																																																				1,728		2,103																					2473.065573770492																							1,326																3,385							1,097		910			1,700																		1,744																									
436	1679																																																				1,710		1,963																					2526.8278688524592																							1,318																3,209							1,250		952			1,562																		1,779																									
437	1680																																																				1,694		2,209																					2534.5081967213114																							1,301																3,549							1,079		988			1,609																		1,876																									
438	1681																																																				1,694		2,004																					2603.6311475409834																							1,256																3,376							1,122		1,011			1,532																		1,852																									
439	1682																																																				1,694		2,150																					2634.3524590163934																							1,223																3,369							1,095		1,031			1,682																		1,867																									
440	1683																																																				1,694		2,323																					2657.3934426229507																							1,213																3,347							1,140		1,044			1,674																		1,798																									
441	1684																																																				1,710		1,946																					2572.909836065574																							1,218																3,291							1,152		1,041			1,663																		1,602																									
442	1685																											1,280																					1,340				1,710		2,110																					2457.7049180327867																							1,258																3,610							1,057		1,047			1,469																		1,752																									
443	1686																																																				1,710		1,949																					2526.8278688524592																							1,274																3,684							1,034		1,055			1,545																		1,886																									
444	1687																																																				1,710		2,169																					2657.3934426229507																							1,269																3,630							928		1,060			1,672																		1,811																									
445	1688																																																				1,710		2,333																					2634.3524590163934																							1,270																3,817							944		1,057			2,071																		1,803																									
446	1689																																																				1,710		2,233																					2626.6721311475408																							1,286																3,742							928		1,052			2,114																		1,870																									
447	1690																											1,413										295															1,710		2,386																					2473.065573770492																							1,278																3,915							945		1,028			1,954																		1,881																									
448	1691																																																				1,710		2,400																					2480.745901639344																							1,267																3,840							991		1,007			1,968																		1,980																									
449	1692																																																				1,710		2,595																					2542.188524590164																							1,304																3,653							995		999			2,009																		1,938																									
450	1693																																																				1,710		2,197																					2511.467213114754																							1,326																4,093							939		993			1,872																		1,685																									
451	1694																																																				1,694		2,616																					2419.3032786885246																							1,376																3,674							1,111		995			1,867																		1,742																									
452	1695																																																1,376				1,694		2,502																					2388.5819672131147																							1,382																3,786							1,135		998			1,574																		1,691																									
453	1696																																																				1,694		2,392																					2396.2622950819673																							1,380																3,430							1,089		995			1,560																		1,666																									
454	1697																																																				1,677		2,361																					2426.9836065573772																							1,393																3,653							1,036		985			1,743																		1,533																									
455	1698																																																				1,677		2,417																					2503.7868852459014																							1,415																3,612							1,117		977			1,746																		1,586																									
456	1699																																																				1,677		2,324																					2526.8278688524592																							1,443																3,968							1,157		980			1,496																		1,663																									
457	1700											2,192																1,543													1,497											1,331	1,694		2,412															1,162						2603.6311475409834			1,073																				1,476																3,377							1,157		985			1,572																		2,002											897												2,715		
458	1701																																																				1,610		2,613																					2580.590163934426																							1,498																3,746							1,090		991			1,791																		2,043																							2,715		
459	1702																																																				1,610		2,526																					2565.2295081967213																							1,541																4,271							1,042		998			1,707																		2,045																							2,710		
460	1703																																																				1,610		2,345																					2595.9508196721313																							1,564																3,342							1,127		991			1,573																		1,890																							2,581		
461	1704																																																				1,610		2,778																					2611.311475409836																							1,538																3,580							1,087		982			1,540																		1,897																							2,332		
462	1705																																																1,376				1,592		2,630																					2618.9918032786886																							1,478																4,225							1,189		983			1,655																		1,879																							2,249		
463	1706																																																				1,610		2,220																					2588.2704918032787																							1,465																3,913							1,054		990			1,698																		1,884																							2,844		
464	1707																																																				1,610		2,485																					2665.0737704918033																							1,431																4,074							1,164		987			1,616																		1,846																							3,145		
465	1708																																																				1,610		2,636																					2657.3934426229507																							1,406																3,880							1,301		982			1,586																		1,750																							3,366		
466	1709																																																				1,626		2,278																					2511.467213114754																							1,441																4,131							1,301		974			1,485																		1,824																							3,060		
467	1710																											1,406																									1,643		2,066																					2665.0737704918033																							1,490																4,222							1,176		953			1,352																		1,913																							2,920		
468	1711																																																				1,643		2,255																					2803.3196721311474																							1,516																3,957							1,216		929			1,268																		2,024																							2,149		
469	1712																																																				1,659		2,257																					2834.0409836065573																							1,540																4,064							1,157		910			1,376																		1,991																							1,835		
470	1713																																																				1,659		2,157																					2834.0409836065573																							1,525																4,255							1,157		896			1,521																		2,039																							2,061		
471	1714																																																				1,659		2,364																					2872.44262295082																							1,490																4,166							1,133		912			1,591																		1,999																							2,314		
472	1715																																																1,358				1,659		2,294																					2818.6803278688526																							1,510																3,793							1,060		928			1,613																		1,980																							2,284		
473	1716																																																				1,659		2,367																					2811																							1,529																3,406							1,143		937			1,624																		1,749																							2,334		
474	1717																																																				1,677		2,483																					2834.0409836065573																							1,529																3,663							1,167		948			1,758																		1,594																							2,426		
475	1718																																																				1,694		2,606																					2811																							1,537																3,778							1,127		953			1,816																		1,433																							2,789		
476	1719																																																				1,710		2,542																					2887.8032786885246																							1,557																3,452							1,101		964			1,776																		1,683																							2,222		
477	1720																											1,312																									1,728		2,715																					3033.7295081967213																							1,522																3,516							1,100		971			1,850																		1,921																	1,769						2,600		
478	1721																																																				1,745		2,611																					2995.3278688524592			1,073																				1,451																3,409							1,055		980			1,775																		1,989																							2,609		
