## Sheet: GDP pc (continued)
	A	B	C	D	E	F	G	H	I	J	K	L	M	N	O	P	Q	R	S	T	U	V	W	X	Y	Z	AA	AB	AC	AD	AE	AF	AG	AH	AI	AJ	AK	AL	AM	AN	AO	AP	AQ	AR	AS	AT	AU	AV	AW	AX	AY	AZ	BA	BB	BC	BD	BE	BF	BG	BH	BI	BJ	BK	BL	BM	BN	BO	BP	BQ	BR	BS	BT	BU	BV	BW	BX	BY	BZ	CA	CB	CC	CD	CE	CF	CG	CH	CI	CJ	CK	CL	CM	CN	CO	CP	CQ	CR	CS	CT	CU	CV	CW	CX	CY	CZ	DA	DB	DC	DD	DE	DF	DG	DH	DI	DJ	DK	DL	DM	DN	DO	DP	DQ	DR	DS	DT	DU	DV	DW	DX	DY	DZ	EA	EB	EC	ED	EE	EF	EG	EH	EI	EJ	EK	EL	EM	EN	EO	EP	EQ	ER	ES	ET	EU	EV	EW	EX	EY	EZ	FA	FB	FC	FD	FE	FF	FG	FH	FI	FJ	FK	FL	FM	FN
273	1516																																																				1,643		1,800																					2895.4836065573772																																							2,635									974																					1,710																									
274	1517																																																				1,626		1,800																					3079.811475409836																																							2,722									976																					1,946																									
275	1518																																																				1,643		1,805																					3102.8524590163934																																							2,736									976																					1,819																									
276	1519																																																				1,643		1,784																					3010.688524590164																																							2,802									976																					2,267																									
277	1520																											1,166																									1,643		1,755																					2887.8032786885246																																							3,011									983																					2,418																									
278	1521																																																				1,643		1,791																					2665.0737704918033																																							3,181									982																					2,192																									
279	1522																																																				1,643		1,818																					2634.3524590163934																																							2,937									982																					2,251																									
280	1523																																																				1,643		1,847																					2680.434426229508																																							2,895									980																					2,181																									
281	1524																																																				1,643		1,866																					3010.688524590164																																							2,938									979																					1,315																									
282	1525																																																1,394				1,643		1,848																					2995.3278688524592																																							2,790									976																					1,532																									
283	1526																																																				1,643		1,852																					2711.155737704918																																							2,741									969																					1,519																									
284	1527																																																				1,643		1,713																					2488.4262295081967																																							2,855									968																					1,812																									
285	1528																																																				1,643		1,722																					2457.7049180327867																																							2,539									969																					1,938																									
286	1529																																																				1,643		1,741																					2603.6311475409834																																							3,214									969																					1,765																									
287	1530																											1,187																									1,643		1,755																					2465.3852459016393																																							3,389									961			1,281																		1,561																									
288	1531																																																				1,643		1,689																					2542.188524590164																																							3,441									956			1,382																		1,686																									
289	1532																																																				1,643		1,741																					2534.5081967213114																																							3,223									948			1,417																		1,798																									
290	1533																																																				1,643		1,725																					2503.7868852459014																																							2,835									945			1,462																		1,479																									
291	1534																																																				1,643		1,795																					2864.7622950819673																																							2,998									942			1,361																		1,490																									
292	1535																																																1,465				1,643		1,665																					2964.6065573770493																																							3,111									939			1,290																		1,403																									
293	1536																																																				1,643		1,639																					2880.122950819672																																							3,454									950			1,356																		1,511																									
294	1537																																																				1,643		1,758																					2933.8852459016393																																							2,779									963			1,275																		1,551																									
295	1538																																																				1,610		1,657																					2665.0737704918033																																							2,916									969			1,210																		1,583																									
296	1539																																																				1,592		1,780																					2442.344262295082																																							2,645									971			1,248																		1,302																									
297	1540																											1,193																									1,592		1,713																					2549.8688524590166																																							2,404									982			1,218																		1,412																									
298	1541																																																				1,575		1,659																					2834.0409836065573																																							2,214									995			1,261																		1,269																									
299	1542																																																				1,575		1,711																					2864.7622950819673																																							2,390									1,007			1,282																		1,390																									
300	1543																																																				1,575		1,649																					2734.1967213114754																																							2,299									1,027			1,301																		1,519																									
301	1544																																																				1,575		1,734																					2757.2377049180327																																							2,426									1,041			1,274																		1,530																									
302	1545																																																1,430				1,559		1,680																					2703.4754098360654																																							2,595									1,054			1,267																		1,572																									
303	1546																																																				1,559		1,705																					2872.44262295082																																							2,191									1,063			1,352																		1,592																									
304	1547																																																				1,559		1,841																					2557.5491803278687																																							2,721									1,057			1,385																		1,412																									
305	1548																																																				1,541		1,755																					2565.2295081967213																																							2,615									1,049			1,397																		1,561																									
306	1549																																																				1,508		1,678																					2695.7950819672133																																							2,667									1,049			1,362																		1,634																									
307	1550											2,410																1,195																									1,490		1,654																					2526.8278688524592																							574																2,884									1,041			1,331																		1,655																									
308	1551																																																				1,474		1,604																					2618.9918032786886																																							2,633									1,038			1,310																		1,723																									
309	1552																																																				1,457		1,528																					2826.3606557377047																																							3,045									1,042			1,414																		1,683																									
310	1553																																																				1,457		1,781																					2711.155737704918																																							2,558									1,044			1,631																		1,561																									
311	1554																																																				1,457		1,616																					2419.3032786885246																																							2,742									1,047			1,518																		1,559																									
312	1555																																																1,519				1,439		1,599																					2373.22131147541																																							3,078									1,052			1,348																		1,530																									
313	1556																																																				1,439		1,295																					2480.745901639344																																							3,499									1,060			1,221																		1,580																									
314	1557																																																				1,439		1,419																					2403.94262295082																																							3,218									1,078			1,235																		1,608																									
315	1558																																																				1,439		1,843																					2457.7049180327867																																							3,296									1,103			1,321																		1,600																									
316	1559																																																				1,439		1,744																					2411.622950819672																																							2,940									1,125			1,354																		1,677																									
317	1560																											1,200																									1,439		1,753																					2519.1475409836066																																							3,084									1,146			1,565																		1,610																									
318	1561																																																				1,457		1,778																					2534.5081967213114																																							3,457									1,162			1,390																		1,487																									
319	1562																																																				1,457		1,762																					2365.5409836065573																																							3,827									1,170			1,386																		1,492																									
320	1563																																																				1,474		1,913																					2634.3524590163934																																							3,490									1,172			1,389																		1,565																									
321	1564																																																				1,474		1,843																					2503.7868852459014																																							3,520									1,175			1,454																		1,688																									
322	1565																																																1,483				1,474		1,839																					2534.5081967213114																																							3,656									1,176			1,475																		1,632																									
323	1566																																																				1,474		2,056																					2572.909836065574																																							3,085									1,170			1,422																		1,854																									
324	1567																																																				1,457		1,920																					2734.1967213114754																																							3,965									1,168			1,457																		1,886																									
325	1568																																																				1,457		1,911																					2588.2704918032787																																							4,091									1,170			1,425																		1,830																									
