## Sheet: GDP pc (continued)
	A	B	C	D	E	F	G	H	I	J	K	L	M	N	O	P	Q	R	S	T	U	V	W	X	Y	Z	AA	AB	AC	AD	AE	AF	AG	AH	AI	AJ	AK	AL	AM	AN	AO	AP	AQ	AR	AS	AT	AU	AV	AW	AX	AY	AZ	BA	BB	BC	BD	BE	BF	BG	BH	BI	BJ	BK	BL	BM	BN	BO	BP	BQ	BR	BS	BT	BU	BV	BW	BX	BY	BZ	CA	CB	CC	CD	CE	CF	CG	CH	CI	CJ	CK	CL	CM	CN	CO	CP	CQ	CR	CS	CT	CU	CV	CW	CX	CY	CZ	DA	DB	DC	DD	DE	DF	DG	DH	DI	DJ	DK	DL	DM	DN	DO	DP	DQ	DR	DS	DT	DU	DV	DW	DX	DY	DZ	EA	EB	EC	ED	EE	EF	EG	EH	EI	EJ	EK	EL	EM	EN	EO	EP	EQ	ER	ES	ET	EU	EV	EW	EX	EY	EZ	FA	FB	FC	FD	FE	FF	FG	FH	FI	FJ	FK	FL	FM	FN
219	1462																																																				1,728		1,752																					3502.2295081967213																																							2,369									835																					1,760																									
220	1463																																																				1,710		1,772																					3356.3032786885246																																							2,363									822																					1,940																									
221	1464																																																				1,710		1,615																					2956.9262295081967																																							2,357									811																					1,870																									
222	1465																																																1,340				1,710		1,567																					2933.8852459016393																																							2,439									800																					1,804																									
223	1466																																																				1,710		1,554																					2933.8852459016393																																							2,339									789																					1,873																									
224	1467																																																				1,710		1,600																					2987.6475409836066																																							2,292									789																					1,970																									
225	1468																																																				1,710		1,669																					3141.254098360656																																							2,249									791																					2,263																									
226	1469																																																				1,728		1,645																					3187.3360655737706																																							2,278									791																					1,436																									
227	1470																											1,341																									1,728		1,597																					3387.0245901639346																																							2,280									791																					1,529																									
228	1471																																																				1,745		1,525																					3333.2622950819673																																							2,238									789																					1,812																									
229	1472																																																				1,779		1,575																					3148.934426229508																																							2,335									792																					1,704																									
230	1473																																																				1,779		1,560																					2880.122950819672																																							2,358									802																					1,546																									
231	1474																																																				1,761		1,642																					2811																																							2,353									810																					1,325																									
232	1475																																																1,305				1,745		1,592																					2849.401639344262																																							2,280									818																					1,366																									
233	1476																																																				1,710		1,475																					2757.2377049180327																																							2,301									826																					1,301																									
234	1477																																																				1,677		1,541																					2811																																							2,352									837																					1,427																									
235	1478																																																				1,677		1,583																					2964.6065573770493																																							2,331									845																					1,406																									
236	1479																																																				1,659		1,672																					2895.4836065573772																																							2,273									850																					1,352																									
237	1480																											1,242																									1,677		1,718																					2933.8852459016393																																							2,302									856																					1,366																									
238	1481																																																				1,677		1,640																					2926.2049180327867																																							2,273									866																					1,588																									
239	1482																																																				1,710		1,566																					2680.434426229508																																							2,201									885																					1,674																									
240	1483																																																				1,710		1,641																					2572.909836065574																																							2,198									878																					1,661																									
241	1484																																																				1,728		1,623																					2741.877049180328																																							2,252									869																					1,661																									
242	1485																																																1,376				1,728		1,532																					2941.565573770492																																							2,223									861																					1,663																									
243	1486																																																				1,728		1,696																					2818.6803278688526																																							2,235									850																					1,564																									
244	1487																																																				1,745		1,548																					2787.9590163934427																																							2,240									845																					1,583																									
245	1488																																																				1,745		1,579																					2818.6803278688526																																							2,249									845																					1,583																									
246	1489																																																				1,745		1,612																					2903.1639344262294																																							2,215									842																					1,604																									
247	1490																											1,189																									1,745		1,620																					2795.6393442622953																																							2,273									845																					1,503																									
248	1491																																																				1,745		1,632																					2872.44262295082																																							2,241									846																					1,723																									
249	1492																																																				1,745		1,649																					2979.967213114754																																							2,251									850																					1,777																									
250	1493																																																				1,745		1,620																					2910.844262295082																																							2,242									846																					1,804																									
251	1494																																																				1,728		1,695																					2718.8360655737706																																							2,324									866																					1,502																									
252	1495																																																1,412				1,728		1,659																					2718.8360655737706																																							2,307									885																					1,460																									
253	1496																																																				1,728		1,605																					2480.745901639344																																							2,278									897																					1,430																									
254	1497																																																				1,728		1,710																					2542.188524590164																																							2,309									918																					1,393																									
255	1498																																																				1,728		1,724																					2695.7950819672133																																							2,327									931																					1,374																									
256	1499																																																				1,710		1,728																					2734.1967213114754																																							2,360									932																					1,417																									
257	1500											2,338																1,207													1,827							1,084					1,694		1,697																					2703.4754098360654																																							2,332									944																					1,760											768														
258	1501																																																				1,710		1,633																					2595.9508196721313																																							2,419									952																					1,828																									
259	1502																																																				1,694		1,689																					2557.5491803278687																																							2,330									960																					1,643																									
260	1503																																																				1,677		1,757																					2580.590163934426																																							2,332									948																					1,478																									
261	1504																																																				1,677		1,758																					2434.6639344262294																																							2,480									929																					2,144																									
262	1505																																																1,394				1,677		1,773																					2634.3524590163934																																							2,311									931																					1,819																									
263	1506																																																				1,659		1,776																					2887.8032786885246																																							2,307									932																					1,980																									
264	1507																																																				1,659		1,740																					2864.7622950819673																																							2,315									936																					1,785																									
265	1508																																																				1,677		1,760																					2979.967213114754																																							2,462									937																					2,267																									
266	1509																																																				1,659		1,837																					2995.3278688524592																																							2,505									942																					2,570																									
267	1510																											1,274																									1,659		1,768																					3072.1311475409834																																							2,439									948																					2,255																									
268	1511																																																				1,659		1,799																					2872.44262295082																																							2,508									952																					2,225																									
269	1512																																																				1,659		1,715																					2926.2049180327867																																							2,586									952																					1,986																									
270	1513																																																				1,643		1,785																					3010.688524590164																																							2,668									953																					2,037																									
271	1514																																																				1,643		1,777																					2926.2049180327867																																							2,796									971																					1,728																									
272	1515																																																1,447				1,643		1,820																					2849.401639344262																																							2,931									972																					1,779																									
