## Sheet: GDP pc (continued)
	A	B	C	D	E	F	G	H	I	J	K	L	M	N	O	P	Q	R	S	T	U	V	W	X	Y	Z	AA	AB	AC	AD	AE	AF	AG	AH	AI	AJ	AK	AL	AM	AN	AO	AP	AQ	AR	AS	AT	AU	AV	AW	AX	AY	AZ	BA	BB	BC	BD	BE	BF	BG	BH	BI	BJ	BK	BL	BM	BN	BO	BP	BQ	BR	BS	BT	BU	BV	BW	BX	BY	BZ	CA	CB	CC	CD	CE	CF	CG	CH	CI	CJ	CK	CL	CM	CN	CO	CP	CQ	CR	CS	CT	CU	CV	CW	CX	CY	CZ	DA	DB	DC	DD	DE	DF	DG	DH	DI	DJ	DK	DL	DM	DN	DO	DP	DQ	DR	DS	DT	DU	DV	DW	DX	DY	DZ	EA	EB	EC	ED	EE	EF	EG	EH	EI	EJ	EK	EL	EM	EN	EO	EP	EQ	ER	ES	ET	EU	EV	EW	EX	EY	EZ	FA	FB	FC	FD	FE	FF	FG	FH	FI	FJ	FK	FL	FM	FN
326	1569																																																				1,474		1,895																					2419.3032786885246																																							2,434									1,175			1,376																		1,865																									
327	1570																											1,238																									1,490		1,737																					2572.909836065574																							606																2,298									1,181			1,433																		1,755																									
328	1571																																																				1,508		1,737																					2511.467213114754																																							2,456									1,180			1,549																		1,497																									
329	1572																																																				1,524		1,675																					2542.188524590164																																							2,056									1,191			1,574																		1,129																									
330	1573																																																				1,508		1,914																					2634.3524590163934																																							2,258									1,205			1,703																		1,323																									
331	1574																																																				1,541		1,689																					2618.9918032786886																																							2,660									1,215			1,633																		1,409																									
332	1575																																																1,555				1,541		1,876																					2542.188524590164																																							2,924									1,234			1,345																		1,532																									
333	1576																																																				1,541		1,929																					2626.6721311475408																																							2,860									1,253			1,237																		1,567																									
334	1577																																																				1,541		1,630																					2588.2704918032787																																							3,839									1,274			1,223																		1,508																									
335	1578																																																				1,541		1,854																					2542.188524590164																																							4,064									1,291			1,326																		1,500																									
336	1579																																																				1,524		1,820																					2442.344262295082																																							3,181									1,290			1,335																		1,511																									
337	1580																											1,217																									1,524		1,716																					2457.7049180327867																																							3,292									1,286			1,155																		1,478																									
338	1581																																																				1,524		1,654																					2519.1475409836066																																							3,433									1,283			1,205																		1,349																									
339	1582																																																				1,541		1,476																					2526.8278688524592																																							3,568									1,280			1,221																		1,578																									
340	1583																																																				1,524		1,661																					2572.909836065574																																							3,432									1,274			1,257																		1,568																									
341	1584																																																				1,559		1,597																					2526.8278688524592																																							3,887									1,266			1,308																		1,529																									
342	1585																																																1,537				1,559		1,396																					2480.745901639344																																							3,381									1,261			1,242																		1,554																									
343	1586																																																				1,559		1,356																					2496.1065573770493																																							3,450									1,242			1,386																		1,502																									
344	1587																																																				1,559		1,502																					2534.5081967213114																																							3,988									1,224			1,367																		1,419																									
345	1588																																																				1,575		1,690																					2542.188524590164																																							3,660									1,223			1,287																		1,411																									
346	1589																																																				1,559		1,474																					2480.745901639344																																							3,982									1,200			1,208																		1,344																									
347	1590																											1,217																									1,559		1,558																					2396.2622950819673																																							4,051									1,186			1,313																		1,510																									
348	1591																																																				1,575		1,568																					2327.1393442622953																																							3,933									1,160			1,163																		1,557																									
349	1592																																																				1,575		1,692																					2350.1803278688526																																							3,839									1,143			1,265																		1,305																									
350	1593																																																				1,592		1,792																					2465.3852459016393																																							3,657									1,127			1,321																		1,495																									
351	1594																																																				1,626		1,454																					2403.94262295082																																							3,888									1,113			1,425																		1,423																									
352	1595																																																1,555				1,643		1,453																					2396.2622950819673																							746																4,208							880		1,101			1,420																		1,629																									
353	1596																																																				1,626		1,379																					2273.377049180328																							752																4,006							905		1,078			1,205																		1,462																									
354	1597																																																				1,626		1,316																					2327.1393442622953																							740																4,490							912		1,070			1,081																		1,202																									
355	1598																																																				1,626		1,569																					2396.2622950819673																							741																3,957							977		1,058			1,042																		1,130																									
356	1599																																																				1,610		1,788																					2496.1065573770493																							767																4,152							936		1,038			1,049																		1,270																									
357	1600											2,533																1,217													1,286											1,191	1,610		1,691															1,264						2403.94262295082			1,061																				799																4,270							921		1,038			1,258																		1,258																									
358	1601																																																				1,626		1,671																					2304.098360655738																							811																3,791							960		1,027			1,394																		1,436																									
359	1602																																																				1,626		1,751																					2319.4590163934427																							821																3,266							964		1,020			1,446																		1,242																									
360	1603																																																				1,626		1,849																					2426.9836065573772																							835																3,849							918		1,012			1,300																		1,266																									
361	1604																																																				1,610		1,967																					2350.1803278688526																							853																3,924							910		1,007			1,282																		1,376																									
362	1605																																																1,465				1,610		1,752																					2373.22131147541																							867																3,278							910		1,004			1,366																		1,329																									
363	1606																																																				1,626		1,831																					2296.4180327868853																							891																3,622							913		996			1,385																		1,363																									
364	1607																																																				1,626		1,660																					2311.77868852459																							907																3,196							931		999			1,350																		1,427																									
365	1608																																																				1,626		1,571																					2388.5819672131147																							936																4,799							936		998			1,281																		1,412																									
366	1609																																																				1,626		1,812																					2496.1065573770493																							964																4,054							1,038		996			1,313																		1,519																									
367	1610																											1,282																									1,626		1,919																					2565.2295081967213																							976																3,365							1,076		995			1,471																		1,486																									
368	1611																																																				1,643		1,757																					2534.5081967213114																							979																3,568							1,011		990			1,429																		1,513																									
369	1612																																																				1,643		1,675																					2496.1065573770493																							1,003																3,383							1,057		987			1,349																		1,686																									
370	1613																																																				1,643		1,612																					2480.745901639344																							1,009																3,217							1,033		980			1,307																		1,564																									
371	1614																																																				1,643		1,555																					2511.467213114754																							1,004																3,391							1,057		976			1,353																		1,425																									
372	1615																																																1,447				1,643		1,681																					2465.3852459016393																							999																3,064							1,028		960			1,424																		1,494																									
373	1616																																																				1,643		1,586																					2557.5491803278687																							993																3,269							983		940			1,463																		1,462																									
374	1617																																																				1,643		1,749																					2511.467213114754																							996																3,361							998		923			1,370																		1,447																									
375	1618																																																				1,643		1,740																					2426.9836065573772																							1,001																5,118							996		912			1,283																		1,664																									
376	1619																																																				1,643		1,586																					2450.0245901639346																							987																4,620							999		889			1,284																		1,519																									
377	1620																											1,262																									1,643		1,842																					2519.1475409836066																							1,003																3,493							995		872			1,446																		1,623																									
