## Sheet: GDP pc (continued)
	A	B	C	D	E	F	G	H	I	J	K	L	M	N	O	P	Q	R	S	T	U	V	W	X	Y	Z	AA	AB	AC	AD	AE	AF	AG	AH	AI	AJ	AK	AL	AM	AN	AO	AP	AQ	AR	AS	AT	AU	AV	AW	AX	AY	AZ	BA	BB	BC	BD	BE	BF	BG	BH	BI	BJ	BK	BL	BM	BN	BO	BP	BQ	BR	BS	BT	BU	BV	BW	BX	BY	BZ	CA	CB	CC	CD	CE	CF	CG	CH	CI	CJ	CK	CL	CM	CN	CO	CP	CQ	CR	CS	CT	CU	CV	CW	CX	CY	CZ	DA	DB	DC	DD	DE	DF	DG	DH	DI	DJ	DK	DL	DM	DN	DO	DP	DQ	DR	DS	DT	DU	DV	DW	DX	DY	DZ	EA	EB	EC	ED	EE	EF	EG	EH	EI	EJ	EK	EL	EM	EN	EO	EP	EQ	ER	ES	ET	EU	EV	EW	EX	EY	EZ	FA	FB	FC	FD	FE	FF	FG	FH	FI	FJ	FK	FL	FM	FN
52	1295																																																1,519				1,219		1,155																																																																																																																			
53	1296																																																				1,253		1,202																																																																																																																			
54	1297																																																				1,288		1,151																																																																																																																			
55	1298																																																				1,339		1,211																																																																																																																			
56	1299																																																				1,388		1,167																																																																																																																			
57	1300																																															972					1,423		1,159																																																																																										1,133																									
58	1301																																																				1,457		1,168																																																																																										1,135																									
59	1302																																																				1,508		1,199																																																																																										1,379																									
60	1303																																																				1,541		1,249																																																																																										1,494																									
61	1304																																																				1,559		1,130																																																																																										1,463																									
62	1305																																																1,501				1,610		1,162																																																																																										1,451																									
63	1306																																																				1,710		1,129																																																																																										1,430																									
64	1307																																																				1,745		1,184																																																																																										1,419																									
65	1308																																																				1,779		1,199																																																																																										1,403																									
66	1309																																																				1,795		1,229																																																																																										1,387																									
67	1310																																																				1,812		1,213																					2857.0819672131147																																																																					1,360																									
68	1311																																																				1,795		1,257																					2749.55737704918																																																																					1,352																									
69	1312																																																				1,830		1,224																					2787.9590163934427																																																																					1,334																									
70	1313																																																				1,761		1,246																					2787.9590163934427																																																																					1,301																									
71	1314																																																				1,745		1,247																					2841.72131147541																																																																					1,272																									
72	1315																																																1,483				1,694		1,121																					2926.2049180327867																																																																					1,237																									
73	1316																																																				1,677		1,072																					2926.2049180327867																																																																					1,339																									
74	1317																																																				1,694		1,136																					2811																																																																					1,478																									
75	1318																																																				1,710		1,270																					2811																																																																					1,626																									
76	1319																																																				1,710		1,292																					2864.7622950819673																																																																					1,451																									
77	1320																																																				1,610		1,266																					2787.9590163934427																																																																					1,305																									
78	1321																																																				1,610		1,085																					2818.6803278688526																																																																					1,294																									
79	1322																																																				1,610		1,156																					2672.754098360656																																																																					1,288																									
80	1323																																																				1,643		1,215																					2588.2704918032787																																																																					1,301																									
81	1324																																																				1,659		1,122																					2649.7131147540986																																																																					1,315																									
82	1325																																																1,430				1,728		1,230																					2734.1967213114754																																																																					1,433																									
83	1326																																																				1,728		1,245																					2757.2377049180327																																																																					1,561																									
84	1327																																																				1,694		1,222																					2688.1147540983607																																																																					1,729																									
85	1328																																																				1,677		1,135																					2618.9918032786886																																																																					1,918																									
86	1329																																																				1,643		1,193																					2473.065573770492																																																																					2,040																									
87	1330																																																				1,610		1,161																					2488.4262295081967																																																																					1,683																									
88	1331																																																				1,575		1,106																					2672.754098360656																																																																					1,486																									
89	1332																																																				1,575		1,163																					2741.877049180328																																																																					1,439																									
90	1333																																																				1,592		1,197																					2618.9918032786886																																																																					1,342																									
91	1334																																																				1,677		1,156																					2588.2704918032787																																																																					1,371																									
92	1335																																																1,573				1,694		1,107																					2572.909836065574																																																																					1,398																									
93	1336																																																				1,710		1,159																					2642.032786885246																																																																					1,431																									
94	1337																																																				1,745		1,283																					2711.155737704918																																																																					1,465																									
95	1338																																																				1,710		1,307																					2665.0737704918033																																																																					1,495																									
96	1339																																																				1,694		1,066																					2549.8688524590166																																																																					1,522																									
97	1340																																																				1,677		1,194																					2642.032786885246																																																																					1,490																									
98	1341																																																				1,677		1,205																					2787.9590163934427																																																																					1,460																									
99	1342																																																				1,659		1,261																					2680.434426229508																																																																					1,430																									
100	1343																																																				1,677		1,225																					2450.0245901639346																																																																					1,384																									
101	1344																																																				1,677		1,307																					2450.0245901639346																																																																					1,344																									
102	1345																																																1,608				1,677		1,216																					2511.467213114754																																																																					1,299																									
103	1346																																																				1,728		1,155																					2388.5819672131147																																																																					1,258																									
104	1347																																																				1,795		1,199																					2450.0245901639346																																																																					1,272																									
105	1348																																																				1,846		1,229																					2672.754098360656																																							1,405																														1,290											743														
106	1349																																																				1,846		1,154																					2634.3524590163934																																							1,460																														1,305																									
107	1350																																																				1,897		1,314																					2972.2868852459014																																							1,631																														1,323																									
108	1351																																																				1,897		1,519																					2734.1967213114754																																							1,714																														1,275																									
109	1352																																																				1,881		1,574																					2511.467213114754																																							1,646																														1,226																									
