## Sheet: GDP pc (continued)
	A	B	C	D	E	F	G	H	I	J	K	L	M	N	O	P	Q	R	S	T	U	V	W	X	Y	Z	AA	AB	AC	AD	AE	AF	AG	AH	AI	AJ	AK	AL	AM	AN	AO	AP	AQ	AR	AS	AT	AU	AV	AW	AX	AY	AZ	BA	BB	BC	BD	BE	BF	BG	BH	BI	BJ	BK	BL	BM	BN	BO	BP	BQ	BR	BS	BT	BU	BV	BW	BX	BY	BZ	CA	CB	CC	CD	CE	CF	CG	CH	CI	CJ	CK	CL	CM	CN	CO	CP	CQ	CR	CS	CT	CU	CV	CW	CX	CY	CZ	DA	DB	DC	DD	DE	DF	DG	DH	DI	DJ	DK	DL	DM	DN	DO	DP	DQ	DR	DS	DT	DU	DV	DW	DX	DY	DZ	EA	EB	EC	ED	EE	EF	EG	EH	EI	EJ	EK	EL	EM	EN	EO	EP	EQ	ER	ES	ET	EU	EV	EW	EX	EY	EZ	FA	FB	FC	FD	FE	FF	FG	FH	FI	FJ	FK	FL	FM	FN
110	1353																																																				1,881		1,579																					2634.3524590163934																																							1,654																														1,181																									
111	1354																																																				1,948		1,512																					2780.27868852459																																							1,655																														1,149																									
112	1355																																																1,465				1,948		1,559																					2841.72131147541																																							1,683																														1,100																									
113	1356																																																				1,914		1,537																					2910.844262295082																																							1,742																														1,074																									
114	1357																																																				1,897		1,567																					2933.8852459016393																																							1,746																														1,124																									
115	1358																																																				1,897		1,575																					3026.0491803278687																																							1,744																														1,186																									
116	1359																																																				1,863		1,592																					2795.6393442622953																																							1,766																														1,246																									
117	1360																																																				1,846		1,581																					2880.122950819672																																							1,740																														1,318																									
118	1361																																																				1,846		1,526																					3195.0163934426228																																							1,781																														1,393																									
119	1362																																																				1,863		1,486																					3241.098360655738																																							1,778																														1,471																									
120	1363																																																				1,863		1,443																					3072.1311475409834																																							1,750																														1,510																									
121	1364																																																				1,881		1,603																					3179.655737704918																																							1,726																														1,535																									
122	1365																																																1,412				1,881		1,531																					3271.8196721311474																																							1,729																														1,564																									
123	1366																																																				1,863		1,578																					3064.4508196721313																																							1,766																														1,605																									
124	1367																																																				1,863		1,481																					3156.6147540983607																																							1,902																														1,651																									
125	1368																																																				1,881		1,471																					2726.5163934426228																																							1,892																														1,688																									
126	1369																																																				1,897		1,373																					2757.2377049180327																																							2,097																														1,720																									
127	1370																																																				1,914		1,539																					2096.7295081967213																																							2,133																														1,709																									
128	1371																																																				1,897		1,489																					2242.655737704918																																							1,943																														1,656																									
129	1372																																																				1,897		1,347																					2388.5819672131147																																							1,897																														1,618																									
130	1373																																																				1,881		1,458																					2480.745901639344																																							1,927																														1,596																									
131	1374																																																				1,863		1,341																					2073.688524590164																																							1,766																														1,575																									
132	1375																																																1,287				1,863		1,294																					2849.401639344262																																							1,904																														1,557																									
133	1376																																																				1,846		1,495																					2557.5491803278687																																							1,955																														1,541																									
134	1377																																																				1,830		1,539																					2649.7131147540986																																							1,976																														1,530																									
135	1378																																																				1,830		1,523																					2450.0245901639346																																							2,030																														1,519																									
136	1379																																																				1,830		1,398																					2373.22131147541																																							1,980																														1,508																									
137	1380																																																				1,812		1,462																					2949.245901639344																																							2,055																														1,503																									
138	1381																																																				1,795		1,500																					2795.6393442622953																																							1,950																														1,492																									
139	1382																																																				1,779		1,553																					2841.72131147541																																							2,011																														1,562																									
140	1383																																																				1,761		1,485																					2657.3934426229507																																							2,144																														1,559																									
141	1384																																																				1,761		1,680																					2642.032786885246																																							2,298																														1,551																									
142	1385																																																1,305				1,761		1,532																					2703.4754098360654																																							2,124																														1,546																									
143	1386																																																				1,779		1,714																					2680.434426229508																																							2,249																														1,470																									
144	1387																																																				1,795		1,728																					2926.2049180327867																																							2,072																														1,462																									
145	1388																																																				1,812		1,599																					2626.6721311475408																																							2,109																														1,455																									
146	1389																																																				1,846		1,656																					2511.467213114754																																							2,365																														1,466																									
147	1390																																																				1,881		1,554																					2572.909836065574																																							2,266																														1,482																									
148	1391																																																				1,881		1,743																					2595.9508196721313																																							2,169																														1,494																									
149	1392																																																				1,881		1,967																					2488.4262295081967																																							2,228																														1,506																									
150	1393																																																				1,863		1,630																					2711.155737704918																																							2,283																														1,519																									
151	1394																																																				1,863		1,795																					3033.7295081967213																																							2,203																														1,533																									
152	1395																																																1,358				1,846		1,723																					2941.565573770492																																							2,189																														1,545																									
153	1396																																																				1,881		1,738																					2849.401639344262																																							2,067																														1,564																									
154	1397																																																				1,863		1,705																					2826.3606557377047																																							1,978																														1,524																									
155	1398																																																				1,863		1,830																					2764.9180327868853																																							2,138																														1,537																									
156	1399																																																				1,846		1,762																					2803.3196721311474																																							2,018																														1,548																									
157	1400																											1,404																				1,164					1,795		1,717																					3087.4918032786886																																							1,917									956																					1,543																									
158	1401																																																				1,779		1,696																					3118.2131147540986																																							1,944																														1,540																									
159	1402																																																				1,761		1,742																					3026.0491803278687																																							1,881																														1,537																									
160	1403																																																				1,745		1,770																					3325.5819672131147																																							1,957																														1,530																									
161	1404																																																1,376				1,728		1,801																					3241.098360655738																																							2,168																														1,524																									
162	1405																																																				1,745		1,805																					2933.8852459016393																																							2,044																														1,514																									
163	1406																																																				1,745		1,674																					2995.3278688524592																																							2,079																														1,510																									
164	1407																																																				1,761		1,677																					2895.4836065573772																																							2,021																														1,508																									
