## Sheet: GDP pc (continued)
	A	B	C	D	E	F	G	H	I	J	K	L	M	N	O	P	Q	R	S	T	U	V	W	X	Y	Z	AA	AB	AC	AD	AE	AF	AG	AH	AI	AJ	AK	AL	AM	AN	AO	AP	AQ	AR	AS	AT	AU	AV	AW	AX	AY	AZ	BA	BB	BC	BD	BE	BF	BG	BH	BI	BJ	BK	BL	BM	BN	BO	BP	BQ	BR	BS	BT	BU	BV	BW	BX	BY	BZ	CA	CB	CC	CD	CE	CF	CG	CH	CI	CJ	CK	CL	CM	CN	CO	CP	CQ	CR	CS	CT	CU	CV	CW	CX	CY	CZ	DA	DB	DC	DD	DE	DF	DG	DH	DI	DJ	DK	DL	DM	DN	DO	DP	DQ	DR	DS	DT	DU	DV	DW	DX	DY	DZ	EA	EB	EC	ED	EE	EF	EG	EH	EI	EJ	EK	EL	EM	EN	EO	EP	EQ	ER	ES	ET	EU	EV	EW	EX	EY	EZ	FA	FB	FC	FD	FE	FF	FG	FH	FI	FJ	FK	FL	FM	FN
528	1771																																																				1,694		2,989																					2603.6311475409834																							1,369																4,721							1,307		976			1,910																		1,341																							2,283		
529	1772																																																				1,694		2,890																					2526.8278688524592																							1,382																4,799							1,307		974			1,916																		1,283																							2,128		
530	1773																																																				1,710		2,920																					2542.188524590164																							1,393																4,561							1,180		974			1,927																		1,468																							2,562		
531	1774																																																				1,710		2,834																					2503.7868852459014																							1,433																4,573							1,290		982			1,912																		1,578																							2,533		
532	1775																																					526											1,447				1,710		2,895																					2473.065573770492																							1,439																4,486							1,234		991			1,977																		1,525																	2,419						2,429		
533	1776																																																				1,728		2,962																					2588.2704918032787																							1,446																4,431							1,278		995			1,929																		1,562																							2,208		
534	1777																																																				1,728		3,017																					2511.467213114754																							1,447																4,578							1,202		987			2,045																		1,557																							1,824		
535	1778																																																				1,710		2,966																					2450.0245901639346																							1,470																4,497							1,188		990			1,937																		1,588																							1,669		
536	1779																																																				1,710		2,931																					2557.5491803278687																							1,478																4,254							1,191		998			2,012																		1,607																							1,626		
537	1780																											981																									1,710		3,049																					2657.3934426229507																							1,460																4,553							1,170		1,004			1,887																		1,594																							1,655		
538	1781																																																				1,728		3,102																					2588.2704918032787																							1,423																4,109							1,034		1,003			1,969																		1,481																							1,248		
539	1782																																																				1,728		3,048																					2549.8688524590166																							1,406																4,337							1,052		1,001			1,955																		1,525																							1,487		
540	1783																																																				1,779		3,027																					2519.1475409836066																							1,352																4,195							1,133		991			1,944																		1,457																							1,573		
541	1784																																																				1,795		3,009																					2511.467213114754																							1,312																4,213							1,132		979			2,109																		1,535																							1,808		
542	1785																																																1,447				1,779		2,962																					2542.188524590164																							1,294																4,169							1,039		968			2,063																		1,497																							1,943		
543	1786																																																				1,761		2,981																					2572.909836065574																							1,298																3,768							1,114		955			2,059																		1,500																							1,524		
544	1787																																																				1,863		2,898																					2503.7868852459014																							1,302																3,951							1,125		958			1,960																		1,549																							2,122		
545	1788																																																				1,812		2,861																					2557.5491803278687																							1,302																3,726							1,277		964			1,999																		1,478																							1,972		
546	1789																																																				1,779		2,888																					2549.8688524590166																							1,304																3,876							1,226		960			1,822																		1,615																							1,666		
547	1790																											955																											3,072																					2426.9836065573772																							1,298																4,199							1,149		942			1,748																		1,602																							1,612		
548	1791																																																						3,046																					2473.065573770492																							1,331																4,247							1,246		928			1,789																		1,661																							1,627		
549	1792																																					579																	3,134																					2488.4262295081967																							1,353																4,398							1,307		923			1,806																		1,576																							1,387		
550	1793																																																						3,051																					2411.622950819672																							1,374																4,480							1,270		921			1,812																		1,482																							1,529		
551	1794																																																						2,925																					2442.344262295082																							1,385																4,666							1,356		931			1,659																		1,492																									
552	1795																																																1,519						3,207																					2511.467213114754																							1,388																3,847							1,119		940			1,657																		1,506																									
553	1796																																																						3,233																					2519.1475409836066																							1,380																4,506							1,036		953			1,745																		1,589																									
554	1797																																																						3,167																					2549.8688524590166																							1,356																4,661							1,054		958			1,711																		1,492																									
555	1798																																																						3,161																					2603.6311475409834																							1,341																4,725							1,057		937			1,558																		1,431																									
556	1799																																																						3,207																					2526.8278688524592																							1,323																4,332							1,060		925			1,552																		1,417																									
557	1800					1,484															867						853	926					942								1,572											1,213			3,343																					2403.94262295082			1,317																				1,305																4,184							1,058		902			1,459																		1,366																1,838	2,545		1,073				1,529		
558	1801																																																						3,351															1,033						2373.22131147541																							1,298																4,111							1,003					1,391																		1,353																	2,592								
559	1802																																																						3,360																					2450.0245901639346																							1,274																4,338							1,004					1,414																		1,417																	2,635								
560	1803																																																						3,252																					2519.1475409836066																							1,264																4,244							985					1,427																		1,403																	2,590								
561	1804																																																						3,204																					2626.6721311475408			1,317																				1,240																4,446							979					1,471																		1,312																	2,588						1,462		
562	1805																																																1,501						3,347																					2542.188524590164																							1,223																4,184							1,007					1,445																		1,395																	2,643						1,385		
563	1806																																																						3,287																					2603.6311475409834																							1,202																4,216							1,041					1,412																		1,411																	2,691						1,385		
564	1807																																																						3,454																					2611.311475409836																							1,172																3,863							1,050					1,422																		1,352																	2,718						1,502		
565	1808																																																						3,250																					2757.2377049180327																							1,143																2,632							1,031					1,446																		1,280																	2,526						1,315		
566	1809																																																						3,309																					2772.598360655738																							1,111																							1,022					1,421																		1,221																	2,652						1,285		
567	1810																										853	901																											3,478																					2557.5491803278687																							1,073																							1,028					1,177																		1,320																	2,725						1,420		
568	1811																										815																												3,397															983						2473.065573770492																							1,044																							960		690			1,072																		1,417																	2,781						1,127		
569	1812											2,358															802																												3,207																					2526.8278688524592																																														968		663			1,114																		1,328																	2,732						1,141		
570	1813																										808																												3,328																					2595.9508196721313																																														936		679			1,227																		1,352																	2,763						1,438		
571	1814																										813																												3,204																					2626.6721311475408																																														917		720			1,266																		1,363																	2,815						1,455		
572	1815																										816																						1,537						3,489														795							2511.467213114754																																							3,011							889		733			1,327																		1,411																	2,804						1,210		
573	1816																										789																												3,250														862							2473.065573770492																																							2,869							907		736			1,372																		1,438																	2,691						1,261		
574	1817																										781																												3,253														851							2496.1065573770493																																							2,898							886		746			1,378																		1,396																	2,688						1,310		
575	1818																										822																												3,201														834							2688.1147540983607																																							2,942							889		762			1,465																		1,407																	2,695						1,390		
576	1819																										787																												3,103														835							2665.0737704918033																																							2,807							867		792			1,611																		1,395																	2,691						1,202		
