## Sheet: GDP pc (continued)
	A	B	C	D	E	F	G	H	I	J	K	L	M	N	O	P	Q	R	S	T	U	V	W	X	Y	Z	AA	AB	AC	AD	AE	AF	AG	AH	AI	AJ	AK	AL	AM	AN	AO	AP	AQ	AR	AS	AT	AU	AV	AW	AX	AY	AZ	BA	BB	BC	BD	BE	BF	BG	BH	BI	BJ	BK	BL	BM	BN	BO	BP	BQ	BR	BS	BT	BU	BV	BW	BX	BY	BZ	CA	CB	CC	CD	CE	CF	CG	CH	CI	CJ	CK	CL	CM	CN	CO	CP	CQ	CR	CS	CT	CU	CV	CW	CX	CY	CZ	DA	DB	DC	DD	DE	DF	DG	DH	DI	DJ	DK	DL	DM	DN	DO	DP	DQ	DR	DS	DT	DU	DV	DW	DX	DY	DZ	EA	EB	EC	ED	EE	EF	EG	EH	EI	EJ	EK	EL	EM	EN	EO	EP	EQ	ER	ES	ET	EU	EV	EW	EX	EY	EZ	FA	FB	FC	FD	FE	FF	FG	FH	FI	FJ	FK	FL	FM	FN
721	1964	1,291	2,407	2,576	40,927	9,446		15,699	12,062		695	13,295	1,492	1,055	939	5,829	4,898	3,469		2,809	3,637	6,355	604	1,486	15,938	19,195	7,320	1,152	2,691	1,390	1,191	2,079	4,264	888	1,262	4,720	8,563	3,158	3,971		14,062	4,055	1,419	16,832	2,365	2,879	3,843	1,859	6,945		840	11,647	14,057	4,616	15,251		2,254	720	1,274	1,027	1,690	6,601	3,814	6,664	2,209	6,591	1,604	6,994	1,583	1,309	7,948	4,026	4,965	13,386	9,430	11,934	4,629	4,752	9,035		1,208		1,074	1,835	40,333	802	6,156	3,679	3,156	1,900	2,104	1,054		17,864		2,201		1,779	5,555	5,450	888	2,343	976	3,732	1,027	2,150	1,208	5,196	572	2,754	6,468	1,415	1,451	4,092	15,042	13,256	1,012	16,606	1,714	1,208	3,929	5,523	2,550	5,773	7,012		5,926	2,546	2,585	42,186	2,098	6,754	980	7,978	1,505	2,389	3,800	1,215	3,282	5,166	1,733	7,076		9,624	16,761	1,172	3,424	5,797	929	1,275	1,991			10,841	2,533	3,453	2,676	787	1,251		7,498	20,360		14,019	1,427	1,576	4,941	5,499	1,588	1,519
722	1965	1,290	2,544	2,670	41,705	10,155		16,182	12,328		703	13,643	1,532	1,087	969	6,137	5,058	3,569		2,879	3,617	6,468	612	1,466	16,694	19,803	7,208	1,253	2,520	1,393	1,176	2,099	4,286	870	1,286	4,983	8,820	3,088	4,825		14,642	4,047	1,203	17,459	2,007	2,981	4,090	1,934	7,420		872	12,226	14,609	4,626	15,545		2,220	756	1,368	1,097	1,898	7,187	3,900	7,414	2,314	6,741	1,588	7,029	1,567	1,229	8,051	4,388	5,241	14,100	9,997	12,111	4,894	5,074	9,459		1,184		1,095	1,917	37,511	810	6,572	3,639	3,889	1,946	2,118	1,054		18,002		2,222		1,734	5,737	4,933	881	2,539	983	3,802	1,057	2,153	1,358	5,227	633	2,876	6,728	1,490	1,505	4,340	15,618	13,852	1,019	17,341	1,678	1,229	4,151	5,729	2,603	6,036	7,519		6,363	2,624	2,703	41,101	2,260	7,068	1,023	8,717	1,568	2,409	3,991	1,282	3,351	5,231	1,816	7,387		9,589	17,239	1,320	3,351	5,598	913	1,412	2,085			11,206	2,635	3,481	2,885	792	1,242		7,498	21,390		14,347	1,398	1,588	4,981	5,673	1,828	1,568
723	1966	1,272	2,646	2,770	42,213	10,076		16,324	12,930		716	13,989	1,549	1,082	963	6,575	5,233	3,810		3,014	3,747	6,873	663	1,427	17,448	20,225	7,844	1,261	2,595	1,431	1,224	2,157	4,383	937	1,309	5,193	9,151	3,185	5,083		14,964	4,063	1,323	17,789	2,206	2,750	4,074	1,900	7,881		888	12,471	15,213	4,761	15,757		2,158	759	1,545	1,165	1,953	7,570	4,033	7,412	2,364	7,184	1,546	7,406	1,535	1,215	8,097	4,686	5,338	15,058	9,867	12,659	4,988	5,000	10,370		1,294		1,116	2,094	38,335	818	6,811	4,208	4,417	1,989	2,047	1,025		18,084		2,289		1,733	5,950	5,308	899	2,828	925	3,948	1,087	2,174	1,345	4,921	679	2,942	6,808	1,441	1,414	4,342	15,838	14,258	1,071	18,111	1,722	1,294	4,331	6,038	2,636	6,362	7,957		6,637	2,584	2,917	50,660	2,499	7,517	1,065	9,726	1,510	2,404	4,317	1,342	3,464	5,649	1,921	7,657		10,029	17,432	1,341	3,351	5,004	878	1,503	2,251			11,531	2,636	3,824	3,054	867	1,280		7,693	22,529		14,174	1,369	1,605	5,311	5,762	1,683	1,541
724	1967	1,277	2,753	2,876	42,416	10,200		17,108	13,225		764	14,461	1,525	1,165	921	6,886	5,423	3,724		3,127	3,795	7,492	719	1,452	17,658	20,742	7,933	1,237	2,509	1,443	1,176	2,216	4,438	952	1,328	5,338	9,507	3,489	5,732		14,979	4,055	1,325	18,230	2,211	2,907	4,163	1,835	8,215		907	12,667	15,792	4,882	16,018		2,134	767	1,548	1,232	2,058	7,892	4,114	7,474	2,410	7,382	1,482	7,801	1,470	1,286	8,531	5,062	5,043	14,642	9,918	13,476	5,066	4,876	11,400		1,317		1,143	2,232	35,720	826	6,295	4,065	4,733	2,036	2,181	1,113		18,066		2,359		1,790	6,132	5,485	910	3,014	934	3,995	1,122	2,271	1,372	5,035	725	2,917	6,365	1,417	1,160	4,500	16,483	15,020	1,034	17,027	2,788	1,307	4,559	6,107	2,694	6,540	8,388		7,143	2,676	2,852	55,566	2,721	7,943	1,109	10,302	1,423	2,310	4,741	1,313	3,534	5,703	2,004	7,911		10,264	17,883	1,431	3,277	5,246	866	1,546	2,369			11,679	2,558	3,929	3,300	875	1,310		7,305	22,842		14,250	1,165	1,624	5,378	5,993	1,765	1,618
725	1968	1,290	2,665	2,979	42,040	10,485		17,770	13,742		740	15,009	1,545	1,189	987	6,963	5,611	3,849		3,314	4,050	8,429	781	1,435	18,297	21,395	8,053	1,178	2,758	1,508	1,189	2,275	4,581	928	1,347	5,574	9,919	3,229	5,947		15,723	4,028	1,288	18,868	2,150	3,151	4,264	1,827	8,606		902	12,900	16,365	4,927	16,593		2,101	776	1,519	1,270	2,102	8,394	4,385	7,696	2,463	7,667	1,510	7,865	1,580	1,290	9,197	5,659	5,745	13,648	11,210	14,513	5,235	4,262	12,725		1,366		1,164	2,468	35,546	834	6,876	4,136	6,071	2,091	2,291	1,084		18,774		2,429		1,871	6,432	5,606	923	3,309	976	4,160	1,154	2,469	1,471	4,602	697	3,096	6,253	1,398	1,114	4,419	17,365	15,224	1,023	16,809	4,932	1,361	4,752	5,874	2,745	6,881	8,705		7,767	2,699	2,636	58,010	2,860	8,391	1,154	10,916	1,471	2,389	5,294	1,420	3,524	5,761	2,083	8,292		10,822	18,428	1,329	3,470	5,270	843	1,581	2,488			12,248	2,766	4,122	3,484	894	1,304		7,353	23,691		14,520	1,114	1,639	5,523	6,087	1,741	1,592
726	1969	1,278	2,695	3,080	40,639	11,217		18,428	14,555		717	15,969	1,551	1,199	980	7,246	5,812	4,132		3,379	4,313	9,247	843	1,476	18,988	22,308	8,187	1,264	2,737	1,551	1,262	2,335	4,744	918	1,366	5,773	10,128	3,137	6,446		16,641	4,018	1,388	19,974	2,316	3,355	4,366	1,914	9,307		917	14,151	17,352	5,252	16,820		2,112	784	1,629	1,333	2,015	9,191	4,497	8,534	2,396	8,209	1,527	8,069	1,739	1,347	9,706	6,212	5,745	13,880	12,310	15,248	5,547	4,420	14,145		1,404		1,151	2,764	33,415	842	6,824	4,309	6,539	2,150	2,329	1,074		20,516		2,503		1,900	6,629	6,129	899	3,483	998	4,546	1,189	2,699	1,425	4,758	722	3,196	6,303	1,326	1,372	4,564	18,270	15,779	1,049	18,348	6,028	1,411	4,976	5,859	2,789	6,760	9,306		7,949	2,730	2,791	56,236	2,990	8,563	1,243	11,429	1,521	2,171	5,931	1,525	3,520	6,379	2,165	8,329		11,775	19,215	1,350	3,379	6,059	881	1,707	2,608			12,588	2,805	4,267	3,720	883	1,404		7,740	24,195		14,655	1,178	1,658	6,001	6,290	1,683	1,731
727	1970	1,272	2,818	3,194	39,135	11,639		19,166	15,537		893	16,914	1,543	1,188	1,004	7,608	6,038	4,251		3,469	4,635	10,197	907	1,508	19,207	23,479	8,195	1,398	2,882	1,565	1,224	2,396	4,932	961	1,385	5,984	10,307	2,976	6,590	8,748	17,277	4,774	1,492	20,221	2,488	3,585	4,535	1,999	9,511		948	15,266	18,187	5,587	17,162		2,270	795	1,422	1,395	1,934	9,900	4,653	9,250	2,391	8,751	1,567	8,015	1,882	1,384	9,881	6,677	5,536	14,830	12,913	15,492	6,135	3,818	15,484		1,458		1,031	2,975	48,927	850	7,084	4,457	6,591	2,203	2,389	1,073		20,763		2,576		1,954	6,873	6,545	934	3,889	1,023	4,857	1,226	2,778	1,548	4,662	713	3,314	6,164	1,337	1,744	4,463	19,075	15,983	1,055	17,835	6,056	1,517	5,131	6,143	2,812	7,058	10,117		8,724	2,825	3,008	51,921	3,258	9,234	1,337	12,153	1,415	2,287	6,650	1,553	3,488	6,515	2,243	8,886		12,803	20,269	1,704	3,537	5,643	880	1,631	2,700			13,141	2,912	4,398	4,044	905	1,382		8,030	23,958		15,289	1,172	1,961	6,288	6,448	1,710	2,043
728	1971	1,237	2,754	3,322	39,540	12,003		19,590	16,259		902	17,486	1,535	1,219	934	7,814	6,349	4,490		3,513	5,024	10,514	1,113	1,427	20,024	24,487	8,773	1,446	2,874	1,578	1,267	2,546	5,091	974	1,435	6,199	10,613	3,161	7,382	9,177	17,657	4,846	1,578	20,617	2,678	3,188	4,658	2,045	9,894		968	15,565	18,881	6,027	17,440		2,377	822	1,376	1,333	1,989	10,559	4,801	9,787	2,404	9,414	1,651	8,349	1,946	1,364	10,128	7,296	5,686	16,606	13,885	15,683	6,062	3,771	16,004		1,500		980	3,222	49,302	875	7,533	4,544	6,008	2,265	2,322	952		21,117		2,654		1,986	6,912	6,884	945	3,987	1,036	4,994	1,246	2,895	1,533	4,804	794	3,475	6,258	1,382	1,894	4,533	19,636	16,692	1,022	18,452	5,923	1,484	5,471	6,242	2,882	7,503	10,587		9,358	2,906	3,338	59,731	3,462	9,567	1,315	13,509	1,471	2,216	7,318	1,535	3,553	7,084	2,326	9,033		13,657	20,320	1,722	3,987	5,992	877	1,699	2,750			13,185	3,159	4,715	4,470	915	1,385		7,933	24,394		15,192	1,202	2,254	6,730	6,591	1,661	2,157
729	1972	1,007	2,729	3,451	39,540	12,170		19,772	17,169		866	18,336	1,640	1,253	807	8,145	6,692	4,661		3,602	5,480	10,567	1,361	1,368	20,837	25,357	8,520	1,431	2,887	1,612	1,235	2,582	5,348	966	1,457	6,564	10,932	3,253	7,809	9,626	18,301	4,787	1,674	21,579	2,928	3,746	4,801	2,047	10,796		995	16,654	19,549	6,559	18,002		2,235	826	1,334	1,412	2,007	11,795	5,037	10,632	2,448	9,631	1,635	8,505	2,117	1,329	10,621	8,247	5,297	17,366	15,108	16,035	6,150	3,754	17,110		1,524		920	3,388	48,283	886	8,228	4,568	6,237	2,279	2,327	1,108		22,236		2,660		1,916	7,256	7,127	971	4,299	1,023	5,206	1,256	2,906	1,511	5,128	851	3,649	6,156	1,282	1,908	4,543	20,079	17,409	1,034	18,889	6,271	1,455	5,571	6,264	2,954	7,986	11,046		10,130	3,017	3,797	62,416	3,867	9,785	1,282	15,138	1,400	2,289	8,155	1,525	3,668	7,347	2,324	8,995		14,269	20,725	1,889	4,149	7,243	800	1,709	2,786			13,753	3,645	4,929	4,962	945	1,364		7,643	25,414		15,135	1,278	2,383	6,948	6,550	1,761	2,268
730	1973	1,011	2,852	3,623	39,669	12,691	9,806	20,527	17,908	7,068	921	19,399	1,666	1,172	792	8,423	6,975	4,801	8,341	3,757	6,086	10,635	1,589	1,403	22,058	26,004	7,911	1,513	2,974	1,599	1,305	2,950	5,577	1,006	1,470	6,884	11,223	3,486	7,913	10,026	19,074	4,801	1,793	22,228	3,196	3,757	5,244	2,063	11,638	13,799	1,004	17,669	20,441	6,935	19,168	9,456	2,227	821	1,411	1,411	2,204	12,202	5,255	11,717	2,544	9,969	1,678	8,920	2,375	1,360	10,946	8,706	5,982	18,277	15,374	16,950	6,583	3,806	18,226	12,154	1,546	5,941	1,239	3,822	42,542	944	8,397	4,603	6,005	2,268	2,378	1,364	12,103	23,820	12,506	2,700	8,552	1,824	7,597	7,471	926	4,442	1,001	5,137	1,328	2,986	1,473	5,668	896	4,081	6,177	1,039	2,012	4,637	20,851	18,050	1,009	19,804	5,227	1,521	5,719	6,413	3,131	8,512	11,639		11,258	3,150	3,537	68,407	4,318	10,492	1,288	17,598	1,243	2,096	8,894	1,553	3,767	7,716	2,313	9,658		15,079	21,509	1,902	4,468	6,403	746	1,591	2,987	6,527	7,693	13,844	3,540	5,050	5,496	945	1,331	7,849	7,885	26,602	8,125	15,540	1,333	2,614	7,226	6,655	1,693	2,283
731	1974	1,039	2,727	3,637	45,347	13,284		20,698	18,583		904	20,153	1,733	1,132	872	8,630	7,291	5,112		3,854	6,416	10,080	1,656	1,333	22,643	25,718	7,857	1,519	2,931	1,632	1,312	2,848	5,767	1,004	1,497	7,061	11,545	3,609	6,503	10,444	19,228	4,414	1,894	21,919	3,295	3,870	5,392	2,099	12,388		993	18,109	20,902	9,083	18,903		2,319	848	1,452	1,458	2,466	11,716	5,461	11,719	2,797	10,786	1,742	9,111	2,439	1,344	11,225	9,210	6,097	19,054	15,980	17,607	6,229	3,995	17,765		1,564		1,049	4,113	34,962	958	8,383	4,616	6,923	2,356	2,418	1,414		24,503		2,791		1,816	7,801	7,803	883	4,863	1,033	5,394	1,342	2,684	1,570	6,038	928	4,285	6,387	1,105	2,179	5,064	21,514	18,691	1,052	20,529	5,644	1,533	5,695	6,566	3,154	8,928	11,552		11,234	3,319	4,159	57,594	4,317	10,801	1,262	19,659	1,328	2,118	9,314	1,581	3,912	8,322	2,399	9,844		16,420	22,132	2,204	4,457	7,685	829	1,612	3,045			14,430	3,735	5,353	5,455	937	1,302		8,176	26,286		15,943	1,248	2,703	7,767	6,853	1,776	2,275
732	1975	1,074	1,710	3,649	40,591	12,946		20,993	18,564		883	19,831	1,570	1,068	843	9,295	6,252	5,247		4,010	6,582	9,825	1,712	1,323	22,819	24,468	6,731	1,594	2,812	1,677	1,213	2,745	5,772	1,038	1,237	7,007	11,794	3,733	5,528	10,954	19,193	4,691	1,940	21,712	3,365	4,020	5,514	2,265	12,621		972	18,237	20,653	9,985	18,884		1,988	854	1,497	1,479	3,080	12,309	5,439	11,456	2,764	11,053	1,726	9,253	2,386	1,430	11,662	9,377	6,878	18,935	16,176	17,123	6,129	4,117	18,082		1,502		925	4,362	28,950	999	5,742	4,326	6,872	2,428	2,434	1,270		22,643		2,919		1,795	8,011	8,064	982	5,738	1,057	5,512	1,387	2,238	1,699	6,030	934	4,221	6,293	1,050	2,051	5,013	21,318	19,560	1,047	19,907	6,802	1,559	5,649	6,896	3,241	9,258	11,073		10,388	3,464	4,085	54,866	4,369	11,164	1,199	18,788	1,451	2,225	9,602	1,551	4,030	8,498	2,469	9,779		17,205	22,607	2,856	4,506	8,878	952	1,556	3,123			14,534	3,899	5,719	5,614	956	1,243		8,563	25,956		16,385	1,132	2,844	7,976	6,808	1,659	2,235
