## Sheet: GDP pc (continued)
	A	B	C	D	E	F	G	H	I	J	K	L	M	N	O	P	Q	R	S	T	U	V	W	X	Y	Z	AA	AB	AC	AD	AE	AF	AG	AH	AI	AJ	AK	AL	AM	AN	AO	AP	AQ	AR	AS	AT	AU	AV	AW	AX	AY	AZ	BA	BB	BC	BD	BE	BF	BG	BH	BI	BJ	BK	BL	BM	BN	BO	BP	BQ	BR	BS	BT	BU	BV	BW	BX	BY	BZ	CA	CB	CC	CD	CE	CF	CG	CH	CI	CJ	CK	CL	CM	CN	CO	CP	CQ	CR	CS	CT	CU	CV	CW	CX	CY	CZ	DA	DB	DC	DD	DE	DF	DG	DH	DI	DJ	DK	DL	DM	DN	DO	DP	DQ	DR	DS	DT	DU	DV	DW	DX	DY	DZ	EA	EB	EC	ED	EE	EF	EG	EH	EI	EJ	EK	EL	EM	EN	EO	EP	EQ	ER	ES	ET	EU	EV	EW	EX	EY	EZ	FA	FB	FC	FD	FE	FF	FG	FH	FI	FJ	FK	FL	FM	FN
684	1927					6,625		8,837	5,587			7,847				1,884				2,289	1,366				7,726	9,260	4,544						2,270			2,608	4,387	2,405			6,282			7,425			1,836		3,959			4,076	6,621		8,472							3,539	2,453		2,161			3,566	1,645	1,125	4,229					4,454			3,347					1,612							2,010								2,590											2,049				1,992	8,773	4,992		7,465			2,528	2,668	2,177			1,594	2,627				666						1,986		1,478			2,077			5,942											1,248	1,919				5,080	11,532		2,461			1,798	2,271		
685	1928					6,840		8,690	5,829			8,191				1,934				2,356	1,492				8,244	9,659	5,609						2,375			2,686	4,745	2,275			6,519			7,627			1,892		3,907			4,315	7,063		8,539							3,561	2,482		2,377			3,849	1,685	1,125	4,363					4,693			3,554					1,493							2,004								2,565											2,537				2,523	9,118	5,241		8,195			2,558	2,796	2,219			1,561	2,343				646						2,361		1,682			2,184			6,113											1,361	1,934				5,176	11,451		2,866			1,929	2,444		
686	1929			1,476		6,961		8,389	5,896			8,056				1,956				2,426	1,465				8,074	9,920	5,679	1,003					2,399			2,522	4,849	2,507			6,457			8,089			1,948		4,173			4,331	7,508		8,772							3,733	2,742		2,303			3,947	1,702	1,160	4,501					4,889	1,116		3,665					1,496							2,130								2,424											3,220				2,778	9,068	5,581		8,388			2,605	3,041	2,252	3,374		1,596	2,566				681						3,323		1,661			2,209			6,476						1,264					1,554	1,991				5,128	11,954		2,942			2,002	2,386		
687	1930					6,503		7,504	5,716			7,936				2,031				2,281	1,350				7,669	9,969	4,876	1,012					2,350			2,592	4,664	2,378			6,333			8,513			1,969		3,923			4,250	7,224		8,673							3,599	2,831		2,402			3,832	1,704	1,157	4,618					4,631			3,334					1,637							2,016								2,233											3,148				2,246	8,931	5,781		7,906			2,467	2,651	2,203	3,178		1,726	2,504				671						3,049		1,667			2,308			6,755											1,600	2,021				5,950	10,695		2,923			1,935	2,252		
688	1931					5,917		6,940	5,241			7,747				2,048				2,040	1,294				6,382	10,055	3,904	1,015					2,308			2,511	4,477	1,758			5,821			8,542			1,929		3,787			4,114	6,751		8,190							3,402	2,582		2,402			3,615	1,568	1,133	4,737					4,538			3,321					1,621							1,918								2,268				1,438							3,072				2,071	8,265	5,297		7,133			2,383	2,397	2,168	2,906		1,831	2,600				682						2,246		1,474			2,330			6,582											1,669	1,997				4,838	9,931		2,904			1,851	2,128		
689	1932					5,614		7,275	4,686			7,343				1,943				1,879	1,312				5,852	9,752	2,950	1,039					2,409			2,265	4,272	1,629			5,359			8,239			1,890		3,856			4,065	6,311		8,206							3,649	2,200		2,109			3,494	1,481	1,130	4,599					4,602			3,529					1,621							1,819								1,890											2,792				1,863	8,026	5,526		6,897			2,362	2,268	2,212	2,643		1,837	2,619				618						1,954		1,313			2,294			6,325											1,543	2,066				4,450	8,381		2,635			1,655	2,047		
690	1933					5,772		7,718	4,516			7,461				2,077				1,954	1,387				5,372	10,009	3,618	923	591				2,514			2,646	4,068	1,551			5,668			8,434			1,890		3,690			4,307	6,757		8,411							3,818	2,165		1,940			3,784	1,470	1,116	4,463					4,514	1,154		3,787					1,655							1,833								2,071											2,790				2,311	7,900	5,633		7,294			2,365	2,483	2,181	2,534		1,895	2,761				622						2,766		1,471			2,380			6,429											1,718	1,957				4,112	8,048		2,923			1,683	2,268		
691	1934					6,129		8,066	4,546			7,371				1,876				2,099	1,471				5,883	9,997	4,269	937					2,432			2,291	3,894	1,680			6,150			8,611			1,890		3,783			4,763	6,682		8,939							3,854	2,410		1,860			3,778	1,465	1,111	4,594					4,466			3,756					1,673							2,008								2,176											2,806				2,067	7,659	5,799		7,600			2,391	2,774	2,149	2,539		1,793	2,844				628						3,263		1,498			2,598			6,845											1,731	2,012				4,693	8,667		3,038			1,722	2,514		
692	1935					6,296		8,477	4,634			7,801				1,992				2,173	1,482				6,298	9,479	4,511	1,007					2,673			2,434	3,841	1,809			6,567			8,735			1,890		3,806			4,930	6,513		9,244							3,953	2,729		1,744			3,939	1,478	1,084	4,728					4,670			3,825					1,760							1,887								2,299											2,688				2,043	7,857	6,057		7,905			2,571	2,986	1,956	2,546		1,996	2,660				674						3,676		1,629			2,971			7,160											1,739	2,169				4,790	9,681		3,615			1,672	2,785		
693	1936					6,236		8,792	4,774			7,831				2,209				2,230	1,591				6,574	9,302	4,584	1,065					2,780			2,550	4,143	1,913			7,095			8,886			1,908		2,876			5,227	6,765		9,620							3,913	3,674		1,741			4,173	1,543	1,111	4,865					4,471			3,986					1,693							1,873								2,444				1,336							2,906				1,583	8,273	6,432		9,309			2,507	3,078	2,174	2,590		2,122	2,428				693						3,652		1,572			3,174			7,396											2,034	2,246				4,790	10,568		3,904			1,863	3,048		
694	1937					6,575		9,159	5,031			7,908				2,410				2,381	1,610				7,130	10,039	5,083	1,034					2,791			2,872	4,594	2,042			7,468			9,035			1,927		2,654			5,485	7,152		9,911							4,414	3,516		1,632			4,053	1,694	1,078	4,713					4,879			4,075					2,006							1,988								2,482											3,162				1,672	8,660	6,684		9,726			2,707	3,070	2,276	3,052		2,470	2,801				717						3,967		1,699			3,437			7,579											2,066	2,212				4,935	11,295		3,885			1,868	3,249		
695	1938					6,491		9,382	5,673			7,702				2,389				2,431	1,643				7,246	9,609	5,070	1,003					2,938			2,990		2,069			7,960			9,185			1,948		2,636			5,721	7,119		9,988							4,267	3,545		1,698			4,232	1,655	1,065	4,865					4,981	1,549		4,257					1,935							1,953								2,479				1,180							2,515				1,707	8,368	6,794		10,300			2,625	3,068	2,295	3,478		2,557	2,785				701						3,363		1,559			3,427			7,812						1,317					2,209	2,295				5,273	10,526		4,289			1,991	3,118		
696	1939					6,612		9,318	6,529			8,209				2,672				2,488	1,627				7,600	9,836	5,106						3,037			2,976		2,042			8,617			9,553			1,967		2,885			5,432	7,640		9,982							4,205	3,916		1,714			4,524	1,639	1,074	4,865					5,246			4,804					1,611							1,890								2,570											2,565				2,042	8,837	7,079		10,297			2,683	3,037	2,404			2,494	2,788	2,858			711						3,912		1,651			3,566			8,370											2,324	2,200				5,322	11,171		4,538			2,072	3,272		
697	1940					6,633		9,828	6,311			7,272				2,683				2,667	1,610				8,557	9,802	5,177						3,021			2,810		2,069			8,612			8,155			2,050		3,170			5,133	6,443		10,928							3,543	4,371		1,782			4,186	1,766	1,093	4,865					5,099			4,882					1,975							1,994								2,560											2,037				2,179	7,701	6,437		10,042			2,651	3,046	2,402			2,624	2,574	2,644			692								1,773			3,417			7,739											2,146	1,992				4,983	12,005		4,769				3,419		
698	1941					6,861		10,820	6,722			6,947				2,386				2,823	1,683				9,645	9,217	5,091						2,992			3,097		2,198			9,103			7,291			2,016		3,191			5,295	5,274		11,926							2,987	4,503		1,747			4,186	1,808	1,101	4,865					4,967			4,986					2,107							2,036								2,738											1,973				2,354	7,222	6,554		9,770			2,911	2,997				2,621	2,785	2,627			711								1,714						7,511											1,932					5,225	13,553		4,635				3,510		
699	1942					6,829		11,963	6,349			6,371				2,299				2,860	1,584				11,210	8,740	5,161						2,920			2,691		2,198			9,149			7,379			2,056		3,394			5,303	4,752		12,176							2,517	4,463		1,557			4,372		1,082	4,865					4,661	1,546		4,939					1,646							2,109								2,817											2,667				2,214	6,546	6,261		10,779			2,896	2,880				2,400	2,723	2,716			658								1,828						7,557											1,994					4,838	14,870		4,001				3,548		
700	1943					6,666		12,278	6,480			6,228				2,346				2,922	1,763				11,577	8,643	5,209						2,856			2,644		2,069			9,389			8,097			2,259		3,551			5,893	4,559		12,344							2,115	2,925		1,548					1,113	4,865					3,931	1,833		4,826					1,686							2,047								2,844															2,373	6,346	6,089		11,043			2,995	2,876				2,462	2,879	2,710			746								1,970						7,779											1,792					4,693	16,050		4,423				3,558		
701	1944					7,299		11,735	6,618			6,554				2,087				2,888	1,785				11,864	8,891	5,209						2,970			2,326		2,275			9,698			8,835			2,230		3,676			5,874	3,861		11,803							1,779	2,775		1,545					1,089	4,865					3,162			4,816												1,839								2,998															2,299	4,222	5,719		10,947			3,156	3,070					3,017	2,705			564								1,836						7,987											1,696					5,322	16,999		4,769				3,610		
702	1945					6,943		11,026	2,750			6,907				1,710				2,966	1,792				11,370	8,839	5,553						3,027			2,573		2,275			7,195			8,075			2,182		3,357			5,499	4,101		11,247							1,495	2,761		1,873		1,780			1,058	4,812					2,831			3,678												1,779								3,009															2,259	4,281	6,344		11,043			3,371	3,131					2,876	2,550			383								1,741						8,201											1,452					5,418	16,478		5,808				3,631		
703	1946					7,436		10,512	3,118			7,291								2,891	1,934				11,048	10,866	5,918						3,215			2,804		2,405			3,534			9,208			2,381		3,473			5,871	6,145		10,751							2,209	3,191		1,969		1,776	2,743		991	4,865					3,805	2,628		2,771					916							1,674								3,124															2,377	7,104	6,910		11,415			2,899	3,196	1,030				3,073	2,738			373								1,747			3,049			9,000											1,831					5,903	14,822		6,655				3,684		
704	1947					8,112		10,622	3,453			7,651								2,797	1,956				11,298	11,021	5,187						3,255			3,245		2,560			3,883			9,620			2,571		3,513			5,925	6,596		10,527							2,810	3,148		2,048		1,785	2,828		985	4,929					4,498	2,410		2,711					937							1,710								3,145											1,704				2,310	8,046	7,753		12,506			2,960	3,231	1,395				3,301	2,326			475								2,173			3,389			9,709											1,890					5,757	14,312		6,500			1,930	3,647		
705	1948					8,372		11,105	4,406			8,008				2,200				2,987	2,096				11,261	11,189	5,939						3,268			3,339	4,922	2,507			4,517			9,776			2,844		3,478			6,307	7,002		10,753							2,866	3,169		2,045		1,784	3,507		983	5,149					4,814			2,857					1,099							1,847								3,188											1,889				2,460	8,751	8,199		11,045			2,724	3,282	1,583	3,439			3,261	2,300			1,301								2,723			3,829			9,822											2,098					5,853	14,734		7,712			2,273	3,848		
706	1949					8,045		11,536	5,249			8,278				2,400				3,083	2,204				11,260	10,944	5,710						3,359			3,384	5,195	2,482			5,231			10,351			2,815		3,435			6,604	7,884		11,088							2,979	3,365		2,013		1,782	3,752	1,159	995	5,426					5,188			2,867					1,189							1,911								3,276											2,440				2,345	9,373	8,332		11,988			2,732	3,470	1,634	3,630			3,279	2,625			1,062								2,432			4,181			10,127											1,946					6,531	14,197		7,828			2,463	3,819		
707	1950	1,156	1,677	1,596	25,182	7,949		11,815	5,907		595	8,706	1,627	756	861	2,632	3,354			3,011	2,236	3,390	489	1,307	11,622	11,541	5,880	799	1,659	1,070	909	1,693	3,432	534	1,006	3,129	5,581	2,638	2,885		6,186	3,459	980	11,067	1,637	2,176	2,970	1,451	3,464		622	6,779	8,266	2,958	11,061		1,788	520	982	462	797	3,052	3,323	4,082	2,018		1,790	3,953	1,280	987	5,504	2,742	2,174	8,498	4,490	5,582	2,115	2,651	3,062		1,038		768	998	46,031	697	3,872	3,151	620	1,231	1,997	631		13,378		2,319		1,516	3,510		728	1,573	631		677	1,806	679	3,942	516	2,485	4,009	983	1,200	2,565	9,558	8,655	802	13,479	993	1,025	2,577	3,679	1,706	3,900	3,416		3,325	2,391	1,549	48,436	824		1,020	3,556	1,309	2,007	3,572	902	2,375		1,278	4,529			10,742	604	2,632	3,838	815	870	1,302			5,856	1,777	2,079	1,460	676	1,095		7,015	15,240		8,462	1,049	1,452	2,276	4,041	1,054	1,117
