## Sheet: GDP pc (continued)
	A	B	C	D	E	F	G	H	I	J	K	L	M	N	O	P	Q	R	S	T	U	V	W	X	Y	Z	AA	AB	AC	AD	AE	AF	AG	AH	AI	AJ	AK	AL	AM	AN	AO	AP	AQ	AR	AS	AT	AU	AV	AW	AX	AY	AZ	BA	BB	BC	BD	BE	BF	BG	BH	BI	BJ	BK	BL	BM	BN	BO	BP	BQ	BR	BS	BT	BU	BV	BW	BX	BY	BZ	CA	CB	CC	CD	CE	CF	CG	CH	CI	CJ	CK	CL	CM	CN	CO	CP	CQ	CR	CS	CT	CU	CV	CW	CX	CY	CZ	DA	DB	DC	DD	DE	DF	DG	DH	DI	DJ	DK	DL	DM	DN	DO	DP	DQ	DR	DS	DT	DU	DV	DW	DX	DY	DZ	EA	EB	EC	ED	EE	EF	EG	EH	EI	EJ	EK	EL	EM	EN	EO	EP	EQ	ER	ES	ET	EU	EV	EW	EX	EY	EZ	FA	FB	FC	FD	FE	FF	FG	FH	FI	FJ	FK	FL	FM	FN
479	1722																																																				1,745		2,636																					2972.2868852459014																							1,384																3,398							1,103		995			1,674																		1,691																							2,673		
480	1723																																																				1,728		2,563																					3079.811475409836																							1,355																3,539							1,213		1,006			1,841																		1,543																							2,829		
481	1724																											1,170																									1,710		2,528																					3148.934426229508																							1,350																3,592							1,146		1,015			1,816																		1,565																							2,813		
482	1725																																																1,430				1,710		2,585																					3010.688524590164																							1,352																3,721							1,221		1,006			1,978																		1,548																							2,308		
483	1726																																																				1,710		2,483																					2949.245901639344																							1,339																3,817							1,070		1,004			1,941																		1,443																							2,126		
484	1727																																																				1,710		2,455																					3010.688524590164																							1,334																3,762							1,227		996			1,742																		1,564																							2,219		
485	1728																																																				1,710		2,554																					3026.0491803278687																							1,321																3,776							1,168		983			1,881																		1,806																							2,184		
486	1729																																																				1,728		2,452																					3033.7295081967213																							1,320																3,961							1,176		977			1,949																		1,867																							2,351		
487	1730																											1,234																									1,728		2,538																					2979.967213114754																							1,328																3,693							1,144		971			1,985																		1,787																							2,308		
488	1731																																																				1,728		2,499																					2880.122950819672																							1,353																3,519							1,160		958			1,955																		1,742																							2,461		
489	1732																																																				1,728		2,654																					2910.844262295082																							1,358																3,541							977		953			2,079																		1,723																							2,377		
490	1733																																																				1,728		2,699																					2726.5163934426228																							1,353																3,523							1,108		953			1,995																		1,677																							2,187		
491	1734																																																				1,728		2,662																					2626.6721311475408																							1,339																3,643							1,114		956			2,138																		1,702																							1,973		
492	1735																																																1,358				1,710		2,576																					2665.0737704918033																							1,329																3,639							1,215		955			2,012																		1,642																							1,980		
493	1736																																																				1,710		2,745																					2726.5163934426228																							1,309																3,507							1,235		947			1,944																		1,635																							1,833		
494	1737																																																				1,694		2,582																					2818.6803278688526																							1,302																3,463							1,159		940			2,127																		1,747																							1,989		
495	1738																																																				1,677		2,619																					2841.72131147541																							1,307																3,490							1,197		939			2,047																		1,782																							2,047		
496	1739																																																				1,677		2,584																					2849.401639344262																							1,320																3,492							1,183		934			1,846																		1,575																							1,934		
497	1740																											1,158																									1,659		2,526																					2772.598360655738																							1,325																3,465							1,234		931			1,889																		1,500																							2,023		
498	1741																																																				1,659		2,595																					2734.1967213114754																							1,305																3,441							1,286		931			2,000																		1,447																							2,236		
499	1742																																																				1,659		2,683																					2803.3196721311474																							1,277																3,651							1,231		947			2,218																		1,473																							2,211		
500	1743																																																				1,659		2,621																					2780.27868852459																							1,269																3,701							1,227		999			2,010																		1,460																							2,445		
501	1744																																																				1,659		2,565																					2787.9590163934427																							1,253																4,133							1,132		1,007			1,972																		1,589																							2,342		
502	1745																																																1,376				1,677		2,577																					2772.598360655738																							1,242																3,602							1,066		1,015			2,033																		1,452																							2,434		
503	1746																																																				1,677		2,641																					2672.754098360656																							1,254																3,977							1,116		1,023			2,029																		1,417																							2,447		
504	1747																																																				1,677		2,750																					2626.6721311475408																							1,290																4,557							1,058		1,039			2,083																		1,430																							2,632		
505	1748																																																				1,677		2,713																					2649.7131147540986																							1,313																4,393							1,049		1,054			2,018																		1,371																							2,373		
506	1749																																																				1,677		2,681																					2726.5163934426228																							1,305																3,845							1,116		1,065			2,029																		1,444																							2,402		
507	1750											2,169																1,061										481			1,674											1,486	1,677		2,702															1,068						2703.4754098360654			953																				1,296																3,777							1,105		1,079			2,184																		1,554											923												2,697		
508	1751																																																				1,659		2,627																					2695.7950819672133																							1,301																4,046							1,130		1,095			2,159																		1,506																							2,644		
509	1752																																																				1,659		2,738																					2757.2377049180327																							1,361																3,885							1,012		1,105			2,210																		1,495																							2,625		
510	1753																																																				1,659		2,743																					2895.4836065573772																							1,398																4,217							1,041		1,111			2,190																		1,530																							2,560		
511	1754																																																				1,659		2,648																					2895.4836065573772																							1,415																4,048							983		1,070			2,166																		1,522																							2,342		
512	1755																																																1,430				1,659		2,710																					2826.3606557377047																							1,430																3,921							977		1,070			2,173																		1,454																							2,455		
513	1756																																																				1,659		2,643																					2787.9590163934427																							1,454																3,578							1,015		1,054			2,010																		1,387																							2,495		
514	1757																																																				1,643		2,783																					2787.9590163934427																							1,462																3,985							1,105		1,042			1,988																		1,364																							2,165		
515	1758																																																				1,643		2,815																					2811																							1,465																3,888							1,172		1,036			1,977																		1,597																							2,130		
516	1759																																																				1,643		2,850																					2803.3196721311474																							1,465																3,786							1,240		1,028			2,040																		1,588																							2,040		
517	1760																											1,022																									1,643		2,915																					2857.0819672131147																							1,476																3,963							1,186		1,019			2,152																		1,669																							2,005		
518	1761																																																				1,659		3,011																					2887.8032786885246																							1,486																3,976							1,211		1,011			2,187																		1,608																							2,071		
519	1762																																																				1,677		2,917																					2903.1639344262294																							1,487																4,033							1,215		1,004			2,028																		1,444																							1,852		
520	1763																																																				1,677		2,914																					2849.401639344262																							1,417																4,312							1,211		991			1,985																		1,573																							2,160		
521	1764																																																				1,694		2,898																					2787.9590163934427																							1,392																4,327							1,277		985			2,033																		1,422																							2,185		
522	1765																																																1,412				1,710		2,853																					2734.1967213114754																							1,390																4,881							1,361		979			2,036																		1,484																							2,225		
523	1766																											991																									1,710		2,879																					2634.3524590163934																							1,404																4,359							1,344		974			2,021																		1,533																							2,216		
524	1767																																																				1,710		2,891																					2680.434426229508																							1,403																4,188							1,342		976			2,080																		1,557																							2,177		
525	1768																																																				1,694		2,911																					2726.5163934426228																							1,393																4,307							1,334		982			1,863																		1,473																							2,225		
526	1769																																																				1,694		3,056																					2757.2377049180327																							1,382																4,553							1,318		982			1,823																		1,471																							2,246		
527	1770																											998																									1,694		2,952																					2626.6721311475408																							1,388																4,340							1,309		982			1,941																		1,454																							2,294		
