## Sheet: GDP pc (continued)
	A	B	C	D	E	F	G	H	I	J	K	L	M	N	O	P	Q	R	S	T	U	V	W	X	Y	Z	AA	AB	AC	AD	AE	AF	AG	AH	AI	AJ	AK	AL	AM	AN	AO	AP	AQ	AR	AS	AT	AU	AV	AW	AX	AY	AZ	BA	BB	BC	BD	BE	BF	BG	BH	BI	BJ	BK	BL	BM	BN	BO	BP	BQ	BR	BS	BT	BU	BV	BW	BX	BY	BZ	CA	CB	CC	CD	CE	CF	CG	CH	CI	CJ	CK	CL	CM	CN	CO	CP	CQ	CR	CS	CT	CU	CV	CW	CX	CY	CZ	DA	DB	DC	DD	DE	DF	DG	DH	DI	DJ	DK	DL	DM	DN	DO	DP	DQ	DR	DS	DT	DU	DV	DW	DX	DY	DZ	EA	EB	EC	ED	EE	EF	EG	EH	EI	EJ	EK	EL	EM	EN	EO	EP	EQ	ER	ES	ET	EU	EV	EW	EX	EY	EZ	FA	FB	FC	FD	FE	FF	FG	FH	FI	FJ	FK	FL	FM	FN
733	1976	1,105	1,521	3,665	40,803	12,696		21,613	19,448		956	20,916	1,548	1,039	862	9,535	6,875	5,268		4,219	7,079	10,222	1,801	1,345	23,754	24,753	6,868	1,519	3,017	1,664	1,111	2,794	5,918	1,009	1,251	7,182	11,893	3,786	6,652	11,317	20,218	4,878	2,066	23,059	3,504	4,157	5,877	2,560	13,053		974	18,104	21,465	12,747	19,311		1,878	905	1,436	1,443	3,453	12,919	5,705	12,929	2,954	11,469	1,835	9,231	2,536	1,417	11,639	10,665	8,007	19,877	16,053	18,147	5,681	4,935	18,600		1,503		1,025	4,856	28,956	1,023	2,442	4,415	8,142	2,820	2,464	1,447		23,100		3,175		1,694	8,131	8,319	1,090	6,684	1,103	5,740	1,401	2,064	1,779	7,264	942	4,638	6,150	1,033	2,208	5,099	22,132	20,610	1,071	20,161	7,328	1,604	5,604	6,808	3,430	9,397	11,308		10,861	3,629	4,605	55,169	4,809	11,426	1,387	19,297	1,664	2,370	10,178	1,511	4,084	8,877	2,432	10,143		17,462	22,765	3,142	5,149	9,526	918	1,505	3,333			15,696	4,095	6,110	6,245	996	1,219		8,853	27,058		17,174	1,290	3,193	8,207	6,802	1,707	2,163
734	1977	1,022	1,500	3,681	41,915	13,236		21,592	20,350		1,020	21,025	1,570	1,090	843	9,398	7,084	5,647		4,289	7,248	10,541	1,889	1,417	24,265	25,431	7,438	1,583	3,033	1,706	1,086	2,517	6,046	966	1,176	7,602	12,344	3,913	7,704	11,634	20,837	4,036	2,117	23,360	3,586	4,398	6,073	2,817	13,342		977	18,100	22,177	10,849	19,740		1,882	858	1,417	1,317	3,668	13,158	6,005	13,986	3,153	12,385	1,808	9,765	2,670	1,494	12,425	10,205	7,957	21,465	15,721	18,599	5,501	5,072	19,230		1,580		1,143	5,368	26,168	993	4,417	4,339	8,682	3,027	2,582	1,658		23,417		3,268		1,691	8,177	8,738	1,148	7,438	1,148	6,298	1,470	2,013	1,742	7,610	961	4,903	5,984	1,087	2,220	5,247	22,598	21,399	1,081	19,110	6,998	1,631	5,512	6,626	3,524	9,483	11,832		11,422	3,945	4,439	45,999	5,048	11,692	1,409	20,824	1,857	2,236	10,790	1,495	4,221	9,529	2,911	10,288		18,595	22,322	3,083	5,491	9,094	830	1,543	3,585			16,412	4,132	6,271	6,752	993	1,207		8,950	28,001		17,693	1,304	3,446	8,780	6,623	1,578	1,946
735	1978	1,070	1,530	3,696	35,936	12,444		21,948	20,293		1,042	21,605	1,519	1,189	878	9,594	7,037	5,977		4,328	7,425	11,014	2,005	1,398	24,994	26,159	7,936	1,744	3,202	1,744	993	2,595	6,443	964	1,275	7,763	12,411	4,114	8,257	12,055	21,447	3,419	2,365	23,632	3,583	4,812	6,314	2,939	13,573		952	18,425	22,698	8,013	20,448		2,008	897	1,446	1,465	3,451	13,860	6,156	14,689	3,346	13,265	1,859	9,967	2,727	1,540	13,150	8,710	9,075	22,579	16,139	19,230	5,482	5,926	20,060		1,656		1,291	5,856	26,363	991	4,218	4,463	8,730	3,196	2,694	1,934		24,331		3,298		1,604	8,690	9,341	1,101	8,080	1,205	6,583	1,537	1,969	1,581	7,763	1,015	5,214	6,027	1,205	2,028	4,771	22,992	22,061	1,105	19,182	6,513	1,720	5,946	6,454	3,606	9,741	12,463		11,700	4,302	4,874	47,072	5,464	11,829	1,495	20,593	1,766	2,082	11,588	1,524	4,375	9,958	2,909	10,455		20,014	22,646	3,030	5,906	9,561	808	1,650	3,861			18,042	4,304	6,350	7,519	993	1,111		9,483	29,286		17,481	1,285	3,636	9,283	6,653	1,541	1,964
736	1979	1,023	1,527	3,716	39,534	13,114		22,826	21,436		1,011	22,094	1,594	1,173	894	9,954	6,730	6,376		4,227	7,736	11,837	2,184	1,326	25,775	26,641	8,475	1,859	3,139	1,785	961	2,807	6,658	1,023	1,301	7,905	12,439	4,183	9,011	12,164	22,305	3,308	1,932	24,409	3,649	5,088	6,472	3,076	13,681		999	19,657	23,326	8,091	20,988		1,929	869	1,360	1,468	2,882	14,193	6,298	15,903	3,382	13,994	1,959	9,964	2,810	1,427	13,335	7,678	10,769	23,443	16,761	20,275	5,318	6,247	20,982		1,651		1,325	6,266	28,174	966	4,536	4,546	9,086	3,247	2,815	1,678		24,836		3,382		1,714	9,307	9,891	1,345	8,745	1,240	6,523	1,556	1,937	1,706	7,889	1,030	5,510	6,073	1,261	2,104	3,405	23,347	22,971	1,106	19,580	6,446	1,733	6,075	6,664	3,703	9,471	13,012		12,326	4,693	4,677	45,806	5,493	11,867	1,584	20,472	1,524	2,158	12,521	1,572	4,194	10,772	3,295	10,316		21,367	23,465	2,990	6,709	9,580	622	1,698	3,979			18,568	4,481	6,204	7,967	977	966		9,966	29,949		17,135	1,267	3,733	9,873	6,746	1,451	1,930
737	1980	1,019	1,532	3,741	44,168	13,080	9,291	22,972	21,932	7,165	952	23,060	1,691	1,165	875	9,634	6,994	6,588	9,487	4,100	8,249	12,318	2,348	1,234	25,784	27,406	9,024	1,930	3,253	1,900	953	3,075	6,786	1,065	1,352	7,828	12,723	4,106	9,451	12,336	22,497	3,167	2,219	24,272	3,781	5,024	6,582	3,298	14,008	15,044	1,033	20,640	23,537	8,402	20,612	10,519	1,844	872	1,325	1,207	2,613	14,300	6,384	17,086	3,282	14,193	2,063	10,052	2,981	1,495	13,614	6,334	10,165	24,528	17,508	20,959	4,975	7,141	21,404	11,899	1,675	5,848	1,320	6,064	21,154	1,054	4,608	4,138	8,741	3,011	2,917	1,589	12,734	24,951	13,739	3,622	9,078	1,680	9,929	9,899	1,168	8,920	1,320	7,992	1,618	1,945	1,682	6,970	1,004	5,829	6,293	1,291	2,080	3,414	23,438	24,031	1,057	19,681	6,491	1,851	6,849	6,795	3,787	9,149	13,040		12,822	5,113	5,239	45,860	5,482	12,204	1,672	21,068	1,484	2,021	13,601	1,584	3,781	10,724	3,182	10,245		21,151	23,809	2,946	6,424	10,374	583	1,572	4,071	5,746	6,763	19,734	4,693	6,070	8,384	958	912	8,467	10,546	29,611	7,453	16,270	1,207	3,650	10,037	6,998	1,452	2,064
738	1981	1,144	1,471	3,762	42,456	12,125	9,548	23,368	21,866	7,490	1,014	22,760	1,733	1,186	878	9,860	6,875	6,762	9,844	4,060	7,709	12,065	2,528	1,219	26,256	27,730	9,427	1,962	3,242	2,153	950	3,625	6,782	1,081	1,447	7,461	12,612	4,420	9,631	12,306	22,553	3,091	2,499	24,063	3,846	4,991	6,664	3,309	13,895	15,478	1,009	20,935	23,655	8,625	20,319	11,053	1,820	859	1,521	1,173	2,603	14,180	6,256	18,301	3,231	14,182	1,964	10,123	3,119	1,557	13,893	5,887	8,035	25,284	18,103	21,041	5,040	7,176	21,924	11,604	1,647	5,789	1,301	6,399	16,402	1,199	4,549	3,862	6,760	3,051	3,049	1,564	13,190	25,136	13,970	3,457	9,538	1,492	10,538	9,937	1,111	9,224	1,369	7,635	1,714	1,940	1,714	7,264	925	6,095	6,271	1,277	1,855	3,480	23,153	24,179	1,119	20,537	7,210	1,924	7,313	6,921	3,819	8,584	13,061		12,934	5,424	4,811	37,307	5,448	12,274	1,706	21,393	1,466	1,943	14,335	1,615	3,507	10,888	2,783	10,254		20,929	23,777	3,049	5,928	10,984	521	1,423	4,230	5,622	6,666	20,298	4,830	6,201	8,749	920	923	8,695	10,643	30,056	7,527	15,750	1,223	3,767	10,106	7,141	1,492	2,243
739	1982	1,270	1,374	3,783	36,635	11,550	9,809	22,972	22,254	7,831	985	23,071	1,862	1,183	869	10,154	7,036	6,841	10,217	3,816	7,587	11,424	2,640	1,208	25,151	27,661	8,016	2,128	3,131	2,257	920	4,355	6,698	1,124	1,470	6,751	12,824	4,487	10,131	12,109	22,380	3,043	2,592	24,807	3,826	5,145	6,558	3,543	14,045	15,927	980	21,495	24,120	8,099	20,650	11,611	1,661	858	1,581	1,195	2,533	14,153	5,903	18,527	3,076	14,123	1,855	10,493	2,941	1,570	14,061	6,535	7,704	25,477	18,155	21,123	5,019	7,401	22,440	11,322	1,680	5,726	1,358	6,821	13,845	1,256	2,823	3,813	6,661	3,102	3,151	1,576	13,654	25,005	14,190	3,725	10,026	1,423	10,240	9,977	1,030	9,526	1,417	7,790	1,814	1,852	1,548	7,563	904	6,303	6,064	1,231	1,784	3,360	22,780	24,141	1,135	20,715	7,651	2,002	7,444	6,770	3,859	8,429	12,511		13,198	5,230	5,088	29,046	5,638	12,267	1,680	20,535	1,599	2,168	14,687	1,610	3,339	10,949	2,817	10,418		20,535	24,002	3,005	5,786	10,817	524	1,323	4,375	5,498	6,575	18,771	4,713	6,381	8,910	905	972	8,934	9,578	29,210	7,594	15,423	1,293	3,724	10,080	6,891	1,398	2,240
740	1983	1,347	1,288	3,805	32,737	11,775	9,865	22,697	22,944	8,010	991	23,071	1,728	1,140	891	9,942	7,240	6,773	10,667	3,585	7,203	11,419	2,848	1,105	25,625	28,009	7,667	2,227	2,901	2,345	909	4,473	6,655	1,149	1,588	6,743	12,986	4,705	10,544	12,301	22,840	2,963	2,644	25,450	3,905	5,243	6,252	3,701	14,237	16,361	999	21,944	24,300	8,281	21,366	12,234	1,487	850	1,482	1,129	2,534	14,132	5,585	19,349	2,947	13,841	1,835	10,401	2,994	1,663	13,931	7,108	6,805	24,605	18,468	21,345	5,117	7,262	22,805	11,735	1,627	5,992	1,412	7,612	14,292	1,283	3,402	3,572	6,237	3,229	3,268	1,561	13,718	25,738	14,376	3,606	10,378	1,395	9,656	9,728	1,057	9,586	1,451	7,610	1,876	1,694	1,553	7,516	913	6,529	5,734	1,180	1,631	3,437	23,086	24,924	1,076	21,015	8,521	2,077	7,186	5,729	3,837	8,764	12,428		13,158	4,935	4,733	23,146	5,960	12,420	1,722	17,315	1,527	2,153	15,720	1,575	3,330	10,707	2,656	10,659		20,451	24,412	2,888	5,638	10,581	577	1,211	4,538	5,547	6,535	16,982	4,844	6,489	9,530	875	1,014	9,288	8,950	30,158	7,672	14,155	1,333	3,827	9,907	6,554	1,320	2,190
741	1984	1,337	1,259	3,826	32,135	11,837	10,181	24,009	23,016	8,360	968	23,644	1,809	1,129	918	10,249	7,264	6,843	10,957	3,561	7,438	11,772	3,124	1,146	26,836	28,315	7,992	2,444	2,703	2,450	932	4,664	6,741	1,168	1,626	7,065	13,260	5,051	11,330	12,573	23,564	2,944	2,802	26,581	3,830	5,361	6,336	3,810	14,308	16,660	956	22,486	24,519	8,612	21,869	13,128	1,530	824	1,462	1,162	2,437	14,453	5,469	21,042	2,968	14,104	1,803	10,696	3,134	1,690	14,435	6,951	6,593	25,357	18,305	21,868	5,059	7,599	23,548	11,553	1,594	5,952	1,476	8,304	14,384	1,344	4,828	3,443	5,695	3,403	3,387	1,589	13,796	27,303	14,682	3,657	10,508	1,305	9,777	10,007	1,084	9,797	1,492	7,828	1,940	1,629	1,486	7,798	925	6,867	5,539	956	1,527	3,308	23,750	26,321	1,152	21,783	9,526	2,106	7,192	5,859	3,469	9,006	13,201		12,894	4,945	4,807	20,354	6,295	12,379	1,597	16,343	1,404	1,989	16,767	1,608	3,357	10,866	2,447	10,694		20,650	25,357	2,858	6,030	9,792	601	1,239	4,720	5,469	6,314	17,680	4,890	6,736	10,394	870	897	9,476	8,805	32,076	7,189	13,597	1,420	3,861	10,029	6,672	1,269	2,067
742	1985	1,304	1,242	3,846	29,562	10,895	10,485	24,927	23,514	8,558	1,057	23,873	1,886	1,243	925	9,924	6,972	6,875	11,000	3,476	7,862	11,848	3,301	1,148	28,025	29,417	8,024	2,619	2,735	2,585	909	4,484	6,809	1,162	1,742	6,918	13,337	5,120	11,725	12,855	24,133	2,880	2,872	27,710	3,653	5,469	6,433	3,939	14,690	16,541	880	23,148	24,755	8,131	22,579	13,868	1,559	821	1,451	1,184	2,662	14,850	5,292	20,883	2,982	14,067	1,776	10,452	3,143	1,720	14,834	6,853	6,268	25,990	18,605	22,469	4,814	7,578	24,437	11,545	1,604	5,616	1,540	8,859	13,015	1,382	5,895	3,269	6,092	3,606	3,484	1,600	13,287	28,032	14,273	3,784	9,398	1,296	9,785	9,894	1,089	10,176	1,506	7,804	2,004	1,466	1,502	8,265	966	6,626	5,396	950	1,621	3,107	24,361	27,608	1,194	21,780	10,433	2,230	7,404	5,844	3,135	9,022	13,345		13,240	4,994	4,619	16,558	6,260	12,475	1,621	14,422	1,274	2,000	16,611	1,610	3,366	10,839	2,622	10,692	11,815	20,663	25,805	2,812	6,585	10,026	642	1,240	4,862	5,364	6,186	16,671	5,039	6,958	10,779	843	886	9,387	8,901	33,023	7,181	13,270	1,471	3,717	10,009	6,385	1,250	2,128
743	1986	1,344	1,106	3,870	21,949	11,515	10,394	25,116	24,039	8,663	1,078	24,221	1,867	1,400	944	10,170	6,880	7,066	11,230	3,306	8,281	12,404	3,432	1,162	28,472	30,848	8,325	2,748	2,718	2,683	923	4,058	7,071	1,157	1,766	7,087	13,560	5,075	12,121	13,211	24,657	2,743	3,107	28,681	3,682	5,262	6,452	3,921	15,237	16,866	920	23,621	25,238	7,818	23,498	13,839	1,575	819	1,422	1,146	2,534	15,047	5,136	22,823	2,898	14,416	1,729	10,678	3,269	1,755	14,768	5,984	5,992	27,439	19,160	23,106	4,884	7,973	24,992	11,576	1,658	5,413	1,578	9,756	13,509	1,409	5,400	3,129	5,370	4,157	3,607	1,645	13,667	30,051	14,539	3,977	9,937	1,267	9,283	10,551	1,138	10,584	1,465	8,021	2,142	1,479	1,553	9,001	936	6,543	5,530	969	1,610	3,011	24,893	28,504	1,218	22,124	10,268	2,302	7,578	6,290	3,161	9,240	14,304		13,774	4,854	5,330	12,881	6,378	12,694	1,642	12,897	1,286	2,031	16,831	1,597	3,327	11,180	2,418	11,035	12,242	21,122	26,309	3,210	6,601	9,200	662	1,237	5,053	5,319	6,204	15,871	4,841	7,323	11,918	845	858	9,408	9,628	33,850	6,904	13,751	1,481	3,684	10,299	6,236	1,215	2,107
