## Sheet: GDP pc (continued)
	A	B	C	D	E	F	G	H	I	J	K	L	M	N	O	P	Q	R	S	T	U	V	W	X	Y	Z	AA	AB	AC	AD	AE	AF	AG	AH	AI	AJ	AK	AL	AM	AN	AO	AP	AQ	AR	AS	AT	AU	AV	AW	AX	AY	AZ	BA	BB	BC	BD	BE	BF	BG	BH	BI	BJ	BK	BL	BM	BN	BO	BP	BQ	BR	BS	BT	BU	BV	BW	BX	BY	BZ	CA	CB	CC	CD	CE	CF	CG	CH	CI	CJ	CK	CL	CM	CN	CO	CP	CQ	CR	CS	CT	CU	CV	CW	CX	CY	CZ	DA	DB	DC	DD	DE	DF	DG	DH	DI	DJ	DK	DL	DM	DN	DO	DP	DQ	DR	DS	DT	DU	DV	DW	DX	DY	DZ	EA	EB	EC	ED	EE	EF	EG	EH	EI	EJ	EK	EL	EM	EN	EO	EP	EQ	ER	ES	ET	EU	EV	EW	EX	EY	EZ	FA	FB	FC	FD	FE	FF	FG	FH	FI	FJ	FK	FL	FM	FN
577	1820					1,591		826	1,941			2,358									867				1,441		824	882					850				1,353				1,572			2,031		685		956	1,600			1,313	1,809		3,306									1,132					827		1,398	877	877			2665.0737704918033	1,117	877	1,317					816			1,084				877					685			1,007				803							961					3,006	1,384	641	826				835	931	818		753	1,665							797											1,415			1,084			909				685	974	966				1,983	2,674		968	840			1,188		
578	1821							834																			805																	2,104									1,953		3,308														837	937						2618.9918032786886																																							2,947							687		834			1,648																		1,457																	2,715						1,403		
579	1822							858																			830																	2,115									1,875		3,315														835							2649.7131147540986																																							2,974							655		850			1,637																		1,465																	2,791						1,309		
580	1823							886																			797																	2,085									1,934		3,359														837							2672.754098360656																																							3,121							679		870			1,605																		1,449																	2,760								
581	1824							936																			786																	2,117									1,986		3,492														795							2741.877049180328																																							3,100							654		888			1,538																		1,487																	2,836								
582	1825							982																			853																	2,107					1,698				1,898		3,521														818							2703.4754098360654																																							3,022							671		897			1,503																		1,527																	2,898								
583	1826							999																			885																	2,110									1,949		3,290														867							2780.27868852459																																							3,068							639		902			1,558																		1,532																	2,918						1,353		
584	1827							1,030																			904																	2,150									1,908		3,499														874							2734.1967213114754																																							3,250							681		921			1,477																		1,458																	2,930								
585	1828							1,057																			910																	2,163									1,897		3,461														858							2703.4754098360654																																							3,319							674		942			1,490																		1,486																	2,930								
586	1829							1,114																			932											787						2,110									1,946		3,443														834							2695.7950819672133																																							3,325							660		953			1,647																		1,506																	2,833						1,372		
587	1830							1,352	2,230																1,594		925	846																2,120									1,898		3,550														822							2657.3934426229507																																							3,038	1,441						669		942			1,721																		1,468																	3,039		1,922						
588	1831							1,398																			929																	2,101									1,926		3,545														811	945						2749.55737704918																																							3,264	1,355						673		929			1,603																		1,497																	3,226		1,897				1,243		
589	1832							1,428																			956																	2,158									2,091		3,612														811							2772.598360655738																																							3,417	1,393						655		923			1,525																		1,457																	3,343		2,142						
590	1833							1,435																			961																	2,130									2,053		3,599							1,537							840							2787.9590163934427																																							3,341	1,508						684		920			1,421																		1,503																	3,460		2,173						
591	1834							1,508																			983																	2,227									2,056		3,639							1,635							867							2811																																							3,370	1,527						703		923			1,466																		1,522																	3,295		2,195						
592	1835							1,825																			1,003																	2,195					1,680				2,125		3,861							2,138							838							2887.8032786885246																																							3,360	1,503						727		915			1,444																		1,517																	3,420		2,153						
593	1836							1,793																			991																	2,179									2,090		3,937							2,067							821							2680.434426229508																																							3,472	1,466						765		912			1,431																		1,565																	3,470		2,002						
594	1837							1,881																			1,028																	2,219									2,118		3,857							2,120							862							2611.311475409836																																							3,553	1,463						805		923			1,573																		1,554																	3,361		1,884						
595	1838							1,857																			1,033																	2,216									2,211		3,963							2,230							859							2649.7131147540986																																							3,590	1,482						811		921			1,590																		1,529																	3,330		1,693						
596	1839							1,733																			1,023																	2,224									2,130		3,881							2,020							843							2626.6721311475408																																							3,588	1,495						795		913			1,629																		1,546																	3,492		1,576						
597	1840							2,190	2,415																1,852		1,081	849																2,276									2,276		4,018							1,932							883							2711.155737704918																																							3,623	1,607						829		907			1,503																		1,568																	3,319		1,519				1,173		
598	1841							1,868																			1,081																	2,254									2,321		3,894							1,918							877	944						2764.9180327868853																																							3,658	1,592						889		921			1,474																		1,549																	3,253		1,693						
599	1842							1,704																			1,089																	2,243									2,260		3,808							1,959							878							2787.9590163934427																																							3,569	1,580						874		917			1,519																		1,476																	3,223		1,884						
600	1843							1,975																			1,111																	2,353									2,370		3,950							1,653							861							2649.7131147540986																																							3,507	1,521						843		913			1,538																		1,508																	3,274		1,750				1,092		
601	1844							2,246																			1,117											799						2,434									2,444		4,245							1,602							832							2649.7131147540986																																							3,540	1,567						824		915			1,636																		1,573																	3,453		1,750						
602	1845							2,310																			1,141																	2,472					1,733				2,359		4,387							1,543							783							2672.754098360656																																							3,515	1,631						886		932			1,634																		1,610																	3,506		1,769						
603	1846							2,554				2,700								1,184							1,170																	2,501									2,356		4,334							1,691							759							2649.7131147540986			1,436																																				3,521	1,619						853		944			1,524																		1,554																	3,526		1,788						
604	1847							2,954				2,809															1,183																	2,466									2,606		4,234							1,441							748							2588.2704918032787																																							3,545	1,670						939		956			1,410																		1,594																	3,619		1,712				937		
605	1848							3,381				2,796															1,227																	2,570									2,437		4,361							1,554							775							2657.3934426229507																																							3,602	1,533						976		960			1,496																		1,612																	3,713		1,712						
606	1849							3,339				2,853															1,298																	2,695									2,506		4,422							1,591							746							2642.032786885246																																							3,709	1,559						993		960			1,520																		1,672																	3,616		1,576						
607	1850					1,994		3,148	2,630			2,944									867				2,120		1,352	858					784				1,720	888			2,276			2,817					1,706			1,519	2,546		4,332							1,607							724	947						2611.311475409836	867		1,436												899								1,054																3,779	1,623		1,824				945		985			1,470																		1,715																2,467	3,632		1,884				1,042		
608	1851							3,736				3,006									926					2,444	1,392														2,244			2,649					1,720				2,499		4,477							1,969							744	947						2611.311475409836																																							3,834	1,663						1,087		1,038																					1,682																	3,778		1,808				1,234		
609	1852							4,382				3,067									901					2,446	1,404														2,273			2,713					1,785				2,652		4,626							1,663							717							2572.909836065574																																							3,790	1,686						1,015		1,062																					1,645																	3,971		1,884				1,294		
610	1853							4,798				3,127									846					2,379	1,364														2,252			2,697					1,785				2,515		4,734							1,822							743							2519.1475409836066																																							3,704	1,776						1,160		1,108																					1,667																	4,242		2,000				1,390		
611	1854							4,202				3,300									818					2,264	1,387														2,300			2,679					1,804				2,627		4,909							1,908							711							2350.1803278688526																																							3,931	1,859						1,226		1,133																					1,685																	4,254		2,039				1,352		
612	1855							3,988				3,301									824					2,373	1,425														2,263			2,938					1,892	1,787			2,577		4,748							2,007							746							2373.22131147541																																							3,824	1,897						1,302		1,162			1,465																		1,788																	4,161		2,115				1,451		
613	1856							4,866				3,459									854					2,419	1,427														2,440			2,735					1,800				2,687		5,013							1,757							797							2380.901639344262																																							3,977	1,860						1,243		1,159																					1,771																	4,248		1,635				1,168		
614	1857							4,294				3,524									915					2,786	1,462														2,541			2,745					1,742				2,836		5,019							2,278							764							2572.909836065574																																							3,907	1,763						1,441		1,183																					1,819																	4,156		1,884				1,384		
615	1858							3,661				3,526									974					2,862	1,513														2,509			2,691					1,774				3,029		4,879							2,197							815							2672.754098360656																																							3,800	1,865						1,341		1,237																					1,841																	4,177		1,846				1,210		
616	1859							4,728				3,502									966					2,894	1,559														2,495			2,834					1,862				2,828		5,031							2,161							816							2588.2704918032787																																							3,665	1,817						1,309		1,296																					1,906																	4,289		1,865				1,250		
617	1860					2,160		4,613	2,834			3,655									991				2,313	2,934	1,588						913								2,613			2,775					1,930			1,522	3,016		5,086							2,125							819							2572.909836065574	856																						921																3,840	1,887		3,526				1,313		1,358																					1,941																3,000	4,402		1,981				1,294		
618	1861							4,544				3,682									982					2,948	1,575														2,523			2,785					1,932			1,527	2,820		5,024							2,262							824	896						2557.5491803278687																																							3,735	1,879						1,235		1,387			1,407																		1,865																	4,312		2,134				1,218		
619	1862							4,368				3,752									936					2,823	1,553											1,068			2,622			2,836					1,932			1,428	3,051		4,764							2,283							770							2634.3524590163934																																							3,881	2,007						1,221		1,376							344														1,808																	4,447		1,884				897		
