## Sheet: GDP pc (continued)
	A	B	C	D	E	F	G	H	I	J	K	L	M	N	O	P	Q	R	S	T	U	V	W	X	Y	Z	AA	AB	AC	AD	AE	AF	AG	AH	AI	AJ	AK	AL	AM	AN	AO	AP	AQ	AR	AS	AT	AU	AV	AW	AX	AY	AZ	BA	BB	BC	BD	BE	BF	BG	BH	BI	BJ	BK	BL	BM	BN	BO	BP	BQ	BR	BS	BT	BU	BV	BW	BX	BY	BZ	CA	CB	CC	CD	CE	CF	CG	CH	CI	CJ	CK	CL	CM	CN	CO	CP	CQ	CR	CS	CT	CU	CV	CW	CX	CY	CZ	DA	DB	DC	DD	DE	DF	DG	DH	DI	DJ	DK	DL	DM	DN	DO	DP	DQ	DR	DS	DT	DU	DV	DW	DX	DY	DZ	EA	EB	EC	ED	EE	EF	EG	EH	EI	EJ	EK	EL	EM	EN	EO	EP	EQ	ER	ES	ET	EU	EV	EW	EX	EY	EZ	FA	FB	FC	FD	FE	FF	FG	FH	FI	FJ	FK	FL	FM	FN
755	1998	545	1,811	3,873	39,668	15,186	4,994	34,337	32,376	3,550	808	31,481	1,863	1,294	1,348	8,322	13,776	6,590	8,482	4,206	9,419	12,385	7,185	936	33,786	39,891	15,260	4,310	2,393	1,847	473	4,043	8,863	1,180	3,000	9,054	14,486	3,416	20,213	15,657	31,130	1,975	5,463	36,361	6,013	6,070	7,307	5,885	24,285	15,593	786	29,715	31,323	11,758	30,077	4,620	2,018	1,011	1,325	1,131	9,712	19,379	5,731	30,866	3,333	12,476	1,481	11,663	5,204	2,612	31,909	8,458	2,795	31,445	24,506	30,650	6,433	7,120	32,558	8,089	1,890	3,106	1,476	19,625	33,331	2,051	6,994	773	8,545	6,831	5,440	1,923	10,382	44,143	10,430	4,729	3,078	1,174	11,511	7,412	1,167	18,489	1,547	5,522	2,620	1,336	1,841	13,608	986	12,130	5,860	755	2,026	2,570	34,689	48,957	1,571	24,861	20,213	3,035	9,560	5,927	3,853	11,413	24,586	1,580	21,782	5,322	6,052	36,448	6,407	8,557	950	22,311	1,785	1,915	33,590	883	5,078	6,604	2,229	6,976	13,822	19,851	31,187	4,713	13,801	8,743	754	1,175	9,078	1,589	3,038	17,014	6,945	11,773	24,131	1,052	1,138	4,640	13,744	43,073	4,576	14,739	2,564	4,044	8,153	7,024	1,309	2,369
756	1999	519	1,899	4,432	42,372	14,578	5,000	35,551	33,608	3,960	772	32,572	1,882	1,319	1,413	7,922	15,264	7,026	8,690	4,146	9,442	12,238	7,876	968	35,346	41,092	14,846	4,467	2,417	1,902	452	3,926	8,382	1,189	3,347	9,184	14,769	3,624	21,148	16,103	32,088	1,931	5,584	37,523	6,420	6,422	6,885	6,211	25,550	15,335	762	30,987	32,285	10,648	30,933	4,763	2,067	1,031	1,386	1,256	11,690	20,077	5,825	31,134	3,215	12,580	1,513	12,317	5,187	2,708	35,377	8,715	3,157	32,187	24,644	31,340	6,485	7,340	32,395	8,421	1,921	3,144	1,586	21,541	33,351	2,168	7,148	848	9,064	7,112	5,489	1,924	10,336	47,061	10,708	4,721	2,950	1,207	11,894	7,732	1,192	19,254	1,668	5,143	2,802	1,302	1,954	13,573	990	12,637	5,926	737	2,035	2,748	36,409	51,129	1,609	25,868	21,520	3,112	9,785	5,945	3,917	12,058	26,186	1,665	22,590	5,150	6,205	40,135	6,614	9,340	976	22,059	1,837	1,978	35,156	814	5,264	5,533	2,247	7,420	13,750	20,794	32,705	4,827	14,236	7,960	734	1,183	9,347	1,621	3,527	18,160	7,297	11,152	25,472	1,100	1,185	4,751	13,349	44,576	4,631	13,669	2,641	4,080	8,036	7,234	1,374	2,323
757	2000	502	2,014	4,808	48,888	14,369	5,140	36,603	34,796	4,215	740	33,720	1,909	1,275	1,485	8,411	17,022	7,082	9,111	4,174	9,834	12,600	8,044	964	36,943	43,251	15,212	4,730	2,353	1,961	414	4,159	8,497	1,204	3,584	9,320	15,378	4,009	22,327	17,056	33,367	1,881	5,697	39,021	6,788	6,835	6,908	6,594	26,995	16,807	772	32,690	33,410	10,638	31,946	4,892	2,100	1,047	1,441	1,231	12,915	20,965	5,860	32,894	3,336	13,245	1,521	13,129	5,384	2,753	38,807	9,105	3,649	33,108	26,059	32,717	6,531	7,622	33,211	9,309	1,915	3,246	1,659	23,108	35,845	2,262	7,406	972	9,771	7,191	5,841	1,967	10,807	50,064	11,310	4,754	2,990	1,239	12,613	8,084	1,153	20,435	1,843	6,046	2,936	1,196	1,935	14,272	967	13,475	5,972	693	2,145	2,859	37,900	54,040	1,677	26,823	24,186	3,155	9,899	6,038	4,034	12,732	27,392	1,657	23,372	4,896	5,377	45,788	7,090	10,553	1,024	23,905	1,951	1,984	37,773	829	5,404	6,060	2,219	8,194	13,905	21,501	34,203	4,895	14,380	7,668	716	1,150	9,627	1,723	4,173	19,180	7,548	11,904	26,787	1,149	1,192	5,166	13,050	45,886	4,667	13,993	2,773	4,212	8,473	7,583	1,429	2,211
758	2001	490	2,162	5,286	51,263	13,652	5,458	37,276	35,272	4,499	730	33,923	1,928	1,283	1,551	8,832	18,153	7,129	9,462	4,166	9,953	12,112	8,083	953	37,307	44,399	15,448	4,995	2,343	2,029	404	4,257	8,528	1,217	3,799	9,452	16,000	4,231	23,096	17,869	34,260	1,846	5,800	39,426	6,917	7,218	7,131	6,915	28,154	17,697	784	33,482	33,920	11,105	32,660	5,125	2,143	1,091	1,495	1,233	21,168	21,914	5,883	32,734	3,365	13,818	1,501	13,934	5,526	2,838	40,966	9,621	4,148	33,794	25,427	33,511	6,615	7,983	33,246	10,589	1,972	3,358	1,726	23,804	37,226	2,365	7,837	1,097	10,354	7,014	5,621	1,997	11,607	50,528	12,104	5,042	3,151	1,290	12,565	7,835	1,309	20,413	1,996	6,430	3,134	1,219	1,964	14,348	899	13,307	5,888	723	2,283	2,944	38,636	56,578	1,738	27,167	26,431	3,177	9,805	6,010	4,090	13,018	29,517	1,704	23,751	4,918	4,626	50,526	7,860	11,391	1,067	24,192	2,076	2,010	36,865	923	5,550	6,543	2,246	8,850	14,362	22,007	34,667	4,977	14,221	7,509	783	1,116	9,819	1,845	5,014	19,737	7,848	10,951	26,204	1,214	1,256	5,794	12,464	45,878	4,725	14,298	2,916	4,249	8,828	7,840	1,504	2,194
759	2002	797	2,523	5,609	54,077	12,095	6,082	38,567	35,824	4,880	737	34,420	1,934	1,256	1,621	9,472	19,488	7,392	9,870	4,194	10,245	12,025	8,604	929	38,124	44,934	15,510	5,343	2,298	2,085	414	4,459	8,631	1,230	3,998	9,592	16,595	4,369	23,828	18,431	34,591	1,824	5,771	39,709	7,327	7,815	7,360	7,143	28,753	18,589	794	33,987	34,153	11,141	33,271	5,407	2,192	1,149	1,473	1,196	24,845	22,894	5,980	33,038	3,431	14,684	1,494	14,899	5,720	2,871	43,013	10,467	4,632	33,470	24,824	33,780	6,661	8,394	33,195	11,640	1,962	3,299	1,771	25,251	39,943	2,487	8,248	1,343	10,788	7,142	5,721	1,959	12,491	51,710	13,015	5,141	3,374	1,111	12,646	7,964	1,321	20,874	2,176	6,898	3,402	1,200	1,967	14,196	886	13,810	6,069	735	2,609	2,969	38,653	58,840	1,710	28,066	27,142	3,266	9,879	6,274	4,181	13,416	30,218	1,711	23,896	5,571	3,842	57,541	8,674	12,259	1,154	24,054	2,206	1,960	37,830	1,102	5,751	7,156	2,250	9,488	14,985	22,725	35,570	5,137	14,581	7,530	832	1,082	10,276	1,983	5,796	21,052	7,917	11,754	27,426	1,293	1,301	6,263	11,400	46,266	4,777	12,856	3,071	4,292	9,266	8,171	1,579	2,025
760	2003	843	2,712	6,005	59,823	13,089	6,743	39,524	36,063	5,409	704	34,588	1,920	1,278	1,711	10,081	21,392	7,551	10,493	4,230	10,355	12,095	9,043	846	38,560	45,442	15,809	5,649	2,263	2,144	436	4,468	8,855	1,240	4,185	9,831	17,407	4,507	24,347	19,344	34,716	1,946	6,322	39,983	7,325	8,590	7,469	7,366	29,372	19,772	765	34,607	34,292	11,666	34,232	6,013	2,257	1,146	1,479	1,182	27,571	24,380	6,004	33,594	3,527	15,740	1,496	15,830	5,939	3,036	44,373	11,503	3,782	33,921	24,545	33,918	6,909	8,670	33,620	12,726	1,998	3,465	1,850	25,679	48,810	2,625	8,671	852	12,871	7,602	5,964	2,003	13,918	51,717	14,142	5,387	3,575	1,198	12,794	8,160	1,391	21,273	2,411	7,445	3,775	1,156	2,076	14,623	906	14,362	6,082	758	2,848	3,049	38,804	60,852	1,748	28,876	27,314	3,438	10,154	6,472	4,333	14,036	30,688	1,730	23,678	5,727	4,158	62,234	9,369	13,521	1,130	27,367	2,373	2,025	38,951	1,157	5,957	7,638	2,363	10,391	15,773	23,257	36,436	5,378	13,836	6,987	926	1,114	10,869	2,136	6,785	23,814	8,282	12,380	28,349	1,370	1,335	7,030	11,439	47,158	4,845	11,728	3,242	4,327	9,686	8,451	1,699	1,701
761	2004	869	3,064	6,420	64,926	14,183	7,230	40,888	36,957	5,971	710	35,740	1,924	1,269	1,813	10,854	23,390	7,857	11,616	4,331	10,950	12,079	9,330	853	39,492	47,264	16,479	6,068	2,281	2,198	464	4,561	9,211	1,247	4,368	10,087	18,389	4,561	25,355	20,555	35,529	2,097	6,603	41,179	7,441	9,182	7,959	7,662	30,088	20,804	771	35,889	35,094	12,023	34,866	6,343	2,330	1,160	1,586	1,195	33,420	25,780	6,070	36,053	3,687	16,629	1,439	16,999	6,181	3,213	47,029	12,404	6,062	36,209	25,211	34,472	7,005	9,289	34,314	13,930	2,066	3,632	1,966	26,647	55,912	2,785	9,492	761	14,193	8,322	6,192	2,004	14,996	52,624	15,371	5,584	3,813	1,240	13,288	8,561	1,367	21,233	2,665	8,194	4,334	1,126	2,186	14,855	923	15,087	6,713	725	3,137	3,220	39,682	64,824	1,802	29,807	28,607	3,665	10,770	6,731	4,563	14,906	32,111	1,754	24,143	5,877	4,359	74,373	10,531	14,881	1,159	30,234	2,461	2,075	42,111	1,197	6,146	8,512	2,409	11,429	16,571	24,151	38,016	5,559	13,736	7,051	1,200	1,122	11,408	2,301	7,782	25,403	8,705	13,424	29,975	1,464	1,365	8,049	11,955	48,493	5,068	13,713	3,438	4,371	10,317	8,878	1,828	1,605
762	2005	964	3,709	6,858	65,599	15,344	8,007	41,904	37,643	7,554	692	36,338	1,876	1,310	1,926	11,758	25,231	8,058	12,630	4,445	11,306	12,379	9,798	859	40,485	49,274	17,137	6,627	2,313	2,223	491	4,821	9,525	1,266	4,659	10,308	19,774	4,714	26,164	22,129	36,206	2,127	6,698	42,265	8,156	9,970	8,257	8,022	30,886	22,519	829	36,787	35,495	12,438	35,624	6,850	2,411	1,187	1,542	1,227	35,570	26,092	6,130	38,192	3,851	17,581	1,462	18,141	6,482	3,397	49,223	13,110	6,441	37,884	25,686	34,872	7,074	9,861	34,858	15,234	2,158	3,554	2,145	27,443	62,960	2,949	9,933	755	16,539	8,419	6,491	2,014	16,418	53,262	17,070	5,708	4,074	1,276	13,656	8,985	1,415	21,905	2,947	9,002	4,822	1,108	2,371	14,725	920	15,651	6,808	757	3,348	3,371	40,679	68,109	1,836	30,270	30,393	3,884	11,389	7,091	4,721	15,581	32,014	1,808	24,378	5,923	4,590	76,808	11,314	16,243	1,211	32,700	2,643	2,121	44,699	1,224	6,441	9,198	2,533	12,426	17,650	24,967	39,259	5,867	15,173	7,038	1,266	1,120	11,742	2,417	8,792	26,652	8,983	14,488	31,374	1,554	1,451	8,497	12,757	49,655	5,284	14,944	3,638	4,486	10,882	9,394	1,970	1,496
763	2006	1,057	4,592	7,347	67,831	16,490	8,799	42,651	38,867	10,160	703	37,052	1,871	1,323	2,058	12,706	26,840	8,411	13,793	4,582	11,767	12,890	10,666	881	41,247	51,863	17,921	7,271	2,344	2,270	515	5,016	10,040	1,388	5,141	10,880	21,409	5,416	27,142	23,888	38,014	2,342	7,134	44,025	9,060	10,386	8,522	8,510	31,907	24,579	881	38,161	36,166	12,343	36,214	7,398	2,504	1,188	1,531	1,234	36,616	27,731	6,306	40,173	4,045	18,707	1,493	19,253	6,783	3,629	51,296	14,186	7,118	38,707	26,571	35,714	7,287	10,405	35,333	16,787	2,255	3,595	2,286	28,516	68,546	2,896	10,237	769	18,657	9,135	6,904	2,056	17,916	54,921	19,129	6,077	4,243	1,322	14,288	9,466	1,438	22,234	3,247	10,308	5,427	1,099	2,807	15,043	929	16,354	7,209	771	3,565	3,526	42,287	71,311	1,884	30,799	33,375	4,063	12,196	7,561	4,909	16,711	32,195	1,778	24,809	6,129	4,193	90,121	12,823	18,008	1,262	34,483	2,904	2,104	48,074	1,247	6,782	9,902	2,714	13,750	19,099	26,183	40,992	6,188	16,825	6,902	1,226	1,145	12,181	2,525	9,752	29,792	9,420	15,425	32,867	1,622	1,501	9,356	13,224	50,490	5,535	16,254	3,829	4,497	11,599	9,978	2,134	1,456
764	2007	1,260	5,774	7,866	65,413	17,892	9,713	44,034	40,305	12,699	701	38,083	1,905	1,309	2,194	13,785	28,885	8,812	14,857	4,713	12,500	12,917	11,602	897	41,807	54,510	18,488	7,896	2,380	2,316	546	4,845	10,602	1,383	5,598	11,585	23,146	5,636	28,110	25,383	39,752	2,396	7,699	44,481	9,866	10,975	8,634	9,131	32,735	26,178	936	39,999	36,846	13,456	36,817	8,300	2,553	1,253	1,558	1,253	41,278	28,823	6,546	42,231	4,237	19,984	1,542	19,764	7,157	3,871	52,322	15,467	7,588	41,111	27,625	36,311	7,402	10,939	35,893	18,181	2,381	3,831	2,423	29,717	73,097	3,389	11,277	768	20,732	9,378	7,284	2,107	20,138	58,370	21,042	6,228	4,343	1,384	14,685	10,099	1,441	23,048	3,543	12,027	6,197	1,068	2,875	15,519	982	17,210	7,510	766	3,817	3,730	44,009	74,880	1,927	31,784	36,425	4,160	13,492	8,138	5,173	18,067	32,511	1,747	25,477	6,383	4,251	97,913	14,419	20,018	1,291	36,070	3,234	2,138	51,844	1,321	7,139	10,769	2,752	15,216	21,110	27,833	42,400	6,468	18,833	6,780	1,422	1,146	12,695	2,647	10,829	30,806	9,933	16,091	34,761	1,754	1,570	10,356	13,976	50,902	5,908	17,386	4,037	4,516	12,462	10,576	2,319	1,422
765	2008	1,320	6,744	8,522	63,862	18,520	10,081	44,422	40,965	14,073	709	38,117	1,920	1,315	2,321	14,762	30,612	9,199	16,224	4,924	13,164	12,786	12,385	902	41,896	56,055	18,804	8,190	2,435	2,353	579	5,081	10,847	1,419	5,985	11,935	24,257	6,005	28,737	26,186	40,715	2,463	8,454	44,246	10,226	11,475	9,104	9,698	32,844	24,429	990	40,130	36,762	13,330	36,265	8,462	2,726	1,290	1,618	1,271	47,562	28,908	6,605	42,635	4,359	20,717	1,555	20,381	7,633	4,031	49,583	15,740	8,587	40,810	27,858	35,943	7,353	11,378	35,496	18,666	2,357	4,047	2,482	30,118	75,138	3,614	12,479	811	25,141	9,932	7,622	2,178	20,880	56,383	20,342	6,531	4,652	1,459	14,808	10,674	1,460	23,675	3,586	13,550	6,982	1,031	2,896	15,958	1,018	17,866	7,618	809	4,084	3,857	44,841	76,522	2,021	31,445	40,910	4,224	14,467	8,813	5,329	19,012	32,604	1,795	25,591	6,713	4,287	107,402	16,347	21,563	1,365	39,393	3,479	2,147	52,180	1,363	7,313	11,650	2,926	16,227	22,232	28,474	42,190	6,791	18,687	6,600	1,422	1,150	12,768	2,802	12,427	31,434	10,295	16,183	34,762	1,848	1,679	10,824	14,870	50,276	6,278	18,019	4,200	4,549	13,125	10,977	2,505	1,198
