## Sheet: Population (continued)
	A	B	C	D	E	F	G	H	I	J	K	L	M	N	O	P	Q	R	S	T	U	V	W	X	Y	Z	AA	AB	AC	AD	AE	AF	AG	AH	AI	AJ	AK	AL	AM	AN	AO	AP	AQ	AR	AS	AT	AU	AV	AW	AX	AY	AZ	BA	BB	BC	BD	BE	BF	BG	BH	BI	BJ	BK	BL	BM	BN	BO	BP	BQ	BR	BS	BT	BU	BV	BW	BX	BY	BZ	CA	CB	CC	CD	CE	CF	CG	CH	CI	CJ	CK	CL	CM	CN	CO	CP	CQ	CR	CS	CT	CU	CV	CW	CX	CY	CZ	DA	DB	DC	DD	DE	DF	DG	DH	DI	DJ	DK	DL	DM	DN	DO	DP	DQ	DR	DS	DT	DU	DV	DW	DX	DY	DZ	EA	EB	EC	ED	EE	EF	EG	EH	EI	EJ	EK	EL	EM	EN	EO	EP	EQ	ER	ES	ET	EU	EV	EW	EX	EY	EZ	FA	FB	FC	FD	FE	FF	FG	FH	FI	FJ	FK	FL	FM	FN
716	1959	9,625	4,715	1,571	98	20,281	1,796	10,132	7,014	3,741	2,764	9,104	2,019	4,814	53,459	7,798	150	3,185	8,075	3,358	69,580	231	489	1,441	17,872	5,259	7,400	666,005	3,463	5,522	16,253	981	15,447	179	191	1,200	13,565	6,901	567	9,619	72,014	106	59	4,547	3,126	10,696	4,291	26,220	30,373	1,197	24,153	4,395	46,129	442	51,956	4,071	6,761	2,971	342	611	240	8,258	3,970	2,920	1,889	4,021	3,625	9,937	94,506	426,000	2,843	20,932	6,625	172	2,082	49,832	1,599	813	93,297	9,500	7,913	2,096	5,611	23,981	262	2,261	1,739	1,028	1,290	88	9,640	843	2,718	312	2,089	12,074	2,919	5,378	37,328	1,354	4,407	325	22,459	455	929	7,321	1,103	645	3,370	8,196	576	3,836	40,360	1,446	11,348	3,553	9,906	2,331	586	49,104	1,115	9,658	27,685	29,152	2,322	10,103	8,962	1,862	1,101	43	18,226	117,957	2,959	4,614	8,096	3,195	1,587	2,362	2,503	6,590	63	209,928	3,946	1,549	7,446	343	40	4,395	2,991	1,422	26,667	2,009	1,530	817	4,075	27,356	10,468	9,979	7,059	42,006	2,495	177,830	8,223	7,268	30,683	5,744	17,968	16,975	3,173	3,887
717	1960	9,829	4,797	1,623	103	20,616	1,869	10,361	7,047	3,882	2,815	9,119	2,065	4,866	54,593	7,867	157	3,240	8,168	3,434	71,695	232	497	1,467	18,267	5,362	7,585	667,070	3,576	5,609	16,610	1,002	15,953	183	197	1,248	13,654	7,027	573	9,660	72,481	111	60	4,581	3,231	10,909	4,416	26,847	30,641	1,211	24,622	4,430	46,584	446	52,372	4,147	6,958	3,021	352	617	244	8,327	4,100	3,025	1,952	4,036	3,697	9,984	95,961	434,000	2,832	21,548	6,822	176	2,141	50,198	1,632	849	94,092	9,982	8,157	2,171	5,761	24,784	292	2,309	1,786	1,055	1,338	88	9,913	859	2,765	314	2,115	12,423	2,999	5,482	38,579	1,366	4,495	329	22,839	461	955	7,472	1,117	663	3,450	8,428	591	3,913	41,547	1,493	11,486	3,581	10,035	2,372	599	50,387	1,148	9,931	28,529	29,590	2,358	10,448	9,037	1,910	1,113	46	18,403	119,632	3,032	4,718	8,321	3,270	1,646	2,396	2,582	6,659	63	213,780	3,994	1,558	7,480	352	42	4,533	3,042	1,456	27,513	2,081	1,585	841	4,149	28,217	10,861	10,260	7,262	42,644	2,531	180,671	8,531	7,556	31,656	5,872	18,133	17,417	3,254	4,011
718	1961	10,043	4,752	1,677	109	20,951	1,944	10,599	7,086	4,034	2,894	9,166	2,113	4,891	55,709	7,943	164	3,299	8,263	3,513	73,833	230	505	1,495	18,635	5,512	7,773	660,330	3,705	5,699	16,964	1,025	16,476	187	203	1,297	13,779	7,134	579	9,587	73,123	117	60	4,610	3,341	11,122	4,546	27,523	30,904	1,224	25,105	4,461	47,128	450	52,807	4,211	7,154	3,073	363	622	248	8,398	4,232	3,121	2,019	4,055	3,771	10,029	97,610	444,000	2,818	22,181	7,026	179	2,217	50,523	1,648	887	94,943	10,467	8,412	2,255	5,919	25,614	325	2,359	1,836	1,083	1,389	89	10,191	875	2,810	317	2,146	12,736	3,069	5,590	39,836	1,382	4,585	329	23,232	468	982	7,628	1,132	681	3,532	8,663	606	3,993	42,772	1,541	11,639	3,610	10,176	2,432	614	51,719	1,181	10,218	29,410	29,979	2,403	10,714	9,031	1,959	1,110	49	18,567	121,324	3,046	4,828	8,551	3,348	1,702	2,432	2,665	6,728	64	217,618	4,192	1,572	7,520	361	43	4,681	3,095	1,491	28,376	2,163	1,644	861	4,216	29,030	11,235	10,555	7,472	43,196	2,564	183,691	8,868	7,848	32,701	5,994	18,318	17,870	3,337	4,140
719	1962	10,267	4,826	1,728	116	21,284	2,007	10,795	7,130	4,157	2,962	9,218	2,165	4,920	56,803	8,013	172	3,349	8,365	3,594	76,039	229	513	1,523	18,986	5,666	7,961	665,770	3,843	5,794	17,486	1,048	17,010	192	210	1,345	13,858	7,254	576	9,620	73,739	123	61	4,647	3,453	11,001	4,682	28,173	31,158	1,239	25,604	4,491	48,089	456	53,292	4,279	7,355	3,126	374	628	249	8,448	4,367	3,208	2,090	4,077	3,848	10,063	99,620	454,000	2,830	22,837	7,240	182	2,311	50,843	1,665	934	95,832	10,946	8,679	2,333	6,084	26,420	358	2,409	1,887	1,113	1,442	90	10,465	893	2,850	321	2,173	13,057	3,136	5,703	41,121	1,401	4,679	329	23,638	475	1,010	7,789	1,147	701	3,629	8,906	621	4,076	44,033	1,591	11,806	3,639	10,332	2,489	628	53,101	1,216	10,516	30,325	30,330	2,448	10,988	9,020	2,010	1,133	54	18,681	122,878	3,051	4,943	8,788	3,430	1,750	2,468	2,748	6,786	65	221,227	4,237	1,583	7,562	370	44	4,835	3,150	1,528	29,263	2,253	1,705	887	4,287	29,789	11,615	10,864	7,689	43,697	2,598	186,538	9,210	8,143	33,796	6,120	18,500	18,357	3,421	4,278
720	1963	10,501	4,920	1,780	124	21,616	2,066	11,001	7,176	4,283	3,008	9,283	2,217	4,953	58,186	8,078	179	3,399	8,439	3,678	78,317	231	521	1,553	19,343	5,789	8,147	682,335	4,002	5,892	18,027	1,072	17,546	196	217	1,393	13,948	7,415	582	9,666	74,340	129	62	4,684	3,569	11,273	4,822	28,821	31,430	1,255	26,121	4,523	48,799	461	53,625	4,344	7,564	3,181	386	634	250	8,480	4,506	3,288	2,166	4,099	3,928	10,091	101,674	464,000	2,850	23,512	7,468	185	2,407	51,198	1,698	975	96,812	11,312	8,957	2,413	6,254	27,211	394	2,460	1,940	1,144	1,499	91	10,735	912	2,886	324	2,199	13,385	3,205	5,821	42,434	1,422	4,775	328	24,057	480	1,031	7,957	1,162	715	3,726	9,148	637	4,163	45,333	1,642	11,966	3,667	10,500	2,541	645	54,524	1,251	10,826	31,273	30,662	2,497	11,288	9,082	2,062	1,156	59	18,813	124,277	3,129	5,065	9,031	3,516	1,795	2,505	2,836	6,843	66	224,585	4,282	1,595	7,604	380	45	4,993	3,208	1,566	30,174	2,340	1,765	904	4,374	30,509	11,999	11,185	7,914	44,256	2,632	189,242	9,547	8,444	34,932	6,248	18,685	18,857	3,508	4,412
721	1964	10,744	5,026	1,832	133	21,949	2,135	11,218	7,224	4,430	3,089	9,367	2,271	4,990	59,359	8,144	186	3,445	8,502	3,764	80,667	233	530	1,585	19,711	5,887	8,330	698,355	4,171	5,996	18,433	1,097	18,090	201	224	1,440	14,052	7,612	586	9,726	74,954	135	63	4,720	3,687	11,613	4,968	29,533	31,741	1,272	26,654	4,549	49,357	468	53,991	4,407	7,782	3,236	399	610	252	8,510	4,650	3,366	2,246	4,114	4,010	10,124	103,772	474,000	2,864	24,218	7,711	189	2,498	51,600	1,739	1,017	97,826	11,602	9,248	2,495	6,427	27,984	433	2,512	1,996	1,176	1,560	92	10,996	932	2,923	328	2,227	13,722	3,271	5,944	43,775	1,445	4,875	324	24,490	487	1,061	8,127	1,178	736	3,816	9,397	654	4,252	46,675	1,695	12,127	3,694	10,677	2,592	662	55,988	1,288	11,144	32,254	30,976	2,552	11,615	9,122	2,115	1,182	65	18,927	125,522	3,184	5,192	9,273	3,636	1,842	2,543	2,924	6,901	67	227,698	4,326	1,606	7,661	389	47	5,157	3,271	1,606	31,107	2,424	1,825	924	4,468	31,227	12,385	11,522	8,147	44,786	2,664	191,889	9,878	8,752	36,099	6,378	18,852	19,371	3,599	4,537
722	1965	10,998	5,135	1,884	144	22,283	2,206	11,439	7,271	4,567	3,171	9,448	2,328	5,032	60,284	8,201	191	3,493	8,591	3,853	83,093	235	538	1,628	20,071	5,943	8,510	715,185	4,356	6,104	18,856	1,124	18,646	206	232	1,488	14,147	7,810	591	9,777	75,639	142	64	4,758	3,806	11,963	5,118	30,265	32,085	1,288	27,204	4,564	49,802	474	54,350	4,465	8,010	3,293	412	604	253	8,550	4,746	3,443	2,329	4,133	4,094	10,153	105,913	485,000	2,876	24,949	7,971	192	2,578	51,987	1,777	1,061	98,883	11,902	9,549	2,573	6,602	28,705	476	2,565	2,058	1,209	1,624	94	11,261	952	2,959	332	2,254	14,066	3,334	6,070	45,142	1,470	4,978	319	24,937	491	1,090	8,301	1,195	756	3,914	9,648	671	4,344	48,064	1,750	12,292	3,723	10,862	2,640	679	57,495	1,326	11,467	33,268	31,262	2,597	11,964	9,129	2,170	1,211	71	19,027	126,541	3,265	5,327	9,497	3,744	1,887	2,582	3,018	6,959	69	230,513	4,370	1,620	7,734	399	48	5,326	3,345	1,648	32,062	2,511	1,882	939	4,566	31,951	12,766	11,870	8,389	45,235	2,693	194,303	10,206	9,068	37,258	6,510	19,038	19,898	3,694	4,685
723	1966	11,262	5,201	1,933	157	22,612	2,274	11,655	7,322	4,702	3,254	9,508	2,387	5,077	61,496	8,258	197	3,541	8,694	3,945	85,557	236	546	1,685	20,448	5,996	8,686	735,400	4,564	6,217	19,343	1,151	19,202	212	239	1,538	14,224	7,985	595	9,815	76,206	149	65	4,798	3,926	12,339	5,273	30,986	32,452	1,300	27,771	4,581	50,254	482	54,643	4,518	8,245	3,352	426	598	256	8,614	4,843	3,521	2,414	4,156	4,179	10,185	108,103	495,000	2,884	25,708	8,240	196	2,641	52,332	1,820	1,107	99,790	12,180	9,864	2,655	6,780	29,436	523	2,619	2,122	1,244	1,694	96	11,533	974	2,997	334	2,279	14,415	3,394	6,200	46,538	1,490	5,084	317	25,399	497	1,119	8,486	1,212	774	4,023	9,900	689	4,438	49,491	1,807	12,455	3,754	11,057	2,688	697	59,046	1,365	11,796	34,304	31,532	2,627	12,337	9,109	2,228	1,236	78	19,141	127,415	3,358	5,469	9,725	3,857	1,934	2,622	3,128	7,016	70	233,139	4,409	1,632	7,808	410	49	5,500	3,419	1,691	33,036	2,593	1,936	953	4,676	32,678	13,140	12,231	8,640	45,674	2,721	196,560	10,530	9,387	38,378	6,625	19,221	20,440	3,794	4,836
724	1967	11,538	5,247	1,984	172	22,934	2,338	11,872	7,377	4,827	3,331	9,556	2,448	5,128	62,765	8,310	202	3,585	8,787	4,041	88,050	238	554	1,734	20,820	6,063	8,859	754,550	4,790	6,336	19,941	1,180	19,764	217	247	1,589	14,277	8,139	599	9,835	76,368	157	66	4,839	4,049	12,760	5,432	31,681	32,850	1,312	28,344	4,606	50,650	489	54,959	4,565	8,490	3,411	440	601	260	8,716	4,942	3,600	2,501	4,174	4,267	10,223	110,339	506,000	2,900	26,477	8,519	199	2,694	52,667	1,861	1,255	100,825	12,452	10,192	2,737	6,961	30,131	575	2,674	2,187	1,280	1,759	98	11,807	996	3,034	335	2,301	14,770	3,452	6,335	47,996	1,512	5,194	319	25,876	501	1,150	8,681	1,231	789	4,152	10,155	707	4,534	50,949	1,865	12,597	3,786	11,262	2,728	715	60,642	1,405	12,132	35,357	31,785	2,649	12,732	9,103	2,288	1,143	86	19,285	128,184	3,451	5,618	9,992	3,966	1,978	2,662	3,233	7,074	71	235,630	4,442	1,647	7,868	421	50	5,681	3,496	1,736	34,024	2,672	1,994	960	4,787	33,411	13,460	12,607	8,900	46,111	2,749	198,712	10,864	9,710	39,464	6,741	19,390	20,997	3,900	4,995
725	1968	11,825	5,350	2,039	191	23,261	2,402	12,102	7,415	4,945	3,401	9,590	2,511	5,183	64,072	8,370	208	3,627	8,865	4,139	90,569	240	562	1,763	21,143	6,132	9,030	774,510	5,038	6,460	20,571	1,210	20,322	223	254	1,638	14,323	8,284	604	9,851	76,584	164	68	4,867	4,173	13,146	5,597	32,338	33,239	1,324	28,943	4,626	51,034	497	55,214	4,607	8,744	3,472	454	611	263	8,741	5,045	3,677	2,591	4,190	4,356	10,264	112,623	518,000	2,912	27,254	8,808	201	2,747	52,987	1,893	1,383	101,961	12,692	10,532	2,818	7,143	30,838	632	2,730	2,254	1,318	1,834	99	12,085	1,019	3,069	336	2,322	15,137	3,506	6,473	49,519	1,533	5,307	319	26,368	506	1,181	8,884	1,249	804	4,273	10,409	725	4,633	52,445	1,926	12,725	3,819	11,473	2,759	735	62,282	1,447	12,476	36,424	32,035	2,674	13,150	9,115	2,349	1,000	95	19,721	128,876	3,548	5,775	10,261	4,074	2,012	2,704	3,347	7,132	72	237,983	4,472	1,658	7,912	432	51	5,867	3,572	1,782	35,028	2,759	2,054	963	4,894	34,165	13,918	12,988	9,170	46,510	2,777	200,706	11,232	10,041	40,512	6,859	19,552	21,569	4,009	5,172
726	1969	12,123	5,472	2,100	218	23,600	2,463	12,379	7,441	5,059	3,460	9,613	2,577	5,243	65,417	8,434	214	3,669	8,946	4,241	93,114	239	572	1,795	21,448	6,212	9,199	796,025	5,299	6,590	21,179	1,240	20,869	230	262	1,687	14,284	8,421	609	9,807	77,144	172	69	4,891	4,298	13,528	5,766	32,966	33,566	1,343	29,574	4,624	51,470	504	55,461	4,650	9,009	3,534	469	616	267	8,773	5,151	3,752	2,685	4,201	4,447	10,303	114,956	529,000	2,926	28,046	9,106	203	2,817	53,317	1,920	1,454	103,172	12,900	10,888	2,896	7,329	31,544	690	2,787	2,320	1,357	1,923	101	12,356	1,043	3,102	338	2,342	15,517	3,549	6,616	51,111	1,554	5,425	323	26,874	510	1,214	9,093	1,269	816	4,393	10,662	745	4,735	53,990	1,988	12,873	3,851	11,692	2,788	756	63,970	1,489	12,829	37,507	32,281	2,722	13,592	9,097	2,412	1,006	105	20,010	129,573	3,657	5,939	10,532	4,193	2,042	2,746	3,469	7,190	73	240,253	4,478	1,667	7,968	443	53	6,059	3,649	1,830	36,050	2,850	2,116	963	4,996	34,952	14,200	13,390	9,450	46,871	2,802	202,677	11,591	10,389	41,542	6,978	19,705	22,157	4,123	5,353
