## Sheet: Population (continued)
	A	B	C	D	E	F	G	H	I	J	K	L	M	N	O	P	Q	R	S	T	U	V	W	X	Y	Z	AA	AB	AC	AD	AE	AF	AG	AH	AI	AJ	AK	AL	AM	AN	AO	AP	AQ	AR	AS	AT	AU	AV	AW	AX	AY	AZ	BA	BB	BC	BD	BE	BF	BG	BH	BI	BJ	BK	BL	BM	BN	BO	BP	BQ	BR	BS	BT	BU	BV	BW	BX	BY	BZ	CA	CB	CC	CD	CE	CF	CG	CH	CI	CJ	CK	CL	CM	CN	CO	CP	CQ	CR	CS	CT	CU	CV	CW	CX	CY	CZ	DA	DB	DC	DD	DE	DF	DG	DH	DI	DJ	DK	DL	DM	DN	DO	DP	DQ	DR	DS	DT	DU	DV	DW	DX	DY	DZ	EA	EB	EC	ED	EE	EF	EG	EH	EI	EJ	EK	EL	EM	EN	EO	EP	EQ	ER	ES	ET	EU	EV	EW	EX	EY	EZ	FA	FB	FC	FD	FE	FF	FG	FH	FI	FJ	FK	FL	FM	FN
680	1923			947		9,707		5,697	6,543			7,635				5,365				2,212	29,126				9,256	3,883	3,866	477,037					6,709			440	13,293	3,257			62,307		21	3,356			1,835		21,847			3,243	39,880		44,596							6,010	1,648	579	800		2,209	8,173	56,847	313,600	3,014					38,460	891		57,937					12,526							5,426								15,367				13,491							3,779				650	7,150	2,713		1,326			493	4,914	11,358	25,569	1,383		6,223	749			12,843						458		1,240			153,055			5,997						10,435			376		13,877	3,904				1,465	112,387		3,049			12,987			
681	1924			952		10,054		5,819	6,562			7,707				5,476				2,237	29,723				9,394	3,896	3,917	478,728					6,882			450	13,413	3,345			62,697		22	3,389			1,850		22,069			3,272	40,310		44,915							6,000	1,665	603	820		2,239	8,232	57,486	316,700	3,005					38,810	900		58,686					12,777							5,452								15,609				13,633							3,863				660	7,264	2,729		1,350			495	4,992	11,577	25,992	1,407		6,300	767			13,020						469		1,270			155,581			6,021						10,673			379		13,968	3,959				1,498	114,558		3,077			13,180			
682	1925			956		10,358		5,943	6,582			7,779				5,590				2,263	30,332				9,549	3,910	3,970	480,425					7,061			460	13,537	3,432			63,166		23	3,425			1,865		22,292			3,304	40,610		45,059							5,958	1,682	628	850		2,268	8,299	58,135	319,900	2,985					39,165	910		59,522					13,005							5,505								15,854				13,776							3,949				660	7,366	2,747		1,382			497	5,070	11,800	26,425	1,431		6,378	785			13,209						492		1,300			158,983			6,045						10,916			382		14,059	4,048				1,534	116,284		3,114			13,378			
683	1926			962		10,652		6,064	6,603			7,844				5,705				2,289	30,953				9,713	3,932	4,025	482,128					7,243			470	13,644	3,519			63,630		24	3,452			1,881		22,518			3,339	40,870		45,232							6,042	1,699	615	880		2,298	8,383	58,807	323,200	2,971					39,502	930		60,490					13,179							5,545								16,103				13,921							4,038				670	7,471	2,763		1,412			499	5,150	12,026	26,815	1,455		6,457	803			13,399						511		1,330			162,621			6,064						11,165			385		14,151	4,140				1,571	117,857		3,152			13,578			
684	1927			967		10,965		6,188	6,623			7,904				5,798				2,316	31,587				9,905	3,956	4,081	483,837					7,431			470	13,728	3,606			64,023		25	3,475			1,896		22,747			3,368	40,940		45,389							6,127	1,717	628	890		2,328	8,454	59,501	326,400	2,957					39,848	946		61,430					13,356							5,591								16,356				14,067							4,128				670	7,576	2,775		1,437			502	5,230	12,305	27,148	1,478		6,538	822			13,574						532		1,350			166,117			6,081						11,419			388		14,250	4,232				1,608	119,502		3,185			13,780			
685	1928			972		11,282		6,304	6,643			7,968				5,873				2,343	32,234				10,107	3,988	4,140	485,552					7,624			480	13,807	3,693			64,393		26	3,497			1,912		22,977			3,396	41,050		45,578							6,205	1,735	652	910		2,359	8,520	60,250	329,700	2,944					40,186	966		62,361					13,535							5,730								16,613				14,215							4,221				670	7,679	2,785		1,454			504	5,312	12,543	27,509	1,502		6,619	841			13,760						553		1,390			169,269			6,097						11,734			392		14,476	4,330				1,646	120,971		3,221			13,986			
686	1929			977		11,592		6,396	6,664			8,032				5,950				2,370	32,894				10,305	4,022	4,202	487,273					7,821			490	13,884	3,742			64,739		27	3,518			1,928		23,210			3,424	41,230		45,672							6,275	1,753	680	930		2,390	8,583	61,019	333,100	2,937					40,469	985		63,244					13,716							5,669								16,875				14,364							4,316				680	7,782	2,795		1,471			506	5,396	12,890	27,856	1,526		6,701	860			13,952						575		1,410			172,017			6,113						12,058			398		14,705	4,437				1,685	122,245		3,259			14,194			
687	1930			982		11,896		6,469	6,684			8,076				6,027				2,397	33,568				10,488	4,051	4,266	489,000					7,914			500	13,964	3,837			65,084		27	3,542			1,944		23,445			3,449	41,610		45,866							6,351	1,771	711	950		2,422	8,649	61,805	336,400	2,927					40,791	1,009		64,203					13,900							5,707								17,175				14,515							4,413				680	7,884	2,807		1,493			515	5,480	13,194	28,204	1,552		6,784	880			14,141						596		1,440			174,212			6,131						12,392			405		14,928	4,563				1,713	123,668		3,300			14,407			
688	1931			988		12,167		6,527	6,705			8,126				6,106				2,425	34,256				10,657	4,080	4,332	492,640					8,009			510	14,052	3,910			65,423		28	3,569			1,995		23,675			3,476	41,860		46,074							6,440	1,810	728	970		2,453	8,723	62,878	341,000	2,933					41,132	1,039		65,205					14,117							5,748								17,480				14,667							4,513				690	7,999	2,824		1,514			527	5,569	13,507	28,615	1,584		6,869	901			14,355						563		1,460			175,987			6,152						12,735			412		15,174	4,684				1,741	124,633		3,336			14,618			
689	1932			993		12,402		6,579	6,725			8,186				6,186				2,453	34,957				10,794	4,102	4,401	496,307					8,104			520	14,138	3,984			65,716		29	3,603			2,050		23,897			3,503	41,860		46,335							6,516	1,860	781	990		2,485	8,785	63,986	345,800	2,949					41,431	1,061		66,189					14,338							5,788								17,790				14,870							4,604				690	8,123	2,842		1,527			543	5,660	13,829	29,022	1,615		6,954	922			14,554						580		1,470			176,807			6,176						13,087			417		15,414	4,806				1,770	125,436		3,368			14,819			
690	1933			998		12,623		6,631	6,746			8,231				6,267				2,482	35,673				10,919	4,122	4,473	500,000					8,201			530	14,216	4,060			66,027		30	3,633			2,095		24,122			3,526	41,890		46,520							6,591	1,910	800	1,010		2,517	8,848	65,131	350,700	2,962					41,753	1,082		67,182					14,562							5,825								18,115				15,075							4,697				700	8,237	2,858		1,540			559	5,752	14,158	29,421	1,647		7,040	944			14,730						515		1,490			177,401			6,201						13,399			422		15,658	4,932				1,799	126,180		3,401			15,022			
691	1934			1,003		12,834		6,682	6,760			8,262				6,349				2,511	36,404				11,030	4,140	4,548	502,639					8,299			540	14,282	4,137			66,409		31	3,666			2,140		24,349			3,549	41,950		46,666							6,688	1,940	818	1,020		2,549	8,919	66,314	355,600	2,971					42,093	1,098		68,090					14,789							5,872								18,445				15,283							4,793				710	8,341	2,874		1,552			576	5,846	14,497	29,771	1,679		7,127	966			14,924						525		1,510			178,453			6,222						13,718			428		15,906	5,063				1,829	126,978		3,431			15,228			
692	1935			1,009		13,044		6,732	6,761			8,288				6,415				2,540	37,150				11,136	4,155	4,625	505,292					8,398			550	14,339	4,221			66,871		32	3,695			2,196		24,579			3,576	41,940		46,868							6,793	1,980	837	1,040		2,582	8,985	67,538	360,600	2,971					42,429	1,113		69,238					15,020							5,897								18,781				15,494							4,890				730	8,434	2,889		1,562			592	5,941	14,843	30,129	1,710		7,216	988			15,069						572		1,530			179,636			6,242						14,045			435		16,158	5,179				1,859	127,859		3,465			15,439			
693	1936			1,014		13,260		6,783	6,758			8,315				6,469				2,569	37,911				11,243	4,168	4,706	507,959					8,498			560	14,387	4,289			67,349		33	3,722			2,249		24,810			3,601	41,910		47,081							6,886	2,020	856	1,060		2,615	9,046	68,807	365,700	2,967					42,750	1,130		70,171					15,139							5,943								19,040				15,708							4,993				750	8,516	2,904		1,573			608	6,038	15,199	30,471	1,743		7,305	1,012			15,256						603		1,550			181,502			6,259						14,379			442		16,434	5,297				1,889	128,681		3,510			15,651			
694	1937			1,030		13,490		6,841	6,755			8,346				6,514				2,599	38,687				11,341	4,180	4,789	510,640					8,599			580	14,429	4,357			67,831		34	3,749			2,298		25,043			3,626	41,930		47,289							6,973	2,070	1,111	1,080		2,648	9,107	70,121	370,900	2,948					43,068	1,142		71,278					15,260							5,989								19,370				15,925							5,099				770	8,599	2,919		1,587			623	6,137	15,563	30,791	1,777		7,396	1,036			15,434						651		1,570			184,626			6,276						14,721			450		16,725	5,432				1,921	129,464		3,565			15,860			
695	1938			1,040		13,724		6,904	6,753			8,374				6,564				2,629	39,480				11,452	4,192	4,875	513,336					8,702			590	14,603	4,428			68,558		35	3,777			2,355		25,279			3,656	41,960		47,494							7,061	2,110	1,281	1,100		2,682	9,167	71,484	376,100	2,937					43,419	1,163		71,879					15,381							6,045								19,705				16,145							5,207				780	8,685	2,936		1,604			640	6,237	15,934	31,062	1,810		7,488	1,061			15,601						710		1,590			188,498			6,297						14,980			458		17,016	5,552				1,952	130,476		3,623			16,084			
696	1939			1,070		13,984		6,971	6,653			8,392				6,614				2,659	40,289				11,570	4,206	4,964	516,046					8,935			610	14,683	4,497			69,286		36	3,805			2,412		25,517			3,686	41,900		47,991							7,156	2,150	1,516	1,120		2,716	9,227	72,903	381,400	2,934					43,865	1,191		72,364					15,504							6,095								20,047				16,368							5,317				810	8,782	2,954		1,627			656	6,338	16,275	31,365	1,844		7,581	1,086			15,751						728		1,610			192,379			6,326						15,244			466		17,517	5,680				1,944	131,539		3,699			16,305			
697	1940			1,088		14,169		7,042	6,705			8,346				6,666				2,690	41,114				11,688	4,226	5,056	518,770					9,174			620	14,713	4,566			69,835		37	3,832			2,466		25,757			3,698	41,000		48,226							7,280	2,200	1,547	1,150		2,751	9,287	74,376	386,800	2,958					44,341	1,212		72,967					15,627							6,134								20,393				16,594							5,434				830	8,879	2,973		1,636			697	6,440	16,585	30,021	1,880		7,675	1,111			15,907						751		1,630			195,970			6,356						15,513			476		17,821	5,837				1,965	132,637		3,784			16,300			
698	1941			1,100		14,402		7,111	6,745			8,276				6,715				2,721	42,069				11,818	4,254	5,151	521,508					9,419			630	14,671	4,635			70,244		37	3,863			2,541		25,979			3,702	39,600		48,216							7,362	2,250	1,420	1,170		2,786	9,344	75,588	391,700	2,993					44,734	1,230		74,005					15,859							6,169								20,955				16,824							5,554				840	8,966	2,990		1,629			720	6,550	16,902		1,935		7,757	1,137			15,774						769		1,650						6,389						15,787			492		18,011	6,002				1,987	133,922		3,858						
699	1942			1,117		14,638		7,173	6,783			8,247				6,771				2,753	43,069				11,969	4,286	5,248	524,261					9,671			650	14,577	4,704			70,834		38	3,903			2,575		26,182			3,708	39,400		48,400							7,339	2,300		1,200		2,820	9,396	76,785	396,300	2,963					45,004	1,254		75,029					16,094							6,191								21,532				16,727							5,592				860	9,042	3,009		1,639			773	6,662	17,169		1,987		7,826	1,164			15,839								1,680						6,432						16,060			510		18,203	6,174				2,010	135,386		3,934						
700	1943			1,119		14,877		7,236	6,808			8,242				6,828				2,785	44,093				12,115	4,323	5,348	527,028					9,930			660	14,538	4,779			70,411		39	3,949			2,641		26,387			3,721	39,000		48,789							7,297	2,340		1,210		2,856	9,442	77,615	400,900	2,946					45,177	1,249		76,005					16,332							6,296								22,125				16,908							5,630				880	9,103	3,032		1,633			795	6,776	17,552		2,033		7,896	1,191			15,840								1,690						6,490						16,462			525		18,396	6,325				2,032	137,272		4,020						
701	1944			1,122		15,130		7,309	6,834			8,291				6,885				2,817	45,141				12,268	4,364	5,449	529,810					10,196			680	14,593	4,849			69,865		40	3,998			2,712		26,594			3,735	38,900		49,016							7,284	2,390		1,240		2,892	9,497	77,646	405,600	2,944					45,290	1,259		77,178					16,574							6,442								22,734				17,090							5,668				900	9,175	3,060		1,654			784	6,892	17,887		2,062		7,967	1,219			15,946								1,720						6,560						16,868			536		18,592	6,266				2,055	138,937		4,114						
702	1945			1,138		15,390		7,389	6,799			8,339				6,942				2,850	46,215				12,404	4,412	5,552	532,607					10,469			700	14,152	4,932			67,000		41	4,045			2,781		26,802			3,758	39,700		49,182							7,322	2,440		1,260		2,928	9,024	77,545	410,400	2,952					45,442	1,266		76,224					17,917							6,650								23,724				17,272							5,707				920	9,262	3,091		1,688			791	7,010	18,228		2,099		8,038	1,247			15,929								1,740						6,635						17,284			547		18,790	6,140				2,081	140,474		4,223						
