## Sheet: Population (continued)
	A	B	C	D	E	F	G	H	I	J	K	L	M	N	O	P	Q	R	S	T	U	V	W	X	Y	Z	AA	AB	AC	AD	AE	AF	AG	AH	AI	AJ	AK	AL	AM	AN	AO	AP	AQ	AR	AS	AT	AU	AV	AW	AX	AY	AZ	BA	BB	BC	BD	BE	BF	BG	BH	BI	BJ	BK	BL	BM	BN	BO	BP	BQ	BR	BS	BT	BU	BV	BW	BX	BY	BZ	CA	CB	CC	CD	CE	CF	CG	CH	CI	CJ	CK	CL	CM	CN	CO	CP	CQ	CR	CS	CT	CU	CV	CW	CX	CY	CZ	DA	DB	DC	DD	DE	DF	DG	DH	DI	DJ	DK	DL	DM	DN	DO	DP	DQ	DR	DS	DT	DU	DV	DW	DX	DY	DZ	EA	EB	EC	ED	EE	EF	EG	EH	EI	EJ	EK	EL	EM	EN	EO	EP	EQ	ER	ES	ET	EU	EV	EW	EX	EY	EZ	FA	FB	FC	FD	FE	FF	FG	FH	FI	FJ	FK	FL	FM	FN
581	1824							332	3,436			3,557														2,031	845	391,962													26,307			1,213					12,532			1,235	32,127		22,407							2,398							18,530	212,389	7,403					20,701			31,132																																				2,474	1,028											3,373																		2,708																	11,277								
582	1825							333	3,452			3,589														2,042	864	394,752													26,650			1,228					12,615			1,252	32,350		22,698							2,420							18,684	213,245	7,472					20,834			31,164																																				2,514	1,044											3,393																		2,749																	11,602								
583	1826							330	3,469			3,620														2,054	884	397,561													26,964			1,243					12,699			1,268	32,538		22,996							2,443							18,839	214,105	7,542					20,968			31,197																																				2,543	1,062											3,412																		2,788																	11,928								
584	1827							328	3,486			3,652														2,065	904	400,391													27,249			1,255					12,784			1,310	32,727		23,275							2,465							18,996	214,967	7,612					21,103			31,231																																				2,561	1,079											3,432																		2,816																	12,251								
585	1828							326	3,504			3,685														2,077	924	403,240													27,540			1,265					12,869			1,326	32,917		23,560							2,488							19,154	215,834	7,683					21,239			31,264																																				2,585	1,093											3,452																		2,837																	12,581								
586	1829							326	3,521			3,717														2,088	944	406,110													27,807			1,270					12,955			1,343	33,108		23,847							2,511							19,313	216,703	7,755					21,376			31,297																																				2,610	1,108											3,472																		2,855																	12,906								
587	1830							330	3,538			3,750													1,169	2,100	965	409,000													28,045			1,273					13,041			1,364	33,300		24,139							2,534							19,473	217,577	7,827					21,513			31,330																																				2,633	1,124		100									3,491																		2,876																	13,240								
588	1831							333	3,555			3,782														2,112	986	409,299													28,283			1,275					13,128			1,374	33,439		24,433							2,557							19,635	218,453	7,900					21,652			31,363																																				2,653	1,137											3,512																		2,895																	13,659								
589	1832							338	3,573			3,814														2,123	1,007	409,598													28,535			1,276					13,216			1,378	33,598		24,684							2,581							19,798	219,334	7,949					21,791			31,396																																				2,665	1,150											3,532																		2,912																	14,078								
590	1833							349	3,590			3,846														2,135	1,028	409,898													28,801			1,284					13,304			1,383	33,718		24,937							2,605							19,962	220,218	7,998					21,932			31,429																																				2,683	1,163											3,552																		2,941																	14,496								
591	1834							354	3,608			3,879														2,147	1,050	410,197													29,071			1,295					13,392			1,387	33,859		25,194							2,629							20,128	221,105	8,047					22,073			31,463																																				2,707	1,174											3,475																		2,971																	14,915								
592	1835							358	3,626			3,912														2,159	1,071	410,497													29,390			1,306					13,482			1,391	34,000		25,452							2,653							20,296	221,996	8,096					22,215			31,496																																				2,732	1,188											3,595																		3,004																	15,334								
593	1836							367	3,614			3,945														2,171	1,093	410,797													29,702			1,315					13,571			1,399	34,178		25,715							2,677							20,464	222,891	8,146					22,358			31,529																																				2,762	1,202											3,617																		3,042																	15,753								
594	1837							373	3,662			3,978														2,183	1,115	411,098													30,013			1,325					13,662			1,409	34,357		25,968							2,702							20,634	223,789	8,196					22,502			31,563																																				2,791	1,214											3,639																		3,068																	16,171								
595	1838							388	3,680			4,012														2,195	1,137	411,398													30,365			1,335					13,753			1,420	34,537		26,223							2,727							20,806	224,691	8,247					22,647			31,596																																				2,821	1,224											3,661																		3,083																	16,591								
596	1839							403	3,698			4,046														2,208	1,159	411,699													30,746			1,347					13,845			1,430	34,718		26,483							2,752							20,978	225,596	8,298					22,793			31,630																																				2,853	1,233											3,683																		3,098																	17,009								
597	1840							420	3,716			4,080													1,697	2,220	1,181	412,000													31,126			1,357					13,937			1,441	34,900		26,745							2,777							21,153	226,505	8,349					22,939			31,663																																				2,886	1,241		70									3,704																		3,123																	17,444								
598	1841							448	3,739			4,115														2,235	1,203	412,000													31,475			1,371					14,030			1,456	35,059		27,004							2,803							21,328	227,418	8,400					23,087			31,697																																				2,921	1,254											3,715																		3,156																	18,056								
599	1842							465	3,762			4,151														2,251	1,225	412,000													31,787			1,385					14,123			1,476	35,218		27,277							2,829							21,506	228,334	8,422					23,236			31,730																																				2,952	1,271											3,726																		3,190																	18,667								
600	1843							472	3,785			4,187														2,266	1,248	412,000													32,086			1,392					14,217			1,495	35,378		27,511							2,855							21,684	229,254	8,441					23,385			31,764																																				2,981	1,286											3,738																		3,221																	19,279								
601	1844							482	3,808			4,223														2,282	1,271	412,000													32,394			1,414					14,312			1,516	35,539		27,785							2,881							21,864	230,178	8,479					23,536			31,797																																				3,014	1,302											3,749																		3,256																	19,890								
602	1845							494	3,831			4,259														2,298	1,293	412,000													32,743			1,430					14,407			1,536	35,700		28,040							2,908							22,046	231,106	8,497					23,687			31,831																																				3,047	1,319											3,760																		3,296																	20,503								
603	1846							505	3,855			4,296														2,314	1,316	412,000													33,059			1,444					14,503			1,555	35,829		28,272							2,934							22,229	232,037	8,490					23,840			31,865																																				3,069	1,337											3,771																		3,330																	21,114								
604	1847							518	3,878			4,333														2,330	1,339	412,000													33,231			1,456					14,600			1,573	35,959		28,118							2,961							22,414	232,972	8,205					23,993			31,899																																				3,071	1,351											3,783																		3,352																	21,726								
605	1848							538	3,902			4,371														2,346	1,363	412,000													33,289			1,470					14,697			1,591	36,089		27,683							2,989							22,600	233,911	7,640					24,148			31,932																																				3,069	1,363											3,794																		3,380																	22,337								
606	1849							576	3,926			4,408														2,363	1,386	412,000													33,452			1,484					14,795			1,610	36,219		27,429							3,016							22,788	234,854	7,256					24,303			31,966																																				3,076	1,377											3,804																		3,419																	22,950								
607	1850			500		1,100		605	3,950			4,449				2,500				1,374	7,234				2,485	2,379	1,410	412,000					2,065			101	9,250	1,186			33,746		3	1,499			816		14,894			1,628	36,350		27,181							3,044	850	29	350		938	5,161	22,977	235,800	6,878					24,460	399		32,000					9,545							2,217								7,662				3,932							530				300	3,098	1,392	4,352	90			135	2,001	3,612	13,000	495		3,816	350			8,000						56		366			73,750			3,462						5,230			80			2,200				132	23,580		1,324			6,000			
608	1851							636	3,978			4,477														2,399	1,434	408,359													34,055			1,517					14,974			1,642	36,479		26,945							3,072							23,243	236,632	6,514					24,617			32,118																																				3,133	1,409											3,827																		3,500																	24,405								
609	1852							710	4,006			4,506														2,406	1,458	404,749													34,290			1,536					15,055			1,652	36,609		27,076							3,100							23,512	237,466	6,337					24,776			32,236																																				3,167	1,425											3,839																		3,529																	25,231								
610	1853							795	4,035			4,534														2,412	1,482	401,172													34,422			1,552					15,136			1,663	36,739		27,248							3,129							23,784	238,303	6,199					24,935			32,354																																				3,194	1,440											3,850																		3,552																	26,157								
611	1854							887	4,063			4,563														2,427	1,507	397,626													34,531			1,569					15,217			1,673	36,869		27,446							3,158							24,059	239,144	6,083					25,096			32,473																																				3,218	1,457											3,858																		3,586																	26,882								
612	1855							983	4,092			4,592														2,442	1,532	394,112													34,586			1,590					15,299			1,683	37,000		27,697							3,187							24,338	239,987	6,015					25,257			32,593																																				3,235	1,479											3,867																		3,625																	27,708								
613	1856							1,065	4,120			4,621														2,457	1,557	390,628													34,715			1,612					15,381			1,692	37,060		27,978							3,216							24,619	240,833	5,973					25,420			32,712																																				3,253	1,501											3,875																		3,657																	28,535								
614	1857							1,156	4,150			4,651														2,471	1,582	387,176													34,979			1,634					15,455			1,703	37,120		28,186							3,246							24,904	241,683	5,919					25,584			32,833																																				3,277	1,521											3,889																		3,680																	29,360								
615	1858							1,235	4,178			4,680														2,484	1,608	383,754													35,278			1,653					15,526			1,715	37,180		28,422							3,273							25,192	242,535	5,891					25,748			32,953																																				3,294	1,543											3,925																		3,711																	30,186								
616	1859							1,279	4,206			4,710														2,497	1,634	380,362													35,633			1,674					15,584			1,726	37,240		28,660							3,306							25,484	243,390	5,862					25,914			33,075																																				3,304	1,570											3,963																		3,761																	31,012								
617	1860							1,326	4,235			4,740													3,369	2,510	1,661	377,000													36,049			1,696					15,642			1,738	37,300		28,888							3,336							25,779	244,249	5,821					26,081			33,196																																				3,318	1,596		132									4,000																		3,824																	31,839								
618	1861							1,346	4,263			4,774														2,524	1,687	375,055													36,435			1,717					15,699			1,754	37,390		29,128							3,367							26,077	245,110	5,788					26,249			33,318																																				3,340	1,614											4,074																		3,888																	32,678								
