## Sheet: Population (continued)
	A	B	C	D	E	F	G	H	I	J	K	L	M	N	O	P	Q	R	S	T	U	V	W	X	Y	Z	AA	AB	AC	AD	AE	AF	AG	AH	AI	AJ	AK	AL	AM	AN	AO	AP	AQ	AR	AS	AT	AU	AV	AW	AX	AY	AZ	BA	BB	BC	BD	BE	BF	BG	BH	BI	BJ	BK	BL	BM	BN	BO	BP	BQ	BR	BS	BT	BU	BV	BW	BX	BY	BZ	CA	CB	CC	CD	CE	CF	CG	CH	CI	CJ	CK	CL	CM	CN	CO	CP	CQ	CR	CS	CT	CU	CV	CW	CX	CY	CZ	DA	DB	DC	DD	DE	DF	DG	DH	DI	DJ	DK	DL	DM	DN	DO	DP	DQ	DR	DS	DT	DU	DV	DW	DX	DY	DZ	EA	EB	EC	ED	EE	EF	EG	EH	EI	EJ	EK	EL	EM	EN	EO	EP	EQ	ER	ES	ET	EU	EV	EW	EX	EY	EZ	FA	FB	FC	FD	FE	FF	FG	FH	FI	FJ	FK	FL	FM	FN
619	1862							1,382	4,292			4,809														2,538	1,715	373,121													36,788			1,739					15,754			1,774	37,520		29,401							3,398							26,379	245,974	5,776					26,418			33,441																																				3,366	1,627											4,113																		3,942																	33,516								
620	1863							1,432	4,321			4,844														2,552	1,742	371,196													37,184			1,761					15,809			1,794	37,710		29,630							3,430							26,684	246,842	5,718					26,610			33,564																																				3,397	1,646											4,131																		3,994																	34,355								
621	1864							1,495	4,350			4,879														2,566	1,770	369,282													37,602			1,777					15,864			1,813	37,860		29,842							3,461							26,993	247,712	5,641					26,814			33,687																																				3,431	1,668											4,176																		4,046																	35,192								
622	1865							1,558	4,380			4,915														2,579	1,798	367,377													37,955			1,799					15,920			1,833	38,020		30,089							3,493							27,305	248,586	5,595					27,023			33,811																																				3,460	1,690											4,201																		4,092																	36,031								
623	1866							1,609	4,409			4,950														2,593	1,827	365,482													38,193			1,814					15,976			1,840	38,080		30,315							3,525							27,621	249,462	5,523					27,256			33,935																																				3,484	1,707											4,226																		4,137																	36,869								
624	1867							1,647	4,439			4,986														2,607	1,856	363,597													38,440			1,833					16,032			1,831	38,230		30,572							3,558							27,941	250,342	5,487					27,411			34,060																																				3,510	1,716											4,251																		4,178																	37,708								
625	1868							1,700	4,469			5,023														2,623	1,885	361,722													38,637			1,852					16,088			1,776	38,330		30,845							3,591							28,264	251,225	5,466					27,501			34,185																																				3,543	1,724											4,276																		4,154																	38,546								
626	1869							1,750	4,499			5,029														2,639	1,915	359,856													38,914			1,871					16,144			1,734	38,890		31,127							3,621							28,591	252,111	5,449					27,681			34,311																																				3,575	1,729											4,302																		4,166																	39,385								
627	1870	4,207		603		1,796		1,775	4,520			5,096				2,586				1,495	9,797				3,781	2,655	1,945	358,000					2,392			137	10,155	1,331			39,231		5	1,888		3,776	1,013	7,049	16,201			1,754	38,440		31,400		1,579					3,657	1,080	107	404		1,150	5,917	32,743	253,000	5,419	8,415	1,580			27,888	499	266	34,437				2,340	9,753		755	476				2,786					3,776			9,219				4,245		668					800				337	3,610	1,735	4,698	291	367		176	2,606	5,063	16,865	645	4,511	4,327	384	434		9,179			2,338			84		492			88,672			4,164			1,582			5,775			124	1,176	11,793	2,345				343	40,241		1,653	10,528	2,840	8,252	2,547		
628	1871							1,675	4,562			5,137									9,980				3,801	2,680	1,975	358,988													39,456			1,903					16,258			1,786	37,731		31,685							3,694							33,068	253,417	5,398					28,063			34,648												2,820								9,331																3,636	1,745		306									4,353																		4,186																354	41,098		1,675						
629	1872							1,722	4,604			5,178									10,167				3,870	2,697	2,006	359,978													39,691			1,918					16,315			1,819	37,679		31,874							3,732							33,397	253,834	5,373					28,233			34,859												2,842								9,444																3,662	1,755		320									4,379																		4,227																364	42,136		1,699						
630	1873							1,769	4,646			5,219									10,358				3,943	2,715	2,037	360,971													40,017			1,935					16,372			1,847	37,887		32,177							3,770							33,731	254,253	5,328					28,387			35,070												2,863								9,558																3,670	1,767		335									4,405																		4,274																376	43,174		1,725						
631	1874							1,822	4,688			5,261									10,552				4,012	2,733	2,068	361,967													40,450			1,954					16,429			1,873	38,044		32,501							3,809							34,069	254,672	5,299					28,505			35,235												2,885								9,674																3,745	1,783		367									4,431																		4,320																387	44,212		1,753						
632	1875							1,874	4,730			5,303									10,749				4,071	2,750	2,100	362,966													40,897			1,973					16,487			1,899	38,221		32,839							3,848							34,412	255,091	5,279					28,630			35,436												2,908								9,791																3,788	1,803		406									4,458																		4,362																399	45,245		1,784						
633	1876							1,929	4,772			5,345									10,951				4,128	2,768	2,132	363,967													41,491			1,994					16,545			1,928	38,398		33,200							3,887							34,760	255,512	5,278					28,837			35,713												2,930								9,910																3,832	1,829		434									4,484																		4,406																411	46,287		1,816						
634	1877							1,995	4,815			5,394									11,156				4,184	2,786	2,165	364,971													42,034			2,019					16,603			1,957	38,576		33,576							3,927							35,113	255,933	5,286					29,067			36,018												2,952								10,030																3,883	1,852		450									4,511																		4,457																424	47,325		1,849						
635	1878							2,062	4,857			5,442									11,365				4,244	2,803	2,198	365,978													42,546			2,043					16,677			1,983	38,763		33,932							3,967							35,471	256,354	5,282					29,252			36,315												2,975								10,151																3,834	1,877		467									4,538																		4,508																437	48,362		1,883						
636	1879							2,127	4,899			5,492									11,578				4,312	2,821	2,231	366,988													43,052			2,064					16,768			2,014	38,909		34,304							4,008							35,834	256,777	5,266					29,425			36,557												2,998								10,274																3,986	1,902		494									4,571																		4,555																450	49,400		1,917						
637	1880							2,197	4,941			5,541									11,794				4,384	2,839	2,264	368,000													43,500			2,081					16,859			2,047	39,045		34,623							4,049							36,203	257,200	5,203					29,534			36,807												3,021								10,399																4,043	1,919		520									4,610																		4,572																464	50,458		1,952						
638	1881							2,269	4,985			5,606									12,015				4,451	2,853	2,298	369,183													43,827			2,101					16,951			2,072	39,191		34,935							4,090							36,577	259,359	5,146					29,672			37,112												3,044								10,524																4,079	1,923		539									4,651																		4,570																482	51,743		1,986						
639	1882							2,348	5,030			5,673									12,240				4,503	2,863	2,331	370,369													44,112			2,120					17,043			2,098	39,337		35,206							4,132							37,259	261,536	5,101					29,898			37,414												3,073								10,652																4,130	1,920		555									4,691																		4,576																502	53,027		2,019						
640	1883							2,447	5,075			5,740									12,470				4,560	2,874	2,365	371,560													44,404			2,137					17,136			2,130	39,472		35,450							4,174							37,646	263,732	5,024					30,113			37,766												3,107								10,781																4,180	1,919		574									4,732																		4,591																522	54,311		2,052						
641	1884							2,556	5,121			5,807									12,703				4,617	2,885	2,400	372,754													44,777			2,160					17,230			2,164	39,629		35,724							4,217							38,039	265,946	4,975					30,366			38,138												3,144								10,912																4,226	1,929		598									4,773																		4,624																543	55,595		2,083						
642	1885							2,650	5,166			5,876									12,941				4,666	2,896	2,434	373,952													45,084			2,186					17,323			2,195	39,733		36,015							4,260							38,439	268,179	4,939					30,644			38,427												3,170								11,044																4,276	1,944		614									4,815																		4,664																564	56,879		2,113						
643	1886							2,741	5,212			5,919									13,183				4,711	2,907	2,469	375,154													45,505			2,213					17,418			2,224	39,858		36,313							4,303							38,844	270,430	4,906					30,857			38,622												3,194								11,178																4,326	1,958		626									4,857																		4,700																587	58,164		2,129						
644	1887							2,835	5,257			5,962									13,430				4,760	2,918	2,503	376,359													46,001			2,237					17,513			2,259	39,889		36,598							4,347							39,257	272,700	4,857					31,049			38,866												3,221								11,313																4,378	1,970		640									4,899																		4,726																610	59,448		2,147						
645	1888							2,932	5,303			6,007									13,682				4,813	2,929	2,538	377,569													46,538			2,257					17,600			2,296	39,920		36,881							4,392							39,675	274,990	4,801					31,243			39,251												3,261								11,450																4,432	1,977		649									4,942																		4,741																635	60,732		2,173						
646	1889							3,022	5,348			6,051									13,938				4,865	2,940	2,573	378,783													47,083			2,276					17,678			2,331	40,004		37,178							4,437							40,100	277,298	4,757					31,468			39,688												3,311								11,589																4,485	1,984		656									4,985																		4,761																660	62,016		2,198						
647	1890			726		3,376		3,107	5,394			6,096				3,445					14,199				4,918	2,951	2,608	380,000					3,369				11,253				47,607			2,294					17,757			2,364	40,014		37,485							4,482		185				6,622	40,532	279,626	4,718					31,702			40,077					9,848							3,343								11,729				7,489							1,585					4,535	1,997	5,192	665				3,346	6,476	22,854			5,028				10,373						157					110,664			4,780						6,670						2,500				686	63,302		2,224			9,690			
648	1891							3,196	5,446			6,164									14,539				4,972	2,965	2,643	381,979													48,129			2,311					17,836			2,394	39,983		37,802							4,528							40,955	280,110	4,680					31,892			40,380												3,404								11,904																4,585	2,013		674									5,068																		4,794																706	64,612		2,255						
649	1892							3,274	5,504			6,231									14,886				5,022	3,002	2,678	383,969													48,633			2,327					17,916			2,451	39,993		38,134							4,574							41,384	280,594	4,634					32,091			40,684												3,470								12,083																4,632	2,026		686									5,104																		4,805																727	65,922		2,285						
650	1893							3,334	5,563			6,300									15,242				5,072	3,040	2,713	385,969													49,123			2,344					17,996			2,430	40,014		38,490							4,621							41,820	281,079	4,607					32,303			41,001												3,524								12,263																4,684	2,038		705									5,141																		4,816																748	67,231		2,314						
651	1894							3,395	5,622			6,370									15,607				5,121	3,077	2,748	387,979													49,703			2,367					18,076			2,511	40,056		38,859							4,668							42,262	281,565	4,589					32,513			41,350												3,584								12,447																4,743	2,057		722									5,178																		4,849																770	68,541		2,346						
652	1895							3,460	5,680			6,439									15,980				5,169	3,114	2,783	390,000													50,363			2,397					18,157			2,483	40,098		39,221							4,716							42,710	282,052	4,560					32,689			41,775												3,626								12,663																4,803	2,083		735									5,215																		4,896																792	69,851		2,375						
653	1896							3,523	5,739			6,494									16,362				5,218	3,151	2,818	391,980													51,111			2,428					18,238			2,515	40,192		39,599							4,764							43,174	282,540	4,542					32,863			42,196												3,693								12,822																4,866	2,112		748				3,470					5,252																		4,941																815	71,161		2,408						
