## Sheet: Population (continued)
	A	B	C	D	E	F	G	H	I	J	K	L	M	N	O	P	Q	R	S	T	U	V	W	X	Y	Z	AA	AB	AC	AD	AE	AF	AG	AH	AI	AJ	AK	AL	AM	AN	AO	AP	AQ	AR	AS	AT	AU	AV	AW	AX	AY	AZ	BA	BB	BC	BD	BE	BF	BG	BH	BI	BJ	BK	BL	BM	BN	BO	BP	BQ	BR	BS	BT	BU	BV	BW	BX	BY	BZ	CA	CB	CC	CD	CE	CF	CG	CH	CI	CJ	CK	CL	CM	CN	CO	CP	CQ	CR	CS	CT	CU	CV	CW	CX	CY	CZ	DA	DB	DC	DD	DE	DF	DG	DH	DI	DJ	DK	DL	DM	DN	DO	DP	DQ	DR	DS	DT	DU	DV	DW	DX	DY	DZ	EA	EB	EC	ED	EE	EF	EG	EH	EI	EJ	EK	EL	EM	EN	EO	EP	EQ	ER	ES	ET	EU	EV	EW	EX	EY	EZ	FA	FB	FC	FD	FE	FF	FG	FH	FI	FJ	FK	FL	FM	FN
727	1970	12,431	5,606	2,157	249	23,962	2,520	12,660	7,467	5,169	3,522	9,638	2,646	5,304	67,331	8,490	220	3,703	9,027	4,346	95,684	239	584	1,839	21,750	6,267	9,369	818,315	5,579	6,727	21,781	1,272	21,430	237	269	1,736	14,319	8,543	615	9,795	77,783	180	70	4,929	4,423	13,932	5,939	33,574	33,876	1,363	30,204	4,606	51,918	515	55,632	4,694	8,789	3,597	485	620	270	8,793	5,264	3,822	2,761	4,205	4,541	10,337	117,338	541,000	2,950	28,854	9,414	204	2,903	53,661	1,944	1,503	104,345	13,106	11,247	2,964	7,396	32,241	748	2,845	2,383	1,397	1,999	103	12,619	1,067	3,138	339	2,361	15,909	3,595	6,766	52,775	1,574	5,546	326	27,393	514	1,248	9,304	1,289	830	4,508	10,910	765	4,841	55,586	2,053	13,032	3,877	11,919	2,828	779	65,706	1,531	13,193	38,604	32,526	2,722	14,062	9,044	2,477	1,032	115	20,253	130,245	3,769	6,109	10,834	4,318	2,075	2,789	3,604	7,248	74	242,478	4,524	1,676	8,043	455	54	6,258	3,727	1,964	37,091	2,939	2,181	955	5,099	35,758	14,532	13,807	9,743	47,236	2,824	205,052	11,940	10,758	42,577	7,098	19,840	22,740	4,252	5,515
728	1971	12,749	5,753	2,209	288	24,364	2,582	12,937	7,500	5,284	3,597	9,672	2,717	5,366	69,150	8,536	225	3,761	9,101	4,455	98,265	241	600	1,884	22,026	6,343	9,540	841,105	5,874	6,870	22,386	1,306	21,993	244	273	1,786	14,381	8,669	620	9,825	78,355	188	71	4,963	4,547	14,335	6,117	34,184	34,195	1,381	30,853	4,612	52,432	526	55,907	4,742	9,065	3,662	501	623	274	8,831	5,385	3,886	2,856	4,216	4,585	10,365	119,767	554,000	2,978	29,678	9,732	206	2,997	54,006	1,967	1,556	105,697	13,325	11,633	3,029	7,388	32,883	793	2,904	2,529	1,440	2,077	105	12,869	1,092	3,178	342	2,382	16,313	3,649	6,920	54,407	1,596	5,672	325	27,926	520	1,283	9,539	1,311	841	4,630	11,171	793	4,949	57,234	2,120	13,194	3,903	12,155	2,875	803	67,491	1,574	13,568	39,718	32,778	2,766	14,527	8,990	2,545	1,060	124	20,470	130,977	3,880	6,287	11,144	4,450	2,113	2,834	3,710	7,306	75	244,887	4,557	1,686	8,098	467	56	6,479	3,806	2,021	38,202	3,039	2,247	962	5,198	36,580	14,862	14,237	10,009	47,637	2,826	207,661	12,334	11,152	43,614	7,251	20,015	23,338	4,376	5,684
729	1972	13,079	5,895	2,264	336	24,780	2,647	13,177	7,544	5,394	3,530	9,709	2,791	5,434	70,677	8,576	231	3,819	9,169	4,566	100,874	242	619	1,927	22,284	6,401	9,718	862,030	6,172	7,021	23,008	1,340	22,543	252	275	1,835	14,456	8,830	626	9,862	78,717	197	72	4,992	4,671	14,761	6,299	34,807	34,513	1,397	31,543	4,640	52,894	538	56,079	4,786	9,354	3,728	517	625	278	8,889	5,510	3,946	2,965	4,225	4,677	10,394	122,565	567,000	3,024	30,522	10,062	209	3,096	54,366	1,998	1,614	107,188	13,542	12,045	3,095	7,452	33,505	842	2,964	2,680	1,484	2,184	107	13,116	1,117	3,213	347	2,401	16,661	3,703	7,082	55,984	1,618	5,801	319	28,474	528	1,321	9,810	1,333	851	4,761	11,441	822	5,060	58,941	2,183	13,330	3,933	12,389	2,929	829	69,326	1,617	13,955	40,850	33,040	2,847	14,956	8,970	2,614	1,089	134	20,663	131,769	3,992	6,473	11,470	4,589	2,152	2,879	3,791	7,338	77	247,343	4,593	1,695	8,122	480	57	6,701	3,887	2,080	39,276	3,145	2,313	975	5,304	37,493	15,168	14,707	10,224	48,027	2,830	209,896	12,742	11,516	44,655	7,407	20,197	23,936	4,506	5,861
730	1973	13,421	6,026	2,296	391	25,210	2,713	13,380	7,586	5,498	3,540	9,738	2,869	5,508	72,383	8,621	239	3,872	9,236	4,680	103,513	244	643	1,965	22,560	6,441	9,897	881,940	6,465	7,179	23,668	1,376	23,069	259	277	1,886	14,549	9,000	634	9,912	78,950	206	73	5,022	4,796	15,198	6,485	35,480	34,837	1,411	32,264	4,666	53,333	561	56,210	4,826	9,649	3,796	534	633	271	8,929	5,639	4,010	3,078	4,235	4,771	10,426	125,432	580,000	3,073	31,392	10,402	212	3,197	54,797	2,036	1,674	108,707	13,754	12,482	3,161	7,536	34,073	894	3,027	2,826	1,529	2,312	109	13,352	1,142	3,246	350	2,421	16,998	3,753	7,250	57,557	1,639	5,935	322	29,235	534	1,360	10,088	1,356	861	4,901	11,712	851	5,175	60,702	2,248	13,438	3,961	12,631	2,992	857	71,121	1,660	14,350	41,998	33,331	2,863	15,349	8,976	2,693	1,124	145	20,828	132,556	4,110	6,667	11,876	4,727	2,193	2,925	3,879	7,369	78	249,712	4,637	1,703	8,137	493	58	6,931	3,970	2,140	40,302	3,243	2,380	985	5,426	38,503	15,454	15,201	10,428	48,367	2,834	211,909	13,148	11,893	45,736	7,580	20,367	24,549	4,643	6,002
731	1974	13,772	5,987	2,348	453	25,646	2,777	13,599	7,599	5,599	3,595	9,768	2,949	5,587	74,585	8,679	248	3,925	9,304	4,796	106,182	246	672	2,006	22,875	6,460	10,077	900,350	6,749	7,346	24,334	1,414	23,598	267	279	1,937	14,658	9,151	641	9,976	78,966	216	73	5,045	4,922	15,653	6,676	36,216	35,184	1,422	33,022	4,691	53,690	597	56,224	4,865	9,905	3,864	550	640	250	8,962	5,773	4,085	2,765	4,246	4,866	10,471	128,369	593,000	3,124	32,306	10,754	215	3,286	55,226	2,071	1,738	110,162	13,972	12,944	3,232	7,610	34,692	948	3,092	2,988	1,577	2,451	111	13,562	1,169	3,276	355	2,442	17,335	3,801	7,424	59,123	1,662	6,074	324	29,799	542	1,403	10,370	1,380	873	5,073	11,986	882	5,295	62,524	2,320	13,541	3,985	12,884	3,058	884	72,912	1,707	14,753	43,162	33,643	2,887	15,702	9,098	2,774	1,166	157	21,029	133,379	4,226	6,868	12,236	4,872	2,230	2,974	3,973	7,400	80	252,111	4,682	1,713	8,161	507	58	7,169	4,056	2,202	41,306	3,345	2,451	995	5,556	39,513	15,752	15,681	10,672	48,677	2,838	213,854	13,569	12,281	46,902	7,755	20,550	25,179	4,785	6,173
732	1975	14,132	5,885	2,401	523	26,082	2,834	13,771	7,579	5,696	3,676	9,795	3,033	5,673	76,153	8,721	259	3,980	9,360	4,914	108,879	247	705	2,058	23,209	6,404	10,252	916,395	7,031	7,522	25,033	1,454	24,125	276	280	1,992	14,772	9,287	610	10,042	78,682	227	74	5,060	5,048	16,140	6,872	36,952	35,564	1,432	33,803	4,711	53,955	647	56,215	4,898	10,118	3,935	566	681	213	9,047	5,910	4,180	2,858	4,255	4,963	10,532	131,219	607,000	3,177	33,265	11,118	218	3,354	55,572	2,105	1,803	111,573	14,157	13,433	3,301	7,491	35,281	1,007	3,161	3,099	1,618	2,570	112	13,779	1,195	3,305	359	2,462	17,687	3,847	7,604	60,678	1,684	6,218	328	30,335	549	1,446	10,433	1,404	885	5,317	12,267	915	5,419	64,422	2,395	13,653	4,007	13,146	3,118	913	74,712	1,749	15,161	44,337	33,969	2,935	16,014	9,411	2,852	1,201	169	21,245	134,293	4,357	7,205	12,617	4,989	2,263	3,030	4,073	7,431	82	254,519	4,730	1,722	8,193	521	60	7,416	4,144	2,267	42,272	3,449	2,524	1,007	5,704	40,530	16,061	16,148	10,952	48,973	2,844	215,973	13,988	12,675	48,075	7,934	20,732	25,815	4,924	6,342
733	1976	14,501	5,943	2,455	598	26,531	2,893	13,916	7,566	5,790	3,749	9,811	3,120	5,765	77,821	8,755	274	4,033	9,406	4,956	111,603	248	741	2,112	23,518	6,333	10,432	930,685	7,335	7,721	25,741	1,494	24,638	284	283	2,049	14,884	9,418	599	10,105	78,299	237	74	5,073	5,176	16,635	7,073	37,737	35,997	1,442	34,659	4,726	54,159	688	56,206	4,930	10,333	4,007	582	733	191	9,167	6,051	4,296	2,955	4,286	5,064	10,589	134,314	620,000	3,228	34,259	11,494	220	3,424	55,839	2,133	1,870	112,775	14,304	13,951	3,367	7,227	35,860	1,072	3,176	3,120	1,661	2,666	115	14,013	1,223	3,334	361	2,477	18,043	3,886	7,807	62,220	1,706	6,366	329	30,872	555	1,487	10,770	1,430	898	5,531	12,554	950	5,548	66,393	2,473	13,770	4,026	13,418	3,154	956	76,456	1,792	15,573	45,574	34,299	3,026	16,294	9,622	2,922	1,228	181	21,446	135,269	4,502	7,620	13,020	5,100	2,293	3,088	4,177	7,462	84	256,883	4,779	1,734	8,222	536	61	7,670	4,235	2,333	43,221	3,554	2,594	1,021	5,859	41,472	16,435	16,626	11,242	49,234	2,861	218,035	14,404	13,082	49,273	8,171	20,930	26,468	5,067	6,496
734	1977	14,880	6,164	2,509	684	26,984	2,955	14,074	7,568	5,887	3,834	9,822	3,211	5,891	80,314	8,797	297	4,086	9,457	5,080	114,373	249	781	2,168	23,796	6,316	10,600	943,455	7,642	7,962	26,484	1,537	25,119	309	286	2,108	14,990	9,534	598	10,162	78,161	252	74	5,088	5,303	17,153	7,279	38,784	36,439	1,453	35,458	4,739	54,378	706	56,179	4,963	10,538	4,080	599	745	193	9,308	6,197	4,431	3,056	4,319	5,167	10,637	137,487	634,000	3,272	35,350	11,883	222	3,496	56,059	2,157	1,938	113,872	14,455	14,500	3,432	6,991	36,436	1,140	3,208	3,117	1,706	2,722	117	14,250	1,255	3,361	361	2,491	18,397	3,920	8,012	63,760	1,728	6,455	332	31,408	560	1,528	11,128	1,456	913	5,702	12,845	977	5,682	68,421	2,554	13,853	4,043	13,700	3,165	1,005	78,153	1,842	15,990	46,851	34,621	3,081	16,563	9,663	2,987	1,261	194	21,659	136,264	4,657	8,129	13,441	5,262	2,325	3,148	4,285	7,494	87	259,225	4,828	1,747	8,252	551	62	7,933	4,328	2,402	44,148	3,659	2,664	1,039	6,005	42,377	16,753	17,130	11,541	49,454	2,879	220,239	14,809	13,504	50,534	8,404	21,126	27,130	5,217	6,642
735	1978	15,269	6,287	2,563	779	27,440	3,014	14,249	7,562	5,986	3,930	9,830	3,305	6,026	82,813	8,803	323	4,135	9,520	5,205	117,207	250	822	2,225	24,036	6,333	10,760	956,165	7,954	8,213	27,317	1,581	25,575	319	289	2,192	15,089	9,630	601	10,213	78,066	275	74	5,104	5,431	17,686	7,489	40,020	36,861	1,464	36,054	4,753	54,602	726	56,167	4,991	10,721	4,155	616	758	195	9,430	6,346	4,575	3,169	4,349	5,270	10,673	140,739	648,000	3,314	36,510	12,317	224	3,570	56,240	2,179	2,007	114,913	14,624	15,080	3,496	6,767	37,019	1,214	3,248	3,111	1,754	2,797	119	14,511	1,289	3,387	362	2,505	18,758	3,947	8,224	65,296	1,747	6,550	340	31,863	566	1,572	11,466	1,484	929	5,880	13,139	998	5,816	70,483	2,608	13,937	4,059	13,994	3,166	1,059	80,051	1,875	16,414	48,172	34,929	3,118	16,830	9,699	3,054	1,296	207	21,832	137,246	4,819	8,709	13,918	5,431	2,354	3,208	4,399	7,525	89	261,525	4,876	1,759	8,276	568	62	8,203	4,424	2,472	45,057	3,761	2,734	1,056	6,136	43,275	17,090	17,647	11,850	49,643	2,897	222,585	15,207	13,931	51,663	8,641	21,309	27,809	5,371	6,767
736	1979	15,556	6,453	2,618	884	27,902	3,067	14,422	7,549	6,082	4,120	9,837	3,403	6,168	85,361	8,812	336	4,181	9,582	5,327	120,101	251	863	2,285	24,277	6,351	10,923	969,005	8,271	8,462	28,204	1,627	26,072	329	293	2,260	15,182	9,705	605	10,260	78,081	299	74	5,117	5,562	18,230	7,704	41,258	37,200	1,472	36,500	4,765	54,836	723	56,228	5,019	10,879	4,231	634	771	221	9,548	6,496	4,713	3,280	4,380	5,375	10,698	144,073	664,000	3,368	37,839	12,768	226	3,653	56,368	2,207	2,077	115,890	14,804	15,690	3,559	6,734	37,534	1,292	3,268	3,101	1,804	2,929	120	14,797	1,323	3,411	363	2,514	19,126	3,970	8,453	66,826	1,768	6,651	347	32,405	571	1,617	11,828	1,514	947	6,066	13,444	1,028	5,952	72,588	2,687	14,030	4,073	14,298	3,165	1,116	82,374	1,918	16,849	49,537	35,257	3,168	17,104	9,725	3,122	1,329	221	22,001	138,164	4,976	9,346	14,448	5,606	2,384	3,271	4,512	7,556	92	263,751	4,923	1,773	8,294	588	63	8,484	4,524	2,547	46,004	3,863	2,804	1,073	6,280	44,165	17,448	18,145	12,138	49,835	2,914	225,055	15,605	14,355	52,668	8,883	21,490	28,506	5,532	6,887
737	1980	15,044	6,743	2,671	1,000	28,370	3,115	14,616	7,549	6,173	4,288	9,847	3,510	6,318	87,937	8,844	348	4,092	9,644	5,441	123,020	252	900	2,349	24,593	6,385	11,094	981,235	8,593	8,762	29,013	1,674	26,631	340	296	2,299	15,255	9,648	611	10,289	78,298	327	74	5,123	5,697	18,806	7,920	42,634	37,488	1,482	36,866	4,780	55,110	714	56,314	5,046	11,017	4,310	652	789	256	9,643	6,650	4,835	3,403	4,383	5,483	10,711	147,490	679,000	3,401	39,422	13,233	228	3,737	56,451	2,229	2,163	116,807	14,967	16,331	3,623	6,888	38,124	1,370	3,293	3,087	1,858	3,065	122	15,056	1,359	3,435	364	2,525	19,487	3,996	8,691	68,347	1,792	6,758	364	33,061	560	1,655	12,103	1,545	964	6,259	13,764	1,058	6,093	74,821	2,803	14,144	4,086	14,613	3,170	1,175	85,219	1,960	17,295	50,940	35,578	3,210	17,390	9,778	3,196	1,360	237	22,130	139,039	5,138	9,999	14,980	5,787	2,414	3,335	4,570	7,588	94	265,926	4,966	1,833	8,310	611	64	8,774	4,522	2,626	47,026	3,966	2,875	1,091	6,443	45,048	17,788	18,665	12,415	50,047	2,930	227,726	15,994	14,768	53,715	9,133	21,615	29,252	5,700	7,170
