## Sheet: Population (continued)
	A	B	C	D	E	F	G	H	I	J	K	L	M	N	O	P	Q	R	S	T	U	V	W	X	Y	Z	AA	AB	AC	AD	AE	AF	AG	AH	AI	AJ	AK	AL	AM	AN	AO	AP	AQ	AR	AS	AT	AU	AV	AW	AX	AY	AZ	BA	BB	BC	BD	BE	BF	BG	BH	BI	BJ	BK	BL	BM	BN	BO	BP	BQ	BR	BS	BT	BU	BV	BW	BX	BY	BZ	CA	CB	CC	CD	CE	CF	CG	CH	CI	CJ	CK	CL	CM	CN	CO	CP	CQ	CR	CS	CT	CU	CV	CW	CX	CY	CZ	DA	DB	DC	DD	DE	DF	DG	DH	DI	DJ	DK	DL	DM	DN	DO	DP	DQ	DR	DS	DT	DU	DV	DW	DX	DY	DZ	EA	EB	EC	ED	EE	EF	EG	EH	EI	EJ	EK	EL	EM	EN	EO	EP	EQ	ER	ES	ET	EU	EV	EW	EX	EY	EZ	FA	FB	FC	FD	FE	FF	FG	FH	FI	FJ	FK	FL	FM	FN
738	1981	13,676	6,880	2,724	1,070	28,848	3,166	14,923	7,565	6,271	4,454	9,852	3,622	6,474	90,517	8,869	363	4,136	9,713	5,545	125,992	252	934	2,413	24,900	6,425	11,282	993,861	8,922	9,048	29,808	1,724	27,215	348	300	2,357	15,312	9,706	618	10,298	78,402	345	74	5,122	5,832	19,407	8,141	44,196	37,751	1,493	38,542	4,800	55,399	731	56,383	5,073	11,178	4,390	671	807	272	9,729	6,829	4,937	3,544	4,391	5,595	10,712	150,657	692,000	3,443	41,141	13,703	231	3,801	56,502	2,258	2,254	117,648	15,136	16,987	3,690	7,080	38,723	1,432	3,337	3,083	1,913	3,204	124	15,315	1,395	3,462	365	2,537	19,846	4,026	8,939	69,969	1,808	6,871	364	33,669	560	1,694	12,363	1,578	979	6,459	14,096	1,074	6,239	77,150	2,899	14,246	4,100	14,946	3,185	1,238	88,417	1,999	17,755	52,228	35,902	3,239	17,675	9,850	3,279	1,389	249	22,257	139,900	5,307	10,627	15,481	5,976	2,535	3,402	4,520	7,619	96	268,123	5,014	1,839	8,320	631	65	9,073	4,515	2,720	47,937	4,073	2,947	1,107	6,606	46,253	18,097	19,212	12,725	50,236	2,848	229,966	16,400	15,166	54,903	9,390	21,707	30,169	5,886	7,429
739	1982	12,583	7,019	2,780	1,138	29,330	3,219	15,162	7,575	6,369	4,551	9,856	3,737	6,637	92,626	8,892	378	4,173	9,779	5,642	129,028	253	971	2,478	25,202	6,468	11,487	1,000,281	9,260	9,283	30,649	1,775	27,826	356	304	2,424	15,352	9,792	624	10,304	78,335	356	74	5,118	5,969	20,034	8,366	45,682	37,983	1,504	40,290	4,827	55,697	754	56,340	5,101	11,402	4,472	691	826	285	9,786	6,983	5,023	3,671	4,413	5,709	10,706	153,895	708,000	3,480	42,885	14,173	234	3,858	56,536	2,298	2,347	118,455	15,303	17,660	3,763	7,294	39,326	1,497	3,411	3,089	1,972	3,344	126	15,575	1,433	3,492	366	2,552	20,199	4,055	9,196	71,641	1,824	6,989	360	34,306	563	1,734	12,587	1,612	992	6,668	14,441	1,099	6,389	79,511	2,976	14,310	4,115	15,298	3,217	1,301	91,465	2,040	18,173	53,557	36,227	3,279	17,952	9,860	3,370	1,425	260	22,357	140,822	5,480	11,255	16,004	6,170	2,652	3,472	4,480	7,645	98	270,390	5,048	1,861	8,325	650	65	9,410	4,733	2,817	48,827	4,185	3,018	1,127	6,734	47,464	18,399	19,777	13,079	50,397	2,968	232,188	16,830	15,621	56,142	9,658	21,885	31,140	6,102	7,637
740	1983	12,439	7,241	2,837	1,209	29,784	3,270	15,348	7,553	6,470	4,659	9,856	3,856	6,807	94,788	8,910	393	4,207	9,845	5,737	131,960	255	1,007	2,543	25,456	6,501	11,687	1,023,288	9,606	9,563	31,447	1,829	28,455	365	308	2,494	15,388	9,887	632	10,307	78,122	370	74	5,114	6,106	20,681	8,593	47,093	38,184	1,515	41,502	4,856	55,929	779	56,383	5,131	12,152	4,555	711	845	300	9,841	7,189	5,098	3,798	4,431	5,827	10,689	157,208	723,000	3,504	44,632	14,652	237	3,927	56,630	2,307	2,440	119,270	15,467	18,348	3,842	7,521	39,910	1,566	3,495	3,092	2,033	3,485	127	15,784	1,471	3,523	366	2,570	20,750	4,083	9,463	73,363	1,831	7,109	356	34,980	566	1,774	12,773	1,648	1,002	6,884	14,793	1,134	6,544	81,164	3,044	14,362	4,128	15,664	3,258	1,363	94,155	2,081	18,591	54,885	36,571	3,316	18,237	9,872	3,467	1,474	292	22,407	141,862	5,659	11,912	17,091	6,369	2,689	3,546	4,527	7,671	100	272,717	5,081	1,879	8,329	673	66	9,757	4,971	2,918	49,694	4,304	3,091	1,148	6,860	48,661	18,657	20,368	13,470	50,573	2,989	234,307	17,171	16,084	57,436	9,936	22,018	32,144	6,340	7,928
741	1984	12,769	7,442	2,896	1,284	30,231	3,322	15,510	7,554	6,579	4,757	9,855	3,979	6,985	96,955	8,928	408	4,241	9,914	5,834	134,699	256	1,043	2,629	25,702	6,530	11,879	1,036,825	9,963	9,867	32,341	1,884	29,096	374	312	2,568	15,423	9,983	640	10,309	77,855	375	74	5,112	6,242	21,341	8,826	48,550	38,363	1,526	42,507	4,882	56,246	805	56,462	5,162	12,833	4,761	741	865	315	9,887	7,380	5,171	3,935	4,442	5,950	10,668	160,595	739,000	3,529	46,409	15,161	239	3,997	56,697	2,313	2,533	120,035	15,630	19,050	3,924	7,676	40,406	1,637	3,577	3,092	2,096	3,625	129	15,977	1,511	3,555	366	2,588	21,316	4,113	9,741	75,080	1,837	7,233	351	35,671	558	1,816	12,923	1,685	1,012	7,104	15,157	1,169	6,704	82,724	3,114	14,420	4,140	16,044	3,298	1,424	96,502	2,123	19,011	56,258	36,904	3,350	18,530	9,885	3,568	1,524	324	22,454	142,922	5,829	12,607	17,657	6,573	2,743	3,623	4,594	7,696	102	275,330	5,114	1,896	8,337	697	66	10,114	5,025	3,022	50,534	4,431	3,165	1,169	7,185	49,840	18,918	20,984	13,920	50,769	3,008	236,348	17,729	16,545	58,762	10,229	22,087	33,182	6,567	8,241
742	1985	13,120	7,585	2,957	1,363	30,672	3,374	15,695	7,560	6,682	4,849	9,858	4,108	7,171	99,154	8,944	424	4,275	9,982	5,935	137,382	257	1,080	2,714	25,942	6,564	12,068	1,051,040	10,332	10,191	33,344	1,942	29,748	383	317	2,644	15,455	10,084	647	10,310	77,685	382	73	5,114	6,379	22,008	9,062	50,052	38,535	1,538	43,134	4,902	56,490	833	56,620	5,193	13,228	5,016	773	886	325	9,923	7,581	5,250	4,079	4,458	6,076	10,649	164,061	755,000	3,540	48,209	15,694	241	4,068	56,731	2,319	2,628	120,754	15,790	19,761	4,006	7,822	40,806	1,733	3,657	3,090	2,163	3,675	131	16,188	1,552	3,587	367	2,606	21,886	4,148	10,029	76,767	1,845	7,361	347	36,346	561	1,859	13,063	1,723	1,021	7,331	15,545	1,204	6,869	84,889	3,180	14,491	4,152	16,439	3,324	1,482	99,076	2,168	19,432	57,706	37,226	3,382	18,831	9,897	3,673	1,576	356	22,521	143,938	5,982	13,330	18,256	6,785	2,750	3,703	4,671	7,720	104	277,812	5,145	1,914	8,350	722	67	10,481	5,066	3,129	51,342	4,569	3,240	1,189	7,364	50,997	19,148	21,618	14,392	50,944	3,012	238,466	18,215	16,998	60,093	10,540	22,216	34,254	6,785	8,560
743	1986	13,126	7,749	3,015	1,447	31,145	3,422	15,900	7,568	6,776	4,931	9,862	4,241	7,371	101,438	8,959	440	4,308	10,044	6,041	140,196	258	1,116	2,775	26,204	6,603	12,261	1,066,790	10,712	10,530	34,376	2,002	30,400	392	321	2,723	15,481	10,183	650	10,309	77,713	397	72	5,121	6,517	22,643	9,301	51,593	38,708	1,550	43,917	4,917	56,725	859	56,796	5,219	13,781	5,164	805	907	334	9,951	7,820	5,336	4,229	4,472	6,205	10,631	166,997	771,000	3,540	50,027	16,247	243	4,140	56,734	2,323	2,724	121,492	15,946	20,477	4,089	8,079	41,214	1,811	3,762	3,089	2,233	3,700	133	16,424	1,587	3,620	369	2,627	22,458	4,183	10,327	78,442	1,851	7,494	347	36,998	565	1,903	13,143	1,764	1,028	7,608	15,942	1,240	7,040	87,092	3,248	14,572	4,167	16,848	3,341	1,538	102,066	2,212	19,855	59,186	37,504	3,413	19,137	9,907	3,781	1,630	387	22,600	144,967	6,157	13,998	18,773	7,004	2,750	3,787	4,758	7,740	106	280,296	5,172	1,932	8,370	750	68	10,857	5,214	3,241	52,129	4,716	3,324	1,208	7,547	52,127	19,332	22,284	14,911	51,095	3,031	240,651	18,718	17,450	61,440	10,870	22,339	35,101	7,029	8,877
744	1987	13,056	7,878	3,075	1,530	31,625	3,469	16,137	7,579	6,874	5,040	9,870	4,377	7,592	103,816	8,972	455	4,339	10,097	6,156	143,027	259	1,152	2,841	26,550	6,650	12,465	1,084,035	11,105	10,867	35,482	2,065	31,042	401	326	2,800	15,511	10,279	659	10,312	77,718	409	72	5,127	6,657	23,255	9,545	52,794	38,881	1,562	45,099	4,932	56,989	881	56,982	5,240	14,175	5,279	839	928	342	9,974	8,160	5,427	4,376	4,484	6,335	10,613	169,990	788,000	3,540	51,607	16,543	245	4,210	56,730	2,327	2,820	122,091	16,109	21,196	4,176	8,380	41,622	1,891	3,869	3,092	2,306	3,800	134	16,663	1,616	3,653	372	2,649	23,029	4,217	10,637	80,122	1,856	7,633	349	37,625	569	1,947	12,895	1,805	1,036	8,049	16,333	1,278	7,216	89,405	3,322	14,665	4,186	17,273	3,352	1,594	105,208	2,257	20,280	60,648	37,741	3,444	19,449	9,915	3,893	1,691	397	22,686	145,959	6,366	14,620	19,174	7,231	2,795	3,876	4,850	7,756	109	282,718	5,199	1,946	8,398	778	68	11,243	5,392	3,356	52,910	4,865	3,411	1,225	7,728	53,243	19,536	23,017	15,520	51,218	3,049	242,804	19,219	17,910	62,826	11,219	22,435	35,948	7,282	9,216
745	1988	13,169	8,023	3,137	1,623	32,099	3,516	16,400	7,600	6,976	5,156	9,884	4,517	7,833	106,284	8,982	469	4,370	10,150	6,283	145,873	260	1,189	2,917	26,895	6,704	12,679	1,101,630	11,512	11,201	36,628	2,130	31,673	411	331	2,875	15,537	10,382	664	10,314	78,031	417	71	5,130	6,799	23,881	9,794	54,015	39,054	1,569	46,482	4,947	57,255	900	57,160	5,320	14,577	5,397	875	950	352	9,983	8,496	5,519	4,518	4,494	6,459	10,442	173,041	805,000	3,530	52,997	17,038	250	4,282	56,734	2,330	2,917	122,613	16,207	21,916	4,244	8,692	42,031	1,973	3,980	3,098	2,382	3,913	135	16,903	1,645	3,674	376	2,664	23,600	4,290	10,957	81,782	1,859	7,777	352	38,196	574	1,992	12,523	1,849	1,045	8,580	16,731	1,333	7,399	91,760	3,404	14,761	4,209	17,714	3,361	1,652	108,408	2,302	20,710	62,081	37,867	3,475	19,769	9,921	4,007	1,758	413	22,769	146,866	6,588	15,233	19,492	7,465	2,869	3,968	4,939	7,769	111	285,020	5,223	1,962	8,436	815	69	11,632	5,556	3,475	53,683	5,006	3,492	1,238	7,899	54,356	19,752	23,764	16,176	51,423	3,068	245,021	19,625	18,379	64,211	11,591	22,536	36,795	7,517	9,560
746	1989	13,503	8,154	3,196	1,722	32,572	3,326	16,681	7,628	7,102	5,263	9,938	4,664	8,092	108,842	8,990	485	4,398	10,184	6,423	148,659	261	1,227	3,000	27,379	6,764	12,902	1,118,650	11,931	11,540	37,804	2,197	32,307	421	335	2,951	15,559	10,489	671	10,314	78,645	442	71	5,133	6,942	24,496	10,048	55,252	39,215	1,571	47,870	4,962	57,821	919	57,324	5,398	14,987	5,518	912	972	361	10,031	8,731	5,607	4,659	4,501	6,586	10,398	176,152	822,000	3,513	54,479	17,568	253	4,355	56,738	2,338	3,019	123,108	16,265	22,635	4,302	9,014	42,449	2,057	4,094	3,109	2,462	4,027	136	17,142	1,674	3,681	378	2,667	24,170	4,359	11,289	83,367	1,863	7,928	355	38,721	579	2,070	12,482	1,886	1,053	9,082	17,121	1,409	7,608	94,160	3,492	14,849	4,226	18,173	3,378	1,712	111,528	2,347	21,151	63,555	37,970	3,506	20,103	9,923	4,124	1,821	430	22,852	147,352	6,804	15,829	19,912	7,730	2,958	4,064	5,025	7,780	113	286,462	5,245	1,976	8,493	849	70	12,018	5,715	3,597	54,446	5,148	3,572	1,248	8,057	55,462	19,943	24,485	16,832	51,501	3,088	247,342	20,033	18,851	65,868	11,986	22,634	37,639	7,746	9,868
747	1990	13,568	8,297	3,251	1,826	33,036	3,377	16,956	7,723	7,200	5,375	9,969	4,817	8,361	111,437	8,894	500	4,424	10,201	6,574	151,170	262	1,265	3,085	27,791	6,837	13,129	1,135,185	12,491	11,884	39,047	2,266	32,957	430	340	3,027	15,572	10,597	681	10,310	79,380	499	70	5,141	7,083	25,089	10,318	56,683	39,351	1,569	49,214	4,986	58,168	938	57,493	5,426	15,414	5,807	951	994	371	10,130	8,966	5,688	4,798	4,508	6,725	10,372	179,323	839,000	3,508	56,669	18,135	255	4,478	56,743	2,348	3,262	123,537	16,398	23,354	4,382	9,345	42,869	2,142	4,210	3,150	2,178	4,140	138	17,365	1,703	3,695	383	2,664	24,735	4,394	11,633	84,914	1,861	8,085	359	39,243	583	2,121	12,667	1,925	1,062	9,536	17,507	1,471	7,842	96,604	3,644	14,952	4,242	18,649	3,414	1,773	114,607	2,393	21,600	65,088	38,119	3,537	20,451	9,923	4,244	1,898	446	22,866	147,973	6,982	16,061	20,469	8,001	3,047	4,228	5,110	7,786	116	288,361	5,263	1,991	8,559	881	71	12,436	5,841	3,721	55,197	5,272	3,658	1,255	8,211	56,561	20,172	25,214	17,456	51,622	3,110	250,132	20,530	19,325	67,283	12,416	23,016	38,476	7,978	10,156
748	1991	13,672	8,587	3,187	1,935	33,505	3,434	17,162	7,800	7,300	5,493	10,006	4,977	8,646	113,756	8,806	514	4,437	10,206	6,731	153,735	263	1,303	3,174	28,148	6,923	13,371	1,149,979	13,246	12,258	40,407	2,333	33,642	440	347	3,097	15,587	10,697	699	10,285	79,961	552	70	5,154	7,211	25,722	10,430	57,731	39,451	1,561	51,120	5,014	58,514	961	57,671	5,425	15,754	6,215	991	1,014	381	10,252	9,218	5,750	4,937	4,425	6,850	10,371	182,436	854,581	3,528	57,989	18,624	258	4,650	56,782	2,381	3,440	124,028	16,522	24,105	4,446	9,683	43,296	2,077	4,331	3,283	1,907	4,248	139	17,576	1,732	3,701	388	2,651	25,202	4,401	11,989	86,441	1,868	8,653	366	39,885	591	2,170	12,857	1,973	1,072	9,874	17,991	1,512	8,072	98,958	3,839	15,070	4,262	19,150	3,455	1,853	117,782	2,441	22,061	66,553	38,255	3,562	20,813	9,900	4,367	1,998	457	22,668	147,973	7,149	16,594	21,254	8,225	3,152	4,335	5,196	7,752	119	289,949	5,267	1,992	8,618	921	72	12,805	6,034	3,846	55,936	5,407	3,745	1,260	8,370	57,740	20,375	25,925	18,067	51,730	3,124	253,497	21,059	19,765	68,663	13,044	23,097	39,300	8,203	10,435
