## Sheet: Population (continued)
	A	B	C	D	E	F	G	H	I	J	K	L	M	N	O	P	Q	R	S	T	U	V	W	X	Y	Z	AA	AB	AC	AD	AE	AF	AG	AH	AI	AJ	AK	AL	AM	AN	AO	AP	AQ	AR	AS	AT	AU	AV	AW	AX	AY	AZ	BA	BB	BC	BD	BE	BF	BG	BH	BI	BJ	BK	BL	BM	BN	BO	BP	BQ	BR	BS	BT	BU	BV	BW	BX	BY	BZ	CA	CB	CC	CD	CE	CF	CG	CH	CI	CJ	CK	CL	CM	CN	CO	CP	CQ	CR	CS	CT	CU	CV	CW	CX	CY	CZ	DA	DB	DC	DD	DE	DF	DG	DH	DI	DJ	DK	DL	DM	DN	DO	DP	DQ	DR	DS	DT	DU	DV	DW	DX	DY	DZ	EA	EB	EC	ED	EE	EF	EG	EH	EI	EJ	EK	EL	EM	EN	EO	EP	EQ	ER	ES	ET	EU	EV	EW	EX	EY	EZ	FA	FB	FC	FD	FE	FF	FG	FH	FI	FJ	FK	FL	FM	FN
703	1946			1,154		15,654		7,474	7,000			8,367				7,000				2,883	47,313				12,634	4,467	5,656	535,418					10,749			710	12,916	5,039			64,678		42	4,101			2,853		27,012			3,806	40,290		49,217							7,418	2,500	1,343	1,290		2,961	9,042	78,050	415,200	2,957					45,725	1,298		77,199					19,369							6,854								24,413				17,454							5,746				950	9,424	3,127		1,759			788	7,130	18,775	23,959	2,141		8,110	1,275			15,971								1,760			173,900			6,719						17,710			561		19,235	6,014				2,107	141,940		4,347						
704	1947			1,175		15,942		7,578	6,971			8,450				7,064				2,916	48,438				12,901	4,524	5,761	538,244					11,036			730	12,164	5,152			66,094		43	4,146			2,936		27,223			3,859	40,680		49,519							7,529	2,570	1,516	1,320		2,994	9,079	78,880	346,000	2,974					46,040	1,327		78,119					19,886							7,037								25,122				17,636							5,786				980	9,630	3,165		1,797			804	7,252	19,338	23,734	2,162		8,183	1,305			15,849						938		1,780			174,000			6,803						18,148			583		19,690	6,419				2,134	144,688		4,486			15,596			
705	1948			1,192		16,307		7,715	6,956			8,557				7,130				2,950	49,590				13,180	4,582	5,865	541,085					11,332			750	12,339	5,268			67,295		44	4,190			3,017		27,437			3,912	41,110		50,014							7,749	2,640	1,559	1,350		3,028	9,158	79,856	350,000	2,985					46,381	1,350		80,155					20,027							7,244								25,852				17,818							5,922				1,000	9,800	3,201		1,833			822	7,376	19,918	23,980	2,187		8,256	1,335			15,893						961		1,810			175,100			6,883						18,569			600		20,156	6,724				2,160	147,203		4,656			15,817			
706	1949			1,209		16,737		7,919	6,943			8,614				7,195				2,984	50,769				13,469	4,640	5,969	543,941					11,635			770	12,339	5,386			67,991		45	4,230			3,104		27,651			3,963	41,480		50,312							7,856	2,720	1,609	1,390		3,062	9,250	81,120	355,000	2,981					46,733	1,374		81,971					20,208							7,455								26,603				18,000							6,061				1,030	9,956	3,234		1,871			838	7,502	20,516	24,410	2,197		8,329	1,366			16,084						979		1,840			177,500			6,955						19,000			616		20,634	7,302				2,188	149,770		4,843			16,040			
707	1950	8,150	4,118	1,227	72	17,150	1,355	8,267	6,935	2,885	2,363	8,639	1,673	4,376	45,646	7,250	115	2,662	7,722	2,766	53,443	211	430	1,260	14,011	4,694	6,091	546,815	2,860	4,888	13,569	826	11,592	148	146	867	12,389	5,785	494	8,925	68,375	79	51	4,271	2,353	8,893	3,370	21,198	28,063	1,096	20,605	4,009	42,518	416	50,127	3,516	5,297	2,586	271	573	211	7,566	2,969	1,960	1,431	3,837	3,097	9,338	82,612	359,000	2,963	16,357	5,163	143	1,286	47,105	1,385	561	83,805	6,693	6,121	1,739	4,471	20,846	145	1,886	1,364	824	961	79	7,533	726	2,553	296	1,936	9,343	2,336	4,620	28,485	1,225	3,688	312	19,488	396	779	6,250	1,006	481	2,817	6,434	464	3,271	31,797	1,098	10,114	3,265	8,990	1,908	489	39,448	893	7,632	21,131	24,824	2,218	9,471	8,443	1,476	1,017	25	16,311	101,937	2,439	3,860	6,326	2,654	1,022	2,087	1,940	5,956	60	179,571	3,463	1,468	7,014	277	33	3,495	2,608	1,172	20,042	1,530	1,204	632	3,517	21,122	7,456	7,935	5,522	36,775	2,194	152,271	6,293	5,009	25,348	4,777	16,298	13,596	2,553	2,853
708	1951	8,284	4,173	1,254	73	17,517	1,379	8,511	6,935	2,983	2,404	8,678	1,706	4,423	46,150	7,258	118	2,721	7,742	2,824	54,996	215	436	1,275	14,331	4,749	6,252	557,480	2,918	4,947	13,832	840	11,965	151	151	895	12,532	5,892	502	9,023	68,876	81	52	4,304	2,419	9,073	3,458	21,704	28,298	1,112	20,944	4,047	42,862	418	50,290	3,579	5,437	2,625	278	577	214	7,646	3,066	2,043	1,474	3,860	3,146	9,423	83,773	365,000	2,959	16,807	5,300	146	1,490	47,418	1,406	584	85,164	6,936	6,289	1,767	4,581	20,876	152	1,921	1,401	843	990	81	7,755	737	2,562	297	1,951	9,634	2,422	4,690	29,296	1,256	3,761	313	19,788	405	789	6,346	1,014	499	2,866	6,582	475	3,324	32,492	1,131	10,264	3,296	9,086	1,947	498	40,382	916	7,826	21,775	25,262	2,235	9,167	8,490	1,515	1,022	27	16,464	103,507	2,486	3,932	6,502	2,703	1,068	2,115	1,990	6,029	60	182,677	3,509	1,483	7,070	284	33	3,577	2,644	1,195	20,653	1,585	1,226	649	3,583	21,669	7,771	8,125	5,671	37,436	2,223	154,878	6,490	5,217	25,794	4,869	16,519	13,926	2,611	2,951
709	1952	8,425	4,232	1,283	75	17,877	1,417	8,691	6,928	3,091	2,446	8,730	1,740	4,470	46,882	7,275	120	2,791	7,698	2,883	56,603	218	442	1,292	14,786	4,815	6,378	568,910	2,977	5,009	14,100	855	12,351	154	155	926	12,683	6,008	508	9,125	69,146	83	53	4,334	2,491	9,280	3,549	22,223	28,550	1,130	21,295	4,090	43,184	421	50,430	3,628	5,581	2,664	284	581	217	7,733	3,166	2,135	1,517	3,882	3,197	9,504	84,946	372,000	2,952	17,267	5,442	148	1,621	47,666	1,426	608	86,459	7,123	6,464	1,787	4,694	20,948	160	1,957	1,440	863	1,020	82	7,988	749	2,584	299	1,964	9,939	2,467	4,763	30,144	1,272	3,837	317	20,093	414	801	6,446	1,023	517	2,918	6,748	486	3,379	33,208	1,166	10,382	3,328	9,183	1,995	508	41,347	940	8,026	22,439	25,731	2,227	8,875	8,526	1,556	1,031	29	16,630	105,385	2,535	4,006	6,683	2,756	1,127	2,143	2,043	6,102	60	185,856	3,558	1,490	7,125	290	33	3,662	2,682	1,219	21,289	1,641	1,253	663	3,648	22,236	8,031	8,323	5,825	38,006	2,253	157,553	6,681	5,440	26,247	4,964	16,708	14,265	2,672	3,081
710	1953	8,573	4,294	1,315	77	18,231	1,456	8,858	6,932	3,159	2,488	8,778	1,776	4,518	47,653	7,346	123	2,863	7,667	2,945	58,266	221	448	1,309	15,183	4,878	6,493	581,390	3,037	5,074	14,373	870	12,750	157	160	959	12,820	6,129	515	9,221	69,550	86	54	4,369	2,569	9,532	3,643	22,755	28,804	1,140	21,660	4,139	43,495	423	50,593	3,687	5,731	2,705	291	584	220	7,817	3,269	2,235	1,562	3,906	3,250	9,595	86,167	379,000	2,947	17,735	5,589	151	1,667	47,957	1,446	633	87,655	7,261	6,646	1,817	4,809	21,060	168	1,995	1,479	884	1,052	83	8,230	761	2,594	301	1,976	10,206	2,506	4,839	31,031	1,299	3,913	317	20,403	419	814	6,552	1,032	536	2,972	6,929	497	3,437	33,945	1,202	10,493	3,361	9,280	2,047	517	42,342	962	8,232	23,122	26,221	2,204	8,594	8,579	1,597	1,040	31	16,847	107,303	2,587	4,082	6,868	2,810	1,192	2,172	2,099	6,176	60	188,961	3,599	1,498	7,171	297	34	3,750	2,722	1,244	21,964	1,684	1,283	678	3,713	22,831	8,326	8,529	5,983	38,541	2,284	160,184	6,886	5,674	26,724	5,061	16,937	14,624	2,734	3,191
711	1954	8,728	4,358	1,353	80	18,581	1,506	9,064	6,940	3,223	2,532	8,819	1,812	4,566	48,593	7,423	127	2,916	7,699	3,009	59,989	225	455	1,328	15,636	4,929	6,612	595,310	3,099	5,141	14,657	887	13,162	160	164	994	12,952	6,254	523	9,291	69,868	88	55	4,406	2,651	9,611	3,740	23,299	29,060	1,148	22,038	4,187	43,822	426	50,765	3,760	5,887	2,745	299	588	223	7,893	3,376	2,342	1,611	3,930	3,306	9,706	87,441	386,000	2,937	18,216	5,743	155	1,712	48,299	1,468	659	88,754	7,517	6,836	1,858	4,928	21,259	177	2,035	1,519	906	1,086	84	8,469	773	2,597	303	1,991	10,486	2,566	4,919	31,959	1,325	3,991	320	20,722	425	828	6,664	1,042	554	3,029	7,118	509	3,497	34,933	1,239	10,615	3,394	9,379	2,093	528	43,372	985	8,447	23,827	26,715	2,214	8,590	8,632	1,640	1,049	33	17,040	109,209	2,641	4,160	7,059	2,867	1,248	2,202	2,159	6,245	60	192,171	3,661	1,509	7,213	304	35	3,842	2,763	1,271	22,685	1,730	1,313	698	3,779	23,464	8,635	8,745	6,148	38,994	2,317	163,026	7,061	5,919	27,210	5,162	17,151	14,992	2,800	3,307
712	1955	8,891	4,423	1,392	83	18,928	1,565	9,277	6,947	3,314	2,576	8,868	1,851	4,614	49,588	7,499	130	2,974	7,781	3,074	61,774	227	461	1,348	16,050	4,980	6,743	608,655	3,164	5,211	14,953	904	13,588	164	169	1,032	13,093	6,381	530	9,366	70,196	90	57	4,439	2,737	9,842	3,842	23,856	29,319	1,154	22,431	4,235	44,218	429	50,946	3,827	6,049	2,787	306	592	226	7,966	3,487	2,455	1,662	3,956	3,365	9,825	88,766	393,000	2,916	18,716	5,903	158	1,772	48,633	1,489	687	89,815	7,977	7,034	1,901	5,049	21,552	187	2,077	1,561	928	1,122	86	8,694	786	2,614	305	2,002	10,782	2,622	5,003	32,930	1,340	4,071	314	21,050	432	844	6,782	1,053	572	3,088	7,312	522	3,559	35,953	1,277	10,751	3,427	9,479	2,136	539	44,434	1,011	8,672	24,553	27,221	2,250	8,863	8,693	1,683	1,054	35	17,325	111,125	2,698	4,243	7,255	2,927	1,306	2,233	2,221	6,313	60	195,613	3,727	1,517	7,262	311	36	3,938	2,805	1,298	23,451	1,781	1,348	721	3,846	24,145	8,992	8,971	6,317	39,368	2,353	165,931	7,232	6,170	27,738	5,265	17,364	15,369	2,869	3,409
713	1956	9,062	4,491	1,434	86	19,272	1,617	9,501	6,952	3,417	2,621	8,924	1,891	4,664	50,462	7,576	134	3,025	7,857	3,142	63,632	226	468	1,370	16,445	5,045	6,889	621,465	3,231	5,284	15,259	922	14,029	167	174	1,072	13,229	6,513	536	9,442	70,603	93	58	4,466	2,828	10,057	3,949	24,426	29,579	1,163	22,838	4,282	44,657	432	51,184	3,887	6,217	2,830	315	596	229	8,031	3,602	2,572	1,715	3,973	3,427	9,911	90,136	401,000	2,895	19,233	6,073	161	1,850	48,921	1,510	716	90,766	8,414	7,240	1,939	5,184	22,031	197	2,121	1,604	952	1,161	87	8,917	800	2,641	307	2,026	11,089	2,682	5,090	33,946	1,340	4,153	314	21,387	437	862	6,906	1,065	592	3,152	7,520	535	3,625	37,005	1,317	10,889	3,460	9,580	2,178	550	45,536	1,037	8,905	25,301	27,744	2,249	9,145	8,756	1,727	1,061	37	17,583	112,859	2,759	4,329	7,457	2,989	1,372	2,264	2,287	6,382	61	199,103	3,787	1,525	7,315	319	38	4,041	2,849	1,327	24,244	1,837	1,382	742	3,903	24,877	9,341	9,206	6,493	39,940	2,389	168,903	7,441	6,431	28,327	5,380	17,508	15,755	2,941	3,530
714	1957	9,241	4,561	1,477	89	19,611	1,672	9,713	6,966	3,526	2,668	8,989	1,932	4,713	51,346	7,651	139	3,076	7,913	3,212	65,551	226	475	1,392	17,010	5,126	7,048	637,408	3,300	5,360	15,578	940	14,486	171	180	1,112	13,358	6,641	546	9,514	71,019	96	58	4,488	2,923	10,271	4,058	25,010	29,842	1,174	23,261	4,324	45,152	435	51,430	3,937	6,391	2,875	323	601	233	8,096	3,720	2,691	1,770	3,991	3,490	9,839	91,559	409,000	2,878	19,773	6,249	165	1,944	49,182	1,535	747	91,563	8,710	7,455	1,976	5,323	22,612	213	2,166	1,647	976	1,202	88	9,151	813	2,652	308	2,056	11,406	2,759	5,182	35,016	1,345	4,236	319	21,734	443	882	7,038	1,077	610	3,221	7,739	548	3,692	38,090	1,359	11,026	3,492	9,682	2,229	562	46,680	1,064	9,146	26,072	28,235	2,260	9,447	8,818	1,771	1,070	39	17,829	114,555	2,822	4,420	7,664	3,055	1,446	2,296	2,356	6,451	61	202,604	3,844	1,533	7,364	327	38	4,150	2,895	1,357	25,042	1,899	1,426	765	3,951	25,671	9,662	9,453	6,676	40,656	2,425	171,984	7,694	6,703	28,999	5,498	17,659	16,152	3,016	3,646
715	1958	9,429	4,636	1,521	93	19,947	1,733	9,915	6,987	3,631	2,714	9,053	1,975	4,764	52,377	7,728	144	3,126	7,983	3,284	67,533	228	482	1,416	17,462	5,199	7,220	653,235	3,374	5,439	15,909	960	14,958	175	185	1,154	13,474	6,763	558	9,575	71,488	101	59	4,515	3,023	10,485	4,172	25,608	30,106	1,185	23,700	4,360	45,654	438	51,652	3,995	6,573	2,922	332	606	237	8,173	3,843	2,808	1,829	4,004	3,557	9,882	93,014	418,000	2,852	20,340	6,433	169	2,025	49,476	1,566	779	92,389	9,063	7,679	2,027	5,465	23,254	235	2,213	1,692	1,001	1,245	88	9,388	828	2,672	310	2,072	11,735	2,838	5,277	36,142	1,345	4,320	322	22,090	448	904	7,177	1,090	628	3,295	7,966	562	3,763	39,208	1,402	11,187	3,523	9,789	2,282	573	47,869	1,085	9,397	26,867	28,693	2,299	9,769	8,889	1,816	1,078	41	18,056	116,259	2,889	4,514	7,877	3,123	1,519	2,328	2,428	6,520	62	206,201	3,900	1,540	7,409	335	39	4,268	2,942	1,389	25,845	1,954	1,478	789	4,007	26,506	10,020	9,711	6,864	41,359	2,460	174,882	7,952	6,982	29,775	5,619	17,796	16,558	3,094	3,764
