## Sheet: Population (continued)
	A	B	C	D	E	F	G	H	I	J	K	L	M	N	O	P	Q	R	S	T	U	V	W	X	Y	Z	AA	AB	AC	AD	AE	AF	AG	AH	AI	AJ	AK	AL	AM	AN	AO	AP	AQ	AR	AS	AT	AU	AV	AW	AX	AY	AZ	BA	BB	BC	BD	BE	BF	BG	BH	BI	BJ	BK	BL	BM	BN	BO	BP	BQ	BR	BS	BT	BU	BV	BW	BX	BY	BZ	CA	CB	CC	CD	CE	CF	CG	CH	CI	CJ	CK	CL	CM	CN	CO	CP	CQ	CR	CS	CT	CU	CV	CW	CX	CY	CZ	DA	DB	DC	DD	DE	DF	DG	DH	DI	DJ	DK	DL	DM	DN	DO	DP	DQ	DR	DS	DT	DU	DV	DW	DX	DY	DZ	EA	EB	EC	ED	EE	EF	EG	EH	EI	EJ	EK	EL	EM	EN	EO	EP	EQ	ER	ES	ET	EU	EV	EW	EX	EY	EZ	FA	FB	FC	FD	FE	FF	FG	FH	FI	FJ	FK	FL	FM	FN
749	1992	15,023	8,899	3,078	2,050	33,967	3,357	17,338	7,887	7,412	5,652	10,047	5,144	8,943	116,169	8,712	528	4,233	10,228	6,893	156,281	265	1,343	3,267	28,487	6,999	13,685	1,163,363	13,654	12,637	41,735	2,401	34,314	451	356	3,172	15,619	10,780	718	10,295	80,571	547	70	5,171	7,335	26,387	10,554	58,583	39,645	1,533	52,875	5,042	58,801	970	57,828	5,366	16,092	6,436	1,034	1,036	392	10,331	9,478	5,821	5,084	4,318	6,983	10,367	185,561	870,986	3,553	59,096	19,159	261	4,824	56,821	2,413	3,639	124,467	16,583	24,986	4,489	10,118	43,748	1,955	4,454	3,457	2,009	4,354	141	17,777	1,762	3,697	393	2,615	25,659	4,402	12,357	87,906	1,889	8,961	370	40,419	622	2,210	13,006	2,043	1,085	10,203	18,466	1,551	8,313	101,378	4,007	15,184	4,287	19,705	3,494	1,940	119,974	2,489	22,528	67,933	38,372	3,585	21,182	9,892	4,492	2,106	464	22,464	148,272	7,329	17,098	22,069	8,449	3,256	4,246	5,286	7,712	121	290,950	5,268	1,990	8,668	957	73	13,177	6,275	3,973	56,675	5,500	3,830	1,263	8,529	58,872	20,569	26,674	18,703	51,869	3,137	257,037	21,609	20,204	70,005	13,735	22,905	40,079	8,431	10,720
750	1993	17,003	9,242	3,072	2,171	34,408	3,185	17,498	7,952	7,528	5,433	10,086	5,393	9,250	118,566	8,643	541	3,913	10,251	7,054	158,813	266	1,387	3,367	28,815	7,063	13,904	1,176,727	14,183	13,026	43,175	2,474	34,969	461	366	3,261	15,650	10,850	736	10,306	81,103	534	70	5,189	7,451	27,045	10,754	59,434	39,851	1,494	54,166	5,066	59,050	1,016	57,966	5,264	16,493	6,602	1,077	1,063	403	10,391	9,750	5,930	5,237	4,341	7,139	10,355	188,687	887,634	3,570	60,044	19,734	264	5,000	56,856	2,446	3,844	124,870	16,523	25,765	4,480	10,598	44,195	1,812	4,581	3,648	2,084	4,459	143	17,965	1,791	3,680	399	2,564	26,119	4,401	12,737	89,338	1,918	9,192	373	41,003	623	2,242	13,398	2,119	1,099	10,333	18,933	1,592	8,570	103,916	4,156	15,290	4,313	20,278	3,537	2,027	122,052	2,538	23,000	69,347	38,470	3,615	21,563	9,904	4,618	2,218	470	22,434	148,073	7,650	17,574	22,829	8,669	3,360	4,100	5,331	7,706	123	291,212	5,289	1,985	8,719	984	73	13,554	6,211	3,953	57,408	5,546	3,917	1,265	8,687	60,003	20,759	27,562	19,391	51,887	3,149	260,449	22,127	20,641	71,311	14,456	22,666	40,906	8,659	10,984
751	1994	18,486	9,601	3,117	2,292	34,847	3,060	17,670	7,983	7,637	5,446	10,118	5,605	9,587	120,935	8,614	555	3,727	10,239	7,215	161,327	267	1,430	3,466	29,126	7,120	14,118	1,189,962	14,874	13,423	44,702	2,549	35,601	472	376	3,356	15,675	10,893	751	10,310	81,384	547	71	5,206	7,565	27,647	11,013	60,299	40,041	1,463	55,636	5,088	59,265	1,032	58,114	5,141	16,874	6,796	1,120	1,088	414	10,444	10,031	6,050	5,395	4,390	7,300	10,341	191,867	904,486	3,584	60,916	20,342	266	5,178	56,867	2,480	4,035	125,217	16,289	26,399	4,472	10,947	44,642	1,696	4,712	3,824	2,069	4,563	145	18,135	1,819	3,654	404	2,521	26,578	4,392	13,128	90,756	1,935	9,463	377	41,732	623	2,272	14,313	2,183	1,111	10,102	19,419	1,634	8,840	106,571	4,289	15,383	4,337	20,844	3,586	2,102	124,813	2,588	23,462	70,853	38,551	3,649	21,852	9,931	4,746	2,349	475	22,401	148,173	5,992	18,020	23,354	8,892	3,464	3,978	5,388	7,701	125	291,052	5,309	1,983	8,781	988	74	13,939	6,322	3,982	58,134	5,604	4,003	1,265	8,838	61,135	20,940	28,625	20,103	51,638	3,162	263,662	22,604	21,075	72,586	15,160	22,583	41,590	8,888	11,109
752	1995	19,445	9,964	3,164	2,412	35,274	2,995	17,894	7,995	7,731	5,812	10,139	5,721	9,924	123,279	8,576	569	3,636	10,205	7,375	163,819	268	1,473	3,544	29,431	7,168	14,326	1,202,581	15,436	13,824	46,581	2,621	36,207	483	385	3,449	15,685	10,921	765	10,303	81,624	553	71	5,233	7,683	28,208	11,266	61,183	40,218	1,437	57,289	5,108	59,474	1,041	58,268	5,037	17,171	7,009	1,161	1,106	426	10,493	10,319	6,200	5,556	4,360	7,464	10,327	195,127	921,509	3,603	61,772	20,977	267	5,357	56,868	2,513	4,198	125,537	16,022	27,092	4,516	11,207	45,093	1,642	4,846	3,965	2,075	4,630	146	18,284	1,848	3,626	410	2,485	26,986	4,375	13,532	92,155	1,954	9,758	379	42,463	624	2,306	15,118	2,235	1,123	9,993	19,913	1,675	9,133	109,343	4,402	15,459	4,360	21,359	3,642	2,157	127,886	2,638	23,902	72,489	38,604	3,683	22,107	9,965	4,876	2,506	481	22,356	147,973	5,265	18,440	23,892	9,123	3,567	3,881	5,470	7,691	127	290,855	5,325	1,983	8,827	994	75	14,334	6,586	4,203	58,858	5,678	4,078	1,264	8,969	62,273	21,117	29,544	20,680	51,248	3,175	266,821	23,067	21,507	73,810	15,813	22,554	42,118	9,118	11,208
753	1996	20,111	10,313	3,209	2,536	35,683	2,985	18,102	8,006	7,815	5,815	10,159	5,874	10,269	125,623	8,531	584	3,649	10,171	7,534	166,306	269	1,515	3,622	29,740	7,199	14,530	1,215,171	15,887	14,231	47,559	2,692	36,796	494	395	3,541	15,685	10,963	777	10,291	81,861	568	71	5,263	7,806	28,721	11,526	62,094	40,386	1,416	58,915	5,125	59,680	1,061	58,417	4,961	17,464	7,236	1,202	1,123	438	10,539	10,610	6,350	5,719	4,300	7,629	10,309	198,466	938,667	3,632	62,629	21,637	269	5,520	56,884	2,546	4,330	125,812	15,872	27,813	4,580	11,456	45,525	1,663	4,948	4,057	2,130	4,668	148	18,409	1,869	3,599	415	2,458	27,339	4,354	13,948	93,508	1,971	10,075	382	43,143	624	2,341	15,520	2,271	1,135	10,205	20,419	1,716	9,443	112,235	4,503	15,530	4,382	21,804	3,697	2,188	131,363	2,690	24,326	74,209	38,633	3,725	22,324	10,003	5,006	2,671	489	22,292	147,973	6,335	18,831	24,442	9,359	3,668	3,811	5,551	7,708	130	290,625	5,336	1,982	8,841	1,018	76	14,742	6,862	4,402	59,560	5,764	4,142	1,262	9,092	63,423	21,283	30,164	21,270	50,813	3,190	269,944	23,524	21,936	74,974	16,402	22,502	42,643	9,354	11,405
754	1997	20,769	10,651	3,231	2,668	36,103	2,978	18,279	8,015	7,897	5,820	10,183	6,055	10,507	128,012	8,480	600	3,681	10,129	7,695	168,806	270	1,555	3,707	30,039	7,217	14,727	1,227,453	16,304	14,643	48,436	2,750	37,279	506	404	3,630	15,684	11,014	788	10,280	81,980	592	70	5,285	7,928	29,200	11,792	63,360	40,556	1,400	60,449	5,140	59,887	1,086	58,567	4,912	17,772	7,296	1,242	1,145	451	10,591	10,900	6,399	5,881	4,280	7,792	10,288	201,698	955,884	3,668	63,475	22,320	271	5,666	56,914	2,579	4,435	126,112	15,692	28,576	4,644	11,693	45,954	1,748	5,055	4,111	2,317	4,747	150	18,514	1,884	3,572	421	2,433	27,682	4,324	14,377	94,803	1,985	10,158	385	43,782	624	2,372	15,861	2,315	1,148	10,474	20,958	1,758	9,752	115,251	4,598	15,611	4,406	22,241	3,738	2,201	134,717	2,744	24,732	75,903	38,658	3,759	22,443	10,048	5,134	2,832	501	22,227	147,474	7,395	19,200	25,004	9,593	3,770	3,765	5,621	7,694	132	290,281	5,346	1,979	8,846	1,032	76	15,163	7,080	4,572	60,218	5,864	4,200	1,260	9,209	64,584	21,499	30,878	21,926	50,371	3,207	273,203	23,952	22,362	76,081	16,939	22,521	43,169	9,621	11,611
755	1998	21,452	10,990	3,219	2,810	36,518	2,972	18,473	8,024	7,979	5,955	10,205	6,253	10,759	130,476	8,423	619	3,713	10,092	7,859	171,317	271	1,594	3,798	30,297	7,238	14,918	1,238,722	16,677	15,060	49,607	2,812	37,858	518	413	3,719	15,681	11,064	798	10,271	81,993	621	70	5,304	8,051	29,649	12,051	64,653	40,724	1,386	61,981	5,153	60,103	1,111	58,738	4,878	18,103	7,388	1,282	1,163	464	10,650	11,192	6,464	6,046	4,277	7,957	10,264	204,872	973,088	3,707	64,315	23,023	274	5,815	56,930	2,612	4,523	126,451	15,485	29,375	4,708	11,915	46,287	1,872	5,168	4,150	2,584	4,870	151	18,609	1,897	3,546	426	2,410	28,014	4,286	14,817	96,051	1,995	10,286	387	44,407	623	2,403	16,200	2,374	1,161	10,756	21,516	1,799	10,079	118,391	4,689	15,707	4,432	22,672	3,764	2,203	138,044	2,797	25,120	77,546	38,672	3,781	22,483	10,099	5,254	2,915	517	22,182	147,175	7,721	19,572	25,580	9,840	3,868	3,746	5,693	7,675	135	289,919	5,353	1,975	8,851	1,033	77	15,587	7,310	4,715	60,853	5,983	4,262	1,257	9,317	65,745	21,683	31,780	22,622	49,941	3,222	276,417	24,342	22,785	77,136	17,442	22,586	43,757	9,893	11,813
756	1999	22,206	11,334	3,193	2,962	36,924	2,970	18,683	8,039	8,056	6,128	10,228	6,461	11,075	132,908	8,376	642	3,811	10,064	8,026	173,839	273	1,630	3,889	30,541	7,273	15,104	1,248,899	17,106	15,483	51,181	2,886	38,341	531	422	3,805	15,676	11,108	807	10,260	82,046	646	70	5,322	8,175	30,083	12,268	65,976	40,889	1,375	63,575	5,165	60,408	1,143	58,934	4,848	18,450	7,610	1,320	1,183	478	10,691	11,485	6,518	6,198	4,258	8,121	10,235	208,105	990,243	3,749	65,149	23,739	277	5,968	56,940	2,643	4,603	126,689	15,357	30,192	4,773	12,125	46,617	1,995	5,286	4,211	2,741	4,993	152	18,707	1,908	3,521	432	2,391	28,342	4,244	15,264	97,242	2,006	10,596	390	45,018	623	2,433	16,522	2,437	1,173	11,044	22,081	1,841	10,424	121,649	4,778	15,812	4,462	23,087	3,784	2,206	141,497	2,848	25,486	79,208	38,669	3,800	22,594	10,156	5,367	2,996	534	22,147	146,576	7,808	19,979	26,168	10,075	3,965	3,736	5,767	7,677	138	289,400	5,359	1,976	8,858	1,033	78	16,001	7,559	4,852	61,411	6,110	4,324	1,254	9,417	66,878	21,844	32,719	23,408	49,491	3,234	279,609	24,701	23,205	78,170	17,941	22,541	44,320	10,170	11,985
757	2000	22,461	11,676	3,164	3,130	37,336	2,966	18,902	8,059	8,127	6,282	10,253	6,677	11,405	135,211	8,335	671	3,901	10,034	8,195	176,369	274	1,665	3,980	30,823	7,314	15,285	1,258,401	17,552	15,914	52,782	2,999	38,917	545	430	3,888	15,670	11,147	815	10,231	82,157	669	71	5,340	8,301	30,515	12,446	67,330	41,072	1,365	65,213	5,176	60,819	1,179	59,145	4,814	18,816	7,780	1,357	1,208	491	10,735	11,726	6,590	6,367	4,149	8,279	10,209	211,408	1,007,310	3,799	65,976	24,463	281	6,123	56,966	2,670	4,686	126,933	15,335	31,025	4,826	12,321	47,008	2,091	5,397	4,318	2,847	5,116	153	18,820	1,916	3,497	438	2,368	28,675	4,199	15,712	98,403	2,017	10,832	392	45,616	623	2,461	16,841	2,501	1,186	11,339	22,666	1,893	10,785	125,014	4,866	15,926	4,492	23,487	3,802	2,219	145,759	2,900	25,839	80,937	38,658	3,811	22,785	10,228	5,474	3,075	555	22,118	145,977	7,868	20,444	26,771	10,311	4,063	3,809	5,825	7,604	141	288,719	5,352	1,982	8,872	1,032	79	16,397	7,821	4,992	61,893	6,229	4,385	1,252	9,514	67,839	22,027	33,741	24,195	49,014	3,246	282,738	25,042	23,621	79,207	18,459	22,507	44,882	10,475	12,104
758	2001	22,507	12,030	3,134	3,299	37,740	2,965	19,144	8,090	8,194	6,466	10,289	6,902	11,828	137,428	8,171	704	3,919	10,000	8,367	178,873	275	1,698	4,054	31,149	7,360	15,461	1,267,178	18,010	16,354	54,453	3,113	39,417	559	438	3,961	15,667	11,179	824	10,193	82,295	693	71	5,359	8,427	30,952	12,629	68,715	41,359	1,357	66,889	5,188	61,259	1,207	59,373	4,789	19,199	7,821	1,393	1,233	506	10,791	11,964	6,608	6,535	4,058	8,430	10,186	214,475	1,024,322	3,860	66,806	25,203	285	6,260	56,998	2,694	4,773	127,234	15,383	31,919	4,865	12,509	47,370	2,150	5,499	4,485	2,917	5,237	154	18,951	1,922	3,468	443	2,338	29,012	4,154	16,169	99,599	2,029	10,890	395	46,171	623	2,489	17,176	2,566	1,198	11,651	23,240	1,945	11,170	128,513	4,952	16,046	4,514	23,887	3,844	2,245	150,448	2,952	26,185	82,766	38,647	3,819	22,977	10,300	5,581	3,155	576	21,812	144,880	7,981	20,977	27,387	10,580	4,169	4,043	5,856	7,548	144	287,980	5,342	1,985	8,896	1,030	80	16,753	8,093	5,135	62,378	6,339	4,444	1,249	9,613	68,791	22,154	34,755	24,992	48,520	3,257	285,550	25,372	24,034	80,239	18,999	22,580	45,451	10,791	12,208
759	2002	23,600	12,443	3,104	3,475	38,132	2,962	19,361	8,129	8,257	6,670	10,335	7,130	12,380	139,587	7,995	742	3,923	9,955	8,542	181,316	276	1,730	4,128	31,489	7,416	15,629	1,275,379	18,438	16,815	56,170	3,181	39,914	574	447	4,026	15,666	11,210	834	10,173	82,434	716	72	5,376	8,553	31,397	12,827	70,168	41,947	1,348	68,649	5,201	61,702	1,234	59,625	4,771	19,607	7,906	1,431	1,260	521	10,830	12,253	6,604	6,698	4,063	8,580	10,157	217,515	1,041,329	3,925	67,646	25,956	287	6,379	57,083	2,707	4,864	127,503	15,447	32,865	4,901	12,698	47,645	2,185	5,578	4,699	2,978	5,357	155	19,098	1,926	3,440	447	2,311	29,352	4,108	16,639	100,863	2,039	11,007	398	46,690	622	2,519	17,525	2,632	1,210	11,983	23,773	1,981	11,580	132,166	5,036	16,149	4,539	24,273	3,917	2,284	154,585	3,003	26,523	84,558	38,629	3,824	23,165	10,356	5,685	3,235	600	21,416	144,680	8,144	21,573	28,017	10,859	4,281	4,287	5,869	7,544	147	287,189	5,340	1,988	8,925	1,028	81	17,071	8,395	5,278	62,860	6,452	4,502	1,246	9,711	69,673	22,268	35,808	25,846	48,074	3,268	288,212	25,696	24,451	81,288	19,556	22,689	46,073	11,078	12,281
